['./data/small/layer/uu-dem5_r25_1.json', './data/small/layer/uu-dem8_r25_1.json', './data/small/layer/uu-dem6_r25_1.json', './data/small/hop/uu-dem5_r25_1_0.json', './data/small/hop/uu-dem3_r25_1_0.json', './data/small/hop/uu-dem10_r25_1_0.json']
GEN 0 time 1610003095
inf
0.0019331241698611365
0.0017721808784815357
0.001143488498866294
0.0012145610915587155
0.0016164291914320015
GEN 1 time 1610003098
inf
0.0019331241698611365
0.0017721808784815357
0.001143488498866294
0.0012145610915587155
0.0016164291914320015
GEN 2 time 1610003101
inf
0.0019331241698611365
0.0017114853691813016
0.001143488498866294
0.0012145610915587155
0.0016164291914320015
GEN 3 time 1610003104
inf
0.0019331241698611365
0.0016124838369675587
0.001143488498866294
0.0012145610915587155
0.0016164291914320015
GEN 4 time 1610003107
inf
0.0019331241698611365
0.001596963160098174
0.001143488498866294
0.0012145610915587155
0.0016164291914320015
GEN 5 time 1610003110
inf
0.0019331241698611365
0.001596963160098174
0.001143488498866294
0.0012145610915587155
0.001487085058566795
GEN 6 time 1610003113
inf
0.0019331241698611365
0.001596963160098174
0.001143488498866294
0.0012145610915587155
0.001487085058566795
GEN 7 time 1610003115
inf
0.0019331241698611365
0.001596963160098174
0.001143488498866294
0.0012120902293503446
0.001487085058566795
GEN 8 time 1610003118
inf
0.0019331241698611365
0.001596963160098174
0.001143488498866294
0.0012120902293503446
0.0014446302659599378
GEN 9 time 1610003121
inf
0.0019331241698611365
0.001596963160098174
0.001143488498866294
0.0012120902293503446
0.0014446302659599378
GEN 10 time 1610003124
inf
0.0019331241698611365
0.001596963160098174
0.001143488498866294
0.0012120902293503446
0.0014365148483179932
GEN 11 time 1610003127
inf
0.0019331241698611365
0.001596963160098174
0.001143488498866294
0.0012120902293503446
0.0014365148483179932
GEN 12 time 1610003130
inf
0.0019331241698611365
0.001596963160098174
0.001143488498866294
0.0012120902293503446
0.0014365148483179932
GEN 13 time 1610003133
inf
0.0019331241698611365
0.001596963160098174
0.001143488498866294
0.0012120902293503446
0.0014343943374296936
GEN 14 time 1610003136
inf
0.0019331241698611365
0.001596963160098174
0.001052771686465652
0.0012120902293503446
0.0014207073126344906
GEN 15 time 1610003139
inf
0.0019331241698611365
0.001596963160098174
0.001052771686465652
0.0011192711419561012
0.0014193062832713764
GEN 16 time 1610003142
inf
0.0019331241698611365
0.001596963160098174
0.001052771686465652
0.0010959591307370506
0.0014193062832713764
GEN 17 time 1610003145
inf
0.0019331241698611365
0.001596963160098174
0.001052771686465652
0.0010959591307370506
0.0014193062832713764
GEN 18 time 1610003148
inf
0.0019331241698611365
0.001596963160098174
0.001052771686465652
0.0010959591307370506
0.0014193062832713764
GEN 19 time 1610003151
inf
0.0019331241698611365
0.001596963160098174
0.001050644609225289
0.0010959591307370506
0.0014193062832713764
GEN 20 time 1610003154
inf
0.0019331241698611365
0.001596963160098174
0.001050644609225289
0.0010959591307370506
0.0014193062832713764
GEN 21 time 1610003157
inf
0.0019331241698611365
0.001596963160098174
0.001050644609225289
0.0010959591307370506
0.0014193062832713764
GEN 22 time 1610003160
inf
0.0019331241698611365
0.001596963160098174
0.001050644609225289
0.0010959591307370506
0.0014152016752704661
GEN 23 time 1610003163
inf
0.0019331241698611365
0.001596963160098174
0.001050644609225289
0.0010959591307370506
0.0014152016752704661
GEN 24 time 1610003166
0.0024212817460994513
0.0019331241698611365
0.001596963160098174
0.001050644609225289
0.0010959591307370506
0.0014152016752704661
GEN 25 time 1610003169
0.0024212817460994513
0.0019331241698611365
0.001596963160098174
0.001050644609225289
0.0010959591307370506
0.0014152016752704661
GEN 26 time 1610003172
0.0024212817460994513
0.0019331241698611365
0.001596963160098174
0.001050644609225289
0.0010959591307370506
0.0014152016752704661
GEN 27 time 1610003175
0.0022212617460994517
0.0019331241698611365
0.001596963160098174
0.001050644609225289
0.0010959591307370506
0.0014152016752704661
GEN 28 time 1610003178
0.0022212617460994517
0.0019331241698611365
0.001596963160098174
0.001050644609225289
0.0010959591307370506
0.0014152016752704661
GEN 29 time 1610003181
0.0022212617460994517
0.0019331241698611365
0.001596963160098174
0.001050644609225289
0.0010959591307370506
0.0014152016752704661
GEN 30 time 1610003184
0.0022212617460994517
0.0019331241698611365
0.001596963160098174
0.001050644609225289
0.0010959591307370506
0.0014149306600094193
GEN 31 time 1610003187
0.0022212617460994517
0.0019331241698611365
0.001596963160098174
0.001050644609225289
0.0010959591307370506
0.0014149306600094193
GEN 32 time 1610003190
0.0022212617460994517
0.0019331241698611365
0.001596963160098174
0.001050644609225289
0.0010959591307370506
0.0014149306600094193
GEN 33 time 1610003193
0.0022212617460994517
0.0019331241698611365
0.001596963160098174
0.001050644609225289
0.0010959591307370506
0.0014149306600094193
GEN 34 time 1610003196
0.0022212617460994517
0.0019331241698611365
0.001596963160098174
0.001050644609225289
0.0010959591307370506
0.0014149306600094193
GEN 35 time 1610003199
0.0022212617460994517
0.0019331241698611365
0.001596963160098174
0.0010482914239193569
0.0010959591307370506
0.0014149306600094193
GEN 36 time 1610003202
0.0022212617460994517
0.0019331241698611365
0.001596963160098174
0.0010482914239193569
0.0010959591307370506
0.0014149306600094193
GEN 37 time 1610003205
0.0022212617460994517
0.0019331241698611365
0.001596963160098174
0.0010482914239193569
0.0010959591307370506
0.0014149306600094193
GEN 38 time 1610003208
0.0022212617460994517
0.0019331241698611365
0.001596963160098174
0.0010482914239193569
0.0010959591307370506
0.0014149306600094193
GEN 39 time 1610003211
0.0022212617460994517
0.0019331241698611365
0.001596963160098174
0.0010482914239193569
0.0010959591307370506
0.0014149306600094193
GEN 40 time 1610003214
0.0022212617460994517
0.0019331241698611365
0.001596963160098174
0.0010482914239193569
0.0010959591307370506
0.0014149306600094193
GEN 41 time 1610003217
0.0022212617460994517
0.0019331241698611365
0.001596963160098174
0.0010482914239193569
0.0010959591307370506
0.0014149306600094193
GEN 42 time 1610003220
0.0022212617460994517
0.0019331241698611365
0.001596963160098174
0.0010482914239193569
0.0010959591307370506
0.0014149306600094193
GEN 43 time 1610003223
0.0022212617460994517
0.0019331241698611365
0.001596963160098174
0.0010482914239193569
0.0010959591307370506
0.0014149306600094193
GEN 44 time 1610003226
0.0022212617460994517
0.0019331241698611365
0.001596963160098174
0.0010482914239193569
0.0010959591307370506
0.0014149306600094193
GEN 45 time 1610003229
0.0022212617460994517
0.0019331241698611365
0.001596963160098174
0.0010482914239193569
0.001093954113171235
0.0014149306600094193
GEN 46 time 1610003232
0.0022212617460994517
0.0019331241698611365
0.001596963160098174
0.0010482914239193569
0.001093954113171235
0.0014149306600094193
GEN 47 time 1610003235
0.0022212617460994517
0.0019331241698611365
0.001596963160098174
0.0010482914239193569
0.001093954113171235
0.0014149306600094193
GEN 48 time 1610003238
0.0022212617460994517
0.0019331241698611365
0.001596963160098174
0.0010482914239193569
0.001093954113171235
0.0014149306600094193
GEN 49 time 1610003241
0.0022212617460994517
0.0019331241698611365
0.001596963160098174
0.0010482914239193569
0.001093954113171235
0.0014149306600094193
GEN 50 time 1610003244
0.0022212617460994517
0.0019331241698611365
0.001596963160098174
0.0010482914239193569
0.001093954113171235
0.0014149306600094193
GEN 51 time 1610003247
0.0022212617460994517
0.0019331241698611365
0.001596963160098174
0.0010482914239193569
0.001093954113171235
0.0014149306600094193
GEN 52 time 1610003250
0.0022212617460994517
0.0019331241698611365
0.001596963160098174
0.0010482914239193569
0.001093954113171235
0.0014149306600094193
GEN 53 time 1610003252
0.0022212617460994517
0.0019331241698611365
0.001596963160098174
0.0010482914239193569
0.001093954113171235
0.0014149306600094193
GEN 54 time 1610003255
0.0022212617460994517
0.0019331241698611365
0.001596963160098174
0.0010482914239193569
0.001093954113171235
0.0014149306600094193
GEN 55 time 1610003258
0.0022212617460994517
0.0019331241698611365
0.001596963160098174
0.0010482914239193569
0.001093954113171235
0.0014149306600094193
GEN 56 time 1610003261
0.0022212617460994517
0.0019331241698611365
0.001596963160098174
0.0010482914239193569
0.001061217519632954
0.0014149306600094193
GEN 57 time 1610003264
0.0022212617460994517
0.0019331241698611365
0.001596963160098174
0.0010482914239193569
0.001061217519632954
0.0014149306600094193
GEN 58 time 1610003267
0.0022212617460994517
0.0019331241698611365
0.001596963160098174
0.0010482914239193569
0.001061217519632954
0.0014149306600094193
GEN 59 time 1610003270
0.0022212617460994517
0.0019331241698611365
0.001596963160098174
0.0010482914239193569
0.001061217519632954
0.0014149306600094193
GEN 60 time 1610003273
0.0022212617460994517
0.0019331241698611365
0.001596963160098174
0.0010482914239193569
0.001050163512264344
0.0014149306600094193
GEN 61 time 1610003276
0.0022212617460994517
0.0019331241698611365
0.001596963160098174
0.0010482914239193569
0.001050163512264344
0.0014149306600094193
GEN 62 time 1610003279
0.0022212617460994517
0.0019331241698611365
0.001596963160098174
0.0010482914239193569
0.001050163512264344
0.0014149306600094193
GEN 63 time 1610003282
0.0022212617460994517
0.0019331241698611365
0.001596963160098174
0.0010482914239193569
0.001050163512264344
0.0014149306600094193
GEN 64 time 1610003285
0.0022212617460994517
0.0019331241698611365
0.001596963160098174
0.0010482914239193569
0.001050163512264344
0.0014149306600094193
GEN 65 time 1610003288
0.0022212617460994517
0.0019331241698611365
0.001596963160098174
0.0010482914239193569
0.001050163512264344
0.0014149306600094193
GEN 66 time 1610003291
0.0022212617460994517
0.0019331241698611365
0.001596963160098174
0.0010482914239193569
0.001050163512264344
0.0014149306600094193
GEN 67 time 1610003294
0.0022212617460994517
0.0019331241698611365
0.001596963160098174
0.0010482914239193569
0.001050163512264344
0.0014149306600094193
GEN 68 time 1610003297
0.0022212617460994517
0.0019331241698611365
0.001596963160098174
0.0010482914239193569
0.001050163512264344
0.0014149306600094193
GEN 69 time 1610003300
0.0022212617460994517
0.0019331241698611365
0.001596963160098174
0.0010482914239193569
0.001050163512264344
0.0014149306600094193
GEN 70 time 1610003303
0.0022212617460994517
0.0019331241698611365
0.001596963160098174
0.0010482914239193569
0.001050163512264344
0.0014149306600094193
GEN 71 time 1610003306
0.0022212617460994517
0.0019331241698611365
0.001596963160098174
0.0010482914239193569
0.001050163512264344
0.0014149306600094193
GEN 72 time 1610003310
0.0022212617460994517
0.0019331241698611365
0.001596963160098174
0.0010482914239193569
0.001050163512264344
0.0014149306600094193
GEN 73 time 1610003313
0.0022212617460994517
0.0019331241698611365
0.001596963160098174
0.0010482914239193569
0.001050163512264344
0.0014149306600094193
GEN 74 time 1610003316
0.0022212617460994517
0.0019331241698611365
0.001596963160098174
0.0010482914239193569
0.001050163512264344
0.0014149306600094193
GEN 75 time 1610003319
0.0022212617460994517
0.0019331241698611365
0.001596963160098174
0.0010482914239193569
0.001050163512264344
0.0014149306600094193
GEN 76 time 1610003322
0.0022212617460994517
0.0019331241698611365
0.001596963160098174
0.0010482914239193569
0.001050163512264344
0.0014149306600094193
GEN 77 time 1610003325
0.0022212617460994517
0.0019331241698611365
0.001596963160098174
0.0010482914239193569
0.001050163512264344
0.0014149306600094193
GEN 78 time 1610003328
0.0022212617460994517
0.0019331241698611365
0.001596963160098174
0.0010482914239193569
0.001050163512264344
0.0014149306600094193
GEN 79 time 1610003331
0.0022212617460994517
0.0019331241698611365
0.001596963160098174
0.0010482914239193569
0.001050163512264344
0.0014149306600094193
GEN 80 time 1610003334
0.0022212617460994517
0.0019331241698611365
0.001596963160098174
0.0010482914239193569
0.001050163512264344
0.0014149306600094193
GEN 81 time 1610003337
0.0022212617460994517
0.0019331241698611365
0.001596963160098174
0.0010482914239193569
0.001050163512264344
0.0014149306600094193
GEN 82 time 1610003340
0.0022212617460994517
0.0019331241698611365
0.001596963160098174
0.0010482914239193569
0.001050163512264344
0.0014149306600094193
GEN 83 time 1610003343
0.0022212617460994517
0.0019331241698611365
0.001596963160098174
0.0010482914239193569
0.001050163512264344
0.0014149306600094193
GEN 84 time 1610003346
0.0022212617460994517
0.0019331241698611365
0.001596963160098174
0.0010482914239193569
0.001050163512264344
0.0014149306600094193
GEN 85 time 1610003349
0.0022212617460994517
0.0019331241698611365
0.001596963160098174
0.0010482914239193569
0.001050163512264344
0.0014149306600094193
GEN 86 time 1610003352
0.0022212617460994517
0.0019331241698611365
0.001596963160098174
0.0010482914239193569
0.001050163512264344
0.0014149306600094193
GEN 87 time 1610003355
0.0022212617460994517
0.0019331241698611365
0.001596963160098174
0.0010482914239193569
0.001050163512264344
0.0014149306600094193
GEN 88 time 1610003358
0.0022212617460994517
0.0019331241698611365
0.001596963160098174
0.0010482914239193569
0.001050163512264344
0.0014149306600094193
GEN 89 time 1610003361
0.0022212617460994517
0.0019331241698611365
0.001596963160098174
0.0010482914239193569
0.001050163512264344
0.0014149306600094193
GEN 90 time 1610003364
0.0022212617460994517
0.0019331241698611365
0.001596963160098174
0.0010482914239193569
0.001050163512264344
0.0014149306600094193
GEN 91 time 1610003367
0.0022212617460994517
0.0019331241698611365
0.001596963160098174
0.0010482914239193569
0.001050163512264344
0.0014149306600094193
GEN 92 time 1610003370
0.0022212617460994517
0.0019331241698611365
0.001596963160098174
0.0010482914239193569
0.001050163512264344
0.0014149306600094193
GEN 93 time 1610003373
0.0022212617460994517
0.0019331241698611365
0.001596963160098174
0.0010482914239193569
0.001050163512264344
0.0014149306600094193
GEN 94 time 1610003377
0.0022212617460994517
0.0019331241698611365
0.001596963160098174
0.0010482914239193569
0.001050163512264344
0.0014149306600094193
GEN 95 time 1610003380
0.0022212617460994517
0.0019331241698611365
0.001596963160098174
0.0010482914239193569
0.001050163512264344
0.0014149306600094193
GEN 96 time 1610003383
0.0022212617460994517
0.0019331241698611365
0.001596963160098174
0.0010482914239193569
0.001050163512264344
0.0014149306600094193
GEN 97 time 1610003386
0.0022212617460994517
0.0019331241698611365
0.001596963160098174
0.0010482914239193569
0.001050163512264344
0.0014149306600094193
GEN 98 time 1610003389
0.0022212617460994517
0.0019331241698611365
0.001596963160098174
0.0010482914239193569
0.001050163512264344
0.0014149306600094193
GEN 99 time 1610003392
0.0022212617460994517
0.0019331241698611365
0.001596963160098174
0.0010482914239193569
0.001050163512264344
0.0014149306600094193
GEN 100 time 1610003395
0.0022212617460994517
0.0019331241698611365
0.001596963160098174
0.0010482914239193569
0.001050163512264344
0.0014149306600094193
GEN 101 time 1610003398
0.0022212617460994517
0.0019331241698611365
0.001596963160098174
0.0010482914239193569
0.001050163512264344
0.0014149306600094193
GEN 102 time 1610003401
0.0022212617460994517
0.0019331241698611365
0.001596963160098174
0.0010482914239193569
0.001050163512264344
0.0014149306600094193
GEN 103 time 1610003404
0.0022212617460994517
0.0019331241698611365
0.001596963160098174
0.0010482914239193569
0.001050163512264344
0.0014149306600094193
GEN 104 time 1610003407
0.0022212617460994517
0.0019331241698611365
0.001596963160098174
0.0010482914239193569
0.001050163512264344
0.0014149306600094193
GEN 105 time 1610003410
0.0022212617460994517
0.0019331241698611365
0.001596963160098174
0.0010482914239193569
0.001050163512264344
0.0014149306600094193
GEN 106 time 1610003413
0.0022212617460994517
0.0019331241698611365
0.001596963160098174
0.0010482914239193569
0.001050163512264344
0.0014149306600094193
GEN 107 time 1610003416
0.0022212617460994517
0.0019331241698611365
0.001596963160098174
0.0010482914239193569
0.001050163512264344
0.0014149306600094193
GEN 108 time 1610003419
0.0022212617460994517
0.0019331241698611365
0.001596963160098174
0.0010482914239193569
0.001050163512264344
0.0014149306600094193
GEN 109 time 1610003422
0.0022212617460994517
0.0019331241698611365
0.001596963160098174
0.0010482914239193569
0.001050163512264344
0.0014149306600094193
GEN 110 time 1610003426
0.0022212617460994517
0.0019331241698611365
0.001596963160098174
0.0010482914239193569
0.001050163512264344
0.0014149306600094193
GEN 111 time 1610003429
0.0022212617460994517
0.0019331241698611365
0.001596963160098174
0.0010482914239193569
0.001050163512264344
0.0014149306600094193
GEN 112 time 1610003432
0.0022212617460994517
0.0019331241698611365
0.001596963160098174
0.0010482914239193569
0.001050163512264344
0.0014149306600094193
GEN 113 time 1610003435
0.0022212617460994517
0.0019331241698611365
0.001596963160098174
0.0010482914239193569
0.001050163512264344
0.0014149306600094193
GEN 114 time 1610003438
0.0022212617460994517
0.0019331241698611365
0.001596963160098174
0.0010482914239193569
0.001050163512264344
0.0014149306600094193
GEN 115 time 1610003441
0.0022212617460994517
0.0019331241698611365
0.001596963160098174
0.0010482914239193569
0.001050163512264344
0.0014149306600094193
GEN 116 time 1610003444
0.0022212617460994517
0.0019331241698611365
0.001596963160098174
0.0010482914239193569
0.001050163512264344
0.0014149306600094193
GEN 117 time 1610003448
0.0022212617460994517
0.0019331241698611365
0.001596963160098174
0.0010482914239193569
0.001050163512264344
0.0014149306600094193
GEN 118 time 1610003451
0.0022212617460994517
0.0019331241698611365
0.001596963160098174
0.0010482914239193569
0.001050163512264344
0.0014149306600094193
GEN 119 time 1610003454
0.0022212617460994517
0.0019331241698611365
0.001596963160098174
0.0010482914239193569
0.001050163512264344
0.0014149306600094193
GEN 120 time 1610003457
0.0022212617460994517
0.0019331241698611365
0.001596963160098174
0.0010482914239193569
0.001050163512264344
0.0014149306600094193
GEN 121 time 1610003460
0.0022212617460994517
0.0019331241698611365
0.001596963160098174
0.0010482914239193569
0.001050163512264344
0.0014149306600094193
GEN 122 time 1610003463
0.0022212617460994517
0.0019331241698611365
0.001596963160098174
0.0010482914239193569
0.001050163512264344
0.0014149306600094193
GEN 123 time 1610003466
0.0022212617460994517
0.0019331241698611365
0.001596963160098174
0.0010482914239193569
0.001050163512264344
0.0014149306600094193
GEN 124 time 1610003469
0.0022212617460994517
0.0019331241698611365
0.001596963160098174
0.0010482914239193569
0.001050163512264344
0.0014149306600094193
GEN 125 time 1610003472
0.0022212617460994517
0.0019331241698611365
0.001596963160098174
0.0010482914239193569
0.001050163512264344
0.0014149306600094193
GEN 126 time 1610003475
0.0022212617460994517
0.0019331241698611365
0.001596963160098174
0.0010482914239193569
0.001050163512264344
0.0014149306600094193
GEN 127 time 1610003478
0.0022212617460994517
0.0019331241698611365
0.001596963160098174
0.0010482914239193569
0.001050163512264344
0.0014149306600094193
GEN 128 time 1610003481
0.0022212617460994517
0.0019331241698611365
0.001596963160098174
0.0010482914239193569
0.001050163512264344
0.0014149306600094193
GEN 129 time 1610003484
0.0022212617460994517
0.0019331241698611365
0.001596963160098174
0.0010482914239193569
0.001050163512264344
0.0014149306600094193
GEN 130 time 1610003487
0.0022212617460994517
0.0019331241698611365
0.001596963160098174
0.0010482914239193569
0.001050163512264344
0.0014149306600094193
GEN 131 time 1610003490
0.0022212617460994517
0.0019331241698611365
0.001596963160098174
0.0010482914239193569
0.001050163512264344
0.0014149306600094193
GEN 132 time 1610003493
0.0022212617460994517
0.0019331241698611365
0.001596963160098174
0.0010482914239193569
0.001050163512264344
0.0014149306600094193
GEN 133 time 1610003496
0.0022212617460994517
0.0019331241698611365
0.001596963160098174
0.0010482914239193569
0.001050163512264344
0.0014149306600094193
GEN 134 time 1610003499
0.0022212617460994517
0.0019331241698611365
0.001596963160098174
0.0010482914239193569
0.001050163512264344
0.0014149306600094193
GEN 135 time 1610003502
0.0022212617460994517
0.0019331241698611365
0.001596963160098174
0.0010482914239193569
0.001050163512264344
0.0014149306600094193
GEN 136 time 1610003505
0.0022212617460994517
0.0019331241698611365
0.001596963160098174
0.0010482914239193569
0.001050163512264344
0.0014149306600094193
GEN 137 time 1610003508
0.0022212617460994517
0.0019331241698611365
0.001596963160098174
0.0010482914239193569
0.001050163512264344
0.0014149306600094193
GEN 138 time 1610003511
0.0022212617460994517
0.0019331241698611365
0.001596963160098174
0.0010482914239193569
0.001050163512264344
0.0014149306600094193
GEN 139 time 1610003514
0.0022212617460994517
0.0019331241698611365
0.001596963160098174
0.0010482914239193569
0.001050163512264344
0.0014149306600094193
GEN 140 time 1610003517
0.0022212617460994517
0.0019331241698611365
0.001596963160098174
0.0010482914239193569
0.001050163512264344
0.0014149306600094193
GEN 141 time 1610003520
0.0022212617460994517
0.0019331241698611365
0.001596963160098174
0.0010482914239193569
0.001050163512264344
0.0014149306600094193
GEN 142 time 1610003523
0.0022212617460994517
0.0019331241698611365
0.001596963160098174
0.0010482914239193569
0.001050163512264344
0.0014149306600094193
GEN 143 time 1610003526
0.0022212617460994517
0.0019331241698611365
0.001596963160098174
0.0010137919815232667
0.001050163512264344
0.0014149306600094193
GEN 144 time 1610003529
0.0022212617460994517
0.0019331241698611365
0.001596963160098174
0.0010137919815232667
0.001050163512264344
0.0014149306600094193
GEN 145 time 1610003532
0.0022212617460994517
0.0019331241698611365
0.001596963160098174
0.0010137919815232667
0.001050163512264344
0.0014149306600094193
GEN 146 time 1610003535
0.0022212617460994517
0.0019331241698611365
0.001596963160098174
0.0010137919815232667
0.001050163512264344
0.0014149306600094193
GEN 147 time 1610003538
0.0022212617460994517
0.0019331241698611365
0.001596963160098174
0.0010137919815232667
0.001050163512264344
0.0014149306600094193
GEN 148 time 1610003541
0.0022212617460994517
0.0019331241698611365
0.001596963160098174
0.0010137919815232667
0.001050163512264344
0.0014149306600094193
GEN 149 time 1610003544
0.0022212617460994517
0.0019331241698611365
0.001596963160098174
0.0010137919815232667
0.001050163512264344
0.0014149306600094193
GEN 150 time 1610003547
0.0022212617460994517
0.0019331241698611365
0.001596963160098174
0.0010137919815232667
0.001050163512264344
0.0014149306600094193
GEN 151 time 1610003550
0.0022212617460994517
0.0019331241698611365
0.001596963160098174
0.0010137919815232667
0.001050163512264344
0.0014149306600094193
GEN 152 time 1610003553
0.0022212617460994517
0.0019331241698611365
0.001596963160098174
0.0010137919815232667
0.001050163512264344
0.0014149306600094193
GEN 153 time 1610003557
0.0022212617460994517
0.0019331241698611365
0.001596963160098174
0.0010137919815232667
0.001050163512264344
0.0014149306600094193
GEN 154 time 1610003560
0.0022212617460994517
0.0019331241698611365
0.001596963160098174
0.0010137919815232667
0.001050163512264344
0.0014149306600094193
GEN 155 time 1610003563
0.0022212617460994517
0.0019331241698611365
0.001596963160098174
0.0010137919815232667
0.001050163512264344
0.0014149306600094193
GEN 156 time 1610003566
0.0022212617460994517
0.0019331241698611365
0.001596963160098174
0.0010137919815232667
0.001050163512264344
0.0014149306600094193
GEN 157 time 1610003569
0.0022212617460994517
0.0019331241698611365
0.001596963160098174
0.0010137919815232667
0.001050163512264344
0.0014149306600094193
GEN 158 time 1610003572
0.0022212617460994517
0.0019331241698611365
0.001596963160098174
0.0010137919815232667
0.001050163512264344
0.0014149306600094193
GEN 159 time 1610003575
0.0022212617460994517
0.0019331241698611365
0.001596963160098174
0.0010137919815232667
0.001050163512264344
0.0014149306600094193
GEN 160 time 1610003578
0.0022212617460994517
0.0019331241698611365
0.001596963160098174
0.0010137919815232667
0.001050163512264344
0.0014149306600094193
GEN 161 time 1610003581
0.0022212617460994517
0.0019331241698611365
0.001596963160098174
0.0010137919815232667
0.001050163512264344
0.0014149306600094193
GEN 162 time 1610003584
0.0022212617460994517
0.0019331241698611365
0.001596963160098174
0.0010137919815232667
0.001050163512264344
0.0014149306600094193
GEN 163 time 1610003587
0.0022212617460994517
0.0019331241698611365
0.001596963160098174
0.0010137919815232667
0.001050163512264344
0.0014149306600094193
GEN 164 time 1610003590
0.0022212617460994517
0.0019331241698611365
0.001596963160098174
0.0010137919815232667
0.001050163512264344
0.0014149306600094193
GEN 165 time 1610003593
0.0022212617460994517
0.0019331241698611365
0.001596963160098174
0.0010137919815232667
0.001050163512264344
0.0014149306600094193
GEN 166 time 1610003596
0.0022212617460994517
0.0019331241698611365
0.001596963160098174
0.0010137919815232667
0.001050163512264344
0.0014149306600094193
GEN 167 time 1610003599
0.0022212617460994517
0.0019331241698611365
0.001596963160098174
0.0010137919815232667
0.001050163512264344
0.0014149306600094193
GEN 168 time 1610003603
0.0022212617460994517
0.0019331241698611365
0.001596963160098174
0.0010137919815232667
0.001050163512264344
0.0014149306600094193
GEN 169 time 1610003606
0.0022212617460994517
0.0019331241698611365
0.001596963160098174
0.0010137919815232667
0.001050163512264344
0.0014149306600094193
GEN 170 time 1610003609
0.0022212617460994517
0.0019331241698611365
0.001596963160098174
0.0010137919815232667
0.001050163512264344
0.0014149306600094193
GEN 171 time 1610003612
0.0022212617460994517
0.0019331241698611365
0.001596963160098174
0.0010137919815232667
0.001050163512264344
0.0014149306600094193
GEN 172 time 1610003615
0.0022212617460994517
0.0019331241698611365
0.001596963160098174
0.0010137919815232667
0.001050163512264344
0.0014149306600094193
GEN 173 time 1610003618
0.0022212617460994517
0.0019331241698611365
0.001596963160098174
0.0010137919815232667
0.001050163512264344
0.0014149306600094193
GEN 174 time 1610003621
0.0022212617460994517
0.0019331241698611365
0.001596963160098174
0.0010137919815232667
0.001050163512264344
0.0014149306600094193
GEN 175 time 1610003624
0.0022212617460994517
0.0019331241698611365
0.001596963160098174
0.0010137919815232667
0.001050163512264344
0.0014149306600094193
GEN 176 time 1610003627
0.0022212617460994517
0.0019331241698611365
0.001596963160098174
0.0010137919815232667
0.001050163512264344
0.0014149306600094193
GEN 177 time 1610003630
0.0022212617460994517
0.0019331241698611365
0.001596963160098174
0.0010137919815232667
0.001050163512264344
0.0014149306600094193
GEN 178 time 1610003633
0.0022212617460994517
0.0019331241698611365
0.001596963160098174
0.0010137919815232667
0.001050163512264344
0.0014149306600094193
GEN 179 time 1610003636
0.0022212617460994517
0.0019331241698611365
0.001596963160098174
0.0010137919815232667
0.001050163512264344
0.0014149306600094193
GEN 180 time 1610003639
0.0022212617460994517
0.0019331241698611365
0.001596963160098174
0.0010137919815232667
0.001050163512264344
0.0014149306600094193
GEN 181 time 1610003642
0.0022212617460994517
0.0019331241698611365
0.001596963160098174
0.0010137919815232667
0.001050163512264344
0.0014149306600094193
GEN 182 time 1610003645
0.0022212617460994517
0.0019331241698611365
0.001596963160098174
0.0010137919815232667
0.001050163512264344
0.0014149306600094193
GEN 183 time 1610003648
0.0022212617460994517
0.0019331241698611365
0.001596963160098174
0.0010137919815232667
0.001050163512264344
0.0014149306600094193
GEN 184 time 1610003651
0.0022212617460994517
0.0019331241698611365
0.001596963160098174
0.0010137919815232667
0.001050163512264344
0.0014149306600094193
GEN 185 time 1610003654
0.0022212617460994517
0.0019331241698611365
0.001596963160098174
0.0010137919815232667
0.001050163512264344
0.0014149306600094193
GEN 186 time 1610003657
0.0022212617460994517
0.0019331241698611365
0.001596963160098174
0.0010137919815232667
0.001050163512264344
0.0014149306600094193
GEN 187 time 1610003660
0.0022212617460994517
0.0019331241698611365
0.001596963160098174
0.0010137919815232667
0.001050163512264344
0.0014149306600094193
GEN 188 time 1610003664
0.0022212617460994517
0.0019331241698611365
0.001596963160098174
0.0010137919815232667
0.001050163512264344
0.0014149306600094193
GEN 189 time 1610003667
0.0022212617460994517
0.0019331241698611365
0.001596963160098174
0.0010137919815232667
0.001050163512264344
0.0014149306600094193
GEN 190 time 1610003670
0.0022212617460994517
0.0019331241698611365
0.001596963160098174
0.0010137919815232667
0.001050163512264344
0.0014149306600094193
GEN 191 time 1610003673
0.0022212617460994517
0.0019331241698611365
0.001596963160098174
0.0010137919815232667
0.001050163512264344
0.0014149306600094193
GEN 192 time 1610003676
0.0022212617460994517
0.0019331241698611365
0.001596963160098174
0.0010137919815232667
0.001050163512264344
0.0014149306600094193
GEN 193 time 1610003679
0.0022212617460994517
0.0019331241698611365
0.001596963160098174
0.0010137919815232667
0.001050163512264344
0.0014149306600094193
GEN 194 time 1610003682
0.0022212617460994517
0.0019331241698611365
0.001596963160098174
0.0010137919815232667
0.001050163512264344
0.0014149306600094193
GEN 195 time 1610003685
0.0022212617460994517
0.0019331241698611365
0.001596963160098174
0.0010137919815232667
0.001050163512264344
0.0014149306600094193
GEN 196 time 1610003688
0.0022212617460994517
0.0019331241698611365
0.001596963160098174
0.0010137919815232667
0.001050163512264344
0.0014149306600094193
GEN 197 time 1610003691
0.0022212617460994517
0.0019331241698611365
0.001596963160098174
0.0010137919815232667
0.001050163512264344
0.0014149306600094193
GEN 198 time 1610003694
0.0022212617460994517
0.0019331241698611365
0.001596963160098174
0.0010137919815232667
0.001050163512264344
0.0014149306600094193
GEN 199 time 1610003697
0.0022212617460994517
0.0019331241698611365
0.001596963160098174
0.0010137919815232667
0.001050163512264344
0.0014149306600094193
