['./data/small/layer/ga-dem2_r25_1.json', './data/small/layer/ga-dem9_r25_1.json', './data/small/layer/ga-dem2_r50_1.json', './data/small/hop/ga-dem2_r25_1_0.json']
GEN 0 time 1616590840
0.0018270598844514765
0.0020238927919627257
0.003083155908864561
0.002009203575773346
GEN 1 time 1616590841
0.0018270598844514765
0.0020238927919627257
0.003083155908864561
0.002009203575773346
GEN 2 time 1616590842
0.0018009456005774578
0.0020238927919627257
0.003083155908864561
0.002009203575773346
GEN 3 time 1616590844
0.0018009456005774578
0.0020238927919627257
0.0030024099834253587
0.002009203575773346
GEN 4 time 1616590845
0.0018009456005774578
0.001831865979038867
0.0029925313594987655
0.002009203575773346
GEN 5 time 1616590846
0.0018009456005774578
0.001831865979038867
0.0029925313594987655
0.0018379492833825294
GEN 6 time 1616590848
0.0018009456005774578
0.0018238727919627257
0.00291211893674308
0.0018379492833825294
GEN 7 time 1616590849
0.0018009456005774578
0.0018238727919627257
0.00291211893674308
0.001809183575773346
GEN 8 time 1616590850
0.0016320734133459622
0.0016323366058372082
0.00291211893674308
0.001809183575773346
GEN 9 time 1616590852
0.0016320734133459622
0.0016323366058372082
0.00291211893674308
0.001809183575773346
GEN 10 time 1616590853
0.001418989631163796
0.0016238527919627257
0.00291211893674308
0.001809183575773346
GEN 11 time 1616590854
0.001418989631163796
0.001423832791962726
0.00291211893674308
0.001809183575773346
GEN 12 time 1616590856
0.001418989631163796
0.0014091740315551318
0.00291211893674308
0.001809183575773346
GEN 13 time 1616590857
0.001418989631163796
0.001406975914889532
0.00291211893674308
0.001809183575773346
GEN 14 time 1616590859
0.001418989631163796
0.001406975914889532
0.00291211893674308
0.001809183575773346
GEN 15 time 1616590860
0.001418989631163796
0.001406975914889532
0.00291211893674308
0.001809183575773346
GEN 16 time 1616590861
0.001418989631163796
0.001406975914889532
0.00291211893674308
0.0014528014365004398
GEN 17 time 1616590863
0.001418989631163796
0.001406975914889532
0.00291211893674308
0.0014528014365004398
GEN 18 time 1616590864
0.001418989631163796
0.001406975914889532
0.00291211893674308
0.0014528014365004398
GEN 19 time 1616590865
0.001418989631163796
0.001228109711210063
0.00291211893674308
0.0014528014365004398
GEN 20 time 1616590867
0.001418989631163796
0.0012238127919627258
0.002883135908864561
0.0014528014365004398
GEN 21 time 1616590868
0.001418989631163796
0.0012238127919627258
0.002883135908864561
0.0014528014365004398
GEN 22 time 1616590869
0.001418989631163796
0.0012238127919627258
0.002883135908864561
0.001415774613177622
GEN 23 time 1616590871
0.0014063746598682576
0.0012238127919627258
0.002883135908864561
0.001415774613177622
GEN 24 time 1616590872
0.0014063746598682576
0.0012238127919627258
0.002883135908864561
0.001415774613177622
GEN 25 time 1616590874
0.0014063746598682576
0.0012238127919627258
0.002883135908864561
0.001415774613177622
GEN 26 time 1616590875
0.0014063746598682576
0.0012238127919627258
0.002883135908864561
0.001415774613177622
GEN 27 time 1616590876
0.0014063746598682576
0.0012219395746285765
0.002883135908864561
0.001415774613177622
GEN 28 time 1616590878
0.0014006019074865221
0.001032276605837208
0.002883135908864561
0.0012800444000250967
GEN 29 time 1616590879
0.001208562118341991
0.001032276605837208
0.002883135908864561
0.0012800444000250967
GEN 30 time 1616590880
0.001208562118341991
0.001032276605837208
0.002883135908864561
0.0012800444000250967
GEN 31 time 1616590882
0.001208562118341991
0.001032276605837208
0.002883135908864561
0.0012800444000250967
GEN 32 time 1616590883
0.001208562118341991
0.001032276605837208
0.002883135908864561
0.0012800444000250967
GEN 33 time 1616590884
0.001208562118341991
0.001032276605837208
0.002883135908864561
0.0012800444000250967
GEN 34 time 1616590886
0.001208562118341991
0.001032276605837208
0.002883135908864561
0.0012800444000250967
GEN 35 time 1616590887
0.001208562118341991
0.001032276605837208
0.002883135908864561
0.0012754646607947525
GEN 36 time 1616590889
0.001208562118341991
0.001032276605837208
0.002883135908864561
0.0012754646607947525
GEN 37 time 1616590890
0.001208562118341991
0.001032276605837208
0.002883135908864561
0.0012754646607947525
GEN 38 time 1616590892
0.0012008856005774578
0.001032276605837208
0.002883135908864561
0.0012754646607947525
GEN 39 time 1616590893
0.0012008856005774578
0.001032276605837208
0.002883135908864561
0.0012754646607947525
GEN 40 time 1616590895
0.0012008856005774578
0.001032276605837208
0.002883135908864561
0.0012754646607947525
GEN 41 time 1616590896
0.0012008856005774578
0.001032276605837208
0.002883135908864561
0.0012754646607947525
GEN 42 time 1616590897
0.0012008856005774578
0.001032276605837208
0.002883135908864561
0.0012754646607947525
GEN 43 time 1616590899
0.0012008856005774578
0.001032276605837208
0.002883135908864561
0.0012754646607947525
GEN 44 time 1616590900
0.0010208440091590714
0.001032276605837208
0.002883135908864561
0.0012754646607947525
GEN 45 time 1616590902
0.0010131886683233111
0.001032276605837208
0.002883135908864561
0.0012754646607947525
GEN 46 time 1616590903
0.0010131886683233111
0.001032276605837208
0.002883135908864561
0.0012392958962826077
GEN 47 time 1616590904
0.0010131886683233111
0.001032276605837208
0.002883135908864561
0.0012392958962826077
GEN 48 time 1616590906
0.0010131886683233111
0.001032276605837208
0.002883135908864561
0.0012392958962826077
GEN 49 time 1616590907
0.0010131886683233111
0.001032276605837208
0.002883135908864561
0.0012392958962826077
GEN 50 time 1616590909
0.0010131886683233111
0.001032276605837208
0.002883135908864561
0.0012392958962826077
GEN 51 time 1616590910
0.0010131886683233111
0.001032276605837208
0.002883135908864561
0.0012392958962826077
GEN 52 time 1616590911
0.0010131886683233111
0.001032276605837208
0.002883135908864561
0.0012392958962826077
GEN 53 time 1616590913
0.0010131886683233111
0.001032276605837208
0.002883135908864561
0.0012392958962826077
GEN 54 time 1616590914
0.0010131886683233111
0.001032276605837208
0.002883135908864561
0.0012392958962826077
GEN 55 time 1616590916
0.0010131886683233111
0.001032276605837208
0.002883135908864561
0.0012392958962826077
GEN 56 time 1616590917
0.0010131886683233111
0.001032276605837208
0.002883135908864561
0.0012392958962826077
GEN 57 time 1616590918
0.0010131886683233111
0.001032276605837208
0.002883135908864561
0.0012392958962826077
GEN 58 time 1616590920
0.0010131886683233111
0.001032276605837208
0.002883135908864561
0.0012392958962826077
GEN 59 time 1616590921
0.0010131886683233111
0.001032276605837208
0.002883135908864561
0.0012392958962826077
GEN 60 time 1616590922
0.0010131886683233111
0.001032276605837208
0.002883135908864561
0.0012392958962826077
GEN 61 time 1616590924
0.0010008656005774576
0.001032276605837208
0.002883135908864561
0.0012392958962826077
GEN 62 time 1616590925
0.0010008656005774576
0.001032276605837208
0.002883135908864561
0.0012392958962826077
GEN 63 time 1616590927
0.0010008656005774576
0.001032276605837208
0.002883135908864561
0.0012392958962826077
GEN 64 time 1616590928
0.0010008656005774576
0.001032276605837208
0.002883135908864561
0.0012392958962826077
GEN 65 time 1616590929
0.0010008656005774576
0.001032276605837208
0.002883135908864561
0.0012392958962826077
GEN 66 time 1616590931
0.0010008656005774576
0.001032276605837208
0.002883135908864561
0.0012392958962826077
GEN 67 time 1616590932
0.0010008656005774576
0.001032276605837208
0.002883135908864561
0.0012392958962826077
GEN 68 time 1616590934
0.0010008656005774576
0.001032276605837208
0.002883135908864561
0.0012392958962826077
GEN 69 time 1616590935
0.0010008656005774576
0.001032276605837208
0.002883135908864561
0.0012392958962826077
GEN 70 time 1616590937
0.0010008656005774576
0.001032276605837208
0.002883135908864561
0.0012392958962826077
GEN 71 time 1616590938
0.0010008656005774576
0.001032276605837208
0.002883135908864561
0.0012392958962826077
GEN 72 time 1616590939
0.0010008656005774576
0.001032276605837208
0.002883135908864561
0.0012297116064399517
GEN 73 time 1616590941
0.0010008656005774576
0.001032276605837208
0.002883135908864561
0.0012297116064399517
GEN 74 time 1616590942
0.0010008656005774576
0.001032276605837208
0.002883135908864561
0.0012297116064399517
GEN 75 time 1616590944
0.0010008656005774576
0.001032276605837208
0.002883135908864561
0.0012297116064399517
GEN 76 time 1616590945
0.0010008656005774576
0.001032276605837208
0.002883135908864561
0.0012297116064399517
GEN 77 time 1616590947
0.0010008656005774576
0.001032276605837208
0.002883135908864561
0.0012297116064399517
GEN 78 time 1616590948
0.0010008656005774576
0.001032276605837208
0.002883135908864561
0.0012297116064399517
GEN 79 time 1616590949
0.0010008656005774576
0.001032276605837208
0.002883135908864561
0.0012297116064399517
GEN 80 time 1616590951
0.0010008656005774576
0.001032276605837208
0.002883135908864561
0.0012297116064399517
GEN 81 time 1616590952
0.0010008656005774576
0.001032276605837208
0.002883135908864561
0.0012297116064399517
GEN 82 time 1616590953
0.0010008656005774576
0.001032276605837208
0.002883135908864561
0.0012297116064399517
GEN 83 time 1616590955
0.0010008656005774576
0.001032276605837208
0.0023454327439282347
0.0012297116064399517
GEN 84 time 1616590956
0.0010008656005774576
0.001032276605837208
0.0023454327439282347
0.0012297116064399517
GEN 85 time 1616590958
0.0010008656005774576
0.001032276605837208
0.0023454327439282347
0.0012297116064399517
GEN 86 time 1616590959
0.0010008656005774576
0.001032276605837208
0.0023454327439282347
0.0012297116064399517
GEN 87 time 1616590960
0.0010008656005774576
0.001032276605837208
0.0023454327439282347
0.0012297116064399517
GEN 88 time 1616590962
0.0010008656005774576
0.001032276605837208
0.0023454327439282347
0.0012297116064399517
GEN 89 time 1616590963
0.0010008656005774576
0.001032276605837208
0.0023454327439282347
0.0012297116064399517
GEN 90 time 1616590964
0.0010008656005774576
0.001032276605837208
0.0023454327439282347
0.0012297116064399517
GEN 91 time 1616590966
0.0010008656005774576
0.001032276605837208
0.0023454327439282347
0.0012297116064399517
GEN 92 time 1616590967
0.0010008656005774576
0.001032276605837208
0.0023454327439282347
0.0012297116064399517
GEN 93 time 1616590969
0.0010008656005774576
0.001032276605837208
0.0023454327439282347
0.0012297116064399517
GEN 94 time 1616590970
0.0010008656005774576
0.001032276605837208
0.0023454327439282347
0.0012297116064399517
GEN 95 time 1616590971
0.0010008656005774576
0.001032276605837208
0.0023454327439282347
0.0012297116064399517
GEN 96 time 1616590973
0.0010008656005774576
0.001032276605837208
0.0023454327439282347
0.0012297116064399517
GEN 97 time 1616590974
0.0010008656005774576
0.001032276605837208
0.0023454327439282347
0.0012297116064399517
GEN 98 time 1616590976
0.0010008656005774576
0.001032276605837208
0.0023454327439282347
0.0012297116064399517
GEN 99 time 1616590977
0.0010008656005774576
0.001032276605837208
0.0023454327439282347
0.0012297116064399517
GEN 100 time 1616590978
0.0010008656005774576
0.001032276605837208
0.0023454327439282347
0.0012297116064399517
GEN 101 time 1616590980
0.0010008656005774576
0.001032276605837208
0.0023454327439282347
0.0012297116064399517
GEN 102 time 1616590981
0.0010008656005774576
0.001032276605837208
0.0023454327439282347
0.0012297116064399517
GEN 103 time 1616590982
0.0010008656005774576
0.001032276605837208
0.0023454327439282347
0.0012297116064399517
GEN 104 time 1616590984
0.0010008656005774576
0.001032276605837208
0.0023454327439282347
0.0012297116064399517
GEN 105 time 1616590985
0.0010008656005774576
0.001032276605837208
0.0023454327439282347
0.0012297116064399517
GEN 106 time 1616590987
0.0010008656005774576
0.001032276605837208
0.0023454327439282347
0.0012297116064399517
GEN 107 time 1616590988
0.0010008656005774576
0.001032276605837208
0.0023454327439282347
0.0012157546131776218
GEN 108 time 1616590989
0.0010008656005774576
0.001032276605837208
0.0023454327439282347
0.0012157546131776218
GEN 109 time 1616590991
0.0010008656005774576
0.001032276605837208
0.0023454327439282347
0.0012157546131776218
GEN 110 time 1616590992
0.0010008656005774576
0.001032276605837208
0.0023454327439282347
0.0012157546131776218
GEN 111 time 1616590994
0.0010008656005774576
0.001032276605837208
0.0023454327439282347
0.0012157546131776218
GEN 112 time 1616590995
0.0010008656005774576
0.001032276605837208
0.0023454327439282347
0.0012157546131776218
GEN 113 time 1616590996
0.0010008656005774576
0.001032276605837208
0.0023454327439282347
0.0012157546131776218
GEN 114 time 1616590998
0.0010008656005774576
0.001032276605837208
0.0023454327439282347
0.0012157546131776218
GEN 115 time 1616590999
0.0010008656005774576
0.001032276605837208
0.0023454327439282347
0.0012157546131776218
GEN 116 time 1616591001
0.0010008656005774576
0.001032276605837208
0.0023454327439282347
0.0012157546131776218
GEN 117 time 1616591002
0.0010008656005774576
0.001032276605837208
0.0023454327439282347
0.0012157546131776218
GEN 118 time 1616591003
0.0010008656005774576
0.001032276605837208
0.0023454327439282347
0.0012157546131776218
GEN 119 time 1616591005
0.0010008656005774576
0.001032276605837208
0.0023454327439282347
0.0012157546131776218
GEN 120 time 1616591006
0.0010008656005774576
0.001032276605837208
0.0023454327439282347
0.0012157546131776218
GEN 121 time 1616591007
0.0010008656005774576
0.001032276605837208
0.0023454327439282347
0.0012157546131776218
GEN 122 time 1616591009
0.0010008656005774576
0.001032276605837208
0.0023454327439282347
0.0012157546131776218
GEN 123 time 1616591010
0.0010008656005774576
0.001032276605837208
0.0023454327439282347
0.0012157546131776218
GEN 124 time 1616591012
0.0010008656005774576
0.001032276605837208
0.0023454327439282347
0.0012157546131776218
GEN 125 time 1616591013
0.0010008656005774576
0.001032276605837208
0.0023454327439282347
0.0012157546131776218
GEN 126 time 1616591015
0.0010008656005774576
0.001032276605837208
0.0023454327439282347
0.0012157546131776218
GEN 127 time 1616591016
0.0010008656005774576
0.001032276605837208
0.0023454327439282347
0.0012157546131776218
GEN 128 time 1616591018
0.0010008656005774576
0.001032276605837208
0.0023454327439282347
0.0012157546131776218
GEN 129 time 1616591019
0.0010008656005774576
0.001032276605837208
0.0023454327439282347
0.0012157546131776218
GEN 130 time 1616591021
0.0010008656005774576
0.001032276605837208
0.0023454327439282347
0.0012157546131776218
GEN 131 time 1616591022
0.0010008656005774576
0.001032276605837208
0.0023454327439282347
0.0012157546131776218
GEN 132 time 1616591023
0.0010008656005774576
0.001032276605837208
0.0023454327439282347
0.0012152750580916743
GEN 133 time 1616591025
0.0010008656005774576
0.001032276605837208
0.0023454327439282347
0.0012152750580916743
GEN 134 time 1616591026
0.0010008656005774576
0.001032276605837208
0.0023454327439282347
0.0012152750580916743
GEN 135 time 1616591027
0.0010008656005774576
0.001032276605837208
0.0023454327439282347
0.0012152750580916743
GEN 136 time 1616591029
0.0010008656005774576
0.001032276605837208
0.0023454327439282347
0.0012152750580916743
GEN 137 time 1616591030
0.0010008656005774576
0.001032276605837208
0.0023454327439282347
0.0012152750580916743
GEN 138 time 1616591032
0.0010008656005774576
0.001032276605837208
0.0023454327439282347
0.0012152750580916743
GEN 139 time 1616591033
0.0010008656005774576
0.001032276605837208
0.0023454327439282347
0.0012152750580916743
GEN 140 time 1616591034
0.0010008656005774576
0.001032276605837208
0.0023454327439282347
0.0012152750580916743
GEN 141 time 1616591036
0.0010008656005774576
0.001032276605837208
0.0023454327439282347
0.0012141071275681343
GEN 142 time 1616591037
0.0010008656005774576
0.001032276605837208
0.0023454327439282347
0.0012141071275681343
GEN 143 time 1616591039
0.0010008656005774576
0.001032276605837208
0.0023454327439282347
0.0012141071275681343
GEN 144 time 1616591040
0.0010008656005774576
0.001032276605837208
0.0023454327439282347
0.0012141071275681343
GEN 145 time 1616591041
0.0008138573445969104
0.001032276605837208
0.0023454327439282347
0.0012141071275681343
GEN 146 time 1616591043
0.0008138573445969104
0.001032276605837208
0.0023454327439282347
0.0012141071275681343
GEN 147 time 1616591044
0.0008138573445969104
0.001032276605837208
0.0023454327439282347
0.0012141071275681343
GEN 148 time 1616591045
0.0008138573445969104
0.001032276605837208
0.0023454327439282347
0.0012141071275681343
GEN 149 time 1616591047
0.0008138573445969104
0.001032276605837208
0.0023454327439282347
0.0012141071275681343
GEN 150 time 1616591048
0.0008138573445969104
0.001032276605837208
0.0023454327439282347
0.0012141071275681343
GEN 151 time 1616591050
0.0008138573445969104
0.001032276605837208
0.0023454327439282347
0.0012141071275681343
GEN 152 time 1616591051
0.0008138573445969104
0.001032276605837208
0.0023454327439282347
0.0012141071275681343
GEN 153 time 1616591052
0.0008138573445969104
0.001032276605837208
0.0023454327439282347
0.0010754446607947525
GEN 154 time 1616591054
0.0008138573445969104
0.001032276605837208
0.0023454327439282347
0.0010754446607947525
GEN 155 time 1616591055
0.0008138573445969104
0.001032276605837208
0.0023454327439282347
0.0010754446607947525
GEN 156 time 1616591056
0.0008138573445969104
0.001032276605837208
0.0023454327439282347
0.0010754446607947525
GEN 157 time 1616591058
0.0008138573445969104
0.001032276605837208
0.0023454327439282347
0.0010754446607947525
GEN 158 time 1616591059
0.0008138573445969104
0.001032276605837208
0.0023454327439282347
0.0010754446607947525
GEN 159 time 1616591060
0.0008138573445969104
0.001032276605837208
0.0023454327439282347
0.0010754446607947525
GEN 160 time 1616591062
0.0008138573445969104
0.001032276605837208
0.0023454327439282347
0.0010754446607947525
GEN 161 time 1616591063
0.0008138573445969104
0.001032276605837208
0.0023454327439282347
0.0010754446607947525
GEN 162 time 1616591065
0.0008138573445969104
0.001032276605837208
0.0023454327439282347
0.0010754446607947525
GEN 163 time 1616591066
0.0008138573445969104
0.001032276605837208
0.0023454327439282347
0.0010754446607947525
GEN 164 time 1616591068
0.0008138573445969104
0.001032276605837208
0.0023454327439282347
0.0010754446607947525
GEN 165 time 1616591069
0.0008138573445969104
0.001032276605837208
0.0023454327439282347
0.0010754446607947525
GEN 166 time 1616591071
0.0008138573445969104
0.001032276605837208
0.0023454327439282347
0.0010754446607947525
GEN 167 time 1616591072
0.0008138573445969104
0.001032276605837208
0.0023454327439282347
0.0010754446607947525
GEN 168 time 1616591073
0.0008138573445969104
0.001032276605837208
0.0023454327439282347
0.0010754446607947525
GEN 169 time 1616591075
0.0008138573445969104
0.001032276605837208
0.0023454327439282347
0.0010754446607947525
GEN 170 time 1616591076
0.0008138573445969104
0.001032276605837208
0.0023454327439282347
0.0010754446607947525
GEN 171 time 1616591077
0.0008138573445969104
0.001032276605837208
0.0023454327439282347
0.0010754446607947525
GEN 172 time 1616591079
0.0008138573445969104
0.001032276605837208
0.0023454327439282347
0.0010754446607947525
GEN 173 time 1616591080
0.0008138573445969104
0.001032276605837208
0.0023454327439282347
0.0010754446607947525
GEN 174 time 1616591081
0.0008138573445969104
0.001032276605837208
0.0023454327439282347
0.0010754446607947525
GEN 175 time 1616591083
0.0008138573445969104
0.001032276605837208
0.0023454327439282347
0.0010754446607947525
GEN 176 time 1616591084
0.0008138573445969104
0.001032276605837208
0.0023454327439282347
0.0010754446607947525
GEN 177 time 1616591086
0.0008138573445969104
0.001032276605837208
0.0023454327439282347
0.0010754446607947525
GEN 178 time 1616591087
0.0008138573445969104
0.001032276605837208
0.0023454327439282347
0.0010754446607947525
GEN 179 time 1616591088
0.0008138573445969104
0.001032276605837208
0.0023454327439282347
0.0010754446607947525
GEN 180 time 1616591090
0.0008138573445969104
0.001032276605837208
0.0023454327439282347
0.0010754446607947525
GEN 181 time 1616591091
0.0008138573445969104
0.001032276605837208
0.0023454327439282347
0.0010754446607947525
GEN 182 time 1616591092
0.0008138573445969104
0.001032276605837208
0.0023454327439282347
0.0010754446607947525
GEN 183 time 1616591094
0.0008138573445969104
0.001032276605837208
0.0023454327439282347
0.0010754446607947525
GEN 184 time 1616591095
0.0008138573445969104
0.001032276605837208
0.0023454327439282347
0.0010754446607947525
GEN 185 time 1616591096
0.0008138573445969104
0.001032276605837208
0.0023454327439282347
0.0010754446607947525
GEN 186 time 1616591098
0.0008138573445969104
0.001032276605837208
0.0023454327439282347
0.0010754446607947525
GEN 187 time 1616591099
0.0008138573445969104
0.001032276605837208
0.0023454327439282347
0.0010754446607947525
GEN 188 time 1616591101
0.0008138573445969104
0.001032276605837208
0.0023454327439282347
0.0010754446607947525
GEN 189 time 1616591102
0.0008138573445969104
0.001032276605837208
0.0023454327439282347
0.0010754446607947525
GEN 190 time 1616591104
0.0008138573445969104
0.001032276605837208
0.0023454327439282347
0.0010754446607947525
GEN 191 time 1616591105
0.0008138573445969104
0.001032276605837208
0.0023454327439282347
0.0010754446607947525
GEN 192 time 1616591107
0.0008138573445969104
0.001032276605837208
0.0023454327439282347
0.0010754446607947525
GEN 193 time 1616591108
0.0008138573445969104
0.001032276605837208
0.0023454327439282347
0.0010754446607947525
GEN 194 time 1616591109
0.0008138573445969104
0.001032276605837208
0.0023454327439282347
0.0010754446607947525
GEN 195 time 1616591111
0.0008138573445969104
0.001032276605837208
0.0023454327439282347
0.0010754446607947525
GEN 196 time 1616591112
0.0008138573445969104
0.001032276605837208
0.0023454327439282347
0.0010754446607947525
GEN 197 time 1616591113
0.0008138573445969104
0.001032276605837208
0.0023454327439282347
0.0010754446607947525
GEN 198 time 1616591115
0.0008138573445969104
0.001032276605837208
0.0023454327439282347
0.0010754446607947525
GEN 199 time 1616591116
0.0008138573445969104
0.001032276605837208
0.0023454327439282347
0.0010754446607947525
