['./data/small/layer/uu-dem4_r25_1.json', './data/small/layer/uu-dem7_r25_1.json', './data/small/layer/uu-dem4_r50_1.json', './data/small/hop/uu-dem4_r25_1_0.json']
GEN 0 time 1602722757
0.0016645867073912172
0.0023368348238357903
0.0024230574250886407
0.0018269175860854527
GEN 1 time 1602722760
0.0016645867073912172
0.0023368348238357903
0.0024230574250886407
0.0018269175860854527
GEN 2 time 1602722762
0.0016645867073912172
0.0023368348238357903
0.0023881709723581114
0.0018269175860854527
GEN 3 time 1602722765
0.0016223685889952034
0.0023368348238357903
0.0023881709723581114
0.0018269175860854527
GEN 4 time 1602722768
0.0015457841884200319
0.0023368348238357903
0.0023881709723581114
0.0018269175860854527
GEN 5 time 1602722771
0.0014855053265408816
0.0023368348238357903
0.0023881709723581114
0.0018269175860854527
GEN 6 time 1602722774
0.0014855053265408816
0.0023368348238357903
0.0023881709723581114
0.0018269175860854527
GEN 7 time 1602722777
0.0014855053265408816
0.0023368348238357903
0.0023881709723581114
0.0018269175860854527
GEN 8 time 1602722780
0.0014855053265408816
0.0023368348238357903
0.0023881709723581114
0.0017918242749231604
GEN 9 time 1602722783
0.0014855053265408816
0.0023368348238357903
0.0023881709723581114
0.0017918242749231604
GEN 10 time 1602722786
0.0014855053265408816
0.0023368348238357903
0.0023881709723581114
0.0017903193903369829
GEN 11 time 1602722789
0.0014855053265408816
0.0023368348238357903
0.0023881709723581114
0.0017903193903369829
GEN 12 time 1602722793
0.0014855053265408816
0.0023368348238357903
0.0023881709723581114
0.0017903193903369829
GEN 13 time 1602722796
0.0014584555404298799
0.0023368348238357903
0.0023881709723581114
0.001759557667287328
GEN 14 time 1602722799
0.0014584555404298799
0.0023368348238357903
0.0023881709723581114
0.001759557667287328
GEN 15 time 1602722802
0.0014584555404298799
0.0023368348238357903
0.0023881709723581114
0.0016642621461643659
GEN 16 time 1602722805
0.0014584555404298799
0.0023368348238357903
0.0023881709723581114
0.0016642621461643659
GEN 17 time 1602722808
0.0014584555404298799
0.0023368348238357903
0.0023881709723581114
0.0016642621461643659
GEN 18 time 1602722812
0.0014584555404298799
0.0023368348238357903
0.0023881709723581114
0.0016642621461643659
GEN 19 time 1602722815
0.0014584555404298799
0.0023368348238357903
0.0023881709723581114
0.0016642621461643659
GEN 20 time 1602722818
0.0014584555404298799
0.0023368348238357903
0.0023881709723581114
0.0016642621461643659
GEN 21 time 1602722821
0.0014584555404298799
0.0023368348238357903
0.0023881709723581114
0.0016642621461643659
GEN 22 time 1602722824
0.0014584555404298799
0.0023368348238357903
0.0023881709723581114
0.0016642621461643659
GEN 23 time 1602722827
0.0014584555404298799
0.0023368348238357903
0.0023881709723581114
0.0016642621461643659
GEN 24 time 1602722831
0.0014584555404298799
0.0023368348238357903
0.0023881709723581114
0.0016642621461643659
GEN 25 time 1602722834
0.0014584555404298799
0.0023368348238357903
0.0023881709723581114
0.0016642621461643659
GEN 26 time 1602722837
0.0014584555404298799
0.0023368348238357903
0.0023881709723581114
0.0016642621461643659
GEN 27 time 1602722840
0.0014584555404298799
0.0023368348238357903
0.0023881709723581114
0.0016642621461643659
GEN 28 time 1602722844
0.0014584555404298799
0.0023368348238357903
0.0023881709723581114
0.0016642621461643659
GEN 29 time 1602722847
0.0014584555404298799
0.0023368348238357903
0.0023881709723581114
0.0016642621461643659
GEN 30 time 1602722850
0.0014584555404298799
0.0023368348238357903
0.0023881709723581114
0.0016642621461643659
GEN 31 time 1602722853
0.0014584555404298799
0.0023368348238357903
0.0023881709723581114
0.0016642621461643659
GEN 32 time 1602722856
0.0014584555404298799
0.0023368348238357903
0.0023881709723581114
0.0016642621461643659
GEN 33 time 1602722860
0.0014584555404298799
0.0023368348238357903
0.0023881709723581114
0.0016642621461643659
GEN 34 time 1602722863
0.0014584555404298799
0.0023368348238357903
0.0023881709723581114
0.0016642621461643659
GEN 35 time 1602722866
0.0014584555404298799
0.0023368348238357903
0.0023881709723581114
0.0016642621461643659
GEN 36 time 1602722869
0.0014584555404298799
0.0023368348238357903
0.0023881709723581114
0.0016642621461643659
GEN 37 time 1602722872
0.0014584555404298799
0.0023368348238357903
0.0023881709723581114
0.0016642621461643659
GEN 38 time 1602722875
0.0014584555404298799
0.0023368348238357903
0.0023881709723581114
0.0016642621461643659
GEN 39 time 1602722878
0.0014584555404298799
0.0023368348238357903
0.0023881709723581114
0.0016642621461643659
GEN 40 time 1602722882
0.0014584555404298799
0.0023368348238357903
0.0023881709723581114
0.0016642621461643659
GEN 41 time 1602722885
0.0014584555404298799
0.0023368348238357903
0.0023881709723581114
0.0016642621461643659
GEN 42 time 1602722888
0.0014584555404298799
0.0023368348238357903
0.0023881709723581114
0.0016642621461643659
GEN 43 time 1602722891
0.0014584555404298799
0.0023368348238357903
0.0023881709723581114
0.0016642621461643659
GEN 44 time 1602722894
0.0014584555404298799
0.0023368348238357903
0.0023881709723581114
0.0016642621461643659
GEN 45 time 1602722897
0.0014584555404298799
0.0023368348238357903
0.0023881709723581114
0.0016642621461643659
GEN 46 time 1602722900
0.0014584555404298799
0.0023368348238357903
0.0023881709723581114
0.0016642621461643659
GEN 47 time 1602722904
0.0014584555404298799
0.0023368348238357903
0.0023881709723581114
0.0016642621461643659
GEN 48 time 1602722907
0.0014584555404298799
0.0023368348238357903
0.0023881709723581114
0.0016642621461643659
GEN 49 time 1602722910
0.0014584555404298799
0.0023368348238357903
0.0023881709723581114
0.0016642621461643659
GEN 50 time 1602722913
0.0014584555404298799
0.0023368348238357903
0.0023881709723581114
0.0016642621461643659
GEN 51 time 1602722916
0.0014584555404298799
0.0023368348238357903
0.0023881709723581114
0.0016642621461643659
GEN 52 time 1602722919
0.0014584555404298799
0.0023368348238357903
0.0023881709723581114
0.0016642621461643659
GEN 53 time 1602722922
0.0014584555404298799
0.0023368348238357903
0.0023881709723581114
0.0016642621461643659
GEN 54 time 1602722926
0.0014584555404298799
0.0023368348238357903
0.0023881709723581114
0.0016642621461643659
GEN 55 time 1602722929
0.0014584555404298799
0.0023368348238357903
0.0023881709723581114
0.0016642621461643659
GEN 56 time 1602722932
0.0014584555404298799
0.0023368348238357903
0.0023881709723581114
0.0016642621461643659
GEN 57 time 1602722935
0.0014584555404298799
0.0023368348238357903
0.0023881709723581114
0.0016642621461643659
GEN 58 time 1602722938
0.0014584555404298799
0.0023368348238357903
0.0023881709723581114
0.0016642621461643659
GEN 59 time 1602722941
0.0014584555404298799
0.0023368348238357903
0.0023881709723581114
0.0016642621461643659
GEN 60 time 1602722944
0.0014584555404298799
0.0023368348238357903
0.0023881709723581114
0.0016642621461643659
GEN 61 time 1602722948
0.0014584555404298799
0.0023368348238357903
0.0023881709723581114
0.0016642621461643659
GEN 62 time 1602722951
0.0014584555404298799
0.0023368348238357903
0.0023881709723581114
0.0016642621461643659
GEN 63 time 1602722954
0.0014584555404298799
0.0023368348238357903
0.0023881709723581114
0.0016642621461643659
GEN 64 time 1602722957
0.0014584555404298799
0.0023368348238357903
0.0023881709723581114
0.0016642621461643659
GEN 65 time 1602722960
0.0014584555404298799
0.0023368348238357903
0.0023881709723581114
0.0016642621461643659
GEN 66 time 1602722964
0.0014584555404298799
0.0023368348238357903
0.0023881709723581114
0.0016642621461643659
GEN 67 time 1602722967
0.0014584555404298799
0.0023368348238357903
0.0023881709723581114
0.0016642621461643659
GEN 68 time 1602722970
0.0014584555404298799
0.0023368348238357903
0.0023881709723581114
0.0016642621461643659
GEN 69 time 1602722973
0.0014584555404298799
0.0023368348238357903
0.0023881709723581114
0.0016642621461643659
GEN 70 time 1602722977
0.0014584555404298799
0.0023368348238357903
0.0023881709723581114
0.0016642621461643659
GEN 71 time 1602722980
0.0014584555404298799
0.0023368348238357903
0.0023881709723581114
0.0016642621461643659
GEN 72 time 1602722983
0.0014584555404298799
0.0023368348238357903
0.0023881709723581114
0.0016642621461643659
GEN 73 time 1602722986
0.0014584555404298799
0.0023368348238357903
0.0023881709723581114
0.0016642621461643659
GEN 74 time 1602722990
0.0014584555404298799
0.0023368348238357903
0.0023881709723581114
0.0016642621461643659
GEN 75 time 1602722993
0.0014584555404298799
0.0023368348238357903
0.0023881709723581114
0.0016642621461643659
GEN 76 time 1602722996
0.0014584555404298799
0.0023368348238357903
0.0023881709723581114
0.0016642621461643659
GEN 77 time 1602722999
0.0014584555404298799
0.0023368348238357903
0.0023881709723581114
0.0016642621461643659
GEN 78 time 1602723002
0.0014584555404298799
0.0023368348238357903
0.0023881709723581114
0.0016642621461643659
GEN 79 time 1602723006
0.0014584555404298799
0.0023368348238357903
0.0023881709723581114
0.001627600378171951
GEN 80 time 1602723009
0.0014584555404298799
0.0023368348238357903
0.0023881709723581114
0.001627600378171951
GEN 81 time 1602723012
0.0014584555404298799
0.0023368348238357903
0.0023881709723581114
0.001627600378171951
GEN 82 time 1602723015
0.0014584555404298799
0.0023368348238357903
0.0023881709723581114
0.001627600378171951
GEN 83 time 1602723019
0.0014584555404298799
0.0023368348238357903
0.0023881709723581114
0.001627600378171951
GEN 84 time 1602723022
0.0014584555404298799
0.0023368348238357903
0.0023881709723581114
0.001627600378171951
GEN 85 time 1602723025
0.0014584555404298799
0.0023368348238357903
0.0023881709723581114
0.001627600378171951
GEN 86 time 1602723028
0.0014584555404298799
0.0023368348238357903
0.0023881709723581114
0.001627600378171951
GEN 87 time 1602723031
0.0014584555404298799
0.0023368348238357903
0.0023881709723581114
0.001627600378171951
GEN 88 time 1602723035
0.0014584555404298799
0.0023368348238357903
0.0023881709723581114
0.001627600378171951
GEN 89 time 1602723038
0.0014584555404298799
0.0023368348238357903
0.0023881709723581114
0.001627600378171951
GEN 90 time 1602723041
0.0014584555404298799
0.0023368348238357903
0.0023881709723581114
0.001627600378171951
GEN 91 time 1602723045
0.0014584555404298799
0.0023368348238357903
0.0023881709723581114
0.001627600378171951
GEN 92 time 1602723048
0.0014584555404298799
0.0023368348238357903
0.0023881709723581114
0.001627600378171951
GEN 93 time 1602723051
0.0014584555404298799
0.0023368348238357903
0.0023881709723581114
0.001627600378171951
GEN 94 time 1602723054
0.0014584555404298799
0.0023368348238357903
0.0023881709723581114
0.001627600378171951
GEN 95 time 1602723058
0.0014584555404298799
0.0023368348238357903
0.0023881709723581114
0.001627600378171951
GEN 96 time 1602723061
0.0014584555404298799
0.0023368348238357903
0.0023881709723581114
0.001627600378171951
GEN 97 time 1602723064
0.0014584555404298799
0.0023368348238357903
0.0023881709723581114
0.001627600378171951
GEN 98 time 1602723067
0.0014584555404298799
0.0023368348238357903
0.0023881709723581114
0.001627600378171951
GEN 99 time 1602723070
0.0014584555404298799
0.0023368348238357903
0.0023881709723581114
0.001627600378171951
GEN 100 time 1602723074
0.0014584555404298799
0.0023368348238357903
0.0023881709723581114
0.001627600378171951
GEN 101 time 1602723077
0.0014584555404298799
0.0023368348238357903
0.0023881709723581114
0.001627600378171951
GEN 102 time 1602723080
0.0014584555404298799
0.0023368348238357903
0.0023881709723581114
0.001627600378171951
GEN 103 time 1602723083
0.0014584555404298799
0.0023368348238357903
0.0023881709723581114
0.001627600378171951
GEN 104 time 1602723086
0.0014584555404298799
0.0023368348238357903
0.0023881709723581114
0.001627600378171951
GEN 105 time 1602723090
0.0014584555404298799
0.0023368348238357903
0.0023881709723581114
0.001627600378171951
GEN 106 time 1602723093
0.0014584555404298799
0.0023368348238357903
0.0023881709723581114
0.001627600378171951
GEN 107 time 1602723096
0.0014584555404298799
0.0023368348238357903
0.0023881709723581114
0.001627600378171951
GEN 108 time 1602723099
0.0014584555404298799
0.0023368348238357903
0.0023881709723581114
0.001627600378171951
GEN 109 time 1602723102
0.0014584555404298799
0.0023368348238357903
0.0023881709723581114
0.001627600378171951
GEN 110 time 1602723106
0.0014584555404298799
0.0023368348238357903
0.0023881709723581114
0.001627600378171951
GEN 111 time 1602723109
0.0014584555404298799
0.0023368348238357903
0.0023881709723581114
0.001627600378171951
GEN 112 time 1602723112
0.0014584555404298799
0.0023368348238357903
0.0023881709723581114
0.001627600378171951
GEN 113 time 1602723115
0.0014584555404298799
0.0023368348238357903
0.0023881709723581114
0.001627600378171951
GEN 114 time 1602723118
0.0014584555404298799
0.0023368348238357903
0.0023881709723581114
0.001627600378171951
GEN 115 time 1602723122
0.0014584555404298799
0.0023368348238357903
0.0023881709723581114
0.001627600378171951
GEN 116 time 1602723125
0.0014584555404298799
0.0023368348238357903
0.0023881709723581114
0.001627600378171951
GEN 117 time 1602723128
0.0014584555404298799
0.0023368348238357903
0.0023881709723581114
0.001627600378171951
GEN 118 time 1602723131
0.0014584555404298799
0.0023368348238357903
0.0023881709723581114
0.001627600378171951
GEN 119 time 1602723134
0.0014584555404298799
0.0023368348238357903
0.0023881709723581114
0.001627600378171951
GEN 120 time 1602723137
0.0014584555404298799
0.0023368348238357903
0.0023881709723581114
0.001627600378171951
GEN 121 time 1602723141
0.0014584555404298799
0.0023368348238357903
0.0023881709723581114
0.001627600378171951
GEN 122 time 1602723144
0.0014584555404298799
0.0023368348238357903
0.0023881709723581114
0.001627600378171951
GEN 123 time 1602723147
0.0014584555404298799
0.0023368348238357903
0.0023881709723581114
0.001627600378171951
GEN 124 time 1602723150
0.0014584555404298799
0.0023368348238357903
0.0023881709723581114
0.001627600378171951
GEN 125 time 1602723154
0.0014584555404298799
0.0023368348238357903
0.0023881709723581114
0.001627600378171951
GEN 126 time 1602723157
0.0014584555404298799
0.0023368348238357903
0.0023881709723581114
0.001627600378171951
GEN 127 time 1602723160
0.0014584555404298799
0.0023368348238357903
0.0023881709723581114
0.001627600378171951
GEN 128 time 1602723163
0.0014584555404298799
0.0023368348238357903
0.0023881709723581114
0.001627600378171951
GEN 129 time 1602723166
0.0014584555404298799
0.0023368348238357903
0.0023881709723581114
0.001627600378171951
GEN 130 time 1602723170
0.0014584555404298799
0.0023368348238357903
0.0023881709723581114
0.001627600378171951
GEN 131 time 1602723173
0.0014584555404298799
0.0023368348238357903
0.0023881709723581114
0.001627600378171951
GEN 132 time 1602723176
0.0014584555404298799
0.0023368348238357903
0.0023881709723581114
0.001627600378171951
GEN 133 time 1602723179
0.0014584555404298799
0.0023368348238357903
0.0023881709723581114
0.001627600378171951
GEN 134 time 1602723183
0.0014584555404298799
0.0023368348238357903
0.0023881709723581114
0.001627600378171951
GEN 135 time 1602723186
0.0014584555404298799
0.0023368348238357903
0.0023881709723581114
0.001627600378171951
GEN 136 time 1602723189
0.0014584555404298799
0.0023368348238357903
0.0023881709723581114
0.001627600378171951
GEN 137 time 1602723193
0.0014584555404298799
0.0023368348238357903
0.0023881709723581114
0.001627600378171951
GEN 138 time 1602723196
0.0014584555404298799
0.0023368348238357903
0.0023881709723581114
0.001627600378171951
GEN 139 time 1602723199
0.0014584555404298799
0.0023368348238357903
0.0023881709723581114
0.001627600378171951
GEN 140 time 1602723203
0.0014584555404298799
0.0023368348238357903
0.0023881709723581114
0.001627600378171951
GEN 141 time 1602723206
0.0014584555404298799
0.0023368348238357903
0.0023881709723581114
0.001627600378171951
GEN 142 time 1602723209
0.0014584555404298799
0.0023368348238357903
0.0023881709723581114
0.001627600378171951
GEN 143 time 1602723212
0.0014584555404298799
0.0023368348238357903
0.0023881709723581114
0.001627600378171951
GEN 144 time 1602723216
0.0014584555404298799
0.0023368348238357903
0.0023881709723581114
0.001627600378171951
GEN 145 time 1602723219
0.0014584555404298799
0.0023368348238357903
0.0023881709723581114
0.001627600378171951
GEN 146 time 1602723222
0.0014584555404298799
0.0023368348238357903
0.0023881709723581114
0.001627600378171951
GEN 147 time 1602723225
0.0014584555404298799
0.0023368348238357903
0.0023881709723581114
0.001627600378171951
GEN 148 time 1602723229
0.0014584555404298799
0.0023368348238357903
0.0023881709723581114
0.001627600378171951
GEN 149 time 1602723232
0.0014584555404298799
0.0023368348238357903
0.0023881709723581114
0.001627600378171951
GEN 150 time 1602723235
0.0014584555404298799
0.0023368348238357903
0.0023881709723581114
0.001627600378171951
GEN 151 time 1602723239
0.0014584555404298799
0.0023368348238357903
0.0023881709723581114
0.001627600378171951
GEN 152 time 1602723242
0.0014584555404298799
0.0023368348238357903
0.0023881709723581114
0.001627600378171951
GEN 153 time 1602723245
0.0014584555404298799
0.0023368348238357903
0.0023881709723581114
0.001627600378171951
GEN 154 time 1602723248
0.0014584555404298799
0.0023368348238357903
0.0023881709723581114
0.001627600378171951
GEN 155 time 1602723252
0.0014584555404298799
0.0023368348238357903
0.0023881709723581114
0.001627600378171951
GEN 156 time 1602723255
0.0014584555404298799
0.0023368348238357903
0.0023881709723581114
0.001627600378171951
GEN 157 time 1602723258
0.0014584555404298799
0.0023368348238357903
0.0023881709723581114
0.001627600378171951
GEN 158 time 1602723262
0.0014584555404298799
0.0023368348238357903
0.0023881709723581114
0.001627600378171951
GEN 159 time 1602723265
0.0014584555404298799
0.0023368348238357903
0.0023881709723581114
0.001627600378171951
GEN 160 time 1602723268
0.0014584555404298799
0.0023368348238357903
0.0023881709723581114
0.001627600378171951
GEN 161 time 1602723272
0.0014584555404298799
0.0023368348238357903
0.0023881709723581114
0.001627600378171951
GEN 162 time 1602723275
0.0014584555404298799
0.0023368348238357903
0.0023881709723581114
0.001627600378171951
GEN 163 time 1602723279
0.0014584555404298799
0.0023368348238357903
0.0023881709723581114
0.001627600378171951
GEN 164 time 1602723282
0.0014584555404298799
0.0023368348238357903
0.0023881709723581114
0.001627600378171951
GEN 165 time 1602723285
0.0014584555404298799
0.0023368348238357903
0.0023881709723581114
0.001627600378171951
GEN 166 time 1602723289
0.0014584555404298799
0.0023368348238357903
0.0023881709723581114
0.001627600378171951
GEN 167 time 1602723292
0.0014584555404298799
0.0023368348238357903
0.0023881709723581114
0.001627600378171951
GEN 168 time 1602723296
0.0014584555404298799
0.0023368348238357903
0.0023881709723581114
0.001627600378171951
GEN 169 time 1602723299
0.0014584555404298799
0.0023368348238357903
0.0023881709723581114
0.001627600378171951
GEN 170 time 1602723303
0.0014584555404298799
0.0023368348238357903
0.0023881709723581114
0.001627600378171951
GEN 171 time 1602723306
0.0014584555404298799
0.0023368348238357903
0.0023881709723581114
0.001627600378171951
GEN 172 time 1602723310
0.0014584555404298799
0.0023368348238357903
0.0023881709723581114
0.001627600378171951
GEN 173 time 1602723313
0.0014584555404298799
0.0023368348238357903
0.0023881709723581114
0.001627600378171951
GEN 174 time 1602723317
0.0014584555404298799
0.0023368348238357903
0.0023881709723581114
0.001627600378171951
GEN 175 time 1602723320
0.0014584555404298799
0.0023368348238357903
0.0023881709723581114
0.001627600378171951
GEN 176 time 1602723324
0.0014584555404298799
0.0023368348238357903
0.0023881709723581114
0.001627600378171951
GEN 177 time 1602723327
0.0014584555404298799
0.0023368348238357903
0.0023881709723581114
0.001627600378171951
GEN 178 time 1602723331
0.0014584555404298799
0.0023368348238357903
0.0023881709723581114
0.001627600378171951
GEN 179 time 1602723334
0.0014584555404298799
0.0023368348238357903
0.0023881709723581114
0.001627600378171951
GEN 180 time 1602723338
0.0014584555404298799
0.0023368348238357903
0.0023881709723581114
0.001627600378171951
GEN 181 time 1602723341
0.0014584555404298799
0.0023368348238357903
0.0023881709723581114
0.001627600378171951
GEN 182 time 1602723345
0.0014584555404298799
0.0023368348238357903
0.0023881709723581114
0.001627600378171951
GEN 183 time 1602723349
0.0014584555404298799
0.0023368348238357903
0.0023881709723581114
0.001627600378171951
GEN 184 time 1602723352
0.0014584555404298799
0.0023368348238357903
0.0023881709723581114
0.001627600378171951
GEN 185 time 1602723356
0.0014584555404298799
0.0023368348238357903
0.0023881709723581114
0.001627600378171951
GEN 186 time 1602723359
0.0014584555404298799
0.0023368348238357903
0.0023881709723581114
0.001627600378171951
GEN 187 time 1602723363
0.0014584555404298799
0.0023368348238357903
0.0023881709723581114
0.001627600378171951
GEN 188 time 1602723366
0.0014584555404298799
0.0023368348238357903
0.0023881709723581114
0.001627600378171951
GEN 189 time 1602723369
0.0014584555404298799
0.0023368348238357903
0.0023881709723581114
0.001627600378171951
GEN 190 time 1602723373
0.0014584555404298799
0.0023368348238357903
0.0023881709723581114
0.001627600378171951
GEN 191 time 1602723376
0.0014584555404298799
0.0023368348238357903
0.0023881709723581114
0.001627600378171951
GEN 192 time 1602723380
0.0014584555404298799
0.0023368348238357903
0.0023881709723581114
0.001627600378171951
GEN 193 time 1602723383
0.0014584555404298799
0.0023368348238357903
0.0023881709723581114
0.001627600378171951
GEN 194 time 1602723387
0.0014584555404298799
0.0023368348238357903
0.0023881709723581114
0.001627600378171951
GEN 195 time 1602723390
0.0014584555404298799
0.0023368348238357903
0.0023881709723581114
0.001627600378171951
GEN 196 time 1602723393
0.0014584555404298799
0.0023368348238357903
0.0023881709723581114
0.001627600378171951
GEN 197 time 1602723397
0.0014584555404298799
0.0023368348238357903
0.0023881709723581114
0.001627600378171951
GEN 198 time 1602723400
0.0014584555404298799
0.0023368348238357903
0.0023881709723581114
0.001627600378171951
GEN 199 time 1602723404
0.0014584555404298799
0.0023368348238357903
0.0023881709723581114
0.001627600378171951
