['./data/small/layer/uu-dem9_r50_1.json', './data/small/layer/uu-dem5_r50_1.json', './data/small/layer/uu-dem8_r50_1.json', './data/small/hop/uu-dem9_r50_1_0.json']
GEN 0 time 1611315300
0.002351552881939561
0.0027034571272860383
0.0030269426232689646
0.002199553173172045
GEN 1 time 1611315303
0.002351552881939561
0.0027034571272860383
0.0030269426232689646
0.0020564070480621416
GEN 2 time 1611315306
0.0021451530174167676
0.0027034571272860383
0.0030269426232689646
0.0020564070480621416
GEN 3 time 1611315310
0.0018792959315195711
0.0027034571272860383
0.0030269426232689646
0.0020564070480621416
GEN 4 time 1611315313
0.0018792959315195711
0.0027034571272860383
0.0030269426232689646
0.0020564070480621416
GEN 5 time 1611315316
0.0018792959315195711
0.0027034571272860383
0.0030269426232689646
0.001830474952712486
GEN 6 time 1611315319
0.0018792959315195711
0.0027034571272860383
0.0030269426232689646
0.001830474952712486
GEN 7 time 1611315323
0.0018792959315195711
0.0027034571272860383
0.0030269426232689646
0.001830474952712486
GEN 8 time 1611315326
0.0018792959315195711
0.0027034571272860383
0.0030269426232689646
0.001830474952712486
GEN 9 time 1611315329
0.0018380635745884352
0.0027034571272860383
0.0030269426232689646
0.001822581376877589
GEN 10 time 1611315332
0.0018380635745884352
0.0027034571272860383
0.0030269426232689646
0.001822581376877589
GEN 11 time 1611315335
0.0018380635745884352
0.0027034571272860383
0.0030269426232689646
0.0018014093750740605
GEN 12 time 1611315339
0.0018380635745884352
0.0027034571272860383
0.0030269426232689646
0.0018014093750740605
GEN 13 time 1611315342
0.0018380635745884352
0.0027034571272860383
0.0030269426232689646
0.0018014093750740605
GEN 14 time 1611315345
0.0018380635745884352
0.0027034571272860383
0.0030269426232689646
0.0018014093750740605
GEN 15 time 1611315348
0.0018380635745884352
0.0027034571272860383
0.0030269426232689646
0.0017642345134936876
GEN 16 time 1611315351
0.0017514928819395612
0.0027034571272860383
0.0030269426232689646
0.0017642345134936876
GEN 17 time 1611315355
0.0017514928819395612
0.0027034571272860383
0.0030269426232689646
0.0017642345134936876
GEN 18 time 1611315358
0.0017514928819395612
0.0027034571272860383
0.0030269426232689646
0.001656239381419817
GEN 19 time 1611315361
0.0017514928819395612
0.0027034571272860383
0.0030269426232689646
0.001656239381419817
GEN 20 time 1611315364
0.0017514928819395612
0.0027034571272860383
0.0030269426232689646
0.001656239381419817
GEN 21 time 1611315368
0.0017514928819395612
0.0027034571272860383
0.0030269426232689646
0.001656239381419817
GEN 22 time 1611315371
0.0017514928819395612
0.0027034571272860383
0.0030269426232689646
0.001656239381419817
GEN 23 time 1611315374
0.0017514928819395612
0.0027034571272860383
0.0030269426232689646
0.001656239381419817
GEN 24 time 1611315377
0.0017514928819395612
0.0027034571272860383
0.0030269426232689646
0.001656239381419817
GEN 25 time 1611315381
0.0017514928819395612
0.0027034571272860383
0.0030269426232689646
0.001656239381419817
GEN 26 time 1611315384
0.0017514928819395612
0.0027034571272860383
0.0030269426232689646
0.001656239381419817
GEN 27 time 1611315387
0.0017514928819395612
0.0027034571272860383
0.0030269426232689646
0.001656239381419817
GEN 28 time 1611315391
0.0017514928819395612
0.0027034571272860383
0.0030269426232689646
0.0016225613768775888
GEN 29 time 1611315394
0.0017514928819395612
0.0027034571272860383
0.0030269426232689646
0.0016225613768775888
GEN 30 time 1611315397
0.0017514928819395612
0.0027034571272860383
0.0030269426232689646
0.0016225613768775888
GEN 31 time 1611315400
0.0017514928819395612
0.0027034571272860383
0.0030269426232689646
0.0015561435993190886
GEN 32 time 1611315403
0.0017514928819395612
0.0027034571272860383
0.0030269426232689646
0.0015561435993190886
GEN 33 time 1611315407
0.0017514928819395612
0.0027034571272860383
0.0030269426232689646
0.0015561435993190886
GEN 34 time 1611315410
0.0017514928819395612
0.0027034571272860383
0.0030269426232689646
0.0015561435993190886
GEN 35 time 1611315413
0.0017514928819395612
0.0027034571272860383
0.0030269426232689646
0.0015561435993190886
GEN 36 time 1611315416
0.0017514928819395612
0.0027034571272860383
0.0030269426232689646
0.0015561435993190886
GEN 37 time 1611315420
0.0017514928819395612
0.0027034571272860383
0.0030269426232689646
0.0015561435993190886
GEN 38 time 1611315423
0.0017514928819395612
0.0027034571272860383
0.0030269426232689646
0.0015561435993190886
GEN 39 time 1611315426
0.0017514928819395612
0.0027034571272860383
0.0030269426232689646
0.0015561435993190886
GEN 40 time 1611315429
0.0017514928819395612
0.0027034571272860383
0.0030269426232689646
0.0015561435993190886
GEN 41 time 1611315433
0.0017514928819395612
0.0027034571272860383
0.0030269426232689646
0.0015561435993190886
GEN 42 time 1611315436
0.0017514928819395612
0.0027034571272860383
0.0030269426232689646
0.0015561435993190886
GEN 43 time 1611315439
0.0017514928819395612
0.0027034571272860383
0.0030269426232689646
0.0015561435993190886
GEN 44 time 1611315442
0.0017514928819395612
0.0027034571272860383
0.0030269426232689646
0.0015561435993190886
GEN 45 time 1611315446
0.0017514928819395612
0.0027034571272860383
0.0030269426232689646
0.0015561435993190886
GEN 46 time 1611315449
0.0017514928819395612
0.0027034571272860383
0.0030269426232689646
0.0015561435993190886
GEN 47 time 1611315452
0.0017514928819395612
0.0027034571272860383
0.0030269426232689646
0.0015561435993190886
GEN 48 time 1611315455
0.0017514928819395612
0.0027034571272860383
0.0030269426232689646
0.001469957017378362
GEN 49 time 1611315459
0.0017514928819395612
0.0027034571272860383
0.0030269426232689646
0.001323856974509124
GEN 50 time 1611315462
0.0017514928819395612
0.0027034571272860383
0.0030269426232689646
0.001323856974509124
GEN 51 time 1611315465
0.0017514928819395612
0.0027034571272860383
0.0030269426232689646
0.001323856974509124
GEN 52 time 1611315468
0.0017514928819395612
0.0027034571272860383
0.0030269426232689646
0.001323856974509124
GEN 53 time 1611315471
0.0017514928819395612
0.0027034571272860383
0.0030269426232689646
0.001323856974509124
GEN 54 time 1611315475
0.0017514928819395612
0.0027034571272860383
0.0030269426232689646
0.001323856974509124
GEN 55 time 1611315478
0.0017514928819395612
0.0027034571272860383
0.0030269426232689646
0.001323856974509124
GEN 56 time 1611315481
0.0017514928819395612
0.0027034571272860383
0.0030269426232689646
0.001323856974509124
GEN 57 time 1611315484
0.0017514928819395612
0.0027034571272860383
0.0030269426232689646
0.001323856974509124
GEN 58 time 1611315488
0.0017514928819395612
0.0027034571272860383
0.0030269426232689646
0.001323856974509124
GEN 59 time 1611315491
0.0017514928819395612
0.0027034571272860383
0.0030269426232689646
0.001323856974509124
GEN 60 time 1611315494
0.0017514928819395612
0.0027034571272860383
0.0030269426232689646
0.001323856974509124
GEN 61 time 1611315497
0.0017514928819395612
0.0027034571272860383
0.0030269426232689646
0.001323856974509124
GEN 62 time 1611315501
0.0017514928819395612
0.0027034571272860383
0.0030269426232689646
0.001323856974509124
GEN 63 time 1611315504
0.0017514928819395612
0.0027034571272860383
0.0030269426232689646
0.001323856974509124
GEN 64 time 1611315507
0.0017514928819395612
0.0027034571272860383
0.0030269426232689646
0.001323856974509124
GEN 65 time 1611315510
0.0017514928819395612
0.0027034571272860383
0.0030269426232689646
0.001323856974509124
GEN 66 time 1611315513
0.0017514928819395612
0.0027034571272860383
0.0030269426232689646
0.001323856974509124
GEN 67 time 1611315517
0.0017514928819395612
0.0027034571272860383
0.0030269426232689646
0.001323856974509124
GEN 68 time 1611315520
0.0017514928819395612
0.0027034571272860383
0.0030269426232689646
0.001323856974509124
GEN 69 time 1611315523
0.0017514928819395612
0.0027034571272860383
0.0030269426232689646
0.001323856974509124
GEN 70 time 1611315526
0.0017514928819395612
0.0027034571272860383
0.0030269426232689646
0.001323856974509124
GEN 71 time 1611315529
0.0017514928819395612
0.0027034571272860383
0.0030269426232689646
0.001323856974509124
GEN 72 time 1611315533
0.0017514928819395612
0.0027034571272860383
0.0030269426232689646
0.001323856974509124
GEN 73 time 1611315536
0.0017514928819395612
0.0027034571272860383
0.0030269426232689646
0.001323856974509124
GEN 74 time 1611315539
0.0017514928819395612
0.0027034571272860383
0.0030269426232689646
0.001323856974509124
GEN 75 time 1611315542
0.0017514928819395612
0.0027034571272860383
0.0030269426232689646
0.001323856974509124
GEN 76 time 1611315546
0.0017514928819395612
0.0027034571272860383
0.0030269426232689646
0.001323856974509124
GEN 77 time 1611315549
0.0017514928819395612
0.0027034571272860383
0.0030269426232689646
0.001323856974509124
GEN 78 time 1611315552
0.0017514928819395612
0.0027034571272860383
0.0030269426232689646
0.001323856974509124
GEN 79 time 1611315555
0.0017514928819395612
0.0027034571272860383
0.0030269426232689646
0.001323856974509124
GEN 80 time 1611315558
0.0017514928819395612
0.0027034571272860383
0.0030269426232689646
0.001323856974509124
GEN 81 time 1611315562
0.0017514928819395612
0.0027034571272860383
0.0030269426232689646
0.001323856974509124
GEN 82 time 1611315565
0.0017514928819395612
0.0027034571272860383
0.0030269426232689646
0.001323856974509124
GEN 83 time 1611315568
0.0017514928819395612
0.0027034571272860383
0.0030269426232689646
0.001323856974509124
GEN 84 time 1611315571
0.0017514928819395612
0.0027034571272860383
0.0030269426232689646
0.001323856974509124
GEN 85 time 1611315574
0.0017514928819395612
0.0027034571272860383
0.0030269426232689646
0.0012989778566552315
GEN 86 time 1611315578
0.0017514928819395612
0.0027034571272860383
0.0030269426232689646
0.0012989778566552315
GEN 87 time 1611315581
0.0017514928819395612
0.0027034571272860383
0.0030269426232689646
0.0012989778566552315
GEN 88 time 1611315584
0.0017514928819395612
0.0027034571272860383
0.0030269426232689646
0.0012989778566552315
GEN 89 time 1611315587
0.0017514928819395612
0.0027034571272860383
0.0030269426232689646
0.0012989778566552315
GEN 90 time 1611315590
0.0017514928819395612
0.0027034571272860383
0.0030269426232689646
0.0012989778566552315
GEN 91 time 1611315594
0.0017514928819395612
0.0027034571272860383
0.0030269426232689646
0.0012989778566552315
GEN 92 time 1611315597
0.0017514928819395612
0.0027034571272860383
0.0030269426232689646
0.0012989778566552315
GEN 93 time 1611315600
0.0017514928819395612
0.0027034571272860383
0.0030269426232689646
0.0012989778566552315
GEN 94 time 1611315603
0.0017514928819395612
0.0027034571272860383
0.0030269426232689646
0.0012989778566552315
GEN 95 time 1611315606
0.0017514928819395612
0.0027034571272860383
0.0030269426232689646
0.0012989778566552315
GEN 96 time 1611315610
0.0017514928819395612
0.0027034571272860383
0.0030269426232689646
0.0012989778566552315
GEN 97 time 1611315613
0.0017514928819395612
0.0027034571272860383
0.0030269426232689646
0.0012989778566552315
GEN 98 time 1611315616
0.0017514928819395612
0.0027034571272860383
0.0030269426232689646
0.0012989778566552315
GEN 99 time 1611315619
0.0017514928819395612
0.0027034571272860383
0.0030269426232689646
0.0012989778566552315
GEN 100 time 1611315623
0.0017514928819395612
0.0027034571272860383
0.0030269426232689646
0.0012989778566552315
GEN 101 time 1611315626
0.0017514928819395612
0.0027034571272860383
0.0030269426232689646
0.0012989778566552315
GEN 102 time 1611315629
0.0017514928819395612
0.0027034571272860383
0.0030269426232689646
0.0012989778566552315
GEN 103 time 1611315632
0.0017514928819395612
0.0027034571272860383
0.0030269426232689646
0.0012989778566552315
GEN 104 time 1611315635
0.0017514928819395612
0.0027034571272860383
0.0030269426232689646
0.001269937017378362
GEN 105 time 1611315639
0.0017514928819395612
0.0027034571272860383
0.0030269426232689646
0.001269937017378362
GEN 106 time 1611315642
0.0017514928819395612
0.0027034571272860383
0.0030269426232689646
0.001269937017378362
GEN 107 time 1611315645
0.0017514928819395612
0.0027034571272860383
0.0030269426232689646
0.001269937017378362
GEN 108 time 1611315648
0.0017514928819395612
0.0027034571272860383
0.0030269426232689646
0.001269937017378362
GEN 109 time 1611315652
0.0017514928819395612
0.0027034571272860383
0.0030269426232689646
0.001269937017378362
GEN 110 time 1611315655
0.0017514928819395612
0.0027034571272860383
0.0030269426232689646
0.001269937017378362
GEN 111 time 1611315658
0.0017514928819395612
0.0027034571272860383
0.0030269426232689646
0.001269937017378362
GEN 112 time 1611315661
0.0017514928819395612
0.0027034571272860383
0.0030269426232689646
0.001269937017378362
GEN 113 time 1611315664
0.0017514928819395612
0.0027034571272860383
0.0030269426232689646
0.001269937017378362
GEN 114 time 1611315668
0.0017514928819395612
0.0027034571272860383
0.0030269426232689646
0.001269937017378362
GEN 115 time 1611315671
0.0017514928819395612
0.0027034571272860383
0.0030269426232689646
0.001269937017378362
GEN 116 time 1611315674
0.0017514928819395612
0.0027034571272860383
0.0030269426232689646
0.001269937017378362
GEN 117 time 1611315677
0.0017514928819395612
0.0027034571272860383
0.0030269426232689646
0.001269937017378362
GEN 118 time 1611315680
0.0017514928819395612
0.0027034571272860383
0.0030269426232689646
0.001269937017378362
GEN 119 time 1611315684
0.0017514928819395612
0.0027034571272860383
0.0030269426232689646
0.001269937017378362
GEN 120 time 1611315687
0.0017514928819395612
0.0027034571272860383
0.0030269426232689646
0.001269937017378362
GEN 121 time 1611315690
0.0017514928819395612
0.0027034571272860383
0.0030269426232689646
0.001269937017378362
GEN 122 time 1611315693
0.0017514928819395612
0.0027034571272860383
0.0030269426232689646
0.001269937017378362
GEN 123 time 1611315696
0.0017514928819395612
0.0027034571272860383
0.0030269426232689646
0.001269937017378362
GEN 124 time 1611315700
0.0017514928819395612
0.0027034571272860383
0.0030269426232689646
0.001269937017378362
GEN 125 time 1611315703
0.0017514928819395612
0.0027034571272860383
0.0030269426232689646
0.001269937017378362
GEN 126 time 1611315706
0.0017514928819395612
0.0027034571272860383
0.0030269426232689646
0.001269937017378362
GEN 127 time 1611315709
0.0017514928819395612
0.0027034571272860383
0.0030269426232689646
0.001269937017378362
GEN 128 time 1611315713
0.0017514928819395612
0.0027034571272860383
0.0030269426232689646
0.001269937017378362
GEN 129 time 1611315716
0.0017514928819395612
0.0027034571272860383
0.0030269426232689646
0.001269937017378362
GEN 130 time 1611315719
0.0017514928819395612
0.0027034571272860383
0.0030269426232689646
0.001269937017378362
GEN 131 time 1611315722
0.0017514928819395612
0.0027034571272860383
0.0030269426232689646
0.001269937017378362
GEN 132 time 1611315725
0.0017514928819395612
0.0027034571272860383
0.0030269426232689646
0.001269937017378362
GEN 133 time 1611315729
0.0017514928819395612
0.0027034571272860383
0.0030269426232689646
0.001269937017378362
GEN 134 time 1611315732
0.0017514928819395612
0.0027034571272860383
0.0030269426232689646
0.001269937017378362
GEN 135 time 1611315735
0.0017514928819395612
0.0027034571272860383
0.0030269426232689646
0.001269937017378362
GEN 136 time 1611315738
0.0017514928819395612
0.0027034571272860383
0.0030269426232689646
0.001269937017378362
GEN 137 time 1611315742
0.0017514928819395612
0.0027034571272860383
0.0030269426232689646
0.001269937017378362
GEN 138 time 1611315745
0.0017514928819395612
0.0027034571272860383
0.0030269426232689646
0.001269937017378362
GEN 139 time 1611315748
0.0017514928819395612
0.0027034571272860383
0.0030269426232689646
0.001269937017378362
GEN 140 time 1611315751
0.0017514928819395612
0.0027034571272860383
0.0030269426232689646
0.001269937017378362
GEN 141 time 1611315754
0.0017514928819395612
0.0027034571272860383
0.0030269426232689646
0.001269937017378362
GEN 142 time 1611315758
0.0017514928819395612
0.0027034571272860383
0.0030269426232689646
0.001269937017378362
GEN 143 time 1611315761
0.0017514928819395612
0.0027034571272860383
0.0030269426232689646
0.001269937017378362
GEN 144 time 1611315764
0.0017514928819395612
0.0027034571272860383
0.0030269426232689646
0.001269937017378362
GEN 145 time 1611315767
0.0017514928819395612
0.0027034571272860383
0.0030269426232689646
0.001269937017378362
GEN 146 time 1611315771
0.0017514928819395612
0.0027034571272860383
0.0030269426232689646
0.001269937017378362
GEN 147 time 1611315774
0.0017514928819395612
0.0027034571272860383
0.0030269426232689646
0.001269937017378362
GEN 148 time 1611315777
0.0017514928819395612
0.0027034571272860383
0.0030269426232689646
0.001269937017378362
GEN 149 time 1611315780
0.0017514928819395612
0.0027034571272860383
0.0030269426232689646
0.001269937017378362
GEN 150 time 1611315783
0.0017514928819395612
0.0027034571272860383
0.0030269426232689646
0.001269937017378362
GEN 151 time 1611315787
0.0017514928819395612
0.0027034571272860383
0.0030269426232689646
0.001269937017378362
GEN 152 time 1611315790
0.0017514928819395612
0.0027034571272860383
0.0030269426232689646
0.001269937017378362
GEN 153 time 1611315793
0.0017514928819395612
0.0027034571272860383
0.0030269426232689646
0.001269937017378362
GEN 154 time 1611315796
0.0017514928819395612
0.0027034571272860383
0.0030269426232689646
0.001269937017378362
GEN 155 time 1611315799
0.0017514928819395612
0.0027034571272860383
0.0030269426232689646
0.0012232047358872666
GEN 156 time 1611315803
0.0017514928819395612
0.0027034571272860383
0.0030269426232689646
0.0012232047358872666
GEN 157 time 1611315806
0.0017514928819395612
0.0027034571272860383
0.0030269426232689646
0.0012232047358872666
GEN 158 time 1611315809
0.0017514928819395612
0.0027034571272860383
0.0030269426232689646
0.0012232047358872666
GEN 159 time 1611315812
0.0017514928819395612
0.0027034571272860383
0.0030269426232689646
0.0012232047358872666
GEN 160 time 1611315816
0.0017514928819395612
0.0027034571272860383
0.0030269426232689646
0.0012232047358872666
GEN 161 time 1611315819
0.0017514928819395612
0.0027034571272860383
0.0030269426232689646
0.0012232047358872666
GEN 162 time 1611315822
0.0017514928819395612
0.0027034571272860383
0.0030269426232689646
0.0012232047358872666
GEN 163 time 1611315825
0.0017514928819395612
0.0027034571272860383
0.0030269426232689646
0.0012232047358872666
GEN 164 time 1611315828
0.0017514928819395612
0.0027034571272860383
0.0030269426232689646
0.0012232047358872666
GEN 165 time 1611315832
0.0017514928819395612
0.0027034571272860383
0.0030269426232689646
0.0012232047358872666
GEN 166 time 1611315835
0.0017514928819395612
0.0027034571272860383
0.0030269426232689646
0.0012232047358872666
GEN 167 time 1611315838
0.0017514928819395612
0.0027034571272860383
0.0030269426232689646
0.0012232047358872666
GEN 168 time 1611315841
0.0017514928819395612
0.0027034571272860383
0.0030269426232689646
0.0012232047358872666
GEN 169 time 1611315844
0.0017514928819395612
0.0027034571272860383
0.0030269426232689646
0.0012232047358872666
GEN 170 time 1611315848
0.0017514928819395612
0.0027034571272860383
0.0030269426232689646
0.0012232047358872666
GEN 171 time 1611315851
0.0017514928819395612
0.0027034571272860383
0.0030269426232689646
0.0012232047358872666
GEN 172 time 1611315854
0.0017514928819395612
0.0027034571272860383
0.0030269426232689646
0.0012232047358872666
GEN 173 time 1611315857
0.0017514928819395612
0.0027034571272860383
0.0030269426232689646
0.0012232047358872666
GEN 174 time 1611315861
0.0017514928819395612
0.0027034571272860383
0.0030269426232689646
0.0012232047358872666
GEN 175 time 1611315864
0.0017514928819395612
0.0027034571272860383
0.0030269426232689646
0.0012232047358872666
GEN 176 time 1611315867
0.0017514928819395612
0.0027034571272860383
0.0030269426232689646
0.0012232047358872666
GEN 177 time 1611315870
0.0017514928819395612
0.0027034571272860383
0.0030269426232689646
0.0012232047358872666
GEN 178 time 1611315873
0.0017514928819395612
0.0027034571272860383
0.0030269426232689646
0.0012232047358872666
GEN 179 time 1611315877
0.0017514928819395612
0.0027034571272860383
0.0030269426232689646
0.0012232047358872666
GEN 180 time 1611315880
0.0017514928819395612
0.0027034571272860383
0.0030269426232689646
0.0012232047358872666
GEN 181 time 1611315883
0.0017514928819395612
0.0027034571272860383
0.0030269426232689646
0.0012232047358872666
GEN 182 time 1611315886
0.0017514928819395612
0.0027034571272860383
0.0030269426232689646
0.0012232047358872666
GEN 183 time 1611315889
0.0017514928819395612
0.0027034571272860383
0.0030269426232689646
0.0012232047358872666
GEN 184 time 1611315893
0.0017514928819395612
0.0027034571272860383
0.0030269426232689646
0.0012232047358872666
GEN 185 time 1611315896
0.0017514928819395612
0.0027034571272860383
0.0030269426232689646
0.0012232047358872666
GEN 186 time 1611315899
0.0017514928819395612
0.0027034571272860383
0.0030269426232689646
0.0012232047358872666
GEN 187 time 1611315902
0.0017514928819395612
0.0027034571272860383
0.0030269426232689646
0.0012232047358872666
GEN 188 time 1611315905
0.0017514928819395612
0.0027034571272860383
0.0030269426232689646
0.0012232047358872666
GEN 189 time 1611315909
0.0017514928819395612
0.0027034571272860383
0.0030269426232689646
0.0012232047358872666
GEN 190 time 1611315912
0.0017514928819395612
0.0027034571272860383
0.0030269426232689646
0.0012232047358872666
GEN 191 time 1611315915
0.0017514928819395612
0.0027034571272860383
0.0030269426232689646
0.0012232047358872666
GEN 192 time 1611315918
0.0017514928819395612
0.0027034571272860383
0.0030269426232689646
0.0012232047358872666
GEN 193 time 1611315921
0.0017514928819395612
0.0027034571272860383
0.0030269426232689646
0.0012232047358872666
GEN 194 time 1611315925
0.0017514928819395612
0.0027034571272860383
0.0030269426232689646
0.0012232047358872666
GEN 195 time 1611315928
0.0017514928819395612
0.0027034571272860383
0.0030269426232689646
0.0012232047358872666
GEN 196 time 1611315931
0.0017514928819395612
0.0027034571272860383
0.0030269426232689646
0.0012232047358872666
GEN 197 time 1611315934
0.0017514928819395612
0.0027034571272860383
0.0030269426232689646
0.0012232047358872666
GEN 198 time 1611315937
0.0017514928819395612
0.0027034571272860383
0.0030269426232689646
0.0012232047358872666
GEN 199 time 1611315941
0.0017514928819395612
0.0027034571272860383
0.0030269426232689646
0.0012232047358872666
