['./data/small/layer/uu-dem3_r25_1.json', './data/small/layer/uu-dem4_r25_1.json', './data/small/layer/uu-dem10_r25_1.json', './data/small/hop/uu-dem4_r25_1_40.json']
GEN 0 time 1611281868
0.0017058410808370235
0.0016223685889952034
0.002200235161043471
0.0022273307036388694
GEN 1 time 1611281870
0.0017058410808370235
0.0016223685889952034
0.002200235161043471
0.0022202032237221524
GEN 2 time 1611281873
0.0017058410808370235
0.0016223685889952034
0.0020202465023135274
0.0022019384725537384
GEN 3 time 1611281876
0.0017058410808370235
0.0016024868973426416
0.0020202465023135274
0.0022019384725537384
GEN 4 time 1611281879
0.0017058410808370235
0.0016024868973426416
0.0020202465023135274
0.001840556423381576
GEN 5 time 1611281882
0.0017058410808370235
0.0015532725531838558
0.0020002305187547553
0.001840556423381576
GEN 6 time 1611281884
0.0017058410808370235
0.0014584555404298799
0.0020002305187547553
0.001840556423381576
GEN 7 time 1611281887
0.0017058410808370235
0.0014584555404298799
0.0018122043816207161
0.0018201632237221524
GEN 8 time 1611281890
0.0017058410808370235
0.0014584555404298799
0.0018122043816207161
0.0018201632237221524
GEN 9 time 1611281893
0.0017058410808370235
0.0014584555404298799
0.0018122043816207161
0.0018201632237221524
GEN 10 time 1611281896
0.0017058410808370235
0.0014584555404298799
0.0018122043816207161
0.0018201632237221524
GEN 11 time 1611281899
0.0017058410808370235
0.0014584555404298799
0.0018122043816207161
0.0018201632237221524
GEN 12 time 1611281902
0.0017058410808370235
0.0014584555404298799
0.0018122043816207161
0.0018201632237221524
GEN 13 time 1611281905
0.0017058410808370235
0.0014584555404298799
0.0018002105187547557
0.0018201632237221524
GEN 14 time 1611281907
0.0017058410808370235
0.0014584555404298799
0.0018002105187547557
0.0018201632237221524
GEN 15 time 1611281910
0.0017058410808370235
0.0014584555404298799
0.0014289504100620386
0.0018201632237221524
GEN 16 time 1611281913
0.0017058410808370235
0.0014584555404298799
0.0014289504100620386
0.0018201632237221524
GEN 17 time 1611281916
0.0017058410808370235
0.0014584555404298799
0.0014289504100620386
0.0018201632237221524
GEN 18 time 1611281919
0.0017058410808370235
0.0014584555404298799
0.001405672125150871
0.0018179253481917126
GEN 19 time 1611281922
0.0017058410808370235
0.0014584555404298799
0.001405672125150871
0.001642572444829169
GEN 20 time 1611281925
0.0017058410808370235
0.0014584555404298799
0.001405672125150871
0.001642572444829169
GEN 21 time 1611281928
0.0017058410808370235
0.0014584555404298799
0.001405672125150871
0.001642572444829169
GEN 22 time 1611281931
0.0017058410808370235
0.0014584555404298799
0.001405672125150871
0.001642572444829169
GEN 23 time 1611281934
0.0017058410808370235
0.0014584555404298799
0.001405672125150871
0.001642572444829169
GEN 24 time 1611281937
0.0017058410808370235
0.0014584555404298799
0.0014011443774367665
0.001642572444829169
GEN 25 time 1611281939
0.0017058410808370235
0.0014584555404298799
0.0014011443774367665
0.001642572444829169
GEN 26 time 1611281942
0.0017058410808370235
0.0014584555404298799
0.0014010603749703904
0.001642572444829169
GEN 27 time 1611281945
0.0017058410808370235
0.0014584555404298799
0.0014010463019446075
0.001642572444829169
GEN 28 time 1611281948
0.0017058410808370235
0.0014584555404298799
0.0014010463019446075
0.001642572444829169
GEN 29 time 1611281951
0.0017058410808370235
0.0014584555404298799
0.0014010463019446075
0.001642572444829169
GEN 30 time 1611281954
0.0017058410808370235
0.0014584555404298799
0.0014010463019446075
0.001642572444829169
GEN 31 time 1611281957
0.0017058410808370235
0.0014584555404298799
0.0014010463019446075
0.001642572444829169
GEN 32 time 1611281960
0.0017058410808370235
0.0014584555404298799
0.0014010463019446075
0.001642572444829169
GEN 33 time 1611281963
0.0017058410808370235
0.0014584555404298799
0.0014010463019446075
0.001642572444829169
GEN 34 time 1611281966
0.0017058410808370235
0.0014584555404298799
0.0014010463019446075
0.001642572444829169
GEN 35 time 1611281969
0.0017058410808370235
0.0014584555404298799
0.0014010463019446075
0.001642572444829169
GEN 36 time 1611281972
0.0017058410808370235
0.0014584555404298799
0.0014010463019446075
0.001642572444829169
GEN 37 time 1611281975
0.0017058410808370235
0.0014584555404298799
0.0014010463019446075
0.001642572444829169
GEN 38 time 1611281977
0.0017058410808370235
0.0014584555404298799
0.0014010463019446075
0.001642572444829169
GEN 39 time 1611281980
0.0017058410808370235
0.0014584555404298799
0.0014010463019446075
0.001642572444829169
GEN 40 time 1611281983
0.0017058410808370235
0.0014584555404298799
0.0014010463019446075
0.001642572444829169
GEN 41 time 1611281986
0.0017058410808370235
0.0014584555404298799
0.0014010463019446075
0.001642572444829169
GEN 42 time 1611281989
0.0017058410808370235
0.0014584555404298799
0.0014010463019446075
0.001642572444829169
GEN 43 time 1611281992
0.0017058410808370235
0.0014584555404298799
0.0014010463019446075
0.001642572444829169
GEN 44 time 1611281995
0.0017058410808370235
0.0014584555404298799
0.0014010463019446075
0.0016074624634923385
GEN 45 time 1611281998
0.0017058410808370235
0.0014584555404298799
0.0014010463019446075
0.0016074624634923385
GEN 46 time 1611282001
0.0017058410808370235
0.0014584555404298799
0.0014010463019446075
0.0016074624634923385
GEN 47 time 1611282004
0.0017058410808370235
0.0014584555404298799
0.0014010463019446075
0.0016074624634923385
GEN 48 time 1611282007
0.0017058410808370235
0.0014584555404298799
0.0014010463019446075
0.0016074624634923385
GEN 49 time 1611282010
0.0017058410808370235
0.0014584555404298799
0.0014010463019446075
0.0014711397188337466
GEN 50 time 1611282013
0.0017058410808370235
0.0014584555404298799
0.0014010463019446075
0.0014711397188337466
GEN 51 time 1611282016
0.0017058410808370235
0.0014584555404298799
0.0014010463019446075
0.0014711397188337466
GEN 52 time 1611282019
0.0017058410808370235
0.0014584555404298799
0.0014010463019446075
0.0014711397188337466
GEN 53 time 1611282022
0.0017058410808370235
0.0014584555404298799
0.0014010463019446075
0.0014711397188337466
GEN 54 time 1611282025
0.0017058410808370235
0.0014584555404298799
0.0014010463019446075
0.0014711397188337466
GEN 55 time 1611282028
0.0017058410808370235
0.0014584555404298799
0.0014010463019446075
0.0014711397188337466
GEN 56 time 1611282031
0.0017058410808370235
0.0014584555404298799
0.0014010463019446075
0.0014711397188337466
GEN 57 time 1611282034
0.0017058410808370235
0.0014584555404298799
0.0014010463019446075
0.0014711397188337466
GEN 58 time 1611282037
0.0017058410808370235
0.0014584555404298799
0.0014010463019446075
0.0014711397188337466
GEN 59 time 1611282040
0.0017058410808370235
0.0014584555404298799
0.0014010463019446075
0.0014711397188337466
GEN 60 time 1611282043
0.0017058410808370235
0.0014584555404298799
0.0014010463019446075
0.0014711397188337466
GEN 61 time 1611282046
0.0017058410808370235
0.0014584555404298799
0.0014010463019446075
0.0014711397188337466
GEN 62 time 1611282049
0.0017058410808370235
0.0014584555404298799
0.0014010463019446075
0.0014711397188337466
GEN 63 time 1611282051
0.0017058410808370235
0.0014584555404298799
0.0014010463019446075
0.0014711397188337466
GEN 64 time 1611282054
0.0017058410808370235
0.0014584555404298799
0.0014010463019446075
0.0014711397188337466
GEN 65 time 1611282057
0.0017058410808370235
0.0014584555404298799
0.0014010463019446075
0.0014711397188337466
GEN 66 time 1611282060
0.0017058410808370235
0.0014584555404298799
0.0014010463019446075
0.0014711397188337466
GEN 67 time 1611282063
0.0017058410808370235
0.0014584555404298799
0.0014010463019446075
0.0014711397188337466
GEN 68 time 1611282066
0.0017058410808370235
0.0014584555404298799
0.0014010463019446075
0.0014711397188337466
GEN 69 time 1611282069
0.0017058410808370235
0.0014584555404298799
0.0014010463019446075
0.0014711397188337466
GEN 70 time 1611282072
0.0017058410808370235
0.0014584555404298799
0.0014010463019446075
0.0014711397188337466
GEN 71 time 1611282075
0.0017058410808370235
0.0014584555404298799
0.0014010463019446075
0.0014711397188337466
GEN 72 time 1611282078
0.0017058410808370235
0.0014584555404298799
0.0014010463019446075
0.0014707535869527386
GEN 73 time 1611282081
0.0017058410808370235
0.0014584555404298799
0.0014010463019446075
0.0014707535869527386
GEN 74 time 1611282084
0.0017058410808370235
0.0014584555404298799
0.0014010463019446075
0.0014707535869527386
GEN 75 time 1611282088
0.0017058410808370235
0.0014584555404298799
0.0014010463019446075
0.0014707535869527386
GEN 76 time 1611282090
0.0017058410808370235
0.0014584555404298799
0.0014010463019446075
0.0014707535869527386
GEN 77 time 1611282094
0.0017058410808370235
0.0014584555404298799
0.0014010463019446075
0.0014707535869527386
GEN 78 time 1611282097
0.0017058410808370235
0.0014584555404298799
0.0014010463019446075
0.0014707535869527386
GEN 79 time 1611282100
0.0017058410808370235
0.0014584555404298799
0.0014010463019446075
0.0014707535869527386
GEN 80 time 1611282103
0.0017058410808370235
0.0014584555404298799
0.0014010463019446075
0.0014707535869527386
GEN 81 time 1611282106
0.0017058410808370235
0.0014584555404298799
0.0014010463019446075
0.0014707535869527386
GEN 82 time 1611282109
0.0017058410808370235
0.0014584555404298799
0.0014010463019446075
0.0014707535869527386
GEN 83 time 1611282112
0.0017058410808370235
0.0014584555404298799
0.0014010463019446075
0.001461699135867322
GEN 84 time 1611282115
0.0017058410808370235
0.0014584555404298799
0.0014010463019446075
0.001461699135867322
GEN 85 time 1611282118
0.0017058410808370235
0.0014584555404298799
0.0014010463019446075
0.001461699135867322
GEN 86 time 1611282121
0.0017058410808370235
0.0014584555404298799
0.0014010463019446075
0.001461699135867322
GEN 87 time 1611282124
0.0017058410808370235
0.0014584555404298799
0.0014010463019446075
0.001461699135867322
GEN 88 time 1611282127
0.0017058410808370235
0.0014584555404298799
0.0014010463019446075
0.001461699135867322
GEN 89 time 1611282130
0.0017058410808370235
0.0014584555404298799
0.0014010463019446075
0.001461699135867322
GEN 90 time 1611282133
0.0017058410808370235
0.0014584555404298799
0.0014010463019446075
0.001461699135867322
GEN 91 time 1611282136
0.0017058410808370235
0.0014584555404298799
0.0014010463019446075
0.001461699135867322
GEN 92 time 1611282139
0.0017058410808370235
0.0014584555404298799
0.0014010463019446075
0.001461699135867322
GEN 93 time 1611282142
0.0017058410808370235
0.0014584555404298799
0.0014010463019446075
0.001461699135867322
GEN 94 time 1611282145
0.0017058410808370235
0.0014584555404298799
0.0014010463019446075
0.001461699135867322
GEN 95 time 1611282148
0.0017058410808370235
0.0014584555404298799
0.0014010463019446075
0.001461699135867322
GEN 96 time 1611282151
0.0017058410808370235
0.0014584555404298799
0.0014010463019446075
0.001461699135867322
GEN 97 time 1611282154
0.0017058410808370235
0.0014584555404298799
0.0014010463019446075
0.001461699135867322
GEN 98 time 1611282157
0.0017058410808370235
0.0014584555404298799
0.0014010463019446075
0.001461699135867322
GEN 99 time 1611282160
0.0017058410808370235
0.0014584555404298799
0.0014010463019446075
0.001461699135867322
GEN 100 time 1611282163
0.0017058410808370235
0.0014584555404298799
0.0014010463019446075
0.001461699135867322
GEN 101 time 1611282166
0.0017058410808370235
0.0014584555404298799
0.0014010463019446075
0.001461699135867322
GEN 102 time 1611282169
0.0017058410808370235
0.0014584555404298799
0.0014010463019446075
0.001461699135867322
GEN 103 time 1611282172
0.0017058410808370235
0.0014584555404298799
0.0014010463019446075
0.001461699135867322
GEN 104 time 1611282175
0.0017058410808370235
0.0014584555404298799
0.0014010463019446075
0.001461699135867322
GEN 105 time 1611282178
0.0017058410808370235
0.0014584555404298799
0.0014010463019446075
0.001461699135867322
GEN 106 time 1611282181
0.0017058410808370235
0.0014584555404298799
0.0014010463019446075
0.001461699135867322
GEN 107 time 1611282184
0.0017058410808370235
0.0014584555404298799
0.0014010463019446075
0.001461699135867322
GEN 108 time 1611282187
0.0017058410808370235
0.0014584555404298799
0.0014010463019446075
0.001461699135867322
GEN 109 time 1611282191
0.0017058410808370235
0.0014584555404298799
0.0014010463019446075
0.001461699135867322
GEN 110 time 1611282194
0.0017058410808370235
0.0014584555404298799
0.0014010463019446075
0.001461699135867322
GEN 111 time 1611282197
0.0017058410808370235
0.0014584555404298799
0.0014010463019446075
0.001461699135867322
GEN 112 time 1611282200
0.0017058410808370235
0.0014584555404298799
0.0014010463019446075
0.001461699135867322
GEN 113 time 1611282203
0.0017058410808370235
0.0014584555404298799
0.0014010463019446075
0.001461699135867322
GEN 114 time 1611282206
0.0017058410808370235
0.0014584555404298799
0.0014010463019446075
0.001461699135867322
GEN 115 time 1611282209
0.0017058410808370235
0.0014584555404298799
0.0014010463019446075
0.001461699135867322
GEN 116 time 1611282212
0.0017058410808370235
0.0014584555404298799
0.0014010463019446075
0.001461699135867322
GEN 117 time 1611282215
0.0017058410808370235
0.0014584555404298799
0.0014010463019446075
0.001461699135867322
GEN 118 time 1611282218
0.0017058410808370235
0.0014584555404298799
0.0014010463019446075
0.001461699135867322
GEN 119 time 1611282221
0.0017058410808370235
0.0014584555404298799
0.0014010463019446075
0.001461699135867322
GEN 120 time 1611282224
0.0017058410808370235
0.0014584555404298799
0.0014010463019446075
0.001461699135867322
GEN 121 time 1611282227
0.0017058410808370235
0.0014584555404298799
0.0014010463019446075
0.001461699135867322
GEN 122 time 1611282230
0.0017058410808370235
0.0014584555404298799
0.0014010463019446075
0.001461699135867322
GEN 123 time 1611282233
0.0017058410808370235
0.0014584555404298799
0.0014010463019446075
0.001461699135867322
GEN 124 time 1611282236
0.0017058410808370235
0.0014584555404298799
0.0014010463019446075
0.001461699135867322
GEN 125 time 1611282239
0.0017058410808370235
0.0014584555404298799
0.0014010463019446075
0.001461699135867322
GEN 126 time 1611282242
0.0017058410808370235
0.0014584555404298799
0.0014010463019446075
0.001461699135867322
GEN 127 time 1611282246
0.0017058410808370235
0.0014584555404298799
0.0014010463019446075
0.001461699135867322
GEN 128 time 1611282249
0.0017058410808370235
0.0014584555404298799
0.0014010463019446075
0.001461699135867322
GEN 129 time 1611282252
0.0017058410808370235
0.0014584555404298799
0.0014010463019446075
0.001461699135867322
GEN 130 time 1611282255
0.0017058410808370235
0.0014584555404298799
0.0014010463019446075
0.001461699135867322
GEN 131 time 1611282258
0.0017058410808370235
0.0014584555404298799
0.0014010463019446075
0.001461699135867322
GEN 132 time 1611282261
0.0017058410808370235
0.0014584555404298799
0.0014010463019446075
0.001461699135867322
GEN 133 time 1611282264
0.0017058410808370235
0.0014584555404298799
0.0014010463019446075
0.001461699135867322
GEN 134 time 1611282267
0.0017058410808370235
0.0014584555404298799
0.0014010463019446075
0.001461699135867322
GEN 135 time 1611282270
0.0017058410808370235
0.0014584555404298799
0.0014010463019446075
0.001461699135867322
GEN 136 time 1611282273
0.0017058410808370235
0.0014584555404298799
0.0014010463019446075
0.001461699135867322
GEN 137 time 1611282276
0.0017058410808370235
0.0014584555404298799
0.0014010463019446075
0.001461699135867322
GEN 138 time 1611282279
0.0017058410808370235
0.0014584555404298799
0.0014010463019446075
0.001461699135867322
GEN 139 time 1611282282
0.0017058410808370235
0.0014584555404298799
0.0014010463019446075
0.001461699135867322
GEN 140 time 1611282285
0.0017058410808370235
0.0014584555404298799
0.0014010463019446075
0.001461699135867322
GEN 141 time 1611282288
0.0017058410808370235
0.0014584555404298799
0.0014010463019446075
0.001461699135867322
GEN 142 time 1611282291
0.0017058410808370235
0.0014584555404298799
0.0014010463019446075
0.001461699135867322
GEN 143 time 1611282294
0.0017058410808370235
0.0014584555404298799
0.0014010463019446075
0.001461699135867322
GEN 144 time 1611282297
0.0017058410808370235
0.0014584555404298799
0.0014010463019446075
0.001461699135867322
GEN 145 time 1611282300
0.0017058410808370235
0.0014584555404298799
0.0014010463019446075
0.001461699135867322
GEN 146 time 1611282303
0.0017058410808370235
0.0014584555404298799
0.0014010463019446075
0.001461699135867322
GEN 147 time 1611282307
0.0017058410808370235
0.0014584555404298799
0.0014010463019446075
0.001461699135867322
GEN 148 time 1611282310
0.0017058410808370235
0.0014584555404298799
0.0014010463019446075
0.001461699135867322
GEN 149 time 1611282313
0.0017058410808370235
0.0014584555404298799
0.0014010463019446075
0.001461699135867322
GEN 150 time 1611282316
0.0017058410808370235
0.0014584555404298799
0.0014010463019446075
0.001461699135867322
GEN 151 time 1611282319
0.0017058410808370235
0.0014584555404298799
0.0014010463019446075
0.001461699135867322
GEN 152 time 1611282322
0.0017058410808370235
0.0014584555404298799
0.0014010463019446075
0.001461699135867322
GEN 153 time 1611282325
0.0017058410808370235
0.0014584555404298799
0.0014010463019446075
0.001461699135867322
GEN 154 time 1611282328
0.0017058410808370235
0.0014584555404298799
0.0014010463019446075
0.001461699135867322
GEN 155 time 1611282331
0.0017058410808370235
0.0014584555404298799
0.0014010463019446075
0.001461699135867322
GEN 156 time 1611282334
0.0017058410808370235
0.0014584555404298799
0.0014010463019446075
0.001461699135867322
GEN 157 time 1611282337
0.0017058410808370235
0.0014584555404298799
0.0014010463019446075
0.001461699135867322
GEN 158 time 1611282340
0.0017058410808370235
0.0014584555404298799
0.0014010463019446075
0.001461699135867322
GEN 159 time 1611282343
0.0017058410808370235
0.0014584555404298799
0.0014010463019446075
0.001461699135867322
GEN 160 time 1611282346
0.0017058410808370235
0.0014584555404298799
0.0014010463019446075
0.001461699135867322
GEN 161 time 1611282349
0.0017058410808370235
0.0014584555404298799
0.0014010463019446075
0.001461699135867322
GEN 162 time 1611282352
0.0017058410808370235
0.0014584555404298799
0.0014010463019446075
0.001461699135867322
GEN 163 time 1611282355
0.0017058410808370235
0.0014584555404298799
0.0014010463019446075
0.001461699135867322
GEN 164 time 1611282358
0.0017058410808370235
0.0014584555404298799
0.0014010463019446075
0.001461699135867322
GEN 165 time 1611282362
0.0017058410808370235
0.0014584555404298799
0.0014010463019446075
0.001461699135867322
GEN 166 time 1611282365
0.0017058410808370235
0.0014584555404298799
0.0014010463019446075
0.001461699135867322
GEN 167 time 1611282368
0.0017058410808370235
0.0014584555404298799
0.0014010463019446075
0.001461699135867322
GEN 168 time 1611282371
0.0017058410808370235
0.0014584555404298799
0.0014010463019446075
0.001461699135867322
GEN 169 time 1611282374
0.0017058410808370235
0.0014584555404298799
0.0014010463019446075
0.001461699135867322
GEN 170 time 1611282377
0.0017058410808370235
0.0014584555404298799
0.0014010463019446075
0.001461699135867322
GEN 171 time 1611282380
0.0017058410808370235
0.0014584555404298799
0.0014010463019446075
0.001461699135867322
GEN 172 time 1611282383
0.0017058410808370235
0.0014584555404298799
0.0014010463019446075
0.001461699135867322
GEN 173 time 1611282386
0.0017058410808370235
0.0014584555404298799
0.0014010463019446075
0.001461699135867322
GEN 174 time 1611282389
0.0017058410808370235
0.0014584555404298799
0.0014010463019446075
0.0014592329806960187
GEN 175 time 1611282392
0.0017058410808370235
0.0014584555404298799
0.0014010463019446075
0.0014592329806960187
GEN 176 time 1611282395
0.0017058410808370235
0.0014584555404298799
0.0014010463019446075
0.0014592329806960187
GEN 177 time 1611282398
0.0017058410808370235
0.0014584555404298799
0.0014010463019446075
0.0014592329806960187
GEN 178 time 1611282401
0.0017058410808370235
0.0014584555404298799
0.0014010463019446075
0.0014592329806960187
GEN 179 time 1611282404
0.0017058410808370235
0.0014584555404298799
0.0014010463019446075
0.0014592329806960187
GEN 180 time 1611282407
0.0017058410808370235
0.0014584555404298799
0.0014010463019446075
0.0014592329806960187
GEN 181 time 1611282410
0.0017058410808370235
0.0014584555404298799
0.0014010463019446075
0.0014592329806960187
GEN 182 time 1611282414
0.0017058410808370235
0.0014584555404298799
0.0014010463019446075
0.0014592329806960187
GEN 183 time 1611282417
0.0017058410808370235
0.0014584555404298799
0.0014010463019446075
0.0014592329806960187
GEN 184 time 1611282420
0.0017058410808370235
0.0014584555404298799
0.0014010463019446075
0.001458641354238173
GEN 185 time 1611282423
0.0017058410808370235
0.0014584555404298799
0.0014010463019446075
0.001458641354238173
GEN 186 time 1611282426
0.0017058410808370235
0.0014584555404298799
0.0014010463019446075
0.001458641354238173
GEN 187 time 1611282429
0.0017058410808370235
0.0014584555404298799
0.0014010463019446075
0.001458641354238173
GEN 188 time 1611282432
0.0017058410808370235
0.0014584555404298799
0.0014010463019446075
0.001458641354238173
GEN 189 time 1611282435
0.0017058410808370235
0.0014584555404298799
0.0014010463019446075
0.001458641354238173
GEN 190 time 1611282438
0.0017058410808370235
0.0014584555404298799
0.0014010463019446075
0.001458641354238173
GEN 191 time 1611282442
0.0017058410808370235
0.0014584555404298799
0.0014010463019446075
0.001458641354238173
GEN 192 time 1611282445
0.0017058410808370235
0.0014584555404298799
0.0014010463019446075
0.001458641354238173
GEN 193 time 1611282448
0.0017058410808370235
0.0014584555404298799
0.0014010463019446075
0.001458641354238173
GEN 194 time 1611282451
0.0017058410808370235
0.0014584555404298799
0.0014010463019446075
0.001458641354238173
GEN 195 time 1611282454
0.0017058410808370235
0.0014584555404298799
0.0014010463019446075
0.001458641354238173
GEN 196 time 1611282457
0.0017058410808370235
0.0014584555404298799
0.0014010463019446075
0.001458641354238173
GEN 197 time 1611282460
0.0017058410808370235
0.0014584555404298799
0.0014010463019446075
0.001458641354238173
GEN 198 time 1611282463
0.0017058410808370235
0.0014584555404298799
0.0014010463019446075
0.001458641354238173
GEN 199 time 1611282466
0.0017058410808370235
0.0014584555404298799
0.0014010463019446075
0.001458641354238173
