['./data/small/layer/uu-dem10_r25_1.json', './data/small/layer/uu-dem1_r25_1.json', './data/small/layer/uu-dem10_r50_1.json', './data/small/hop/uu-dem10_r25_1_0.json']
GEN 0 time 1602348118
0.002030133848436647
0.0017332164947978339
0.04405184386997951
0.0026429060525601624
GEN 1 time 1602348122
0.002030133848436647
0.0015079182472070274
0.04405184386997951
0.0026429060525601624
GEN 2 time 1602348126
0.002030133848436647
0.0015079182472070274
0.04405184386997951
0.0026429060525601624
GEN 3 time 1602348132
0.002030133848436647
0.0015079182472070274
0.04405184386997951
0.002438286928289558
GEN 4 time 1602348138
0.002030133848436647
0.0015079182472070274
0.04405184386997951
0.002438286928289558
GEN 5 time 1602348144
0.0016074198541744253
0.0015079182472070274
0.04405184386997951
0.002438286928289558
GEN 6 time 1602348151
0.0016074198541744253
0.0015079182472070274
0.04405184386997951
0.002438286928289558
GEN 7 time 1602348158
0.0016074198541744253
0.0015079182472070274
0.04405184386997951
0.002438286928289558
GEN 8 time 1602348165
0.0016074198541744253
0.0015079182472070274
0.04405184386997951
0.002299807778554686
GEN 9 time 1602348172
0.0016074198541744253
0.0015079182472070274
0.04405184386997951
0.0022168991657516854
GEN 10 time 1602348180
0.0016074198541744253
0.0015052332367328583
0.04405184386997951
0.0022168991657516854
GEN 11 time 1602348187
0.0016074198541744253
0.0015052332367328583
0.04405184386997951
0.0022168991657516854
GEN 12 time 1602348194
0.0016074198541744253
0.0014868598269226704
0.04405184386997951
0.0022168991657516854
GEN 13 time 1602348202
0.0014288081507967069
0.0014482375476285074
0.04405184386997951
0.0020910327595727164
GEN 14 time 1602348209
0.0014288081507967069
0.0014482375476285074
0.04405184386997951
0.0020910327595727164
GEN 15 time 1602348216
0.0014010463019446075
0.0014482375476285074
0.04405184386997951
0.0020910327595727164
GEN 16 time 1602348224
0.0014010463019446075
0.0014482375476285074
0.04405184386997951
0.0020910327595727164
GEN 17 time 1602348231
0.0014010463019446075
0.001433914949804524
0.04405184386997951
0.0020910327595727164
GEN 18 time 1602348238
0.0014010463019446075
0.001433914949804524
0.04405184386997951
0.0020910327595727164
GEN 19 time 1602348245
0.0014010463019446075
0.001433914949804524
0.04405184386997951
0.0020910327595727164
GEN 20 time 1602348252
0.0014010463019446075
0.001433914949804524
0.04405184386997951
0.0020910327595727164
GEN 21 time 1602348259
0.0014010463019446075
0.001433914949804524
0.04405184386997951
0.0020910327595727164
GEN 22 time 1602348267
0.0014010463019446075
0.001433914949804524
0.04405184386997951
0.0020910327595727164
GEN 23 time 1602348274
0.0014010463019446075
0.001433914949804524
0.04405184386997951
0.0020910327595727164
GEN 24 time 1602348281
0.0014010463019446075
0.001433914949804524
0.04405184386997951
0.0020910327595727164
GEN 25 time 1602348289
0.0014010463019446075
0.001433914949804524
0.04405184386997951
0.0020910327595727164
GEN 26 time 1602348296
0.0014010463019446075
0.001433914949804524
0.04405184386997951
0.0020910327595727164
GEN 27 time 1602348303
0.0014010463019446075
0.001433914949804524
0.04405184386997951
0.0020910327595727164
GEN 28 time 1602348310
0.0014010463019446075
0.001433914949804524
0.04405184386997951
0.0020910327595727164
GEN 29 time 1602348318
0.0014010463019446075
0.001433914949804524
0.04405184386997951
0.0020910327595727164
GEN 30 time 1602348325
0.0014010463019446075
0.001433914949804524
0.04405184386997951
0.0020910327595727164
GEN 31 time 1602348333
0.0014010463019446075
0.001433914949804524
0.04405184386997951
0.0020910327595727164
GEN 32 time 1602348341
0.0014010463019446075
0.001433914949804524
0.04405184386997951
0.0020910327595727164
GEN 33 time 1602348348
0.0014010463019446075
0.0012868398269226704
0.04405184386997951
0.0020168791657516854
GEN 34 time 1602348356
0.0014010463019446075
0.0012868398269226704
0.04405184386997951
0.0020168791657516854
GEN 35 time 1602348364
0.0014010463019446075
0.0012868398269226704
0.04405184386997951
0.0018032243736845655
GEN 36 time 1602348372
0.0014010463019446075
0.0012868398269226704
0.04405184386997951
0.0018032243736845655
GEN 37 time 1602348379
0.0014010463019446075
0.0012868398269226704
0.04405184386997951
0.0018032243736845655
GEN 38 time 1602348387
0.0014010463019446075
0.0012868398269226704
0.04405184386997951
0.0018032243736845655
GEN 39 time 1602348394
0.0014010463019446075
0.0012868398269226704
0.04405184386997951
0.0018032243736845655
GEN 40 time 1602348402
0.0014010463019446075
0.0012868398269226704
0.04405184386997951
0.0018032243736845655
GEN 41 time 1602348409
0.0014010463019446075
0.001257099196355591
0.04405184386997951
0.0018032243736845655
GEN 42 time 1602348417
0.0014010463019446075
0.001257099196355591
0.04405184386997951
0.0018032243736845655
GEN 43 time 1602348425
0.0014010463019446075
0.001257099196355591
0.04405184386997951
0.0018032243736845655
GEN 44 time 1602348433
0.0014010463019446075
0.001257099196355591
0.04405184386997951
0.0018032243736845655
GEN 45 time 1602348441
0.0014010463019446075
0.001257099196355591
0.04405184386997951
0.0018032243736845655
GEN 46 time 1602348449
0.0014010463019446075
0.001257099196355591
0.04405184386997951
0.0018032243736845655
GEN 47 time 1602348457
0.0014010463019446075
0.001257099196355591
0.04405184386997951
0.0018032243736845655
GEN 48 time 1602348465
0.0014010463019446075
0.001257099196355591
0.04405184386997951
0.0018032243736845655
GEN 49 time 1602348473
0.0014010463019446075
0.001257099196355591
0.04405184386997951
0.0018032243736845655
GEN 50 time 1602348481
0.0014010463019446075
0.001257099196355591
0.04405184386997951
0.0018032243736845655
GEN 51 time 1602348490
0.0014010463019446075
0.001242004591752547
0.04405184386997951
0.0018032243736845655
GEN 52 time 1602348498
0.0014010463019446075
0.001242004591752547
0.04405184386997951
0.0016168391657516853
GEN 53 time 1602348507
0.0014010463019446075
0.001242004591752547
0.04405184386997951
0.0016168391657516853
GEN 54 time 1602348515
0.0014010463019446075
0.001242004591752547
0.04405184386997951
0.0016168391657516853
GEN 55 time 1602348524
0.0014010463019446075
0.001242004591752547
0.04405184386997951
0.0016168391657516853
GEN 56 time 1602348533
0.0014010463019446075
0.001242004591752547
0.04405184386997951
0.0016168391657516853
GEN 57 time 1602348542
0.0014010463019446075
0.001242004591752547
0.04405184386997951
0.0016168391657516853
GEN 58 time 1602348551
0.0014010463019446075
0.001242004591752547
0.04405184386997951
0.0016168391657516853
GEN 59 time 1602348561
0.0014010463019446075
0.001242004591752547
0.04405184386997951
0.0016168391657516853
GEN 60 time 1602348569
0.0014010463019446075
0.001242004591752547
0.04405184386997951
0.0016168391657516853
GEN 61 time 1602348578
0.0014010463019446075
0.001242004591752547
0.04405184386997951
0.0016168391657516853
GEN 62 time 1602348587
0.0014010463019446075
0.001242004591752547
0.04405184386997951
0.0016168391657516853
GEN 63 time 1602348596
0.0014010463019446075
0.001242004591752547
0.04405184386997951
0.0016168391657516853
GEN 64 time 1602348604
0.0014010463019446075
0.001242004591752547
0.04405184386997951
0.0016168391657516853
GEN 65 time 1602348613
0.0014010463019446075
0.001242004591752547
0.04405184386997951
0.0016168391657516853
GEN 66 time 1602348621
0.0014010463019446075
0.001242004591752547
0.04405184386997951
0.0016168391657516853
GEN 67 time 1602348630
0.0014010463019446075
0.001242004591752547
0.04405184386997951
0.0016168391657516853
GEN 68 time 1602348638
0.0014010463019446075
0.001242004591752547
0.04405184386997951
0.0016168391657516853
GEN 69 time 1602348646
0.0014010463019446075
0.001242004591752547
0.04405184386997951
0.0016168391657516853
GEN 70 time 1602348655
0.0014010463019446075
0.001242004591752547
0.04405184386997951
0.0016168391657516853
GEN 71 time 1602348663
0.0014010463019446075
0.001242004591752547
0.04405184386997951
0.0016168391657516853
GEN 72 time 1602348672
0.0014010463019446075
0.001242004591752547
0.04405184386997951
0.0016168391657516853
GEN 73 time 1602348681
0.0014010463019446075
0.001242004591752547
0.04405184386997951
0.0016168391657516853
GEN 74 time 1602348690
0.0014010463019446075
0.001233894949804524
0.04405184386997951
0.0016168391657516853
GEN 75 time 1602348700
0.0014010463019446075
0.001233894949804524
0.04405184386997951
0.0016168391657516853
GEN 76 time 1602348709
0.0014010463019446075
0.001233894949804524
0.04405184386997951
0.0016168391657516853
GEN 77 time 1602348719
0.0014010463019446075
0.001233894949804524
0.04405184386997951
0.0016168391657516853
GEN 78 time 1602348728
0.0014010463019446075
0.001233894949804524
0.04405184386997951
0.0016168391657516853
GEN 79 time 1602348737
0.0014010463019446075
0.001233894949804524
0.04405184386997951
0.0016168391657516853
GEN 80 time 1602348747
0.0014010463019446075
0.001233894949804524
0.04405184386997951
0.0016168391657516853
GEN 81 time 1602348756
0.0014010463019446075
0.001233894949804524
0.04405184386997951
0.0016168391657516853
GEN 82 time 1602348765
0.0014010463019446075
0.001233894949804524
0.04405184386997951
0.0016168391657516853
GEN 83 time 1602348774
0.0014010463019446075
0.001233894949804524
0.04405184386997951
0.0016168391657516853
GEN 84 time 1602348782
0.0014010463019446075
0.001233894949804524
0.04405184386997951
0.0016168391657516853
GEN 85 time 1602348791
0.0014010463019446075
0.001233894949804524
0.04405184386997951
0.0016168391657516853
GEN 86 time 1602348800
0.0014010463019446075
0.001233894949804524
0.04405184386997951
0.0016168391657516853
GEN 87 time 1602348809
0.0014010463019446075
0.001233894949804524
0.04405184386997951
0.0016168391657516853
GEN 88 time 1602348818
0.0014010463019446075
0.001233894949804524
0.04405184386997951
0.0016168391657516853
GEN 89 time 1602348827
0.0014010463019446075
0.001233894949804524
0.04405184386997951
0.0016168391657516853
GEN 90 time 1602348836
0.0014010463019446075
0.001233894949804524
0.04405184386997951
0.0016168391657516853
GEN 91 time 1602348845
0.0014010463019446075
0.001233894949804524
0.04405184386997951
0.0016168391657516853
GEN 92 time 1602348853
0.0014010463019446075
0.001233894949804524
0.04405184386997951
0.0016168391657516853
GEN 93 time 1602348862
0.0014010463019446075
0.001233894949804524
0.04405184386997951
0.0016168391657516853
GEN 94 time 1602348871
0.0014010463019446075
0.001233894949804524
0.04405184386997951
0.0016168391657516853
GEN 95 time 1602348880
0.0014010463019446075
0.001233894949804524
0.04405184386997951
0.0016168391657516853
GEN 96 time 1602348889
0.0014010463019446075
0.001233894949804524
0.04405184386997951
0.0016168391657516853
GEN 97 time 1602348898
0.0014010463019446075
0.001233894949804524
0.04405184386997951
0.0016168391657516853
GEN 98 time 1602348907
0.0014010463019446075
0.001233894949804524
0.04405184386997951
0.0016168391657516853
GEN 99 time 1602348917
0.0014010463019446075
0.001233894949804524
0.04405184386997951
0.0016168391657516853
GEN 100 time 1602348925
0.0014010463019446075
0.001233894949804524
0.04405184386997951
0.0016168391657516853
GEN 101 time 1602348935
0.0014010463019446075
0.001233894949804524
0.04405184386997951
0.0016168391657516853
GEN 102 time 1602348944
0.0014010463019446075
0.001233894949804524
0.04405184386997951
0.0016168391657516853
GEN 103 time 1602348953
0.0014010463019446075
0.001233894949804524
0.04405184386997951
0.0016168391657516853
GEN 104 time 1602348962
0.0014010463019446075
0.001233894949804524
0.04405184386997951
0.0016168391657516853
GEN 105 time 1602348971
0.0014010463019446075
0.001233894949804524
0.04405184386997951
0.0016168391657516853
GEN 106 time 1602348980
0.0014010463019446075
0.001233894949804524
0.04405184386997951
0.0016168391657516853
GEN 107 time 1602348990
0.0014010463019446075
0.001233894949804524
0.04405184386997951
0.0016168391657516853
GEN 108 time 1602348999
0.0014010463019446075
0.001233894949804524
0.04405184386997951
0.0016168391657516853
GEN 109 time 1602349008
0.0014010463019446075
0.001233894949804524
0.04405184386997951
0.0016168391657516853
GEN 110 time 1602349017
0.0014010463019446075
0.001233894949804524
0.04405184386997951
0.0016168391657516853
GEN 111 time 1602349026
0.0014010463019446075
0.001233894949804524
0.04405184386997951
0.0016168391657516853
GEN 112 time 1602349036
0.0014010463019446075
0.001233894949804524
0.04405184386997951
0.0016168391657516853
GEN 113 time 1602349045
0.0014010463019446075
0.001233894949804524
0.04405184386997951
0.0016168391657516853
GEN 114 time 1602349055
0.0014010463019446075
0.001233894949804524
0.04405184386997951
0.0016168391657516853
GEN 115 time 1602349065
0.0014010463019446075
0.001233894949804524
0.04405184386997951
0.0016168391657516853
GEN 116 time 1602349074
0.0014010463019446075
0.001233894949804524
0.04405184386997951
0.0016168391657516853
GEN 117 time 1602349084
0.0014010463019446075
0.001233894949804524
0.04405184386997951
0.0016168391657516853
GEN 118 time 1602349093
0.0014010463019446075
0.001233894949804524
0.04405184386997951
0.0016168391657516853
GEN 119 time 1602349102
0.0014010463019446075
0.0012054737486709717
0.04405184386997951
0.0016168391657516853
GEN 120 time 1602349112
0.0014010463019446075
0.0012054737486709717
0.04405184386997951
0.0016168391657516853
GEN 121 time 1602349121
0.0014010463019446075
0.0012054737486709717
0.04405184386997951
0.0016168391657516853
GEN 122 time 1602349130
0.0014010463019446075
0.0012054737486709717
0.04405184386997951
0.0016168391657516853
GEN 123 time 1602349140
0.0014010463019446075
0.0012054737486709717
0.04405184386997951
0.0016168391657516853
GEN 124 time 1602349149
0.0014010463019446075
0.0012054737486709717
0.04405184386997951
0.0016168391657516853
GEN 125 time 1602349158
0.0014010463019446075
0.0012054737486709717
0.04405184386997951
0.0016168391657516853
GEN 126 time 1602349168
0.0014010463019446075
0.0012054737486709717
0.04405184386997951
0.0016168391657516853
GEN 127 time 1602349177
0.0014010463019446075
0.0012054737486709717
0.04405184386997951
0.0016168391657516853
GEN 128 time 1602349187
0.0014010463019446075
0.0012054737486709717
0.04405184386997951
0.0016168391657516853
GEN 129 time 1602349196
0.0014010463019446075
0.0012054737486709717
0.04405184386997951
0.0016168391657516853
GEN 130 time 1602349206
0.0014010463019446075
0.0012054737486709717
0.04405184386997951
0.0016168391657516853
GEN 131 time 1602349215
0.0014010463019446075
0.0012054737486709717
0.04405184386997951
0.0016168391657516853
GEN 132 time 1602349225
0.0014010463019446075
0.0012054737486709717
0.04405184386997951
0.0016168391657516853
GEN 133 time 1602349235
0.0014010463019446075
0.0012054737486709717
0.04405184386997951
0.0016168391657516853
GEN 134 time 1602349244
0.0014010463019446075
0.0012054737486709717
0.04405184386997951
0.0016168391657516853
GEN 135 time 1602349253
0.0014010463019446075
0.0012054737486709717
0.04405184386997951
0.0016168391657516853
GEN 136 time 1602349263
0.0014010463019446075
0.0012054737486709717
0.04405184386997951
0.0016168391657516853
GEN 137 time 1602349272
0.0014010463019446075
0.0012054737486709717
0.04405184386997951
0.0016168391657516853
GEN 138 time 1602349282
0.0014010463019446075
0.0012054737486709717
0.04405184386997951
0.0016168391657516853
GEN 139 time 1602349291
0.0014010463019446075
0.0012054737486709717
0.04405184386997951
0.0016168391657516853
GEN 140 time 1602349301
0.0014010463019446075
0.0012054737486709717
0.04405184386997951
0.0016168391657516853
GEN 141 time 1602349310
0.0014010463019446075
0.0012054737486709717
0.04405184386997951
0.0016168391657516853
GEN 142 time 1602349320
0.0014010463019446075
0.0012054737486709717
0.04405184386997951
0.0016168391657516853
GEN 143 time 1602349329
0.0014010463019446075
0.0012054737486709717
0.04405184386997951
0.0016168391657516853
GEN 144 time 1602349339
0.0014010463019446075
0.0012054737486709717
0.04405184386997951
0.0016168391657516853
GEN 145 time 1602349348
0.0014010463019446075
0.0012054737486709717
0.04405184386997951
0.0016168391657516853
GEN 146 time 1602349358
0.0014010463019446075
0.0012054737486709717
0.04405184386997951
0.0016168391657516853
GEN 147 time 1602349367
0.0014010463019446075
0.0012054737486709717
0.04405184386997951
0.0016168391657516853
GEN 148 time 1602349377
0.0014010463019446075
0.0012054737486709717
0.04405184386997951
0.0016168391657516853
GEN 149 time 1602349386
0.0014010463019446075
0.0012054737486709717
0.04405184386997951
0.0016168391657516853
GEN 150 time 1602349395
0.0014010463019446075
0.0012054737486709717
0.04405184386997951
0.0016168391657516853
GEN 151 time 1602349405
0.0014010463019446075
0.0011512795533306461
0.04405184386997951
0.0016168391657516853
GEN 152 time 1602349414
0.0014010463019446075
0.0011512795533306461
0.04405184386997951
0.0016168391657516853
GEN 153 time 1602349423
0.0014010463019446075
0.0011512795533306461
0.04405184386997951
0.0016168391657516853
GEN 154 time 1602349433
0.0014010463019446075
0.0011512795533306461
0.04405184386997951
0.0016168391657516853
GEN 155 time 1602349442
0.0014010463019446075
0.0011512795533306461
0.04405184386997951
0.0016168391657516853
GEN 156 time 1602349451
0.0014010463019446075
0.0011512795533306461
0.04405184386997951
0.0016168391657516853
GEN 157 time 1602349460
0.0014010463019446075
0.0011512795533306461
0.04405184386997951
0.0016168391657516853
GEN 158 time 1602349470
0.0014010463019446075
0.0011512795533306461
0.04405184386997951
0.0016168391657516853
GEN 159 time 1602349479
0.0014010463019446075
0.0011512795533306461
0.04405184386997951
0.0016168391657516853
GEN 160 time 1602349488
0.0014010463019446075
0.0011512795533306461
0.04405184386997951
0.0016168391657516853
GEN 161 time 1602349497
0.0014010463019446075
0.0011512795533306461
0.04405184386997951
0.0016168391657516853
GEN 162 time 1602349507
0.0014010463019446075
0.0011512795533306461
0.04405184386997951
0.0016168391657516853
GEN 163 time 1602349516
0.0014010463019446075
0.0011512795533306461
0.04405184386997951
0.0016168391657516853
GEN 164 time 1602349525
0.0014010463019446075
0.0011512795533306461
0.04405184386997951
0.0016168391657516853
GEN 165 time 1602349535
0.0014010463019446075
0.0011512795533306461
0.04405184386997951
0.0016168391657516853
GEN 166 time 1602349544
0.0014010463019446075
0.0011512795533306461
0.04405184386997951
0.0016168391657516853
GEN 167 time 1602349554
0.0014010463019446075
0.0011512795533306461
0.04405184386997951
0.0016168391657516853
GEN 168 time 1602349563
0.0014010463019446075
0.0011512795533306461
0.04405184386997951
0.0016168391657516853
GEN 169 time 1602349573
0.0014010463019446075
0.0011512795533306461
0.04405184386997951
0.0016168391657516853
GEN 170 time 1602349582
0.0014010463019446075
0.0011512795533306461
0.04405184386997951
0.0016168391657516853
GEN 171 time 1602349591
0.0014010463019446075
0.0011512795533306461
0.04405184386997951
0.0016168391657516853
GEN 172 time 1602349601
0.0014010463019446075
0.0011512795533306461
0.04405184386997951
0.0016168391657516853
GEN 173 time 1602349610
0.0014010463019446075
0.0011512795533306461
0.04405184386997951
0.0016168391657516853
GEN 174 time 1602349620
0.0014010463019446075
0.0011512795533306461
0.04405184386997951
0.0016168391657516853
GEN 175 time 1602349629
0.0014010463019446075
0.0011512795533306461
0.04405184386997951
0.0016168391657516853
GEN 176 time 1602349639
0.0014010463019446075
0.0011512795533306461
0.04405184386997951
0.0016168391657516853
GEN 177 time 1602349648
0.0014010463019446075
0.0011512795533306461
0.04405184386997951
0.0016168391657516853
GEN 178 time 1602349658
0.0014010463019446075
0.0011512795533306461
0.04405184386997951
0.0016168391657516853
GEN 179 time 1602349667
0.0014010463019446075
0.0011512795533306461
0.04405184386997951
0.0016168391657516853
GEN 180 time 1602349677
0.0014010463019446075
0.0011512795533306461
0.04405184386997951
0.0016168391657516853
GEN 181 time 1602349686
0.0014010463019446075
0.0011512795533306461
0.04405184386997951
0.0016168391657516853
GEN 182 time 1602349696
0.0014010463019446075
0.0011512795533306461
0.04405184386997951
0.0016168391657516853
GEN 183 time 1602349705
0.0014010463019446075
0.0011512795533306461
0.04405184386997951
0.0016168391657516853
GEN 184 time 1602349715
0.0014010463019446075
0.0011512795533306461
0.04405184386997951
0.0016168391657516853
GEN 185 time 1602349725
0.0014010463019446075
0.0011512795533306461
0.04405184386997951
0.0016168391657516853
GEN 186 time 1602349734
0.0014010463019446075
0.0011512795533306461
0.04405184386997951
0.0016168391657516853
GEN 187 time 1602349744
0.0014010463019446075
0.0011512795533306461
0.04405184386997951
0.0016168391657516853
GEN 188 time 1602349754
0.0014010463019446075
0.0011512795533306461
0.04405184386997951
0.0016168391657516853
GEN 189 time 1602349763
0.0014010463019446075
0.0011512795533306461
0.04405184386997951
0.0016168391657516853
GEN 190 time 1602349772
0.0014010463019446075
0.0011512795533306461
0.04405184386997951
0.0016168391657516853
GEN 191 time 1602349782
0.0014010463019446075
0.0011512795533306461
0.04405184386997951
0.0016168391657516853
GEN 192 time 1602349792
0.0014010463019446075
0.0011512795533306461
0.04405184386997951
0.0016168391657516853
GEN 193 time 1602349801
0.0014010463019446075
0.0011512795533306461
0.04405184386997951
0.0016168391657516853
GEN 194 time 1602349810
0.0014010463019446075
0.0011512795533306461
0.04405184386997951
0.0016168391657516853
GEN 195 time 1602349820
0.0014010463019446075
0.0011512795533306461
0.04405184386997951
0.0016168391657516853
GEN 196 time 1602349829
0.0014010463019446075
0.0011512795533306461
0.04405184386997951
0.0016168391657516853
GEN 197 time 1602349839
0.0014010463019446075
0.0011512795533306461
0.04405184386997951
0.0016168391657516853
GEN 198 time 1602349848
0.0014010463019446075
0.0011512795533306461
0.04405184386997951
0.0016168391657516853
GEN 199 time 1602349857
0.0014010463019446075
0.0011512795533306461
0.04405184386997951
0.0016168391657516853
