['./data/small/layer/uu-dem10_r25_1.json', './data/small/layer/uu-dem1_r25_1.json', './data/small/layer/uu-dem10_r50_1.json', './data/small/hop/uu-dem10_r25_1_0.json']
GEN 0 time 1602343880
0.00260635807525662
0.0016571391963555908
0.04405184386997951
0.002602399846395598
GEN 1 time 1602343884
0.0022011874214502352
0.0016571391963555908
0.04405184386997951
0.002602399846395598
GEN 2 time 1602343889
0.002200235161043471
0.0016571391963555908
0.04405184386997951
0.0024819309458443558
GEN 3 time 1602343895
0.002200235161043471
0.0016571391963555908
0.04405184386997951
0.002461046061268597
GEN 4 time 1602343901
0.0016074198541744253
0.0014868598269226704
0.04405184386997951
0.002461046061268597
GEN 5 time 1602343908
0.0016074198541744253
0.0014868598269226704
0.04405184386997951
0.002461046061268597
GEN 6 time 1602343915
0.0016074198541744253
0.0014868598269226704
0.04405184386997951
0.002461046061268597
GEN 7 time 1602343923
0.001601068545972066
0.0014868598269226704
0.04405184386997951
0.002461046061268597
GEN 8 time 1602343930
0.001601068545972066
0.0014868598269226704
0.04405184386997951
0.002461046061268597
GEN 9 time 1602343938
0.0014011443774367665
0.0014868598269226704
0.04405184386997951
0.002461046061268597
GEN 10 time 1602343945
0.0014011443774367665
0.0014868598269226704
0.04405184386997951
0.002461046061268597
GEN 11 time 1602343952
0.0014011443774367665
0.0014868598269226704
0.04405184386997951
0.0024105927326856257
GEN 12 time 1602343960
0.0014011443774367665
0.0014868598269226704
0.04405184386997951
0.0024105927326856257
GEN 13 time 1602343967
0.0014011443774367665
0.0014868598269226704
0.04405184386997951
0.0024105927326856257
GEN 14 time 1602343975
0.0014011443774367665
0.0014593627280774775
0.04405184386997951
0.0024105927326856257
GEN 15 time 1602343982
0.0014011443774367665
0.0014593627280774775
0.04405184386997951
0.0024105927326856257
GEN 16 time 1602343990
0.0014011443774367665
0.0014593627280774775
0.04405184386997951
0.0024105927326856257
GEN 17 time 1602343997
0.0014011443774367665
0.0014593627280774775
0.04405184386997951
0.0024105927326856257
GEN 18 time 1602344005
0.0014011443774367665
0.0014593627280774775
0.04405184386997951
0.0024050230903216938
GEN 19 time 1602344013
0.0014011443774367665
0.0014571191963555909
0.04405184386997951
0.0024050230903216938
GEN 20 time 1602344021
0.0014011443774367665
0.0014571191963555909
0.04405184386997951
0.0024050230903216938
GEN 21 time 1602344029
0.0014010463019446075
0.0014571191963555909
0.04405184386997951
0.0024050230903216938
GEN 22 time 1602344037
0.0014010463019446075
0.0014571191963555909
0.04405184386997951
0.0024050230903216938
GEN 23 time 1602344045
0.0014010463019446075
0.0014571191963555909
0.04405184386997951
0.0024050230903216938
GEN 24 time 1602344052
0.0014010463019446075
0.0014571191963555909
0.04405184386997951
0.0024050230903216938
GEN 25 time 1602344060
0.0014010463019446075
0.0014571191963555909
0.04405184386997951
0.0024050230903216938
GEN 26 time 1602344068
0.0014010463019446075
0.0014571191963555909
0.04405184386997951
0.002402379846395598
GEN 27 time 1602344076
0.0014010463019446075
0.0014571191963555909
0.04405184386997951
0.002402379846395598
GEN 28 time 1602344084
0.0014010463019446075
0.0014571191963555909
0.04405184386997951
0.002289928747088158
GEN 29 time 1602344091
0.0014010463019446075
0.0014571191963555909
0.04405184386997951
0.002233344999266564
GEN 30 time 1602344099
0.0014010463019446075
0.0014571191963555909
0.04405184386997951
0.002233344999266564
GEN 31 time 1602344107
0.0014010463019446075
0.0014571191963555909
0.04405184386997951
0.002217028318352753
GEN 32 time 1602344115
0.0014010463019446075
0.0014571191963555909
0.04405184386997951
0.002217028318352753
GEN 33 time 1602344123
0.0014010463019446075
0.0014571191963555909
0.04405184386997951
0.0022168991657516854
GEN 34 time 1602344130
0.0014010463019446075
0.001433914949804524
0.04405184386997951
0.0022168991657516854
GEN 35 time 1602344138
0.0014010463019446075
0.001433914949804524
0.04405184386997951
0.0022168991657516854
GEN 36 time 1602344145
0.0014010463019446075
0.001433914949804524
0.04405184386997951
0.0022168991657516854
GEN 37 time 1602344153
0.0014010463019446075
0.001433914949804524
0.04405184386997951
0.0022168991657516854
GEN 38 time 1602344160
0.0014010463019446075
0.001433914949804524
0.04405184386997951
0.0022168991657516854
GEN 39 time 1602344168
0.0014010463019446075
0.001433914949804524
0.04405184386997951
0.0022168991657516854
GEN 40 time 1602344176
0.0014010463019446075
0.001433914949804524
0.04405184386997951
0.002202112180215178
GEN 41 time 1602344183
0.0014010463019446075
0.001433914949804524
0.04405184386997951
0.002202112180215178
GEN 42 time 1602344191
0.0014010463019446075
0.001433914949804524
0.04405184386997951
0.002202112180215178
GEN 43 time 1602344198
0.0014010463019446075
0.0014200353557188529
0.04405184386997951
0.002202112180215178
GEN 44 time 1602344205
0.0014010463019446075
0.0014200353557188529
0.04405184386997951
0.002202112180215178
GEN 45 time 1602344212
0.0014010463019446075
0.0014200353557188529
0.04405184386997951
0.002096150906547681
GEN 46 time 1602344219
0.0014010463019446075
0.0014200353557188529
0.04405184386997951
0.002018930206784104
GEN 47 time 1602344227
0.0014010463019446075
0.0014200353557188529
0.04405184386997951
0.002018930206784104
GEN 48 time 1602344234
0.0014010463019446075
0.0014200353557188529
0.04405184386997951
0.002018930206784104
GEN 49 time 1602344241
0.0014010463019446075
0.0014200353557188529
0.04405184386997951
0.002018930206784104
GEN 50 time 1602344248
0.0014010463019446075
0.0013089946016198453
0.04405184386997951
0.002018930206784104
GEN 51 time 1602344256
0.0014010463019446075
0.0013089946016198453
0.04405184386997951
0.002018930206784104
GEN 52 time 1602344263
0.0014010463019446075
0.0013089946016198453
0.04405184386997951
0.002018930206784104
GEN 53 time 1602344270
0.0014010463019446075
0.0013089946016198453
0.04405184386997951
0.002018930206784104
GEN 54 time 1602344278
0.0014010463019446075
0.0013089946016198453
0.04405184386997951
0.002018930206784104
GEN 55 time 1602344285
0.0014010463019446075
0.0013089946016198453
0.04405184386997951
0.002018930206784104
GEN 56 time 1602344292
0.0014010463019446075
0.0013089946016198453
0.04405184386997951
0.002018930206784104
GEN 57 time 1602344300
0.0014010463019446075
0.0013089946016198453
0.04405184386997951
0.002018930206784104
GEN 58 time 1602344307
0.0014010463019446075
0.0013089946016198453
0.04405184386997951
0.002015865887334881
GEN 59 time 1602344315
0.0014010463019446075
0.0013089946016198453
0.04405184386997951
0.002015865887334881
GEN 60 time 1602344322
0.0014010463019446075
0.0013089946016198453
0.04405184386997951
0.002015865887334881
GEN 61 time 1602344330
0.0014010463019446075
0.0013089946016198453
0.04405184386997951
0.002015865887334881
GEN 62 time 1602344337
0.0014010463019446075
0.0013089946016198453
0.04405184386997951
0.002015865887334881
GEN 63 time 1602344345
0.0014010463019446075
0.0013089946016198453
0.04405184386997951
0.002015865887334881
GEN 64 time 1602344352
0.0014010463019446075
0.0013089946016198453
0.04405184386997951
0.002015865887334881
GEN 65 time 1602344359
0.0014010463019446075
0.0013089946016198453
0.04405184386997951
0.002015865887334881
GEN 66 time 1602344367
0.0014010463019446075
0.0013089946016198453
0.04405184386997951
0.0018049630903216938
GEN 67 time 1602344375
0.0014010463019446075
0.0013089946016198453
0.04405184386997951
0.0018049630903216938
GEN 68 time 1602344382
0.0014010463019446075
0.0013089946016198453
0.04405184386997951
0.0018049630903216938
GEN 69 time 1602344390
0.0014010463019446075
0.0013089946016198453
0.04405184386997951
0.0018049630903216938
GEN 70 time 1602344398
0.0014010463019446075
0.0012593427280774775
0.04405184386997951
0.0018049630903216938
GEN 71 time 1602344405
0.0014010463019446075
0.0012593427280774775
0.04405184386997951
0.0018049630903216938
GEN 72 time 1602344413
0.0014010463019446075
0.0012593427280774775
0.04405184386997951
0.0018049630903216938
GEN 73 time 1602344421
0.0014010463019446075
0.0012593427280774775
0.04405184386997951
0.0018049630903216938
GEN 74 time 1602344429
0.0014010463019446075
0.0012593427280774775
0.04405184386997951
0.0016168391657516853
GEN 75 time 1602344436
0.0014010463019446075
0.0012593427280774775
0.04405184386997951
0.0016168391657516853
GEN 76 time 1602344444
0.0014010463019446075
0.0012593427280774775
0.04405184386997951
0.0016168391657516853
GEN 77 time 1602344451
0.0014010463019446075
0.0012593427280774775
0.04405184386997951
0.0016168391657516853
GEN 78 time 1602344459
0.0014010463019446075
0.0012593427280774775
0.04405184386997951
0.0016168391657516853
GEN 79 time 1602344467
0.0014010463019446075
0.0012593427280774775
0.04405184386997951
0.0016168391657516853
GEN 80 time 1602344474
0.0014010463019446075
0.0012593427280774775
0.04405184386997951
0.0016168391657516853
GEN 81 time 1602344482
0.0014010463019446075
0.0012593427280774775
0.04405184386997951
0.0016168391657516853
GEN 82 time 1602344489
0.0014010463019446075
0.0012593427280774775
0.04405184386997951
0.0016168391657516853
GEN 83 time 1602344497
0.0014010463019446075
0.0012593427280774775
0.04405184386997951
0.0016168391657516853
GEN 84 time 1602344505
0.0014010463019446075
0.0012593427280774775
0.04405184386997951
0.0016168391657516853
GEN 85 time 1602344513
0.0014010463019446075
0.0012593427280774775
0.04405184386997951
0.0016168391657516853
GEN 86 time 1602344520
0.0014010463019446075
0.0012593427280774775
0.04405184386997951
0.0016168391657516853
GEN 87 time 1602344529
0.0014010463019446075
0.0012593427280774775
0.04405184386997951
0.0016168391657516853
GEN 88 time 1602344537
0.0014010463019446075
0.0012593427280774775
0.04405184386997951
0.0016168391657516853
GEN 89 time 1602344545
0.0014010463019446075
0.0012593427280774775
0.04405184386997951
0.0016168391657516853
GEN 90 time 1602344553
0.0014010463019446075
0.001242004591752547
0.04405184386997951
0.0016168391657516853
GEN 91 time 1602344561
0.0014010463019446075
0.001242004591752547
0.04405184386997951
0.0016168391657516853
GEN 92 time 1602344568
0.0014010463019446075
0.001242004591752547
0.04405184386997951
0.0016168391657516853
GEN 93 time 1602344577
0.0014010463019446075
0.001242004591752547
0.04405184386997951
0.0016168391657516853
GEN 94 time 1602344585
0.0014010463019446075
0.001242004591752547
0.04405184386997951
0.0016168391657516853
GEN 95 time 1602344593
0.0014010463019446075
0.001242004591752547
0.04405184386997951
0.0016168391657516853
GEN 96 time 1602344601
0.0014010463019446075
0.001242004591752547
0.04405184386997951
0.0016168391657516853
GEN 97 time 1602344609
0.0014010463019446075
0.001242004591752547
0.04405184386997951
0.0016168391657516853
GEN 98 time 1602344617
0.0014010463019446075
0.001242004591752547
0.04405184386997951
0.0016168391657516853
GEN 99 time 1602344625
0.0014010463019446075
0.001242004591752547
0.04405184386997951
0.0016168391657516853
GEN 100 time 1602344634
0.0014010463019446075
0.001242004591752547
0.04405184386997951
0.0016168391657516853
GEN 101 time 1602344642
0.0014010463019446075
0.001242004591752547
0.04405184386997951
0.0016168391657516853
GEN 102 time 1602344651
0.0014010463019446075
0.001242004591752547
0.04405184386997951
0.0016168391657516853
GEN 103 time 1602344659
0.0014010463019446075
0.001242004591752547
0.04405184386997951
0.0016168391657516853
GEN 104 time 1602344668
0.0014010463019446075
0.001242004591752547
0.04405184386997951
0.0016168391657516853
GEN 105 time 1602344676
0.0014010463019446075
0.001242004591752547
0.04405184386997951
0.0016168391657516853
GEN 106 time 1602344685
0.0014010463019446075
0.001242004591752547
0.04405184386997951
0.0016168391657516853
GEN 107 time 1602344693
0.0014010463019446075
0.001242004591752547
0.04405184386997951
0.0016168391657516853
GEN 108 time 1602344702
0.0014010463019446075
0.001242004591752547
0.04405184386997951
0.0016168391657516853
GEN 109 time 1602344710
0.0014010463019446075
0.001242004591752547
0.04405184386997951
0.0016168391657516853
GEN 110 time 1602344719
0.0014010463019446075
0.001242004591752547
0.04405184386997951
0.0016168391657516853
GEN 111 time 1602344728
0.0014010463019446075
0.001242004591752547
0.04405184386997951
0.0016168391657516853
GEN 112 time 1602344737
0.0014010463019446075
0.001242004591752547
0.04405184386997951
0.0016168391657516853
GEN 113 time 1602344745
0.0014010463019446075
0.001242004591752547
0.04405184386997951
0.0016168391657516853
GEN 114 time 1602344754
0.0014010463019446075
0.001242004591752547
0.04405184386997951
0.0016168391657516853
GEN 115 time 1602344762
0.0014010463019446075
0.001242004591752547
0.04405184386997951
0.0016168391657516853
GEN 116 time 1602344770
0.0014010463019446075
0.001242004591752547
0.04405184386997951
0.0016168391657516853
GEN 117 time 1602344779
0.0014010463019446075
0.001242004591752547
0.04405184386997951
0.0016168391657516853
GEN 118 time 1602344787
0.0014010463019446075
0.001242004591752547
0.04405184386997951
0.0016168391657516853
GEN 119 time 1602344796
0.0014010463019446075
0.001242004591752547
0.04405184386997951
0.0016168391657516853
GEN 120 time 1602344804
0.0014010463019446075
0.001242004591752547
0.04405184386997951
0.0016168391657516853
GEN 121 time 1602344812
0.0014010463019446075
0.001242004591752547
0.04405184386997951
0.0016168391657516853
GEN 122 time 1602344821
0.0014010463019446075
0.001242004591752547
0.04405184386997951
0.0016168391657516853
GEN 123 time 1602344829
0.0014010463019446075
0.001242004591752547
0.04405184386997951
0.0016168391657516853
GEN 124 time 1602344837
0.0014010463019446075
0.001242004591752547
0.04405184386997951
0.0016168391657516853
GEN 125 time 1602344845
0.0014010463019446075
0.001242004591752547
0.04405184386997951
0.0016168391657516853
GEN 126 time 1602344853
0.0014010463019446075
0.001242004591752547
0.04405184386997951
0.0016168391657516853
GEN 127 time 1602344862
0.0014010463019446075
0.001242004591752547
0.04405184386997951
0.0016168391657516853
GEN 128 time 1602344870
0.0014010463019446075
0.001242004591752547
0.04405184386997951
0.0016168391657516853
GEN 129 time 1602344878
0.0014010463019446075
0.001242004591752547
0.04405184386997951
0.001494272756505321
GEN 130 time 1602344886
0.0014010463019446075
0.001242004591752547
0.04405184386997951
0.001494272756505321
GEN 131 time 1602344894
0.0014010463019446075
0.001242004591752547
0.04405184386997951
0.001494272756505321
GEN 132 time 1602344903
0.0014010463019446075
0.001242004591752547
0.04405184386997951
0.001494272756505321
GEN 133 time 1602344911
0.0014010463019446075
0.001242004591752547
0.04405184386997951
0.001494272756505321
GEN 134 time 1602344919
0.0014010463019446075
0.001242004591752547
0.04405184386997951
0.001494272756505321
GEN 135 time 1602344927
0.0014010463019446075
0.001242004591752547
0.04405184386997951
0.001494272756505321
GEN 136 time 1602344935
0.0014010463019446075
0.001242004591752547
0.04405184386997951
0.001494272756505321
GEN 137 time 1602344943
0.0014010463019446075
0.001242004591752547
0.04405184386997951
0.001494272756505321
GEN 138 time 1602344951
0.0014010463019446075
0.001242004591752547
0.04405184386997951
0.001494272756505321
GEN 139 time 1602344960
0.0014010463019446075
0.001242004591752547
0.04405184386997951
0.001494272756505321
GEN 140 time 1602344968
0.0014010463019446075
0.001242004591752547
0.04405184386997951
0.001494272756505321
GEN 141 time 1602344976
0.0014010463019446075
0.001242004591752547
0.04405184386997951
0.001494272756505321
GEN 142 time 1602344984
0.0014010463019446075
0.001242004591752547
0.04405184386997951
0.001494272756505321
GEN 143 time 1602344992
0.0014010463019446075
0.001242004591752547
0.04405184386997951
0.001494272756505321
GEN 144 time 1602345001
0.0014010463019446075
0.001242004591752547
0.04405184386997951
0.001494272756505321
GEN 145 time 1602345009
0.0014010463019446075
0.001242004591752547
0.04405184386997951
0.001494272756505321
GEN 146 time 1602345017
0.0014010463019446075
0.001242004591752547
0.04405184386997951
0.001494272756505321
GEN 147 time 1602345025
0.0014010463019446075
0.001242004591752547
0.04405184386997951
0.001494272756505321
GEN 148 time 1602345033
0.0014010463019446075
0.001242004591752547
0.04405184386997951
0.001494272756505321
GEN 149 time 1602345041
0.0014010463019446075
0.001242004591752547
0.04405184386997951
0.001494272756505321
GEN 150 time 1602345050
0.0014010463019446075
0.001242004591752547
0.04405184386997951
0.001494272756505321
GEN 151 time 1602345058
0.0014010463019446075
0.001242004591752547
0.04405184386997951
0.001494272756505321
GEN 152 time 1602345066
0.0014010463019446075
0.001242004591752547
0.04405184386997951
0.001494272756505321
GEN 153 time 1602345074
0.0014010463019446075
0.001242004591752547
0.04405184386997951
0.001494272756505321
GEN 154 time 1602345082
0.0014010463019446075
0.001242004591752547
0.04405184386997951
0.001494272756505321
GEN 155 time 1602345090
0.0014010463019446075
0.001242004591752547
0.04405184386997951
0.001494272756505321
GEN 156 time 1602345098
0.0014010463019446075
0.001242004591752547
0.04405184386997951
0.001494272756505321
GEN 157 time 1602345107
0.0014010463019446075
0.001242004591752547
0.04405184386997951
0.001494272756505321
GEN 158 time 1602345115
0.0014010463019446075
0.001242004591752547
0.04405184386997951
0.001494272756505321
GEN 159 time 1602345123
0.0014010463019446075
0.001242004591752547
0.04405184386997951
0.001494272756505321
GEN 160 time 1602345132
0.0014010463019446075
0.001242004591752547
0.04405184386997951
0.001494272756505321
GEN 161 time 1602345140
0.0014010463019446075
0.001242004591752547
0.04405184386997951
0.001494272756505321
GEN 162 time 1602345148
0.0014010463019446075
0.001242004591752547
0.04405184386997951
0.001494272756505321
GEN 163 time 1602345157
0.0014010463019446075
0.001242004591752547
0.04405184386997951
0.001494272756505321
GEN 164 time 1602345165
0.0014010463019446075
0.001242004591752547
0.04405184386997951
0.001494272756505321
GEN 165 time 1602345173
0.0014010463019446075
0.001242004591752547
0.04405184386997951
0.001494272756505321
GEN 166 time 1602345182
0.0014010463019446075
0.001242004591752547
0.04405184386997951
0.001494272756505321
GEN 167 time 1602345190
0.0014010463019446075
0.001242004591752547
0.04405184386997951
0.001494272756505321
GEN 168 time 1602345199
0.0014010463019446075
0.001242004591752547
0.04405184386997951
0.001494272756505321
GEN 169 time 1602345207
0.0014010463019446075
0.001242004591752547
0.04405184386997951
0.001494272756505321
GEN 170 time 1602345216
0.0014010463019446075
0.001242004591752547
0.04405184386997951
0.001494272756505321
GEN 171 time 1602345225
0.0014010463019446075
0.001242004591752547
0.04405184386997951
0.001494272756505321
GEN 172 time 1602345233
0.0014010463019446075
0.001242004591752547
0.04405184386997951
0.001494272756505321
GEN 173 time 1602345241
0.0014010463019446075
0.001242004591752547
0.04405184386997951
0.001494272756505321
GEN 174 time 1602345250
0.0014010463019446075
0.001242004591752547
0.04405184386997951
0.001494272756505321
GEN 175 time 1602345258
0.0014010463019446075
0.001242004591752547
0.04405184386997951
0.001494272756505321
GEN 176 time 1602345267
0.0014010463019446075
0.001242004591752547
0.04405184386997951
0.001494272756505321
GEN 177 time 1602345275
0.0014010463019446075
0.001242004591752547
0.04405184386997951
0.001494272756505321
GEN 178 time 1602345283
0.0014010463019446075
0.001242004591752547
0.04405184386997951
0.001494272756505321
GEN 179 time 1602345292
0.0014010463019446075
0.001242004591752547
0.04405184386997951
0.001494272756505321
GEN 180 time 1602345300
0.0014010463019446075
0.001242004591752547
0.04405184386997951
0.001494272756505321
GEN 181 time 1602345309
0.0014010463019446075
0.001242004591752547
0.04405184386997951
0.001494272756505321
GEN 182 time 1602345317
0.0014010463019446075
0.001242004591752547
0.04405184386997951
0.001494272756505321
GEN 183 time 1602345326
0.0014010463019446075
0.001242004591752547
0.04405184386997951
0.001494272756505321
GEN 184 time 1602345334
0.0014010463019446075
0.001242004591752547
0.04405184386997951
0.001494272756505321
GEN 185 time 1602345343
0.0014010463019446075
0.001242004591752547
0.04405184386997951
0.001494272756505321
GEN 186 time 1602345351
0.0014010463019446075
0.001242004591752547
0.04405184386997951
0.001494272756505321
GEN 187 time 1602345360
0.0014010463019446075
0.001242004591752547
0.04405184386997951
0.001494272756505321
GEN 188 time 1602345368
0.0014010463019446075
0.001242004591752547
0.04405184386997951
0.001494272756505321
GEN 189 time 1602345377
0.0014010463019446075
0.001242004591752547
0.04405184386997951
0.001494272756505321
GEN 190 time 1602345385
0.0014010463019446075
0.001242004591752547
0.04405184386997951
0.001494272756505321
GEN 191 time 1602345394
0.0014010463019446075
0.001242004591752547
0.04405184386997951
0.001494272756505321
GEN 192 time 1602345403
0.0014010463019446075
0.001242004591752547
0.04405184386997951
0.001494272756505321
GEN 193 time 1602345411
0.0014010463019446075
0.001242004591752547
0.04405184386997951
0.001494272756505321
GEN 194 time 1602345420
0.0014010463019446075
0.001242004591752547
0.04405184386997951
0.001494272756505321
GEN 195 time 1602345429
0.0014010463019446075
0.001242004591752547
0.04405184386997951
0.001494272756505321
GEN 196 time 1602345437
0.0014010463019446075
0.001242004591752547
0.04405184386997951
0.001494272756505321
GEN 197 time 1602345446
0.0014010463019446075
0.001242004591752547
0.04405184386997951
0.001494272756505321
GEN 198 time 1602345455
0.0014010463019446075
0.001242004591752547
0.04405184386997951
0.001494272756505321
GEN 199 time 1602345464
0.0014010463019446075
0.001242004591752547
0.04405184386997951
0.001494272756505321
