['./data/small/layer/uu-dem10_r25_1.json', './data/small/hop/uu-dem5_r25_1_0.json', './data/small/hop/uu-dem4_r25_1_0.json', './data/small/hop/uu-dem9_r25_1_0.json']
GEN 0 time 1599166250
0.00240025188340782
0.0021763297659009246
0.0020172261389345553
0.002492097805694502
GEN 1 time 1599166252
0.00240025188340782
0.0021763297659009246
0.0020172261389345553
0.002492097805694502
GEN 2 time 1599166255
0.00240025188340782
0.0021763297659009246
0.0017409363148460238
0.002492097805694502
GEN 3 time 1599166257
0.0018289904100620383
0.0021763297659009246
0.0017409363148460238
0.0024743288898285234
GEN 4 time 1599166259
0.0018289904100620383
0.0021763297659009246
0.0017409363148460238
0.0024743288898285234
GEN 5 time 1599166262
0.0018289904100620383
0.0021763297659009246
0.0017409363148460238
0.0024743288898285234
GEN 6 time 1599166265
0.0016074198541744253
0.0021293923317674286
0.0017409363148460238
0.0024743288898285234
GEN 7 time 1599166268
0.001405672125150871
0.0021293923317674286
0.0017409363148460238
0.002464310001538725
GEN 8 time 1599166271
0.001405672125150871
0.0021293923317674286
0.0017409363148460238
0.002446688363029541
GEN 9 time 1599166273
0.001405672125150871
0.001937441177792832
0.0017409363148460238
0.002446688363029541
GEN 10 time 1599166276
0.001405672125150871
0.001937441177792832
0.0017409363148460238
0.002446688363029541
GEN 11 time 1599166279
0.0014010463019446075
0.001937441177792832
0.0017409363148460238
0.002446688363029541
GEN 12 time 1599166281
0.0014010463019446075
0.001937441177792832
0.0017409363148460238
0.002446688363029541
GEN 13 time 1599166284
0.0014010463019446075
0.001937441177792832
0.0017409363148460238
0.002446688363029541
GEN 14 time 1599166287
0.0014010463019446075
0.001937441177792832
0.0017409363148460238
0.002446688363029541
GEN 15 time 1599166290
0.0014010463019446075
0.001937441177792832
0.0017409363148460238
0.0022823042165842846
GEN 16 time 1599166292
0.0014010463019446075
0.001937441177792832
0.0017409363148460238
0.0022823042165842846
GEN 17 time 1599166295
0.0014010463019446075
0.0019092437061255052
0.0017409363148460238
0.0022823042165842846
GEN 18 time 1599166298
0.0014010463019446075
0.0019092437061255052
0.0017409363148460238
0.0020932288763364265
GEN 19 time 1599166301
0.0014010463019446075
0.0019092437061255052
0.0017409363148460238
0.0020932288763364265
GEN 20 time 1599166303
0.0014010463019446075
0.0019092437061255052
0.0017409363148460238
0.0020932288763364265
GEN 21 time 1599166306
0.0014010463019446075
0.0019092437061255052
0.0017409363148460238
0.0020932288763364265
GEN 22 time 1599166309
0.0014010463019446075
0.0019092437061255052
0.0017262460673751001
0.0020932288763364265
GEN 23 time 1599166311
0.0014010463019446075
0.0019092437061255052
0.0017262460673751001
0.0020932288763364265
GEN 24 time 1599166314
0.0014010463019446075
0.0019092437061255052
0.0016268975860854527
0.0020932288763364265
GEN 25 time 1599166317
0.0014010463019446075
0.0019092437061255052
0.0016268975860854527
0.0020932288763364265
GEN 26 time 1599166319
0.0014010463019446075
0.0019092437061255052
0.0016268975860854527
0.0020932288763364265
GEN 27 time 1599166322
0.0014010463019446075
0.0019092437061255052
0.0016268975860854527
0.0020932288763364265
GEN 28 time 1599166325
0.0014010463019446075
0.0019092437061255052
0.0016268975860854527
0.0020932288763364265
GEN 29 time 1599166327
0.0014010463019446075
0.0019092437061255052
0.0016268975860854527
0.0020932288763364265
GEN 30 time 1599166330
0.0014010463019446075
0.0019092437061255052
0.0016268975860854527
0.0020932288763364265
GEN 31 time 1599166333
0.0014010463019446075
0.0019092437061255052
0.0016268975860854527
0.0020932288763364265
GEN 32 time 1599166336
0.0014010463019446075
0.0019092437061255052
0.001559537667287328
0.0020932288763364265
GEN 33 time 1599166338
0.0014010463019446075
0.0019092437061255052
0.001559537667287328
0.0020932288763364265
GEN 34 time 1599166341
0.0014010463019446075
0.0019092437061255052
0.001559537667287328
0.0020932288763364265
GEN 35 time 1599166343
0.0014010463019446075
0.0019092437061255052
0.001559537667287328
0.0020932288763364265
GEN 36 time 1599166346
0.0014010463019446075
0.0019092437061255052
0.001559537667287328
0.0020932288763364265
GEN 37 time 1599166349
0.0014010463019446075
0.0019092437061255052
0.001559537667287328
0.0020932288763364265
GEN 38 time 1599166352
0.0014010463019446075
0.0019092437061255052
0.001559537667287328
0.0020932288763364265
GEN 39 time 1599166354
0.0014010463019446075
0.0019092437061255052
0.001559537667287328
0.0020932288763364265
GEN 40 time 1599166357
0.0014010463019446075
0.0019092437061255052
0.001559537667287328
0.0020932288763364265
GEN 41 time 1599166360
0.0014010463019446075
0.0019092437061255052
0.001559537667287328
0.0020932288763364265
GEN 42 time 1599166362
0.0014010463019446075
0.0019092437061255052
0.001559537667287328
0.0020932288763364265
GEN 43 time 1599166365
0.0014010463019446075
0.0019092437061255052
0.001559537667287328
0.0020932288763364265
GEN 44 time 1599166368
0.0014010463019446075
0.0019092437061255052
0.001559537667287328
0.0020932288763364265
GEN 45 time 1599166371
0.0014010463019446075
0.0019092437061255052
0.001559537667287328
0.0020932288763364265
GEN 46 time 1599166373
0.0014010463019446075
0.0019092437061255052
0.001559537667287328
0.0020904290733742828
GEN 47 time 1599166376
0.0014010463019446075
0.0019092437061255052
0.001559537667287328
0.0020904290733742828
GEN 48 time 1599166379
0.0014010463019446075
0.0019092437061255052
0.001559537667287328
0.0020904290733742828
GEN 49 time 1599166382
0.0014010463019446075
0.0019092437061255052
0.001559537667287328
0.0020904290733742828
GEN 50 time 1599166384
0.0014010463019446075
0.0019092437061255052
0.001559537667287328
0.0020904290733742828
GEN 51 time 1599166387
0.0014010463019446075
0.0019092437061255052
0.001559537667287328
0.0020904290733742828
GEN 52 time 1599166390
0.0014010463019446075
0.0019092437061255052
0.001559537667287328
0.0020904290733742828
GEN 53 time 1599166393
0.0014010463019446075
0.0019092437061255052
0.001559537667287328
0.0020904290733742828
GEN 54 time 1599166395
0.0014010463019446075
0.0019092437061255052
0.001559537667287328
0.0020904290733742828
GEN 55 time 1599166398
0.0014010463019446075
0.0019092437061255052
0.001559537667287328
0.0020904290733742828
GEN 56 time 1599166401
0.0014010463019446075
0.0019092437061255052
0.001559537667287328
0.0020904290733742828
GEN 57 time 1599166404
0.0014010463019446075
0.0019092437061255052
0.001559537667287328
0.0020904290733742828
GEN 58 time 1599166406
0.0014010463019446075
0.0019092437061255052
0.001559537667287328
0.0020904290733742828
GEN 59 time 1599166409
0.0014010463019446075
0.0019092437061255052
0.001559537667287328
0.0020904290733742828
GEN 60 time 1599166412
0.0014010463019446075
0.0019092437061255052
0.001559537667287328
0.0020904290733742828
GEN 61 time 1599166415
0.0014010463019446075
0.0019092437061255052
0.001559537667287328
0.0020904290733742828
GEN 62 time 1599166418
0.0014010463019446075
0.0019092437061255052
0.001559537667287328
0.0020904290733742828
GEN 63 time 1599166421
0.0014010463019446075
0.0019092437061255052
0.001559537667287328
0.0020904290733742828
GEN 64 time 1599166424
0.0014010463019446075
0.0019092437061255052
0.001559537667287328
0.0020904290733742828
GEN 65 time 1599166427
0.0014010463019446075
0.0019092437061255052
0.001559537667287328
0.0020904290733742828
GEN 66 time 1599166429
0.0014010463019446075
0.0019092437061255052
0.001559537667287328
0.0020904290733742828
GEN 67 time 1599166432
0.0014010463019446075
0.0019092437061255052
0.001559537667287328
0.0020904290733742828
GEN 68 time 1599166435
0.0014010463019446075
0.0019092437061255052
0.001559537667287328
0.0020904290733742828
GEN 69 time 1599166438
0.0014010463019446075
0.0019092437061255052
0.001559537667287328
0.0020904290733742828
GEN 70 time 1599166440
0.0014010463019446075
0.0019092437061255052
0.001559537667287328
0.0020904290733742828
GEN 71 time 1599166443
0.0014010463019446075
0.0019092437061255052
0.001559537667287328
0.0020904290733742828
GEN 72 time 1599166446
0.0014010463019446075
0.0019092437061255052
0.0015409163148460238
0.0020904290733742828
GEN 73 time 1599166449
0.0014010463019446075
0.0019092437061255052
0.0015409163148460238
0.0020904290733742828
GEN 74 time 1599166451
0.0014010463019446075
0.0019092437061255052
0.0015409163148460238
0.0020904290733742828
GEN 75 time 1599166454
0.0014010463019446075
0.0019092437061255052
0.0015409163148460238
0.0020904290733742828
GEN 76 time 1599166457
0.0014010463019446075
0.0019092437061255052
0.0015409163148460238
0.0020904290733742828
GEN 77 time 1599166460
0.0014010463019446075
0.0019092437061255052
0.0015409163148460238
0.0020904290733742828
GEN 78 time 1599166463
0.0014010463019446075
0.0019092437061255052
0.0015409163148460238
0.0020904290733742828
GEN 79 time 1599166465
0.0014010463019446075
0.0019092437061255052
0.0015409163148460238
0.0020904290733742828
GEN 80 time 1599166468
0.0014010463019446075
0.0019092437061255052
0.0015409163148460238
0.0020904290733742828
GEN 81 time 1599166471
0.0014010463019446075
0.0019092437061255052
0.0015409163148460238
0.0020904290733742828
GEN 82 time 1599166473
0.0014010463019446075
0.0019092437061255052
0.0015409163148460238
0.0020904290733742828
GEN 83 time 1599166476
0.0014010463019446075
0.0019092437061255052
0.0015409163148460238
0.0020904290733742828
GEN 84 time 1599166479
0.0014010463019446075
0.0019092437061255052
0.0015409163148460238
0.0020904290733742828
GEN 85 time 1599166482
0.0014010463019446075
0.0019092437061255052
0.0015409163148460238
0.0020904290733742828
GEN 86 time 1599166485
0.0014010463019446075
0.0019092437061255052
0.0015409163148460238
0.0020904290733742828
GEN 87 time 1599166488
0.0014010463019446075
0.0019092437061255052
0.0015409163148460238
0.0020904290733742828
GEN 88 time 1599166490
0.0014010463019446075
0.0019092437061255052
0.0015409163148460238
0.0020904290733742828
GEN 89 time 1599166493
0.0014010463019446075
0.0019092437061255052
0.0015409163148460238
0.0020904290733742828
GEN 90 time 1599166496
0.0014010463019446075
0.0019092437061255052
0.0015409163148460238
0.0020904290733742828
GEN 91 time 1599166499
0.0014010463019446075
0.0019092437061255052
0.0015409163148460238
0.0020904290733742828
GEN 92 time 1599166503
0.0014010463019446075
0.0019092437061255052
0.0015409163148460238
0.0020904290733742828
GEN 93 time 1599166506
0.0014010463019446075
0.0019092437061255052
0.0015409163148460238
0.0020904290733742828
GEN 94 time 1599166509
0.0014010463019446075
0.0019092437061255052
0.0015409163148460238
0.0020904290733742828
GEN 95 time 1599166512
0.0014010463019446075
0.0019092437061255052
0.0015409163148460238
0.0020904290733742828
GEN 96 time 1599166516
0.0014010463019446075
0.0019092437061255052
0.0015409163148460238
0.0020904290733742828
GEN 97 time 1599166519
0.0014010463019446075
0.0019092437061255052
0.0015409163148460238
0.0020904290733742828
GEN 98 time 1599166522
0.0014010463019446075
0.0019092437061255052
0.0015409163148460238
0.0020904290733742828
GEN 99 time 1599166525
0.0014010463019446075
0.0019092437061255052
0.0015409163148460238
0.0020904290733742828
GEN 100 time 1599166529
0.0014010463019446075
0.0019092437061255052
0.0015409163148460238
0.0020904290733742828
GEN 101 time 1599166532
0.0014010463019446075
0.0019092437061255052
0.0015409163148460238
0.0020904290733742828
GEN 102 time 1599166535
0.0014010463019446075
0.0019092437061255052
0.0015409163148460238
0.0020904290733742828
GEN 103 time 1599166538
0.0014010463019446075
0.0019092437061255052
0.0015409163148460238
0.0020904290733742828
GEN 104 time 1599166541
0.0014010463019446075
0.0019092437061255052
0.0015409163148460238
0.0020904290733742828
GEN 105 time 1599166545
0.0014010463019446075
0.0019092437061255052
0.0015409163148460238
0.0020904290733742828
GEN 106 time 1599166548
0.0014010463019446075
0.0019092437061255052
0.0015409163148460238
0.0020904290733742828
GEN 107 time 1599166551
0.0014010463019446075
0.0019092437061255052
0.0015409163148460238
0.0020904290733742828
GEN 108 time 1599166554
0.0014010463019446075
0.0019092437061255052
0.0015409163148460238
0.0020904290733742828
GEN 109 time 1599166558
0.0014010463019446075
0.0019092437061255052
0.0015409163148460238
0.0020904290733742828
GEN 110 time 1599166561
0.0014010463019446075
0.0019092437061255052
0.0015409163148460238
0.0020904290733742828
GEN 111 time 1599166564
0.0014010463019446075
0.0019092437061255052
0.0015409163148460238
0.0020904290733742828
GEN 112 time 1599166567
0.0014010463019446075
0.0019092437061255052
0.0015409163148460238
0.0020904290733742828
GEN 113 time 1599166571
0.0014010463019446075
0.0019092437061255052
0.0015409163148460238
0.0020904290733742828
GEN 114 time 1599166574
0.0014010463019446075
0.0019092437061255052
0.0015409163148460238
0.0020904290733742828
GEN 115 time 1599166577
0.0014010463019446075
0.0019092437061255052
0.0015409163148460238
0.0020904290733742828
GEN 116 time 1599166580
0.0014010463019446075
0.0019092437061255052
0.0015409163148460238
0.0020904290733742828
GEN 117 time 1599166583
0.0014010463019446075
0.0019092437061255052
0.0015409163148460238
0.0020904290733742828
GEN 118 time 1599166587
0.0014010463019446075
0.0019092437061255052
0.0015409163148460238
0.0020904290733742828
GEN 119 time 1599166590
0.0014010463019446075
0.0019092437061255052
0.0015409163148460238
0.0020904290733742828
GEN 120 time 1599166593
0.0014010463019446075
0.0019092437061255052
0.0015409163148460238
0.0020904290733742828
GEN 121 time 1599166596
0.0014010463019446075
0.001767922759370146
0.0015409163148460238
0.0020904290733742828
GEN 122 time 1599166600
0.0014010463019446075
0.001767922759370146
0.0015409163148460238
0.0020904290733742828
GEN 123 time 1599166603
0.0014010463019446075
0.001767922759370146
0.0015409163148460238
0.0020904290733742828
GEN 124 time 1599166606
0.0014010463019446075
0.001767922759370146
0.0015409163148460238
0.0020904290733742828
GEN 125 time 1599166609
0.0014010463019446075
0.001767922759370146
0.0015409163148460238
0.0020904290733742828
GEN 126 time 1599166612
0.0014010463019446075
0.001767922759370146
0.0015409163148460238
0.0020904290733742828
GEN 127 time 1599166616
0.0014010463019446075
0.001767922759370146
0.0015409163148460238
0.0020904290733742828
GEN 128 time 1599166619
0.0014010463019446075
0.001767922759370146
0.0015409163148460238
0.0020904290733742828
GEN 129 time 1599166622
0.0014010463019446075
0.001767922759370146
0.0015409163148460238
0.0020904290733742828
GEN 130 time 1599166625
0.0014010463019446075
0.001767922759370146
0.0015409163148460238
0.0020904290733742828
GEN 131 time 1599166628
0.0014010463019446075
0.001767922759370146
0.0015409163148460238
0.0020904290733742828
GEN 132 time 1599166632
0.0014010463019446075
0.001767922759370146
0.0015409163148460238
0.0020904290733742828
GEN 133 time 1599166635
0.0014010463019446075
0.001767922759370146
0.0015409163148460238
0.0020904290733742828
GEN 134 time 1599166638
0.0014010463019446075
0.001767922759370146
0.0015409163148460238
0.0020904290733742828
GEN 135 time 1599166641
0.0014010463019446075
0.001767922759370146
0.0015409163148460238
0.0020904290733742828
GEN 136 time 1599166645
0.0014010463019446075
0.001767922759370146
0.0015409163148460238
0.0020904290733742828
GEN 137 time 1599166648
0.0014010463019446075
0.001767922759370146
0.0015409163148460238
0.0020904290733742828
GEN 138 time 1599166651
0.0014010463019446075
0.001767922759370146
0.0015409163148460238
0.0020904290733742828
GEN 139 time 1599166655
0.0014010463019446075
0.001767922759370146
0.0015409163148460238
0.0020904290733742828
GEN 140 time 1599166658
0.0014010463019446075
0.001767922759370146
0.0015409163148460238
0.0020904290733742828
GEN 141 time 1599166661
0.0014010463019446075
0.001767922759370146
0.0015409163148460238
0.0020904290733742828
GEN 142 time 1599166664
0.0014010463019446075
0.001767922759370146
0.0015409163148460238
0.0020904290733742828
GEN 143 time 1599166667
0.0014010463019446075
0.001767922759370146
0.0015409163148460238
0.0020904290733742828
GEN 144 time 1599166671
0.0014010463019446075
0.001767922759370146
0.0015409163148460238
0.0020904290733742828
GEN 145 time 1599166674
0.0014010463019446075
0.001767922759370146
0.0015409163148460238
0.0020904290733742828
GEN 146 time 1599166677
0.0014010463019446075
0.001767922759370146
0.0015409163148460238
0.0020904290733742828
GEN 147 time 1599166680
0.0014010463019446075
0.001767922759370146
0.0015409163148460238
0.0020904290733742828
GEN 148 time 1599166684
0.0014010463019446075
0.001767922759370146
0.0015409163148460238
0.0020904290733742828
GEN 149 time 1599166687
0.0014010463019446075
0.001767922759370146
0.0015409163148460238
0.0020904290733742828
GEN 150 time 1599166690
0.0014010463019446075
0.001767922759370146
0.0015409163148460238
0.0020904290733742828
GEN 151 time 1599166694
0.0014010463019446075
0.001767922759370146
0.0015409163148460238
0.0020904290733742828
GEN 152 time 1599166697
0.0014010463019446075
0.001767922759370146
0.0015409163148460238
0.0020904290733742828
GEN 153 time 1599166700
0.0014010463019446075
0.001767922759370146
0.0015409163148460238
0.0020904290733742828
GEN 154 time 1599166703
0.0014010463019446075
0.001767922759370146
0.0015409163148460238
0.0020904290733742828
GEN 155 time 1599166707
0.0014010463019446075
0.001767922759370146
0.0015409163148460238
0.0020904290733742828
GEN 156 time 1599166710
0.0014010463019446075
0.001767922759370146
0.0015409163148460238
0.0020904290733742828
GEN 157 time 1599166713
0.0014010463019446075
0.001767922759370146
0.0015409163148460238
0.0020904290733742828
GEN 158 time 1599166716
0.0014010463019446075
0.001767922759370146
0.0015409163148460238
0.0020904290733742828
GEN 159 time 1599166719
0.0014010463019446075
0.001767922759370146
0.0015409163148460238
0.0020904290733742828
GEN 160 time 1599166722
0.0014010463019446075
0.001767922759370146
0.0015409163148460238
0.0020904290733742828
GEN 161 time 1599166726
0.0014010463019446075
0.001767922759370146
0.0015409163148460238
0.0020904290733742828
GEN 162 time 1599166729
0.0014010463019446075
0.001767922759370146
0.0015409163148460238
0.0020904290733742828
GEN 163 time 1599166732
0.0014010463019446075
0.001767922759370146
0.0015409163148460238
0.0020904290733742828
GEN 164 time 1599166735
0.0014010463019446075
0.001767922759370146
0.0015409163148460238
0.0020904290733742828
GEN 165 time 1599166739
0.0014010463019446075
0.001767922759370146
0.0015409163148460238
0.0020904290733742828
GEN 166 time 1599166742
0.0014010463019446075
0.001767922759370146
0.0015409163148460238
0.0020904290733742828
GEN 167 time 1599166745
0.0014010463019446075
0.001767922759370146
0.0015409163148460238
0.0020904290733742828
GEN 168 time 1599166748
0.0014010463019446075
0.001767922759370146
0.0015409163148460238
0.0020904290733742828
GEN 169 time 1599166751
0.0014010463019446075
0.001767922759370146
0.0015409163148460238
0.0020904290733742828
GEN 170 time 1599166755
0.0014010463019446075
0.001767922759370146
0.0015409163148460238
0.0020904290733742828
GEN 171 time 1599166758
0.0014010463019446075
0.001767922759370146
0.0015409163148460238
0.0020904290733742828
GEN 172 time 1599166761
0.0014010463019446075
0.001767922759370146
0.0015409163148460238
0.0020904290733742828
GEN 173 time 1599166764
0.0014010463019446075
0.001767922759370146
0.0015409163148460238
0.0020904290733742828
GEN 174 time 1599166767
0.0014010463019446075
0.001767922759370146
0.0015409163148460238
0.0020904290733742828
GEN 175 time 1599166771
0.0014010463019446075
0.001767922759370146
0.0015409163148460238
0.0020904290733742828
GEN 176 time 1599166774
0.0014010463019446075
0.001767922759370146
0.0015409163148460238
0.0020904290733742828
GEN 177 time 1599166777
0.0014010463019446075
0.001767922759370146
0.0015409163148460238
0.0020904290733742828
GEN 178 time 1599166780
0.0014010463019446075
0.001767922759370146
0.0015409163148460238
0.0020904290733742828
GEN 179 time 1599166784
0.0014010463019446075
0.001767922759370146
0.0015409163148460238
0.0020904290733742828
GEN 180 time 1599166787
0.0014010463019446075
0.001767922759370146
0.0015409163148460238
0.0020904290733742828
GEN 181 time 1599166790
0.0014010463019446075
0.001767922759370146
0.0015409163148460238
0.0020904290733742828
GEN 182 time 1599166793
0.0014010463019446075
0.001767922759370146
0.0015409163148460238
0.0020904290733742828
GEN 183 time 1599166797
0.0014010463019446075
0.001767922759370146
0.0015409163148460238
0.0020904290733742828
GEN 184 time 1599166800
0.0014010463019446075
0.001767922759370146
0.0015409163148460238
0.0020904290733742828
GEN 185 time 1599166803
0.0014010463019446075
0.001767922759370146
0.0015409163148460238
0.0020904290733742828
GEN 186 time 1599166806
0.0014010463019446075
0.001767922759370146
0.0015409163148460238
0.0020904290733742828
GEN 187 time 1599166810
0.0014010463019446075
0.001767922759370146
0.0015409163148460238
0.0020904290733742828
GEN 188 time 1599166813
0.0014010463019446075
0.001767922759370146
0.0015409163148460238
0.0020904290733742828
GEN 189 time 1599166816
0.0014010463019446075
0.001767922759370146
0.0015409163148460238
0.0020904290733742828
GEN 190 time 1599166819
0.0014010463019446075
0.001767922759370146
0.0015409163148460238
0.0020904290733742828
GEN 191 time 1599166823
0.0014010463019446075
0.001767922759370146
0.0015409163148460238
0.0020904290733742828
GEN 192 time 1599166826
0.0014010463019446075
0.001767922759370146
0.0015409163148460238
0.0020904290733742828
GEN 193 time 1599166829
0.0014010463019446075
0.001767922759370146
0.0015409163148460238
0.0020904290733742828
GEN 194 time 1599166833
0.0014010463019446075
0.001767922759370146
0.0015409163148460238
0.0020904290733742828
GEN 195 time 1599166836
0.0014010463019446075
0.001767922759370146
0.0015409163148460238
0.0020904290733742828
GEN 196 time 1599166839
0.0014010463019446075
0.001767922759370146
0.0015409163148460238
0.0020904290733742828
GEN 197 time 1599166842
0.0014010463019446075
0.001767922759370146
0.0015409163148460238
0.0020904290733742828
GEN 198 time 1599166846
0.0014010463019446075
0.001767922759370146
0.0015409163148460238
0.0020904290733742828
GEN 199 time 1599166849
0.0014010463019446075
0.001767922759370146
0.0015409163148460238
0.0020904290733742828
