['./data/small/layer/uu-dem4_r25_1.json', './data/small/hop/uu-dem3_r25_1_0.json', './data/small/hop/uu-dem4_r25_1_0.json', './data/small/hop/uu-dem8_r25_1_0.json']
GEN 0 time 1599126362
0.0016645867073912172
0.002431619848534513
0.0020172261389345553
0.002251304025150033
GEN 1 time 1599126364
0.0016645867073912172
0.002431619848534513
0.0019409563148460238
0.0018874808962521415
GEN 2 time 1599126366
0.0014584555404298799
0.0023220127830798137
0.0019409563148460238
0.0017573123019863452
GEN 3 time 1599126368
0.0014584555404298799
0.0023220127830798137
0.0019409563148460238
0.0017573123019863452
GEN 4 time 1599126371
0.0014584555404298799
0.0023220127830798137
0.0019409563148460238
0.0017573123019863452
GEN 5 time 1599126374
0.0014584555404298799
0.0023220127830798137
0.0018981714955128058
0.0017573123019863452
GEN 6 time 1599126376
0.0014584555404298799
0.002069353324419415
0.0018981714955128058
0.0017573123019863452
GEN 7 time 1599126379
0.0014584555404298799
0.0019384086390447082
0.0018642821461643659
0.0017573123019863452
GEN 8 time 1599126382
0.0014584555404298799
0.0019384086390447082
0.0018061177234175625
0.0017573123019863452
GEN 9 time 1599126385
0.0014584555404298799
0.0019384086390447082
0.0018061177234175625
0.0017573123019863452
GEN 10 time 1599126387
0.0014584555404298799
0.0019384086390447082
0.0018061177234175625
0.0017573123019863452
GEN 11 time 1599126390
0.0014584555404298799
0.0019384086390447082
0.0016171861389345553
0.0017573123019863452
GEN 12 time 1599126392
0.0014584555404298799
0.0019384086390447082
0.0016171861389345553
0.0017573123019863452
GEN 13 time 1599126395
0.0014584555404298799
0.0019384086390447082
0.0016171861389345553
0.0017573123019863452
GEN 14 time 1599126398
0.0014584555404298799
0.0019384086390447082
0.0016171861389345553
0.0017573123019863452
GEN 15 time 1599126401
0.0014584555404298799
0.0019384086390447082
0.0016171861389345553
0.0017573123019863452
GEN 16 time 1599126404
0.0014584555404298799
0.0019384086390447082
0.0016171861389345553
0.0017573123019863452
GEN 17 time 1599126406
0.0014584555404298799
0.0019384086390447082
0.0016171861389345553
0.0015680251211328548
GEN 18 time 1599126409
0.0014584555404298799
0.0019384086390447082
0.0016171861389345553
0.0015680251211328548
GEN 19 time 1599126412
0.0014584555404298799
0.0019384086390447082
0.0016171861389345553
0.0015680251211328548
GEN 20 time 1599126415
0.0014584555404298799
0.0019384086390447082
0.0016171861389345553
0.0015680251211328548
GEN 21 time 1599126418
0.0014584555404298799
0.0019384086390447082
0.0016171861389345553
0.0015680251211328548
GEN 22 time 1599126421
0.0014584555404298799
0.0019384086390447082
0.0016171861389345553
0.0015680251211328548
GEN 23 time 1599126424
0.0014584555404298799
0.001871447085525784
0.0016171861389345553
0.0015680251211328548
GEN 24 time 1599126426
0.0014584555404298799
0.001871447085525784
0.0016171861389345553
0.0015680251211328548
GEN 25 time 1599126429
0.0014584555404298799
0.001871447085525784
0.0016171861389345553
0.0015680251211328548
GEN 26 time 1599126432
0.0014584555404298799
0.001871447085525784
0.0016125054010504565
0.0015680251211328548
GEN 27 time 1599126435
0.0014584555404298799
0.001871447085525784
0.0016125054010504565
0.0015680251211328548
GEN 28 time 1599126438
0.0014584555404298799
0.001871447085525784
0.0016125054010504565
0.0015680251211328548
GEN 29 time 1599126441
0.0014584555404298799
0.001871447085525784
0.0016125054010504565
0.0015384339408657786
GEN 30 time 1599126444
0.0014584555404298799
0.001871447085525784
0.0016125054010504565
0.0015384339408657786
GEN 31 time 1599126447
0.0014584555404298799
0.001871447085525784
0.0016125054010504565
0.0015384339408657786
GEN 32 time 1599126450
0.0014584555404298799
0.001871447085525784
0.0016125054010504565
0.0015384339408657786
GEN 33 time 1599126453
0.0014584555404298799
0.001871447085525784
0.0016125054010504565
0.0015384339408657786
GEN 34 time 1599126456
0.0014584555404298799
0.001871447085525784
0.0016125054010504565
0.0015384339408657786
GEN 35 time 1599126459
0.0014584555404298799
0.001871447085525784
0.0016125054010504565
0.0015384339408657786
GEN 36 time 1599126462
0.0014584555404298799
0.001871447085525784
0.0016125054010504565
0.001455433285745629
GEN 37 time 1599126465
0.0014584555404298799
0.001871447085525784
0.0016125054010504565
0.001455433285745629
GEN 38 time 1599126468
0.0014584555404298799
0.001871447085525784
0.0016125054010504565
0.001455433285745629
GEN 39 time 1599126471
0.0014584555404298799
0.001871447085525784
0.0015869575491546189
0.001455433285745629
GEN 40 time 1599126475
0.0014584555404298799
0.001871447085525784
0.0015869575491546189
0.001455433285745629
GEN 41 time 1599126478
0.0014584555404298799
0.001871447085525784
0.0015869575491546189
0.001455433285745629
GEN 42 time 1599126481
0.0014584555404298799
0.001871447085525784
0.0015869575491546189
0.001455433285745629
GEN 43 time 1599126484
0.0014584555404298799
0.001871447085525784
0.0015869575491546189
0.001455433285745629
GEN 44 time 1599126486
0.0014584555404298799
0.001871447085525784
0.0015869575491546189
0.001455433285745629
GEN 45 time 1599126489
0.0014584555404298799
0.001871447085525784
0.0015869575491546189
0.001455433285745629
GEN 46 time 1599126492
0.0014584555404298799
0.001871447085525784
0.0015869575491546189
0.001455433285745629
GEN 47 time 1599126495
0.0014584555404298799
0.001871447085525784
0.0015869575491546189
0.001455433285745629
GEN 48 time 1599126498
0.0014584555404298799
0.001871447085525784
0.0015869575491546189
0.001455433285745629
GEN 49 time 1599126501
0.0014584555404298799
0.001871447085525784
0.0015869575491546189
0.001455433285745629
GEN 50 time 1599126504
0.0014584555404298799
0.001871447085525784
0.0015869575491546189
0.001455433285745629
GEN 51 time 1599126507
0.0014584555404298799
0.0017958220934890137
0.0015869575491546189
0.001455433285745629
GEN 52 time 1599126509
0.0014584555404298799
0.0017958220934890137
0.0015869575491546189
0.001455433285745629
GEN 53 time 1599126512
0.0014584555404298799
0.0017958220934890137
0.0015869575491546189
0.001455433285745629
GEN 54 time 1599126515
0.0014584555404298799
0.0017958220934890137
0.0015869575491546189
0.001455433285745629
GEN 55 time 1599126518
0.0014584555404298799
0.0017958220934890137
0.0015869575491546189
0.001455433285745629
GEN 56 time 1599126521
0.0014584555404298799
0.0017958220934890137
0.0015869575491546189
0.001455433285745629
GEN 57 time 1599126523
0.0014584555404298799
0.0017958220934890137
0.0015869575491546189
0.001455433285745629
GEN 58 time 1599126526
0.0014584555404298799
0.0017958220934890137
0.0015869575491546189
0.001455433285745629
GEN 59 time 1599126529
0.0014584555404298799
0.0017958220934890137
0.0015869575491546189
0.001455433285745629
GEN 60 time 1599126532
0.0014584555404298799
0.0017958220934890137
0.0015869575491546189
0.001455433285745629
GEN 61 time 1599126534
0.0014584555404298799
0.0017958220934890137
0.0015869575491546189
0.001455433285745629
GEN 62 time 1599126537
0.0014584555404298799
0.0017958220934890137
0.0015869575491546189
0.001455433285745629
GEN 63 time 1599126539
0.0014584555404298799
0.0017958220934890137
0.0015869575491546189
0.001455433285745629
GEN 64 time 1599126542
0.0014584555404298799
0.0017958220934890137
0.0015869575491546189
0.001455433285745629
GEN 65 time 1599126545
0.0014584555404298799
0.0017958220934890137
0.0015869575491546189
0.001455433285745629
GEN 66 time 1599126547
0.0014584555404298799
0.0017958220934890137
0.0015869575491546189
0.001455433285745629
GEN 67 time 1599126550
0.0014584555404298799
0.0017958220934890137
0.0015869575491546189
0.001455433285745629
GEN 68 time 1599126552
0.0014584555404298799
0.0017958220934890137
0.0015869575491546189
0.001455433285745629
GEN 69 time 1599126555
0.0014584555404298799
0.0017958220934890137
0.0015869575491546189
0.001455433285745629
GEN 70 time 1599126557
0.0014584555404298799
0.0017958220934890137
0.0015869575491546189
0.001455433285745629
GEN 71 time 1599126560
0.0014584555404298799
0.0017958220934890137
0.0015869575491546189
0.001455433285745629
GEN 72 time 1599126563
0.0014584555404298799
0.0017958220934890137
0.0015869575491546189
0.001455433285745629
GEN 73 time 1599126565
0.0014584555404298799
0.0017958220934890137
0.0015869575491546189
0.001455433285745629
GEN 74 time 1599126568
0.0014584555404298799
0.0017958220934890137
0.0015869575491546189
0.001455433285745629
GEN 75 time 1599126571
0.0014584555404298799
0.0017958220934890137
0.0015869575491546189
0.001455433285745629
GEN 76 time 1599126574
0.0014584555404298799
0.0017958220934890137
0.0015869575491546189
0.001455433285745629
GEN 77 time 1599126576
0.0014584555404298799
0.0017958220934890137
0.0015869575491546189
0.001455433285745629
GEN 78 time 1599126579
0.0014584555404298799
0.0017958220934890137
0.0015869575491546189
0.001455433285745629
GEN 79 time 1599126582
0.0014584555404298799
0.0017958220934890137
0.0015869575491546189
0.001455433285745629
GEN 80 time 1599126585
0.0014584555404298799
0.0017958220934890137
0.0015869575491546189
0.001455433285745629
GEN 81 time 1599126587
0.0014584555404298799
0.0017958220934890137
0.0015869575491546189
0.001455433285745629
GEN 82 time 1599126590
0.0014584555404298799
0.0017958220934890137
0.0015869575491546189
0.001455433285745629
GEN 83 time 1599126593
0.0014584555404298799
0.0017958220934890137
0.0015869575491546189
0.001455433285745629
GEN 84 time 1599126596
0.0014584555404298799
0.0017958220934890137
0.0015869575491546189
0.001455433285745629
GEN 85 time 1599126599
0.0014584555404298799
0.0017958220934890137
0.0015869575491546189
0.001455433285745629
GEN 86 time 1599126602
0.0014584555404298799
0.0017958220934890137
0.0015869575491546189
0.001455433285745629
GEN 87 time 1599126605
0.0014584555404298799
0.0017958220934890137
0.0015869575491546189
0.001455433285745629
GEN 88 time 1599126608
0.0014584555404298799
0.0017958220934890137
0.0015869575491546189
0.001455433285745629
GEN 89 time 1599126611
0.0014584555404298799
0.0017958220934890137
0.0015869575491546189
0.001455433285745629
GEN 90 time 1599126614
0.0014584555404298799
0.0017958220934890137
0.0015869575491546189
0.001455433285745629
GEN 91 time 1599126618
0.0014584555404298799
0.0017958220934890137
0.0015869575491546189
0.001455433285745629
GEN 92 time 1599126620
0.0014584555404298799
0.0017958220934890137
0.0015869575491546189
0.001455433285745629
GEN 93 time 1599126624
0.0014584555404298799
0.0017958220934890137
0.0015869575491546189
0.001455433285745629
GEN 94 time 1599126626
0.0014584555404298799
0.0017958220934890137
0.0015869575491546189
0.001455433285745629
GEN 95 time 1599126629
0.0014584555404298799
0.0017958220934890137
0.0015869575491546189
0.001455433285745629
GEN 96 time 1599126632
0.0014584555404298799
0.0017958220934890137
0.0015869575491546189
0.001437811387836301
GEN 97 time 1599126636
0.0014584555404298799
0.0017958220934890137
0.0015869575491546189
0.001437811387836301
GEN 98 time 1599126639
0.0014584555404298799
0.0017958220934890137
0.0015869575491546189
0.001437811387836301
GEN 99 time 1599126642
0.0014584555404298799
0.0017958220934890137
0.0015869575491546189
0.001437811387836301
GEN 100 time 1599126645
0.0014584555404298799
0.0017958220934890137
0.0015869575491546189
0.001437811387836301
GEN 101 time 1599126648
0.0014584555404298799
0.0017958220934890137
0.0015869575491546189
0.001437811387836301
GEN 102 time 1599126651
0.0014584555404298799
0.0017958220934890137
0.0015869575491546189
0.001437811387836301
GEN 103 time 1599126654
0.0014584555404298799
0.0017958220934890137
0.0015869575491546189
0.001437811387836301
GEN 104 time 1599126657
0.0014584555404298799
0.0017958220934890137
0.0015869575491546189
0.001437811387836301
GEN 105 time 1599126660
0.0014584555404298799
0.0017958220934890137
0.0015869575491546189
0.001437811387836301
GEN 106 time 1599126663
0.0014584555404298799
0.0017958220934890137
0.0015869575491546189
0.001437811387836301
GEN 107 time 1599126666
0.0014584555404298799
0.0017958220934890137
0.0015869575491546189
0.001437811387836301
GEN 108 time 1599126669
0.0014584555404298799
0.0017958220934890137
0.0015869575491546189
0.001437811387836301
GEN 109 time 1599126672
0.0014584555404298799
0.0017958220934890137
0.0015869575491546189
0.0013898384638624875
GEN 110 time 1599126675
0.0014584555404298799
0.0017958220934890137
0.0015869575491546189
0.0013680051211328549
GEN 111 time 1599126678
0.0014584555404298799
0.0017176967847905501
0.0015869575491546189
0.0013680051211328549
GEN 112 time 1599126681
0.0014584555404298799
0.0017176967847905501
0.0015869575491546189
0.0013680051211328549
GEN 113 time 1599126684
0.0014584555404298799
0.0017176967847905501
0.0015869575491546189
0.0013680051211328549
GEN 114 time 1599126687
0.0014584555404298799
0.0017176967847905501
0.0015869575491546189
0.0013680051211328549
GEN 115 time 1599126690
0.0014584555404298799
0.0017176967847905501
0.0015869575491546189
0.0013680051211328549
GEN 116 time 1599126694
0.0014584555404298799
0.0017176967847905501
0.0015869575491546189
0.0013680051211328549
GEN 117 time 1599126697
0.0014584555404298799
0.0017176967847905501
0.0015869575491546189
0.0013680051211328549
GEN 118 time 1599126700
0.0014584555404298799
0.0017176967847905501
0.0015869575491546189
0.0013680051211328549
GEN 119 time 1599126703
0.0014584555404298799
0.0017176967847905501
0.0015869575491546189
0.0013680051211328549
GEN 120 time 1599126706
0.0014584555404298799
0.0017176967847905501
0.0015869575491546189
0.0013680051211328549
GEN 121 time 1599126709
0.0014584555404298799
0.0017176967847905501
0.0015869575491546189
0.0013680051211328549
GEN 122 time 1599126712
0.0014584555404298799
0.0017176967847905501
0.0015869575491546189
0.0013680051211328549
GEN 123 time 1599126716
0.0014584555404298799
0.0017176967847905501
0.0015869575491546189
0.0013680051211328549
GEN 124 time 1599126719
0.0014584555404298799
0.0017176967847905501
0.0015869575491546189
0.0013680051211328549
GEN 125 time 1599126722
0.0014584555404298799
0.0017176967847905501
0.0015869575491546189
0.0013680051211328549
GEN 126 time 1599126725
0.0014584555404298799
0.0017176967847905501
0.0015869575491546189
0.0013680051211328549
GEN 127 time 1599126728
0.0014584555404298799
0.0017176967847905501
0.0015869575491546189
0.0013680051211328549
GEN 128 time 1599126731
0.0014584555404298799
0.0017176967847905501
0.0015869575491546189
0.0013680051211328549
GEN 129 time 1599126735
0.0014584555404298799
0.0017176967847905501
0.0015869575491546189
0.0013680051211328549
GEN 130 time 1599126738
0.0014584555404298799
0.0017176967847905501
0.0015869575491546189
0.0013680051211328549
GEN 131 time 1599126741
0.0014584555404298799
0.0017176967847905501
0.0015869575491546189
0.0013680051211328549
GEN 132 time 1599126744
0.0014584555404298799
0.0017176967847905501
0.0015869575491546189
0.0013680051211328549
GEN 133 time 1599126748
0.0014584555404298799
0.0017176967847905501
0.0015869575491546189
0.0013680051211328549
GEN 134 time 1599126751
0.0014584555404298799
0.0017176967847905501
0.0015869575491546189
0.0013680051211328549
GEN 135 time 1599126754
0.0014584555404298799
0.0017176967847905501
0.0015869575491546189
0.0013680051211328549
GEN 136 time 1599126757
0.0014584555404298799
0.0017176967847905501
0.0015869575491546189
0.0013680051211328549
GEN 137 time 1599126760
0.0014584555404298799
0.0017176967847905501
0.0015869575491546189
0.0013680051211328549
GEN 138 time 1599126763
0.0014584555404298799
0.0017176967847905501
0.0015869575491546189
0.0013680051211328549
GEN 139 time 1599126766
0.0014584555404298799
0.0017176967847905501
0.0015869575491546189
0.0013680051211328549
GEN 140 time 1599126769
0.0014584555404298799
0.0017176967847905501
0.0015869575491546189
0.0013680051211328549
GEN 141 time 1599126773
0.0014584555404298799
0.0017176967847905501
0.0015869575491546189
0.0013680051211328549
GEN 142 time 1599126776
0.0014584555404298799
0.0017176967847905501
0.0015869575491546189
0.0013680051211328549
GEN 143 time 1599126779
0.0014584555404298799
0.0017176967847905501
0.0015869575491546189
0.0013680051211328549
GEN 144 time 1599126783
0.0014584555404298799
0.0017176967847905501
0.0015869575491546189
0.0013680051211328549
GEN 145 time 1599126786
0.0014584555404298799
0.0017176967847905501
0.0015869575491546189
0.0013680051211328549
GEN 146 time 1599126790
0.0014584555404298799
0.0017176967847905501
0.0015869575491546189
0.0013680051211328549
GEN 147 time 1599126793
0.0014584555404298799
0.0017176967847905501
0.0015869575491546189
0.0013680051211328549
GEN 148 time 1599126797
0.0014584555404298799
0.0017176967847905501
0.0015869575491546189
0.0013680051211328549
GEN 149 time 1599126800
0.0014584555404298799
0.0017176967847905501
0.0015869575491546189
0.0013680051211328549
GEN 150 time 1599126803
0.0014584555404298799
0.0017176967847905501
0.0015869575491546189
0.0013680051211328549
GEN 151 time 1599126806
0.0014584555404298799
0.0017176967847905501
0.0015869575491546189
0.0013680051211328549
GEN 152 time 1599126809
0.0014584555404298799
0.0017176967847905501
0.0015869575491546189
0.0013680051211328549
GEN 153 time 1599126813
0.0014584555404298799
0.0017176967847905501
0.0015869575491546189
0.0013680051211328549
GEN 154 time 1599126816
0.0014584555404298799
0.0017176967847905501
0.0015869575491546189
0.0013680051211328549
GEN 155 time 1599126819
0.0014584555404298799
0.0017176967847905501
0.0015869575491546189
0.0013680051211328549
GEN 156 time 1599126822
0.0014584555404298799
0.0017176967847905501
0.0015869575491546189
0.0013680051211328549
GEN 157 time 1599126825
0.0014584555404298799
0.0017176967847905501
0.0015869575491546189
0.0013680051211328549
GEN 158 time 1599126829
0.0014584555404298799
0.0017176967847905501
0.0015869575491546189
0.0013680051211328549
GEN 159 time 1599126832
0.0014584555404298799
0.0017176967847905501
0.0015869575491546189
0.0013680051211328549
GEN 160 time 1599126835
0.0014584555404298799
0.0017176967847905501
0.0015869575491546189
0.0013680051211328549
GEN 161 time 1599126838
0.0014584555404298799
0.0017176967847905501
0.0015869575491546189
0.0013680051211328549
GEN 162 time 1599126842
0.0014584555404298799
0.0017176967847905501
0.0015869575491546189
0.0013680051211328549
GEN 163 time 1599126845
0.0014584555404298799
0.0017176967847905501
0.0015869575491546189
0.0013680051211328549
GEN 164 time 1599126848
0.0014584555404298799
0.0017176967847905501
0.0015869575491546189
0.0013680051211328549
GEN 165 time 1599126852
0.0014584555404298799
0.0017176967847905501
0.0015869575491546189
0.0013680051211328549
GEN 166 time 1599126855
0.0014584555404298799
0.0017176967847905501
0.0015869575491546189
0.0013680051211328549
GEN 167 time 1599126858
0.0014584555404298799
0.0017176967847905501
0.0015869575491546189
0.0013680051211328549
GEN 168 time 1599126861
0.0014584555404298799
0.0017176967847905501
0.0015869575491546189
0.0013680051211328549
GEN 169 time 1599126865
0.0014584555404298799
0.0017176967847905501
0.0015869575491546189
0.0013680051211328549
GEN 170 time 1599126868
0.0014584555404298799
0.0017176967847905501
0.0015869575491546189
0.0013680051211328549
GEN 171 time 1599126871
0.0014584555404298799
0.0017176967847905501
0.0015869575491546189
0.0013680051211328549
GEN 172 time 1599126874
0.0014584555404298799
0.0017176967847905501
0.0015869575491546189
0.0013680051211328549
GEN 173 time 1599126878
0.0014584555404298799
0.0017176967847905501
0.0015869575491546189
0.0013680051211328549
GEN 174 time 1599126881
0.0014584555404298799
0.0017176967847905501
0.0015869575491546189
0.0013680051211328549
GEN 175 time 1599126884
0.0014584555404298799
0.0017176967847905501
0.0015869575491546189
0.0013680051211328549
GEN 176 time 1599126887
0.0014584555404298799
0.0017176967847905501
0.0015869575491546189
0.0013680051211328549
GEN 177 time 1599126890
0.0014584555404298799
0.0017176967847905501
0.0015869575491546189
0.0013680051211328549
GEN 178 time 1599126894
0.0014584555404298799
0.0017176967847905501
0.0015869575491546189
0.0013680051211328549
GEN 179 time 1599126897
0.0014584555404298799
0.0017176967847905501
0.0015869575491546189
0.0013680051211328549
GEN 180 time 1599126900
0.0014584555404298799
0.0017176967847905501
0.0015869575491546189
0.0013680051211328549
GEN 181 time 1599126903
0.0014584555404298799
0.0017176967847905501
0.0015869575491546189
0.0013680051211328549
GEN 182 time 1599126906
0.0014584555404298799
0.0017176967847905501
0.0015869575491546189
0.0013680051211328549
GEN 183 time 1599126909
0.0014584555404298799
0.0017176967847905501
0.0015869575491546189
0.0013680051211328549
GEN 184 time 1599126912
0.0014584555404298799
0.0017176967847905501
0.0015869575491546189
0.0013680051211328549
GEN 185 time 1599126915
0.0014584555404298799
0.0017176967847905501
0.0015869575491546189
0.0013680051211328549
GEN 186 time 1599126919
0.0014584555404298799
0.0017176967847905501
0.0015869575491546189
0.0013680051211328549
GEN 187 time 1599126922
0.0014584555404298799
0.0017176967847905501
0.0015869575491546189
0.0013680051211328549
GEN 188 time 1599126925
0.0014584555404298799
0.0017176967847905501
0.0015869575491546189
0.0013680051211328549
GEN 189 time 1599126928
0.0014584555404298799
0.0017176967847905501
0.0015869575491546189
0.0013680051211328549
GEN 190 time 1599126931
0.0014584555404298799
0.0017176967847905501
0.0015869575491546189
0.0013680051211328549
GEN 191 time 1599126935
0.0014584555404298799
0.0017176967847905501
0.0015869575491546189
0.0013680051211328549
GEN 192 time 1599126938
0.0014584555404298799
0.0017176967847905501
0.0015869575491546189
0.0013680051211328549
GEN 193 time 1599126941
0.0014584555404298799
0.0017176967847905501
0.0015869575491546189
0.0013680051211328549
GEN 194 time 1599126944
0.0014584555404298799
0.0017176967847905501
0.0015869575491546189
0.0013680051211328549
GEN 195 time 1599126947
0.0014584555404298799
0.0017176967847905501
0.0015869575491546189
0.0013680051211328549
GEN 196 time 1599126950
0.0014584555404298799
0.0017176967847905501
0.0015869575491546189
0.0013680051211328549
GEN 197 time 1599126953
0.0014584555404298799
0.0017176967847905501
0.0015869575491546189
0.0013680051211328549
GEN 198 time 1599126956
0.0014584555404298799
0.0017176967847905501
0.0015869575491546189
0.0013680051211328549
GEN 199 time 1599126960
0.0014584555404298799
0.0017176967847905501
0.0015869575491546189
0.0013680051211328549
