['./data/small/layer/uu-dem1_r25_1.json', './data/small/hop/uu-dem1_r25_1_0.json', './data/small/hop/uu-dem10_r25_1_0.json', './data/small/hop/uu-dem2_r25_1_0.json']
GEN 0 time 1599121687
0.0016253133020812068
0.002213550360814103
0.002296170906547681
0.0019909707244228523
GEN 1 time 1599121690
0.001558040102686716
0.002213550360814103
0.002296170906547681
0.0019909707244228523
GEN 2 time 1599121693
0.0015079182472070274
0.0021596191474461653
0.002296170906547681
0.0018574023313404852
GEN 3 time 1599121695
0.0015079182472070274
0.0021596191474461653
0.002296170906547681
0.0018574023313404852
GEN 4 time 1599121698
0.0014593627280774775
0.0020407670334389675
0.002296170906547681
0.0018574023313404852
GEN 5 time 1599121701
0.0014593627280774775
0.0018971713772198643
0.002296170906547681
0.0018464562797863814
GEN 6 time 1599121704
0.0014593627280774775
0.0018971713772198643
0.002296170906547681
0.0018464562797863814
GEN 7 time 1599121707
0.0014571191963555909
0.0018971713772198643
0.0022219324312337126
0.0018464562797863814
GEN 8 time 1599121710
0.0014571191963555909
0.0018971713772198643
0.0022219324312337126
0.0018464562797863814
GEN 9 time 1599121713
0.0014571191963555909
0.0018310671156844022
0.0022219324312337126
0.0018464562797863814
GEN 10 time 1599121716
0.0014571191963555909
0.0018310671156844022
0.0022219324312337126
0.0018464562797863814
GEN 11 time 1599121719
0.001433914949804524
0.0018310671156844022
0.0022219324312337126
0.0018464562797863814
GEN 12 time 1599121722
0.001433914949804524
0.0018310671156844022
0.0022219324312337126
0.0018464562797863814
GEN 13 time 1599121725
0.001433914949804524
0.0018310671156844022
0.0022007582748813457
0.0018464562797863814
GEN 14 time 1599121728
0.001433914949804524
0.0018310671156844022
0.0022007582748813457
0.0018464562797863814
GEN 15 time 1599121731
0.001433914949804524
0.0018310671156844022
0.002004983090321694
0.0018464562797863814
GEN 16 time 1599121734
0.001433914949804524
0.0018310671156844022
0.002004983090321694
0.0018464562797863814
GEN 17 time 1599121737
0.001433914949804524
0.0018310671156844022
0.002004983090321694
0.0018464562797863814
GEN 18 time 1599121740
0.001433914949804524
0.0018310671156844022
0.0018168591657516853
0.0018464562797863814
GEN 19 time 1599121743
0.0014200353557188529
0.0018310671156844022
0.0018168591657516853
0.0018464562797863814
GEN 20 time 1599121746
0.0014200353557188529
0.0018310671156844022
0.0018168591657516853
0.0018464562797863814
GEN 21 time 1599121749
0.0014200353557188529
0.0018310671156844022
0.0018168591657516853
0.00176822201005477
GEN 22 time 1599121752
0.0014200353557188529
0.0017882221523830284
0.0016168391657516853
0.00176822201005477
GEN 23 time 1599121754
0.0014200353557188529
0.0017882221523830284
0.0016168391657516853
0.00176822201005477
GEN 24 time 1599121758
0.0014200353557188529
0.0017882221523830284
0.0016168391657516853
0.00176822201005477
GEN 25 time 1599121760
0.0014200353557188529
0.0017882221523830284
0.0016168391657516853
0.0017526150202249687
GEN 26 time 1599121763
0.0014200353557188529
0.0017882221523830284
0.0016168391657516853
0.0017526150202249687
GEN 27 time 1599121766
0.0014200353557188529
0.0017799631924229663
0.0016168391657516853
0.0017526150202249687
GEN 28 time 1599121769
0.0014200353557188529
0.0017799631924229663
0.0016168391657516853
0.0017526150202249687
GEN 29 time 1599121772
0.0014200353557188529
0.0017799631924229663
0.0016168391657516853
0.0017526150202249687
GEN 30 time 1599121775
0.0014200353557188529
0.0017799631924229663
0.0016168391657516853
0.0017526150202249687
GEN 31 time 1599121778
0.0014200353557188529
0.0017799631924229663
0.0016168391657516853
0.0017467321377349428
GEN 32 time 1599121781
0.0014200353557188529
0.0017799631924229663
0.0016168391657516853
0.0015909307244228522
GEN 33 time 1599121783
0.0014200353557188529
0.0016407270334389673
0.0016168391657516853
0.0015909307244228522
GEN 34 time 1599121786
0.0013241549149018502
0.0016407270334389673
0.0016168391657516853
0.0015909307244228522
GEN 35 time 1599121789
0.0013241549149018502
0.0016407270334389673
0.0016168391657516853
0.0015909307244228522
GEN 36 time 1599121792
0.0013241549149018502
0.0016407270334389673
0.0016168391657516853
0.0015909307244228522
GEN 37 time 1599121795
0.0013241549149018502
0.0016407270334389673
0.0016168391657516853
0.0015909307244228522
GEN 38 time 1599121797
0.0013241549149018502
0.0016407270334389673
0.0016168391657516853
0.0015909307244228522
GEN 39 time 1599121800
0.0013241549149018502
0.0016407270334389673
0.0016168391657516853
0.0015909307244228522
GEN 40 time 1599121803
0.0013241549149018502
0.0016407270334389673
0.0016168391657516853
0.0015909307244228522
GEN 41 time 1599121806
0.0013241549149018502
0.0016407270334389673
0.0016168391657516853
0.0015909307244228522
GEN 42 time 1599121809
0.0013241549149018502
0.0015365177290225748
0.0016168391657516853
0.0015909307244228522
GEN 43 time 1599121812
0.0013241549149018502
0.0015365177290225748
0.0016168391657516853
0.0015909307244228522
GEN 44 time 1599121815
0.0013241549149018502
0.0015365177290225748
0.0016168391657516853
0.0015909307244228522
GEN 45 time 1599121818
0.0013241549149018502
0.0015365177290225748
0.0016168391657516853
0.0015909307244228522
GEN 46 time 1599121821
0.0013241549149018502
0.0015365177290225748
0.0016168391657516853
0.0015909307244228522
GEN 47 time 1599121824
0.0013241549149018502
0.0015365177290225748
0.0016168391657516853
0.0015909307244228522
GEN 48 time 1599121827
0.0013241549149018502
0.0015365177290225748
0.0016168391657516853
0.0015909307244228522
GEN 49 time 1599121830
0.0013241549149018502
0.0015365177290225748
0.0016168391657516853
0.0015909307244228522
GEN 50 time 1599121833
0.0013241549149018502
0.0015365177290225748
0.0016168391657516853
0.0015909307244228522
GEN 51 time 1599121837
0.0013241549149018502
0.0015365177290225748
0.0016168391657516853
0.0015909307244228522
GEN 52 time 1599121840
0.0013241549149018502
0.0015365177290225748
0.0016168391657516853
0.0015909307244228522
GEN 53 time 1599121843
0.0013241549149018502
0.0015365177290225748
0.0016168391657516853
0.0015909307244228522
GEN 54 time 1599121846
0.0013241549149018502
0.0015365177290225748
0.0016168391657516853
0.0015909307244228522
GEN 55 time 1599121849
0.0013241549149018502
0.0015365177290225748
0.0016168391657516853
0.0015909307244228522
GEN 56 time 1599121852
0.0013241549149018502
0.0015365177290225748
0.0016168391657516853
0.0015909307244228522
GEN 57 time 1599121855
0.0013241549149018502
0.0015365177290225748
0.0016168391657516853
0.0015909307244228522
GEN 58 time 1599121858
0.0013241549149018502
0.0015365177290225748
0.0016168391657516853
0.0015909307244228522
GEN 59 time 1599121861
0.0013241549149018502
0.0015365177290225748
0.0016168391657516853
0.0015909307244228522
GEN 60 time 1599121864
0.0013241549149018502
0.0015365177290225748
0.0016168391657516853
0.0015909307244228522
GEN 61 time 1599121867
0.0013241549149018502
0.0015365177290225748
0.0016168391657516853
0.0015909307244228522
GEN 62 time 1599121870
0.0013241549149018502
0.0015365177290225748
0.0016168391657516853
0.0015909307244228522
GEN 63 time 1599121874
0.0013241549149018502
0.0015365177290225748
0.0016168391657516853
0.0015909307244228522
GEN 64 time 1599121876
0.0013241549149018502
0.0015365177290225748
0.0016168391657516853
0.0015909307244228522
GEN 65 time 1599121879
0.0013241549149018502
0.0015365177290225748
0.0016168391657516853
0.0015909307244228522
GEN 66 time 1599121882
0.0013241549149018502
0.0014729226201723507
0.0016168391657516853
0.0015909307244228522
GEN 67 time 1599121885
0.0013241549149018502
0.0014729226201723507
0.0016168391657516853
0.0015909307244228522
GEN 68 time 1599121887
0.0013241549149018502
0.0014729226201723507
0.0016168391657516853
0.0015909307244228522
GEN 69 time 1599121890
0.0013078982472070275
0.0014729226201723507
0.0016168391657516853
0.0015909307244228522
GEN 70 time 1599121893
0.0013078982472070275
0.0014729226201723507
0.0016168391657516853
0.0015909307244228522
GEN 71 time 1599121896
0.0013078982472070275
0.0014729226201723507
0.0016168391657516853
0.0015909307244228522
GEN 72 time 1599121899
0.0013078982472070275
0.0014729226201723507
0.0016168391657516853
0.0015909307244228522
GEN 73 time 1599121902
0.0013078982472070275
0.0014729226201723507
0.0016168391657516853
0.0015909307244228522
GEN 74 time 1599121904
0.0013078982472070275
0.0014729226201723507
0.0016168391657516853
0.0015909307244228522
GEN 75 time 1599121907
0.0012593427280774775
0.0014729226201723507
0.0016168391657516853
0.0015909307244228522
GEN 76 time 1599121910
0.0012593427280774775
0.0014729226201723507
0.0016168391657516853
0.0015909307244228522
GEN 77 time 1599121913
0.001242004591752547
0.0014729226201723507
0.0016168391657516853
0.0015909307244228522
GEN 78 time 1599121915
0.001242004591752547
0.0014729226201723507
0.0016168391657516853
0.0015909307244228522
GEN 79 time 1599121918
0.001242004591752547
0.0014729226201723507
0.0016168391657516853
0.0015909307244228522
GEN 80 time 1599121921
0.001242004591752547
0.0014729226201723507
0.0016168391657516853
0.0015909307244228522
GEN 81 time 1599121924
0.001242004591752547
0.0014729226201723507
0.0016168391657516853
0.0015909307244228522
GEN 82 time 1599121926
0.001242004591752547
0.0014729226201723507
0.0016168391657516853
0.0015909307244228522
GEN 83 time 1599121929
0.001242004591752547
0.0014729226201723507
0.0016168391657516853
0.0015909307244228522
GEN 84 time 1599121932
0.001242004591752547
0.0014729226201723507
0.0016168391657516853
0.0015909307244228522
GEN 85 time 1599121935
0.001242004591752547
0.0014729226201723507
0.0016168391657516853
0.0015909307244228522
GEN 86 time 1599121938
0.001242004591752547
0.0014729226201723507
0.0016168391657516853
0.0015909307244228522
GEN 87 time 1599121941
0.001242004591752547
0.0014729226201723507
0.0016168391657516853
0.0015909307244228522
GEN 88 time 1599121943
0.001242004591752547
0.0014729226201723507
0.0016168391657516853
0.0015909307244228522
GEN 89 time 1599121946
0.001242004591752547
0.0014729226201723507
0.0016168391657516853
0.0015909307244228522
GEN 90 time 1599121949
0.001242004591752547
0.0014729226201723507
0.0016168391657516853
0.0015909307244228522
GEN 91 time 1599121952
0.001242004591752547
0.0014729226201723507
0.0016168391657516853
0.0015909307244228522
GEN 92 time 1599121955
0.001242004591752547
0.0014729226201723507
0.0016168391657516853
0.0015909307244228522
GEN 93 time 1599121958
0.001242004591752547
0.0014729226201723507
0.0016168391657516853
0.0015909307244228522
GEN 94 time 1599121961
0.001242004591752547
0.0014729226201723507
0.0016168391657516853
0.0015909307244228522
GEN 95 time 1599121964
0.001242004591752547
0.0014729226201723507
0.0016168391657516853
0.0015909307244228522
GEN 96 time 1599121967
0.001242004591752547
0.0014729226201723507
0.0016168391657516853
0.0015909307244228522
GEN 97 time 1599121970
0.001242004591752547
0.0014729226201723507
0.0016168391657516853
0.0015909307244228522
GEN 98 time 1599121973
0.001242004591752547
0.0014729226201723507
0.0016168391657516853
0.0015909307244228522
GEN 99 time 1599121977
0.001242004591752547
0.0014729226201723507
0.0016168391657516853
0.0015909307244228522
GEN 100 time 1599121980
0.001242004591752547
0.0014729226201723507
0.0016168391657516853
0.0015909307244228522
GEN 101 time 1599121983
0.001242004591752547
0.0014729226201723507
0.0016168391657516853
0.0015691668291415903
GEN 102 time 1599121986
0.001242004591752547
0.0014729226201723507
0.0016168391657516853
0.0015691668291415903
GEN 103 time 1599121989
0.001242004591752547
0.0014729226201723507
0.0016168391657516853
0.0015691668291415903
GEN 104 time 1599121992
0.001242004591752547
0.0014729226201723507
0.0016168391657516853
0.0015691668291415903
GEN 105 time 1599121996
0.001242004591752547
0.0014729226201723507
0.0016168391657516853
0.0015691668291415903
GEN 106 time 1599121999
0.001242004591752547
0.0014729226201723507
0.0016168391657516853
0.0015691668291415903
GEN 107 time 1599122002
0.001242004591752547
0.0014729226201723507
0.0016168391657516853
0.0015691668291415903
GEN 108 time 1599122006
0.001242004591752547
0.0014729226201723507
0.0016168391657516853
0.0015691668291415903
GEN 109 time 1599122009
0.001242004591752547
0.0014729226201723507
0.0016168391657516853
0.0015691668291415903
GEN 110 time 1599122012
0.001242004591752547
0.0014729226201723507
0.0016168391657516853
0.0015691668291415903
GEN 111 time 1599122015
0.001242004591752547
0.0014729226201723507
0.0016168391657516853
0.0015691668291415903
GEN 112 time 1599122019
0.001242004591752547
0.0014729226201723507
0.0016168391657516853
0.0015691668291415903
GEN 113 time 1599122022
0.001242004591752547
0.0014729226201723507
0.0016168391657516853
0.0015691668291415903
GEN 114 time 1599122025
0.001242004591752547
0.0014729226201723507
0.0016168391657516853
0.0015691668291415903
GEN 115 time 1599122028
0.001242004591752547
0.0014729226201723507
0.0016168391657516853
0.0015691668291415903
GEN 116 time 1599122031
0.001242004591752547
0.0014729226201723507
0.0016168391657516853
0.0014928480858130957
GEN 117 time 1599122034
0.001242004591752547
0.0014729226201723507
0.0016168391657516853
0.0014928480858130957
GEN 118 time 1599122037
0.001242004591752547
0.0014729226201723507
0.0016168391657516853
0.0014928480858130957
GEN 119 time 1599122040
0.001242004591752547
0.0014729226201723507
0.0016168391657516853
0.0014928480858130957
GEN 120 time 1599122044
0.001242004591752547
0.0014729226201723507
0.0016168391657516853
0.0014928480858130957
GEN 121 time 1599122047
0.001242004591752547
0.0014729226201723507
0.0016168391657516853
0.0014928480858130957
GEN 122 time 1599122050
0.001242004591752547
0.0014729226201723507
0.0016168391657516853
0.0014928480858130957
GEN 123 time 1599122053
0.001242004591752547
0.0014729226201723507
0.0016168391657516853
0.0014928480858130957
GEN 124 time 1599122057
0.001242004591752547
0.0014729226201723507
0.0016168391657516853
0.0014928480858130957
GEN 125 time 1599122060
0.001242004591752547
0.0014729226201723507
0.0016168391657516853
0.0014928480858130957
GEN 126 time 1599122063
0.001242004591752547
0.0014729226201723507
0.0016168391657516853
0.0014928480858130957
GEN 127 time 1599122066
0.001242004591752547
0.0014729226201723507
0.0016168391657516853
0.0014928480858130957
GEN 128 time 1599122070
0.001242004591752547
0.0014729226201723507
0.0016168391657516853
0.0014928480858130957
GEN 129 time 1599122073
0.001242004591752547
0.0014729226201723507
0.0016168391657516853
0.0014928480858130957
GEN 130 time 1599122076
0.001242004591752547
0.0014729226201723507
0.0016168391657516853
0.0014928480858130957
GEN 131 time 1599122079
0.001242004591752547
0.0014729226201723507
0.0016168391657516853
0.0014928480858130957
GEN 132 time 1599122082
0.001242004591752547
0.0014729226201723507
0.0016168391657516853
0.0014928480858130957
GEN 133 time 1599122085
0.001242004591752547
0.0014729226201723507
0.0016168391657516853
0.0014928480858130957
GEN 134 time 1599122089
0.001242004591752547
0.0014729226201723507
0.0016168391657516853
0.0014928480858130957
GEN 135 time 1599122092
0.001242004591752547
0.0014729226201723507
0.0016168391657516853
0.0014928480858130957
GEN 136 time 1599122096
0.001242004591752547
0.0014729226201723507
0.0016168391657516853
0.0014928480858130957
GEN 137 time 1599122099
0.001242004591752547
0.0014729226201723507
0.0016168391657516853
0.0014928480858130957
GEN 138 time 1599122102
0.001242004591752547
0.0014729226201723507
0.0016168391657516853
0.0014928480858130957
GEN 139 time 1599122105
0.001242004591752547
0.0014729226201723507
0.0016168391657516853
0.0014928480858130957
GEN 140 time 1599122108
0.001242004591752547
0.0014729226201723507
0.0016168391657516853
0.0014928480858130957
GEN 141 time 1599122111
0.001242004591752547
0.0014729226201723507
0.0016168391657516853
0.0014869634599445909
GEN 142 time 1599122115
0.001242004591752547
0.0014729226201723507
0.0016168391657516853
0.0014869634599445909
GEN 143 time 1599122118
0.001242004591752547
0.0014729226201723507
0.0016168391657516853
0.0014869634599445909
GEN 144 time 1599122121
0.001242004591752547
0.0014729226201723507
0.0016168391657516853
0.0014869634599445909
GEN 145 time 1599122124
0.001242004591752547
0.0014729226201723507
0.0016168391657516853
0.0014869634599445909
GEN 146 time 1599122127
0.001242004591752547
0.0014729226201723507
0.0016168391657516853
0.0014869634599445909
GEN 147 time 1599122131
0.001242004591752547
0.0014729226201723507
0.0016168391657516853
0.0014869634599445909
GEN 148 time 1599122134
0.001242004591752547
0.0014729226201723507
0.0016168391657516853
0.0014869634599445909
GEN 149 time 1599122137
0.001242004591752547
0.0014729226201723507
0.0016168391657516853
0.0014869634599445909
GEN 150 time 1599122140
0.001242004591752547
0.0014729226201723507
0.0016168391657516853
0.0014869634599445909
GEN 151 time 1599122143
0.001242004591752547
0.0014729226201723507
0.0016168391657516853
0.0014869634599445909
GEN 152 time 1599122147
0.001242004591752547
0.0014729226201723507
0.0016168391657516853
0.0014869634599445909
GEN 153 time 1599122150
0.001242004591752547
0.0014729226201723507
0.0016168391657516853
0.0014869634599445909
GEN 154 time 1599122153
0.001242004591752547
0.0014729226201723507
0.0016168391657516853
0.0014869634599445909
GEN 155 time 1599122156
0.001242004591752547
0.0014729226201723507
0.0016168391657516853
0.0014869634599445909
GEN 156 time 1599122159
0.001242004591752547
0.0014729226201723507
0.0016168391657516853
0.0014869634599445909
GEN 157 time 1599122162
0.001242004591752547
0.0014729226201723507
0.0016168391657516853
0.0014869634599445909
GEN 158 time 1599122166
0.001242004591752547
0.0014729226201723507
0.0016168391657516853
0.0014869634599445909
GEN 159 time 1599122169
0.001242004591752547
0.0014729226201723507
0.0016168391657516853
0.0014869634599445909
GEN 160 time 1599122172
0.001242004591752547
0.0014729226201723507
0.0016168391657516853
0.0014869634599445909
GEN 161 time 1599122175
0.001242004591752547
0.0014729226201723507
0.0016168391657516853
0.0014869634599445909
GEN 162 time 1599122179
0.001242004591752547
0.0014729226201723507
0.0016168391657516853
0.0014869634599445909
GEN 163 time 1599122182
0.001242004591752547
0.0014729226201723507
0.0016168391657516853
0.0014869634599445909
GEN 164 time 1599122185
0.001242004591752547
0.0014729226201723507
0.0016168391657516853
0.0014869634599445909
GEN 165 time 1599122188
0.001242004591752547
0.0014729226201723507
0.0016168391657516853
0.0014869634599445909
GEN 166 time 1599122191
0.001242004591752547
0.0014729226201723507
0.0016168391657516853
0.0014869634599445909
GEN 167 time 1599122195
0.001242004591752547
0.0014729226201723507
0.0016168391657516853
0.0014869634599445909
GEN 168 time 1599122198
0.001242004591752547
0.0014729226201723507
0.0016168391657516853
0.0014869634599445909
GEN 169 time 1599122201
0.001242004591752547
0.0014729226201723507
0.0016168391657516853
0.0014510384593196823
GEN 170 time 1599122204
0.001242004591752547
0.0014729226201723507
0.0016168391657516853
0.0014510384593196823
GEN 171 time 1599122207
0.001242004591752547
0.0014729226201723507
0.0016168391657516853
0.0014510384593196823
GEN 172 time 1599122211
0.001242004591752547
0.0014729226201723507
0.0016168391657516853
0.0014510384593196823
GEN 173 time 1599122214
0.001242004591752547
0.0014729226201723507
0.0016168391657516853
0.0014510384593196823
GEN 174 time 1599122217
0.001242004591752547
0.0014729226201723507
0.0016168391657516853
0.0014510384593196823
GEN 175 time 1599122220
0.001242004591752547
0.0014729226201723507
0.0016168391657516853
0.0014510384593196823
GEN 176 time 1599122223
0.001242004591752547
0.0014729226201723507
0.0016168391657516853
0.0014510384593196823
GEN 177 time 1599122227
0.001242004591752547
0.0014729226201723507
0.0016168391657516853
0.0014510384593196823
GEN 178 time 1599122230
0.001242004591752547
0.0014729226201723507
0.0016168391657516853
0.0014510384593196823
GEN 179 time 1599122233
0.001242004591752547
0.0014729226201723507
0.0016168391657516853
0.0014510384593196823
GEN 180 time 1599122236
0.001242004591752547
0.0014729226201723507
0.0016168391657516853
0.0014510384593196823
GEN 181 time 1599122239
0.001242004591752547
0.0014729226201723507
0.0016168391657516853
0.0014510384593196823
GEN 182 time 1599122243
0.001242004591752547
0.0014729226201723507
0.0016168391657516853
0.0014510384593196823
GEN 183 time 1599122246
0.001242004591752547
0.0014729226201723507
0.0016168391657516853
0.0014510384593196823
GEN 184 time 1599122250
0.001242004591752547
0.0014729226201723507
0.0016168391657516853
0.0014510384593196823
GEN 185 time 1599122253
0.001242004591752547
0.0014729226201723507
0.0016168391657516853
0.0014510384593196823
GEN 186 time 1599122256
0.001242004591752547
0.0014729226201723507
0.0016168391657516853
0.0014510384593196823
GEN 187 time 1599122259
0.001242004591752547
0.0014729226201723507
0.0016168391657516853
0.0014510384593196823
GEN 188 time 1599122262
0.001242004591752547
0.0014729226201723507
0.0016168391657516853
0.0014510384593196823
GEN 189 time 1599122266
0.001242004591752547
0.0014729226201723507
0.0016168391657516853
0.0014510384593196823
GEN 190 time 1599122269
0.001242004591752547
0.0014729226201723507
0.0016168391657516853
0.0014510384593196823
GEN 191 time 1599122272
0.001242004591752547
0.0014729226201723507
0.0016168391657516853
0.0014510384593196823
GEN 192 time 1599122275
0.001242004591752547
0.0014729226201723507
0.0016168391657516853
0.0014510384593196823
GEN 193 time 1599122279
0.001242004591752547
0.0014729226201723507
0.0016168391657516853
0.0014510384593196823
GEN 194 time 1599122282
0.001242004591752547
0.0014729226201723507
0.0016168391657516853
0.0014510384593196823
GEN 195 time 1599122285
0.001242004591752547
0.0014729226201723507
0.0016168391657516853
0.0014510384593196823
GEN 196 time 1599122289
0.001242004591752547
0.0014729226201723507
0.0016168391657516853
0.0014510384593196823
GEN 197 time 1599122292
0.001242004591752547
0.0014729226201723507
0.0016168391657516853
0.0014510384593196823
GEN 198 time 1599122295
0.001242004591752547
0.0014729226201723507
0.0016168391657516853
0.0014510384593196823
GEN 199 time 1599122298
0.001242004591752547
0.0014729226201723507
0.0016168391657516853
0.0014510384593196823
