['./data/small/layer/uu-dem1_r25_1.json', './data/small/layer/uu-dem8_r25_1.json', './data/small/layer/uu-dem5_r25_1.json', './data/small/hop/uu-dem5_r25_1_0.json', './data/small/hop/uu-dem8_r25_1_0.json', './data/small/hop/uu-dem1_r25_1_0.json']
GEN 0 time 1599133555
0.00152417491490185
0.0019331241698611365
inf
0.0027294523317674285
0.002002584315050982
0.0022407870334389675
GEN 1 time 1599133558
0.00152417491490185
0.0019331241698611365
inf
0.0027294523317674285
0.002002584315050982
0.0022311071156844026
GEN 2 time 1599133560
0.0014571191963555909
0.0019331241698611365
inf
0.002455925169469468
0.002002584315050982
0.0021800031924229663
GEN 3 time 1599133563
0.0014571191963555909
0.0019331241698611365
inf
0.002455925169469468
0.0018697390428799514
0.001893887449060726
GEN 4 time 1599133565
0.0014571191963555909
0.0019331241698611365
inf
0.002455925169469468
0.0018697390428799514
0.001893887449060726
GEN 5 time 1599133568
0.0014571191963555909
0.0019331241698611365
inf
0.002455925169469468
0.0018697390428799514
0.001893887449060726
GEN 6 time 1599133571
0.0014571191963555909
0.0019331241698611365
inf
0.0023833289411533836
0.0018697390428799514
0.0018497486318407126
GEN 7 time 1599133574
0.0014571191963555909
0.0019331241698611365
inf
0.0023833289411533836
0.0018697390428799514
0.0018497486318407126
GEN 8 time 1599133577
0.0014571191963555909
0.0019331241698611365
inf
0.0021833089411533836
0.0018697390428799514
0.0018497486318407126
GEN 9 time 1599133580
0.0014571191963555909
0.0019331241698611365
inf
0.0021833089411533836
0.0018697390428799514
0.0018497486318407126
GEN 10 time 1599133583
0.0014571191963555909
0.0019331241698611365
inf
0.002043786677799915
0.0018697390428799514
0.0018497486318407126
GEN 11 time 1599133586
0.0014571191963555909
0.0019331241698611365
0.002191164823506423
0.002043786677799915
0.0018068037116744681
0.0018497486318407126
GEN 12 time 1599133588
0.0014571191963555909
0.0019331241698611365
0.002191164823506423
0.002043786677799915
0.0018068037116744681
0.0018497486318407126
GEN 13 time 1599133591
0.0014571191963555909
0.0019331241698611365
0.002191164823506423
0.002043786677799915
0.0018068037116744681
0.0018497486318407126
GEN 14 time 1599133594
0.0014571191963555909
0.0019331241698611365
0.002191164823506423
0.002043786677799915
0.0018068037116744681
0.0018497486318407126
GEN 15 time 1599133597
0.0014571191963555909
0.0019331241698611365
0.002191164823506423
0.001967942759370146
0.0018068037116744681
0.0018497486318407126
GEN 16 time 1599133600
0.0014571191963555909
0.0019331241698611365
0.002191164823506423
0.001967942759370146
0.0018068037116744681
0.0018497486318407126
GEN 17 time 1599133603
0.0014571191963555909
0.0019331241698611365
0.002191164823506423
0.001967942759370146
0.0018068037116744681
0.0018497486318407126
GEN 18 time 1599133606
0.0014571191963555909
0.0019331241698611365
0.002191164823506423
0.001967942759370146
0.0018068037116744681
0.0018497486318407126
GEN 19 time 1599133609
0.0014571191963555909
0.0019331241698611365
0.002191164823506423
0.001967942759370146
0.0018068037116744681
0.0017799631924229663
GEN 20 time 1599133612
0.0014571191963555909
0.0019331241698611365
0.002191164823506423
0.0019304833293745053
0.0018068037116744681
0.0017799631924229663
GEN 21 time 1599133615
0.0014571191963555909
0.0019331241698611365
0.002191164823506423
0.0019304833293745053
0.0018068037116744681
0.0017799631924229663
GEN 22 time 1599133618
0.0014571191963555909
0.0019331241698611365
0.002191164823506423
0.0019304833293745053
0.0018068037116744681
0.0017799631924229663
GEN 23 time 1599133621
0.0014571191963555909
0.0019331241698611365
0.002191164823506423
0.0019304833293745053
0.0017898784638624877
0.0017799631924229663
GEN 24 time 1599133624
0.0014571191963555909
0.0019331241698611365
0.002191164823506423
0.0019304833293745053
0.0017533255542806093
0.0017799631924229663
GEN 25 time 1599133628
0.0014571191963555909
0.0019331241698611365
0.002191164823506423
0.0019304833293745053
0.0017533255542806093
0.0017799631924229663
GEN 26 time 1599133631
0.0014571191963555909
0.0019331241698611365
0.002191164823506423
0.0019293723317674281
0.0015898584638624877
0.0017799631924229663
GEN 27 time 1599133635
0.0014571191963555909
0.0019331241698611365
0.002191164823506423
0.0019293723317674281
0.0015898584638624877
0.0017799631924229663
GEN 28 time 1599133638
0.0014571191963555909
0.0019331241698611365
0.002191164823506423
0.0019293723317674281
0.0015898584638624877
0.0017799631924229663
GEN 29 time 1599133641
0.0014571191963555909
0.0019331241698611365
0.002191164823506423
0.0019293723317674281
0.0015898584638624877
0.0017799631924229663
GEN 30 time 1599133644
0.0014571191963555909
0.0019331241698611365
0.002191164823506423
0.0019293723317674281
0.0015898584638624877
0.001771016329065013
GEN 31 time 1599133648
0.0014571191963555909
0.0019331241698611365
0.002191164823506423
0.0019293723317674281
0.0015898584638624877
0.001771016329065013
GEN 32 time 1599133651
0.001433914949804524
0.0019331241698611365
0.002191164823506423
0.0019293723317674281
0.0015898584638624877
0.001771016329065013
GEN 33 time 1599133654
0.001433914949804524
0.0019331241698611365
0.002191164823506423
0.0019293723317674281
0.0015898584638624877
0.001771016329065013
GEN 34 time 1599133658
0.001433914949804524
0.0019331241698611365
0.002191164823506423
0.001767922759370146
0.0015898584638624877
0.001771016329065013
GEN 35 time 1599133661
0.001433914949804524
0.0019331241698611365
0.002191164823506423
0.001767922759370146
0.0015898584638624877
0.001771016329065013
GEN 36 time 1599133664
0.001433914949804524
0.0019331241698611365
0.002191164823506423
0.001767922759370146
0.0015898584638624877
0.001771016329065013
GEN 37 time 1599133667
0.001433914949804524
0.0019331241698611365
0.002191164823506423
0.001767922759370146
0.0015898584638624877
0.001771016329065013
GEN 38 time 1599133670
0.001433914949804524
0.0019331241698611365
0.002191164823506423
0.001767922759370146
0.0015898584638624877
0.001771016329065013
GEN 39 time 1599133673
0.001433914949804524
0.0019331241698611365
0.002191164823506423
0.001767922759370146
0.0015898584638624877
0.001771016329065013
GEN 40 time 1599133676
0.001433914949804524
0.0019331241698611365
0.002191164823506423
0.001767922759370146
0.0015898584638624877
0.001771016329065013
GEN 41 time 1599133680
0.001433914949804524
0.0019331241698611365
0.002191164823506423
0.001767922759370146
0.0015898584638624877
0.0016497286318407126
GEN 42 time 1599133683
0.001433914949804524
0.0019331241698611365
0.002191164823506423
0.001767922759370146
0.0015898584638624877
0.0016497286318407126
GEN 43 time 1599133686
0.0014200353557188529
0.0019331241698611365
0.002191164823506423
0.001767922759370146
0.0015898584638624877
0.0016497286318407126
GEN 44 time 1599133690
0.0014200353557188529
0.0019331241698611365
0.002191164823506423
0.001767922759370146
0.0015898584638624877
0.0016497286318407126
GEN 45 time 1599133693
0.0014200353557188529
0.0019331241698611365
0.002191164823506423
0.001767922759370146
0.0015898584638624877
0.0016497286318407126
GEN 46 time 1599133696
0.0014200353557188529
0.0019331241698611365
0.002191164823506423
0.001767922759370146
0.0015898584638624877
0.0016497286318407126
GEN 47 time 1599133700
0.0014200353557188529
0.0019331241698611365
0.002191164823506423
0.001767922759370146
0.0015898584638624877
0.0016497286318407126
GEN 48 time 1599133703
0.0014200353557188529
0.0019331241698611365
0.002191164823506423
0.001767922759370146
0.0015898584638624877
0.0016497286318407126
GEN 49 time 1599133706
0.0014200353557188529
0.0019331241698611365
0.002191164823506423
0.0017027458444607668
0.0015898584638624877
0.0016497286318407126
GEN 50 time 1599133709
0.0014200353557188529
0.0019331241698611365
0.002191164823506423
0.0017027458444607668
0.0015898584638624877
0.0016497286318407126
GEN 51 time 1599133713
0.0014200353557188529
0.0019331241698611365
0.002191164823506423
0.0017027458444607668
0.0015898584638624877
0.0016497286318407126
GEN 52 time 1599133716
0.0014200353557188529
0.0019331241698611365
0.002191164823506423
0.0017027458444607668
0.0015680251211328548
0.0016497286318407126
GEN 53 time 1599133720
0.0014200353557188529
0.0019331241698611365
0.002191164823506423
0.0017027458444607668
0.0015680251211328548
0.0016497286318407126
GEN 54 time 1599133723
0.0014200353557188529
0.0019331241698611365
0.002191164823506423
0.0017027458444607668
0.0015680251211328548
0.0016497286318407126
GEN 55 time 1599133727
0.0014200353557188529
0.0019331241698611365
0.002191164823506423
0.0017027458444607668
0.0015680251211328548
0.0016497286318407126
GEN 56 time 1599133731
0.0014200353557188529
0.0019331241698611365
0.002191164823506423
0.0017027458444607668
0.0015680251211328548
0.0016497286318407126
GEN 57 time 1599133734
0.0014200353557188529
0.0019331241698611365
0.002191164823506423
0.0017027458444607668
0.0015680251211328548
0.0016497286318407126
GEN 58 time 1599133737
0.0014200353557188529
0.0019331241698611365
0.002191164823506423
0.0017027458444607668
0.0015680251211328548
0.0016497286318407126
GEN 59 time 1599133741
0.0014200353557188529
0.0019331241698611365
0.002191164823506423
0.0017027458444607668
0.0015680251211328548
0.0016497286318407126
GEN 60 time 1599133744
0.0014200353557188529
0.0019331241698611365
0.002191164823506423
0.0017027458444607668
0.0015680251211328548
0.0016497286318407126
GEN 61 time 1599133747
0.0014200353557188529
0.0019331241698611365
0.002191164823506423
0.0017027458444607668
0.0015680251211328548
0.0016497286318407126
GEN 62 time 1599133750
0.0014200353557188529
0.0019331241698611365
0.002191164823506423
0.0017027458444607668
0.0015680251211328548
0.0016497286318407126
GEN 63 time 1599133753
0.0014200353557188529
0.0019331241698611365
0.002191164823506423
0.0017027458444607668
0.0015680251211328548
0.0016497286318407126
GEN 64 time 1599133757
0.0014200353557188529
0.0019331241698611365
0.002191164823506423
0.0017027458444607668
0.0015680251211328548
0.0016497286318407126
GEN 65 time 1599133760
0.0014200353557188529
0.0019331241698611365
0.002191164823506423
0.0017027458444607668
0.0015680251211328548
0.0016497286318407126
GEN 66 time 1599133763
0.0014200353557188529
0.0019331241698611365
0.002191164823506423
0.0017027458444607668
0.0015680251211328548
0.0016497286318407126
GEN 67 time 1599133766
0.0014200353557188529
0.0019331241698611365
0.002191164823506423
0.0017027458444607668
0.0015680251211328548
0.0016497286318407126
GEN 68 time 1599133769
0.0014200353557188529
0.0019331241698611365
0.002191164823506423
0.0017027458444607668
0.0015295867321661826
0.0016497286318407126
GEN 69 time 1599133772
0.0014200353557188529
0.0019331241698611365
0.002191164823506423
0.0017027458444607668
0.0015295867321661826
0.0016497286318407126
GEN 70 time 1599133776
0.0014200353557188529
0.0019331241698611365
0.002191164823506423
0.0017027458444607668
0.0015295867321661826
0.0016497286318407126
GEN 71 time 1599133779
0.0012954332389593518
0.0019331241698611365
0.002191164823506423
0.0017027458444607668
0.0015295867321661826
0.0016497286318407126
GEN 72 time 1599133782
0.0012954332389593518
0.0019331241698611365
0.002191164823506423
0.0017027458444607668
0.0015295867321661826
0.0016497286318407126
GEN 73 time 1599133785
0.0012954332389593518
0.0019331241698611365
0.002191164823506423
0.0017027458444607668
0.0015295867321661826
0.0016497286318407126
GEN 74 time 1599133788
0.0012954332389593518
0.0019331241698611365
0.002191164823506423
0.0017027458444607668
0.0015295867321661826
0.0016497286318407126
GEN 75 time 1599133791
0.0012954332389593518
0.0019331241698611365
0.002191164823506423
0.0017027458444607668
0.0015295867321661826
0.0016497286318407126
GEN 76 time 1599133794
0.0012954332389593518
0.0019331241698611365
0.002191164823506423
0.0017027458444607668
0.0015295867321661826
0.0016497286318407126
GEN 77 time 1599133797
0.0012954332389593518
0.0019331241698611365
0.002191164823506423
0.0017027458444607668
0.0015295867321661826
0.0016497286318407126
GEN 78 time 1599133801
0.0012954332389593518
0.0019331241698611365
0.002191164823506423
0.0017027458444607668
0.0015295867321661826
0.0016497286318407126
GEN 79 time 1599133804
0.0012954332389593518
0.0019331241698611365
0.002191164823506423
0.0017027458444607668
0.0015295867321661826
0.0016497286318407126
GEN 80 time 1599133807
0.0012954332389593518
0.0019331241698611365
0.002191164823506423
0.0017027458444607668
0.0015295867321661826
0.0016497286318407126
GEN 81 time 1599133810
0.0012954332389593518
0.0019331241698611365
0.002191164823506423
0.0017027458444607668
0.0015295867321661826
0.0016497286318407126
GEN 82 time 1599133813
0.0012954332389593518
0.0019331241698611365
0.002191164823506423
0.0017027458444607668
0.0015295867321661826
0.0016497286318407126
GEN 83 time 1599133817
0.0012954332389593518
0.0019331241698611365
0.002191164823506423
0.0017027458444607668
0.0015295867321661826
0.0016497286318407126
GEN 84 time 1599133820
0.0012954332389593518
0.0019331241698611365
0.002191164823506423
0.0017027458444607668
0.0015295867321661826
0.0016497286318407126
GEN 85 time 1599133823
0.0012954332389593518
0.0019331241698611365
0.002191164823506423
0.0017027458444607668
0.0015295867321661826
0.0016497286318407126
GEN 86 time 1599133826
0.0012954332389593518
0.0019331241698611365
0.002191164823506423
0.0017027458444607668
0.0015295867321661826
0.0016497286318407126
GEN 87 time 1599133829
0.0012954332389593518
0.0019331241698611365
0.002191164823506423
0.0017027458444607668
0.0015295867321661826
0.0016497286318407126
GEN 88 time 1599133832
0.0012954332389593518
0.0019331241698611365
0.002191164823506423
0.0017027458444607668
0.0015295867321661826
0.0016497286318407126
GEN 89 time 1599133836
0.0012954332389593518
0.0019331241698611365
0.002191164823506423
0.0017027458444607668
0.0015295867321661826
0.001623655119247599
GEN 90 time 1599133839
0.0012805345824464724
0.0019331241698611365
0.002191164823506423
0.0017027458444607668
0.0014652039323358591
0.001623655119247599
GEN 91 time 1599133842
0.0012805345824464724
0.0019331241698611365
0.002191164823506423
0.0017027458444607668
0.0014652039323358591
0.001623655119247599
GEN 92 time 1599133845
0.0012805345824464724
0.0019331241698611365
0.002191164823506423
0.0017027458444607668
0.0014652039323358591
0.001623655119247599
GEN 93 time 1599133848
0.0012805345824464724
0.0019331241698611365
0.002191164823506423
0.0017027458444607668
0.0014652039323358591
0.001623655119247599
GEN 94 time 1599133851
0.0012805345824464724
0.0019331241698611365
0.002191164823506423
0.0017027458444607668
0.0014652039323358591
0.001623655119247599
GEN 95 time 1599133854
0.0012805345824464724
0.0019331241698611365
0.002191164823506423
0.0017027458444607668
0.0014652039323358591
0.001623655119247599
GEN 96 time 1599133858
0.0012805345824464724
0.0019331241698611365
0.002191164823506423
0.0017027458444607668
0.0014652039323358591
0.001623655119247599
GEN 97 time 1599133861
0.0012805345824464724
0.0019331241698611365
0.002191164823506423
0.0017027458444607668
0.0014652039323358591
0.001623655119247599
GEN 98 time 1599133864
0.001257099196355591
0.0019331241698611365
0.002191164823506423
0.0017027458444607668
0.0014652039323358591
0.001623655119247599
GEN 99 time 1599133867
0.001257099196355591
0.0019331241698611365
0.002191164823506423
0.0017027458444607668
0.0014652039323358591
0.001623655119247599
GEN 100 time 1599133870
0.001257099196355591
0.0019331241698611365
0.002191164823506423
0.0017027458444607668
0.0014652039323358591
0.001623655119247599
GEN 101 time 1599133873
0.001257099196355591
0.0019331241698611365
0.002191164823506423
0.0017027458444607668
0.0014652039323358591
0.001623655119247599
GEN 102 time 1599133877
0.001257099196355591
0.0019331241698611365
0.002191164823506423
0.0017027458444607668
0.0014652039323358591
0.001623655119247599
GEN 103 time 1599133880
0.001242004591752547
0.0019331241698611365
0.002191164823506423
0.0017027458444607668
0.0014652039323358591
0.001623655119247599
GEN 104 time 1599133883
0.001242004591752547
0.0019331241698611365
0.002191164823506423
0.0017027458444607668
0.0014652039323358591
0.001623655119247599
GEN 105 time 1599133886
0.001242004591752547
0.0019331241698611365
0.002191164823506423
0.0017027458444607668
0.0014652039323358591
0.001623655119247599
GEN 106 time 1599133890
0.001242004591752547
0.0019331241698611365
0.002191164823506423
0.0017027458444607668
0.0014652039323358591
0.001623655119247599
GEN 107 time 1599133893
0.001242004591752547
0.0019331241698611365
0.002191164823506423
0.0017027458444607668
0.0014652039323358591
0.001623655119247599
GEN 108 time 1599133896
0.001242004591752547
0.0019331241698611365
0.002191164823506423
0.0017027458444607668
0.0014652039323358591
0.001623655119247599
GEN 109 time 1599133899
0.001242004591752547
0.0019331241698611365
0.002191164823506423
0.0017027458444607668
0.0014652039323358591
0.001623655119247599
GEN 110 time 1599133902
0.001242004591752547
0.0019331241698611365
0.002191164823506423
0.0017027458444607668
0.0014652039323358591
0.001623655119247599
GEN 111 time 1599133905
0.001242004591752547
0.0019331241698611365
0.002191164823506423
0.0017027458444607668
0.0014652039323358591
0.001623655119247599
GEN 112 time 1599133908
0.001242004591752547
0.0019331241698611365
0.002191164823506423
0.0017027458444607668
0.0014652039323358591
0.001583149717317956
GEN 113 time 1599133911
0.001242004591752547
0.0019331241698611365
0.002191164823506423
0.0017027458444607668
0.0014652039323358591
0.001583149717317956
GEN 114 time 1599133914
0.001242004591752547
0.0019331241698611365
0.002191164823506423
0.0017027458444607668
0.0014652039323358591
0.001583149717317956
GEN 115 time 1599133918
0.001242004591752547
0.0019331241698611365
0.002191164823506423
0.0017027458444607668
0.0014652039323358591
0.001583149717317956
GEN 116 time 1599133921
0.001242004591752547
0.0019331241698611365
0.002191164823506423
0.0017027458444607668
0.0014652039323358591
0.001583149717317956
GEN 117 time 1599133924
0.001242004591752547
0.0019331241698611365
0.002191164823506423
0.0017027458444607668
0.0014652039323358591
0.001583149717317956
GEN 118 time 1599133927
0.001242004591752547
0.0019331241698611365
0.002191164823506423
0.0017027458444607668
0.0014652039323358591
0.001583149717317956
GEN 119 time 1599133931
0.001242004591752547
0.0019331241698611365
0.002191164823506423
0.0017027458444607668
0.0014652039323358591
0.001583149717317956
GEN 120 time 1599133934
0.001242004591752547
0.0019331241698611365
0.002191164823506423
0.0017027458444607668
0.0014652039323358591
0.001583149717317956
GEN 121 time 1599133937
0.001242004591752547
0.0019331241698611365
0.002191164823506423
0.0017027458444607668
0.0014652039323358591
0.001583149717317956
GEN 122 time 1599133940
0.001242004591752547
0.0019331241698611365
0.002191164823506423
0.0017027458444607668
0.0014652039323358591
0.001583149717317956
GEN 123 time 1599133944
0.001242004591752547
0.0019331241698611365
0.002191164823506423
0.0017027458444607668
0.0014652039323358591
0.001583149717317956
GEN 124 time 1599133947
0.001242004591752547
0.0019331241698611365
0.002191164823506423
0.0017027458444607668
0.0014652039323358591
0.001583149717317956
GEN 125 time 1599133950
0.001242004591752547
0.0019331241698611365
0.002191164823506423
0.0017027458444607668
0.0014652039323358591
0.001583149717317956
GEN 126 time 1599133953
0.001242004591752547
0.0019331241698611365
0.002191164823506423
0.0017027458444607668
0.0014652039323358591
0.001583149717317956
GEN 127 time 1599133956
0.001242004591752547
0.0019331241698611365
0.002191164823506423
0.0017027458444607668
0.0014652039323358591
0.001583149717317956
GEN 128 time 1599133960
0.001242004591752547
0.0019331241698611365
0.002191164823506423
0.0017027458444607668
0.0014652039323358591
0.001583149717317956
GEN 129 time 1599133963
0.001242004591752547
0.0019331241698611365
0.002191164823506423
0.0017027458444607668
0.0014652039323358591
0.001583149717317956
GEN 130 time 1599133966
0.001242004591752547
0.0019331241698611365
0.002191164823506423
0.0017027458444607668
0.0014652039323358591
0.001583149717317956
GEN 131 time 1599133969
0.001242004591752547
0.0019331241698611365
0.002191164823506423
0.0017027458444607668
0.0014652039323358591
0.001583149717317956
GEN 132 time 1599133972
0.001242004591752547
0.0019331241698611365
0.002191164823506423
0.0017027458444607668
0.0014652039323358591
0.001583149717317956
GEN 133 time 1599133976
0.001242004591752547
0.0019331241698611365
0.002191164823506423
0.0017027458444607668
0.0014652039323358591
0.001583149717317956
GEN 134 time 1599133979
0.001242004591752547
0.0019331241698611365
0.002191164823506423
0.0017027458444607668
0.0014652039323358591
0.001583149717317956
GEN 135 time 1599133982
0.001242004591752547
0.0019331241698611365
0.002191164823506423
0.0017027458444607668
0.0014652039323358591
0.001583149717317956
GEN 136 time 1599133985
0.001242004591752547
0.0019331241698611365
0.002191164823506423
0.0017027458444607668
0.0014652039323358591
0.001583149717317956
GEN 137 time 1599133989
0.001242004591752547
0.0019331241698611365
0.002191164823506423
0.001656086417551794
0.0014652039323358591
0.001583149717317956
GEN 138 time 1599133992
0.001242004591752547
0.0019331241698611365
0.002191164823506423
0.001656086417551794
0.0014652039323358591
0.001583149717317956
GEN 139 time 1599133995
0.001242004591752547
0.0019331241698611365
0.002191164823506423
0.001656086417551794
0.0014652039323358591
0.001583149717317956
GEN 140 time 1599133998
0.001242004591752547
0.0019331241698611365
0.002191164823506423
0.001656086417551794
0.0014652039323358591
0.001583149717317956
GEN 141 time 1599134001
0.001242004591752547
0.0019331241698611365
0.002191164823506423
0.001656086417551794
0.0014652039323358591
0.001583149717317956
GEN 142 time 1599134004
0.001242004591752547
0.0019331241698611365
0.002191164823506423
0.001656086417551794
0.0014652039323358591
0.001583149717317956
GEN 143 time 1599134007
0.001242004591752547
0.0019331241698611365
0.002191164823506423
0.001656086417551794
0.0014652039323358591
0.001583149717317956
GEN 144 time 1599134011
0.001242004591752547
0.0019331241698611365
0.002191164823506423
0.001656086417551794
0.0014652039323358591
0.001583149717317956
GEN 145 time 1599134014
0.001242004591752547
0.0019331241698611365
0.002191164823506423
0.001656086417551794
0.0014652039323358591
0.001583149717317956
GEN 146 time 1599134017
0.001242004591752547
0.0019331241698611365
0.002191164823506423
0.001656086417551794
0.0014652039323358591
0.001583149717317956
GEN 147 time 1599134020
0.001242004591752547
0.0019331241698611365
0.002191164823506423
0.001656086417551794
0.0014652039323358591
0.001583149717317956
GEN 148 time 1599134024
0.001242004591752547
0.0019331241698611365
0.002191164823506423
0.001656086417551794
0.0014652039323358591
0.001583149717317956
GEN 149 time 1599134027
0.001242004591752547
0.0019331241698611365
0.002191164823506423
0.001656086417551794
0.0014652039323358591
0.001583149717317956
GEN 150 time 1599134030
0.001242004591752547
0.0019331241698611365
0.002191164823506423
0.001656086417551794
0.0014652039323358591
0.001583149717317956
GEN 151 time 1599134033
0.001242004591752547
0.0019331241698611365
0.002191164823506423
0.001656086417551794
0.0014652039323358591
0.001583149717317956
GEN 152 time 1599134036
0.001242004591752547
0.0019331241698611365
0.002191164823506423
0.001656086417551794
0.0014652039323358591
0.001583149717317956
GEN 153 time 1599134039
0.001242004591752547
0.0019331241698611365
0.002191164823506423
0.001656086417551794
0.0014652039323358591
0.001583149717317956
GEN 154 time 1599134042
0.001242004591752547
0.0019331241698611365
0.002191164823506423
0.001656086417551794
0.0014652039323358591
0.001583149717317956
GEN 155 time 1599134046
0.001242004591752547
0.0019331241698611365
0.002191164823506423
0.001656086417551794
0.0014652039323358591
0.001583149717317956
GEN 156 time 1599134049
0.001242004591752547
0.0019331241698611365
0.002191164823506423
0.001656086417551794
0.0014652039323358591
0.001583149717317956
GEN 157 time 1599134052
0.001242004591752547
0.0019331241698611365
0.002191164823506423
0.001656086417551794
0.0014652039323358591
0.001583149717317956
GEN 158 time 1599134055
0.001242004591752547
0.0019331241698611365
0.002191164823506423
0.001656086417551794
0.0014652039323358591
0.001583149717317956
GEN 159 time 1599134058
0.001242004591752547
0.0019331241698611365
0.002191164823506423
0.001656086417551794
0.0014652039323358591
0.001583149717317956
GEN 160 time 1599134062
0.001242004591752547
0.0019331241698611365
0.002191164823506423
0.001656086417551794
0.0014652039323358591
0.001583149717317956
GEN 161 time 1599134065
0.001242004591752547
0.0019331241698611365
0.002191164823506423
0.001656086417551794
0.0014652039323358591
0.001583149717317956
GEN 162 time 1599134068
0.001242004591752547
0.0019331241698611365
0.002191164823506423
0.001656086417551794
0.0014652039323358591
0.001583149717317956
GEN 163 time 1599134071
0.001242004591752547
0.0019331241698611365
0.002191164823506423
0.001656086417551794
0.0014652039323358591
0.001583149717317956
GEN 164 time 1599134074
0.001242004591752547
0.0019331241698611365
0.002191164823506423
0.001656086417551794
0.0014652039323358591
0.001583149717317956
GEN 165 time 1599134078
0.001242004591752547
0.0019331241698611365
0.002191164823506423
0.001656086417551794
0.0014652039323358591
0.001583149717317956
GEN 166 time 1599134081
0.001242004591752547
0.0019331241698611365
0.002191164823506423
0.001656086417551794
0.0014652039323358591
0.001583149717317956
GEN 167 time 1599134084
0.001242004591752547
0.0019331241698611365
0.002191164823506423
0.001656086417551794
0.0014652039323358591
0.001583149717317956
GEN 168 time 1599134088
0.001242004591752547
0.0019331241698611365
0.002191164823506423
0.001656086417551794
0.0014652039323358591
0.001583149717317956
GEN 169 time 1599134091
0.001242004591752547
0.0019331241698611365
0.002191164823506423
0.001656086417551794
0.0014652039323358591
0.001583149717317956
GEN 170 time 1599134094
0.001242004591752547
0.0019331241698611365
0.002191164823506423
0.001656086417551794
0.0014652039323358591
0.001583149717317956
GEN 171 time 1599134097
0.001242004591752547
0.0019331241698611365
0.002191164823506423
0.001656086417551794
0.0014652039323358591
0.001583149717317956
GEN 172 time 1599134100
0.001242004591752547
0.0019331241698611365
0.002191164823506423
0.001656086417551794
0.0014652039323358591
0.001583149717317956
GEN 173 time 1599134103
0.001242004591752547
0.0019331241698611365
0.002191164823506423
0.001656086417551794
0.0014652039323358591
0.001583149717317956
GEN 174 time 1599134106
0.001242004591752547
0.0019331241698611365
0.002191164823506423
0.001656086417551794
0.0014652039323358591
0.001583149717317956
GEN 175 time 1599134110
0.001242004591752547
0.0019331241698611365
0.002191164823506423
0.001656086417551794
0.0014652039323358591
0.001583149717317956
GEN 176 time 1599134113
0.001242004591752547
0.0019331241698611365
0.002191164823506423
0.001656086417551794
0.0014652039323358591
0.001583149717317956
GEN 177 time 1599134116
0.001242004591752547
0.0019331241698611365
0.002191164823506423
0.001656086417551794
0.0014652039323358591
0.001583149717317956
GEN 178 time 1599134120
0.001242004591752547
0.0019331241698611365
0.002191164823506423
0.001656086417551794
0.0014652039323358591
0.001583149717317956
GEN 179 time 1599134123
0.001242004591752547
0.0019331241698611365
0.002191164823506423
0.0016558451694694677
0.0014652039323358591
0.001583149717317956
GEN 180 time 1599134126
0.001242004591752547
0.0019331241698611365
0.002191164823506423
0.0016558451694694677
0.0014652039323358591
0.001583149717317956
GEN 181 time 1599134129
0.001242004591752547
0.0019331241698611365
0.002191164823506423
0.0016558451694694677
0.0014652039323358591
0.001583149717317956
GEN 182 time 1599134133
0.001242004591752547
0.0019331241698611365
0.002191164823506423
0.0016558451694694677
0.0014652039323358591
0.001583149717317956
GEN 183 time 1599134136
0.001242004591752547
0.0019331241698611365
0.002191164823506423
0.0016558451694694677
0.0014652039323358591
0.001583149717317956
GEN 184 time 1599134139
0.001242004591752547
0.0019331241698611365
0.002191164823506423
0.0016558451694694677
0.0014652039323358591
0.001583149717317956
GEN 185 time 1599134143
0.001242004591752547
0.0019331241698611365
0.002191164823506423
0.0016558451694694677
0.0014652039323358591
0.001583149717317956
GEN 186 time 1599134146
0.001242004591752547
0.0019331241698611365
0.002191164823506423
0.0016558451694694677
0.0014652039323358591
0.001583149717317956
GEN 187 time 1599134150
0.001242004591752547
0.0019331241698611365
0.002191164823506423
0.0016558451694694677
0.0014652039323358591
0.001583149717317956
GEN 188 time 1599134153
0.001242004591752547
0.0019331241698611365
0.002191164823506423
0.0016558451694694677
0.0014652039323358591
0.001583149717317956
GEN 189 time 1599134156
0.001242004591752547
0.0019331241698611365
0.002191164823506423
0.0016558451694694677
0.0014652039323358591
0.001583149717317956
GEN 190 time 1599134159
0.001242004591752547
0.0019331241698611365
0.002191164823506423
0.0016558451694694677
0.0014652039323358591
0.001583149717317956
GEN 191 time 1599134163
0.001242004591752547
0.0019331241698611365
0.002191164823506423
0.0016558451694694677
0.0014652039323358591
0.001583149717317956
GEN 192 time 1599134166
0.001242004591752547
0.0019331241698611365
0.002191164823506423
0.0016558451694694677
0.0014652039323358591
0.001583149717317956
GEN 193 time 1599134169
0.001242004591752547
0.0019331241698611365
0.002191164823506423
0.0016558451694694677
0.0014652039323358591
0.001583149717317956
GEN 194 time 1599134173
0.001242004591752547
0.0019331241698611365
0.002191164823506423
0.0016558451694694677
0.0014652039323358591
0.001583149717317956
GEN 195 time 1599134176
0.001242004591752547
0.0019331241698611365
0.002191164823506423
0.0016558451694694677
0.0014652039323358591
0.001583149717317956
GEN 196 time 1599134179
0.001242004591752547
0.0019331241698611365
0.002191164823506423
0.0015872413225497932
0.0014652039323358591
0.001583149717317956
GEN 197 time 1599134182
0.001242004591752547
0.0019331241698611365
0.002191164823506423
0.0015872413225497932
0.0014652039323358591
0.001583149717317956
GEN 198 time 1599134186
0.001242004591752547
0.0019331241698611365
0.002191164823506423
0.0015872413225497932
0.0014652039323358591
0.001583149717317956
GEN 199 time 1599134189
0.001242004591752547
0.0019331241698611365
0.002191164823506423
0.0015872413225497932
0.0014652039323358591
0.001583149717317956
