['./data/small/layer/uu-dem4_r25_1.json', './data/small/layer/uu-dem1_r25_1.json', './data/small/layer/uu-dem2_r25_1.json', './data/small/hop/uu-dem8_r25_1_0.json']
GEN 0 time 1599116114
0.0017532925531838558
0.0017332164947978339
0.001594438966276067
0.0021296467321661825
GEN 1 time 1599116115
0.0016922587112516807
0.0017332164947978339
0.001594438966276067
0.0021296467321661825
GEN 2 time 1599116117
0.0016682569135661265
0.0016571391963555908
0.0014152176981619103
0.0021296467321661825
GEN 3 time 1599116120
0.0016682569135661265
0.0016253133020812068
0.0014152176981619103
0.0021296467321661825
GEN 4 time 1599116122
0.0016223685889952034
0.001507108258955005
0.0014152176981619103
0.00202578679484993
GEN 5 time 1599116125
0.0016024868973426416
0.001507108258955005
0.0014152176981619103
0.0017171374165361971
GEN 6 time 1599116128
0.0016024868973426416
0.001507108258955005
0.0014152176981619103
0.0017171374165361971
GEN 7 time 1599116131
0.0016024868973426416
0.001507108258955005
0.0014152176981619103
0.0017171374165361971
GEN 8 time 1599116134
0.0016024868973426416
0.001507108258955005
0.0014152176981619103
0.0017171374165361971
GEN 9 time 1599116137
0.0016024868973426416
0.001507108258955005
0.0014152176981619103
0.0017171374165361971
GEN 10 time 1599116140
0.0016024868973426416
0.001507108258955005
0.0014152176981619103
0.0017171374165361971
GEN 11 time 1599116143
0.0015532725531838558
0.001507108258955005
0.0014152176981619103
0.0017171374165361971
GEN 12 time 1599116146
0.0015457841884200319
0.001507108258955005
0.0014152176981619103
0.0017171374165361971
GEN 13 time 1599116149
0.0014855053265408816
0.0014868598269226704
0.0014152176981619103
0.0017171374165361971
GEN 14 time 1599116152
0.0014855053265408816
0.0014868598269226704
0.0014152176981619103
0.0017171374165361971
GEN 15 time 1599116155
0.0014855053265408816
0.0014868598269226704
0.0014152176981619103
0.0017171374165361971
GEN 16 time 1599116158
0.0014855053265408816
0.0014868598269226704
0.001405918889431391
0.0017171374165361971
GEN 17 time 1599116162
0.0014855053265408816
0.0014868598269226704
0.001405918889431391
0.0017171374165361971
GEN 18 time 1599116165
0.0014584555404298799
0.0014868598269226704
0.001405918889431391
0.0017143737055491362
GEN 19 time 1599116168
0.0014584555404298799
0.0014571191963555909
0.001405918889431391
0.0017143737055491362
GEN 20 time 1599116172
0.0014584555404298799
0.0014571191963555909
0.001405918889431391
0.0017143737055491362
GEN 21 time 1599116175
0.0014584555404298799
0.0014571191963555909
0.001405918889431391
0.0017143737055491362
GEN 22 time 1599116178
0.0014584555404298799
0.0014571191963555909
0.001405918889431391
0.0017143737055491362
GEN 23 time 1599116181
0.0014584555404298799
0.0014571191963555909
0.0012919375768381683
0.0017143737055491362
GEN 24 time 1599116185
0.0014584555404298799
0.0014571191963555909
0.0012919375768381683
0.0017143737055491362
GEN 25 time 1599116189
0.0014584555404298799
0.0014571191963555909
0.0012919375768381683
0.0017143737055491362
GEN 26 time 1599116192
0.0014584555404298799
0.0014571191963555909
0.0012919375768381683
0.0017143737055491362
GEN 27 time 1599116195
0.0014584555404298799
0.0014200353557188529
0.0012919375768381683
0.0017143737055491362
GEN 28 time 1599116199
0.0014584555404298799
0.0014200353557188529
0.0012919375768381683
0.0017143737055491362
GEN 29 time 1599116203
0.0014584555404298799
0.0014200353557188529
0.0012919375768381683
0.0017143737055491362
GEN 30 time 1599116206
0.0014584555404298799
0.0014200353557188529
0.0012919375768381683
0.0017143737055491362
GEN 31 time 1599116209
0.0014584555404298799
0.0014200353557188529
0.0012919375768381683
0.0017143737055491362
GEN 32 time 1599116212
0.0014584555404298799
0.0014200353557188529
0.0012919375768381683
0.0017143737055491362
GEN 33 time 1599116216
0.0014584555404298799
0.0014200353557188529
0.0012919375768381683
0.0017143737055491362
GEN 34 time 1599116219
0.0014584555404298799
0.0014200353557188529
0.0012919375768381683
0.0017143737055491362
GEN 35 time 1599116222
0.0014584555404298799
0.0014200353557188529
0.0012919375768381683
0.001651244025150033
GEN 36 time 1599116226
0.0014584555404298799
0.0014200353557188529
0.0012919375768381683
0.001651244025150033
GEN 37 time 1599116229
0.0014584555404298799
0.0014200353557188529
0.0012919375768381683
0.001651244025150033
GEN 38 time 1599116232
0.0014584555404298799
0.0014200353557188529
0.0012919375768381683
0.001651244025150033
GEN 39 time 1599116235
0.0014584555404298799
0.0014200353557188529
0.0012919375768381683
0.001651244025150033
GEN 40 time 1599116239
0.0014584555404298799
0.0014200353557188529
0.0012675445951169908
0.001651244025150033
GEN 41 time 1599116242
0.0014584555404298799
0.0014200353557188529
0.0012675445951169908
0.001651244025150033
GEN 42 time 1599116245
0.0014584555404298799
0.0014200353557188529
0.0012675445951169908
0.001651244025150033
GEN 43 time 1599116249
0.0014584555404298799
0.0014200353557188529
0.001205898889431391
0.001651244025150033
GEN 44 time 1599116252
0.0014584555404298799
0.0014200353557188529
0.001205898889431391
0.001651244025150033
GEN 45 time 1599116256
0.0014584555404298799
0.0014200353557188529
0.001205898889431391
0.001651244025150033
GEN 46 time 1599116259
0.0014584555404298799
0.0014200353557188529
0.001205898889431391
0.001651244025150033
GEN 47 time 1599116263
0.0014584555404298799
0.0014200353557188529
0.001205898889431391
0.001651244025150033
GEN 48 time 1599116267
0.0014584555404298799
0.0014200353557188529
0.001205898889431391
0.001651244025150033
GEN 49 time 1599116270
0.0014584555404298799
0.0014200353557188529
0.001205898889431391
0.001651244025150033
GEN 50 time 1599116274
0.0014584555404298799
0.0014200353557188529
0.001205898889431391
0.001651244025150033
GEN 51 time 1599116277
0.0014584555404298799
0.0014200353557188529
0.001205898889431391
0.001651244025150033
GEN 52 time 1599116282
0.0014584555404298799
0.0014200353557188529
0.001205898889431391
0.001651244025150033
GEN 53 time 1599116285
0.0014584555404298799
0.0014200353557188529
0.001205898889431391
0.0016067837116744681
GEN 54 time 1599116289
0.0014584555404298799
0.0014200353557188529
0.001205898889431391
0.0016067837116744681
GEN 55 time 1599116293
0.0014584555404298799
0.0014200353557188529
0.001205898889431391
0.0016067837116744681
GEN 56 time 1599116297
0.0014584555404298799
0.0014200353557188529
0.001205898889431391
0.0016067837116744681
GEN 57 time 1599116301
0.0014584555404298799
0.0014200353557188529
0.001205898889431391
0.0016067837116744681
GEN 58 time 1599116304
0.0014584555404298799
0.0014200353557188529
0.001205898889431391
0.0016067837116744681
GEN 59 time 1599116308
0.0014584555404298799
0.0014200353557188529
0.001205898889431391
0.0016067837116744681
GEN 60 time 1599116312
0.0014584555404298799
0.0014200353557188529
0.001205898889431391
0.0016067837116744681
GEN 61 time 1599116315
0.0014584555404298799
0.0014200353557188529
0.001205898889431391
0.0016067837116744681
GEN 62 time 1599116319
0.0014584555404298799
0.0014200353557188529
0.001205898889431391
0.0016067837116744681
GEN 63 time 1599116323
0.0014584555404298799
0.0014200353557188529
0.001205898889431391
0.0016067837116744681
GEN 64 time 1599116327
0.0014584555404298799
0.0014200353557188529
0.001205898889431391
0.0016067837116744681
GEN 65 time 1599116331
0.0014584555404298799
0.0014200353557188529
0.001205898889431391
0.0016067837116744681
GEN 66 time 1599116334
0.0014584555404298799
0.0014200353557188529
0.001205898889431391
0.0016067837116744681
GEN 67 time 1599116338
0.0014584555404298799
0.0014200353557188529
0.001205898889431391
0.0016067837116744681
GEN 68 time 1599116342
0.0014584555404298799
0.0014200353557188529
0.001201568645086438
0.0016067837116744681
GEN 69 time 1599116346
0.0014584555404298799
0.0014200353557188529
0.001201568645086438
0.0016067837116744681
GEN 70 time 1599116350
0.0014584555404298799
0.0014200353557188529
0.001201568645086438
0.0016067837116744681
GEN 71 time 1599116353
0.0014584555404298799
0.0014200353557188529
0.001201568645086438
0.0016067837116744681
GEN 72 time 1599116357
0.0014584555404298799
0.0014200353557188529
0.001201568645086438
0.0016064391348979766
GEN 73 time 1599116360
0.0014584555404298799
0.0014200353557188529
0.001201568645086438
0.0016064391348979766
GEN 74 time 1599116364
0.0014584555404298799
0.0014200353557188529
0.001201568645086438
0.0016064391348979766
GEN 75 time 1599116367
0.0014584555404298799
0.0014200353557188529
0.001201568645086438
0.0016064391348979766
GEN 76 time 1599116371
0.0014584555404298799
0.0014200353557188529
0.001201568645086438
0.0016064391348979766
GEN 77 time 1599116374
0.0014584555404298799
0.0014200353557188529
0.001201568645086438
0.0016064391348979766
GEN 78 time 1599116378
0.0014584555404298799
0.0014200353557188529
0.001201568645086438
0.0016064391348979766
GEN 79 time 1599116381
0.0014584555404298799
0.0014200353557188529
0.001201568645086438
0.0016064391348979766
GEN 80 time 1599116385
0.0014584555404298799
0.0014200353557188529
0.001201568645086438
0.0016064391348979766
GEN 81 time 1599116388
0.0014584555404298799
0.0014200353557188529
0.001201568645086438
0.0016064391348979766
GEN 82 time 1599116392
0.0014584555404298799
0.0014200353557188529
0.001201568645086438
0.0016064391348979766
GEN 83 time 1599116395
0.0014584555404298799
0.0014200353557188529
0.001201568645086438
0.0016064391348979766
GEN 84 time 1599116399
0.0014584555404298799
0.0014200353557188529
0.001201568645086438
0.0016064391348979766
GEN 85 time 1599116402
0.0014584555404298799
0.0014200353557188529
0.0012008947251499517
0.0016064391348979766
GEN 86 time 1599116406
0.0014584555404298799
0.0014200353557188529
0.0012008947251499517
0.0016064391348979766
GEN 87 time 1599116409
0.0014584555404298799
0.0014200353557188529
0.0012008947251499517
0.0016064391348979766
GEN 88 time 1599116413
0.0014584555404298799
0.0014200353557188529
0.0012008947251499517
0.0016064391348979766
GEN 89 time 1599116416
0.0014584555404298799
0.0014200353557188529
0.0012008947251499517
0.0016064391348979766
GEN 90 time 1599116420
0.0014584555404298799
0.0014200353557188529
0.0012008947251499517
0.0016064391348979766
GEN 91 time 1599116423
0.0014584555404298799
0.0014200353557188529
0.0012008947251499517
0.0016064391348979766
GEN 92 time 1599116426
0.0014584555404298799
0.0014200353557188529
0.0012008947251499517
0.0016064391348979766
GEN 93 time 1599116430
0.0014584555404298799
0.0014200353557188529
0.0012008947251499517
0.0016064391348979766
GEN 94 time 1599116433
0.0014584555404298799
0.0014153076080902808
0.0012008947251499517
0.0016064391348979766
GEN 95 time 1599116437
0.0014584555404298799
0.0014153076080902808
0.0012008947251499517
0.0016064391348979766
GEN 96 time 1599116440
0.0014584555404298799
0.0014153076080902808
0.0012008947251499517
0.0016064391348979766
GEN 97 time 1599116444
0.0014584555404298799
0.0014153076080902808
0.0012008947251499517
0.0016064391348979766
GEN 98 time 1599116447
0.0014584555404298799
0.0014153076080902808
0.0011714334893155446
0.0016064391348979766
GEN 99 time 1599116451
0.0014584555404298799
0.0014153076080902808
0.0011714334893155446
0.0016064391348979766
GEN 100 time 1599116454
0.0014584555404298799
0.0014153076080902808
0.0011714334893155446
0.0016064391348979766
GEN 101 time 1599116458
0.0014584555404298799
0.0014153076080902808
0.0011714334893155446
0.0016064391348979766
GEN 102 time 1599116462
0.0014584555404298799
0.0014153076080902808
0.0011714334893155446
0.0016064391348979766
GEN 103 time 1599116465
0.0014584555404298799
0.0014153076080902808
0.0011714334893155446
0.0016064391348979766
GEN 104 time 1599116469
0.0014584555404298799
0.0014153076080902808
0.0011714334893155446
0.0016064391348979766
GEN 105 time 1599116472
0.0014584555404298799
0.0014153076080902808
0.0011714334893155446
0.0016064391348979766
GEN 106 time 1599116476
0.0014584555404298799
0.0014153076080902808
0.0011714334893155446
0.0016064391348979766
GEN 107 time 1599116479
0.0014584555404298799
0.0014153076080902808
0.0011714334893155446
0.0016064391348979766
GEN 108 time 1599116483
0.0014584555404298799
0.0014032445618497695
0.0011714334893155446
0.0016064391348979766
GEN 109 time 1599116486
0.0014584555404298799
0.0014032445618497695
0.0011714334893155446
0.0016064391348979766
GEN 110 time 1599116490
0.0014584555404298799
0.0014032445618497695
0.0011714334893155446
0.0016064391348979766
GEN 111 time 1599116493
0.0014584555404298799
0.0014032445618497695
0.0011714334893155446
0.0016064391348979766
GEN 112 time 1599116496
0.0014584555404298799
0.0014032445618497695
0.0011714334893155446
0.0016064391348979766
GEN 113 time 1599116499
0.0014584555404298799
0.0014032445618497695
0.0011714334893155446
0.0016064391348979766
GEN 114 time 1599116503
0.0014584555404298799
0.0014032445618497695
0.0011714334893155446
0.0016064391348979766
GEN 115 time 1599116506
0.0014584555404298799
0.0014032445618497695
0.0011714334893155446
0.0016064391348979766
GEN 116 time 1599116509
0.0014584555404298799
0.0014032445618497695
0.0011714334893155446
0.0016064391348979766
GEN 117 time 1599116512
0.0014584555404298799
0.0014032445618497695
0.0011714334893155446
0.0016064391348979766
GEN 118 time 1599116515
0.0014584555404298799
0.0014032445618497695
0.0011714334893155446
0.0016064391348979766
GEN 119 time 1599116518
0.0014584555404298799
0.0014032445618497695
0.0011714334893155446
0.0015688833035679387
GEN 120 time 1599116522
0.0014584555404298799
0.0014032445618497695
0.0011714334893155446
0.0015688833035679387
GEN 121 time 1599116525
0.0014584555404298799
0.0014032445618497695
0.0011714334893155446
0.0015688833035679387
GEN 122 time 1599116528
0.0014584555404298799
0.0014032445618497695
0.0011714334893155446
0.0015688833035679387
GEN 123 time 1599116531
0.0014584555404298799
0.0014032445618497695
0.0011714334893155446
0.0015688833035679387
GEN 124 time 1599116534
0.0014584555404298799
0.0014032445618497695
0.0011714334893155446
0.0015688833035679387
GEN 125 time 1599116537
0.0014584555404298799
0.0014032445618497695
0.0011714334893155446
0.0015688833035679387
GEN 126 time 1599116541
0.0014584555404298799
0.0014032445618497695
0.0011714334893155446
0.0015688833035679387
GEN 127 time 1599116544
0.0014584555404298799
0.0014032445618497695
0.0011714334893155446
0.0015688833035679387
GEN 128 time 1599116547
0.0014584555404298799
0.0014032445618497695
0.0011714334893155446
0.0015688833035679387
GEN 129 time 1599116550
0.0014584555404298799
0.0014032445618497695
0.0011714334893155446
0.0015688833035679387
GEN 130 time 1599116553
0.0014584555404298799
0.0014032445618497695
0.0011714334893155446
0.0015688833035679387
GEN 131 time 1599116556
0.0014584555404298799
0.0012805345824464724
0.0011714334893155446
0.0015688833035679387
GEN 132 time 1599116560
0.0014584555404298799
0.0012805345824464724
0.0011714334893155446
0.0015688833035679387
GEN 133 time 1599116563
0.0014584555404298799
0.0012805345824464724
0.0011714334893155446
0.0015688833035679387
GEN 134 time 1599116566
0.0014584555404298799
0.0012805345824464724
0.0011714334893155446
0.0015688833035679387
GEN 135 time 1599116570
0.0014584555404298799
0.0012805345824464724
0.0011714334893155446
0.0015688833035679387
GEN 136 time 1599116573
0.0014584555404298799
0.0012805345824464724
0.0011714334893155446
0.0015688833035679387
GEN 137 time 1599116576
0.0014584555404298799
0.0012805345824464724
0.0011714334893155446
0.0015688833035679387
GEN 138 time 1599116580
0.0014584555404298799
0.0012805345824464724
0.0011714334893155446
0.0015688833035679387
GEN 139 time 1599116583
0.0014584555404298799
0.0012805345824464724
0.0011714334893155446
0.0015688833035679387
GEN 140 time 1599116587
0.0014584555404298799
0.0012805345824464724
0.0011714334893155446
0.0015688833035679387
GEN 141 time 1599116590
0.0014584555404298799
0.0012805345824464724
0.0011714334893155446
0.0015688833035679387
GEN 142 time 1599116593
0.0014584555404298799
0.001242004591752547
0.0011714334893155446
0.0015688833035679387
GEN 143 time 1599116596
0.0014584555404298799
0.001242004591752547
0.0011714334893155446
0.0015688833035679387
GEN 144 time 1599116600
0.0014584555404298799
0.001242004591752547
0.0011714334893155446
0.0015688833035679387
GEN 145 time 1599116603
0.0014584555404298799
0.001242004591752547
0.0011714334893155446
0.0015688833035679387
GEN 146 time 1599116607
0.0014584555404298799
0.001242004591752547
0.0011714334893155446
0.0015688833035679387
GEN 147 time 1599116610
0.0014584555404298799
0.001242004591752547
0.0011714334893155446
0.0015688833035679387
GEN 148 time 1599116613
0.0014584555404298799
0.001242004591752547
0.0011714334893155446
0.0014913055536362378
GEN 149 time 1599116617
0.0014584555404298799
0.001242004591752547
0.0011714334893155446
0.0014913055536362378
GEN 150 time 1599116620
0.0014584555404298799
0.001242004591752547
0.0011714334893155446
0.0014913055536362378
GEN 151 time 1599116623
0.0014584555404298799
0.001242004591752547
0.0011714334893155446
0.0014913055536362378
GEN 152 time 1599116627
0.0014584555404298799
0.001242004591752547
0.0011714334893155446
0.0014913055536362378
GEN 153 time 1599116630
0.0014584555404298799
0.001242004591752547
0.0011714334893155446
0.0014913055536362378
GEN 154 time 1599116633
0.0014584555404298799
0.001242004591752547
0.0011714334893155446
0.0014913055536362378
GEN 155 time 1599116637
0.0014584555404298799
0.001242004591752547
0.0011714334893155446
0.0014913055536362378
GEN 156 time 1599116640
0.0014584555404298799
0.001242004591752547
0.0011714334893155446
0.0014913055536362378
GEN 157 time 1599116643
0.0014584555404298799
0.001242004591752547
0.0011714334893155446
0.0014913055536362378
GEN 158 time 1599116647
0.0014584555404298799
0.001242004591752547
0.0011714334893155446
0.0014913055536362378
GEN 159 time 1599116650
0.0014584555404298799
0.001242004591752547
0.0011714334893155446
0.0014913055536362378
GEN 160 time 1599116653
0.0014584555404298799
0.001242004591752547
0.0011714334893155446
0.0014913055536362378
GEN 161 time 1599116657
0.0014584555404298799
0.001242004591752547
0.0011714334893155446
0.0014913055536362378
GEN 162 time 1599116660
0.0014584555404298799
0.001242004591752547
0.0011714334893155446
0.0014913055536362378
GEN 163 time 1599116663
0.0014584555404298799
0.001242004591752547
0.0011714334893155446
0.0014913055536362378
GEN 164 time 1599116666
0.0014584555404298799
0.001242004591752547
0.0011714334893155446
0.0014913055536362378
GEN 165 time 1599116669
0.0014584555404298799
0.001242004591752547
0.0011714334893155446
0.0014913055536362378
GEN 166 time 1599116673
0.0014584555404298799
0.001242004591752547
0.0011714334893155446
0.0014913055536362378
GEN 167 time 1599116676
0.0014584555404298799
0.001242004591752547
0.0011714334893155446
0.0014913055536362378
GEN 168 time 1599116679
0.0014584555404298799
0.001242004591752547
0.0011714334893155446
0.0014913055536362378
GEN 169 time 1599116682
0.0014584555404298799
0.001242004591752547
0.0011714334893155446
0.0014913055536362378
GEN 170 time 1599116686
0.0014584555404298799
0.001242004591752547
0.0011714334893155446
0.0014913055536362378
GEN 171 time 1599116689
0.0014584555404298799
0.001242004591752547
0.0011714334893155446
0.0014913055536362378
GEN 172 time 1599116692
0.0014584555404298799
0.001242004591752547
0.0011714334893155446
0.0014913055536362378
GEN 173 time 1599116696
0.0014584555404298799
0.001242004591752547
0.0011714334893155446
0.0014913055536362378
GEN 174 time 1599116699
0.0014584555404298799
0.001242004591752547
0.0011714334893155446
0.0014913055536362378
GEN 175 time 1599116703
0.0014584555404298799
0.001242004591752547
0.0011714334893155446
0.0014913055536362378
GEN 176 time 1599116706
0.0014584555404298799
0.001242004591752547
0.0011714334893155446
0.0014913055536362378
GEN 177 time 1599116709
0.0014584555404298799
0.001242004591752547
0.0011714334893155446
0.0014913055536362378
GEN 178 time 1599116713
0.0014584555404298799
0.001242004591752547
0.0011714334893155446
0.0014913055536362378
GEN 179 time 1599116716
0.0014584555404298799
0.001242004591752547
0.0011714334893155446
0.0014913055536362378
GEN 180 time 1599116719
0.0014584555404298799
0.001242004591752547
0.0011714334893155446
0.0014913055536362378
GEN 181 time 1599116722
0.0014584555404298799
0.001242004591752547
0.0011714334893155446
0.0014913055536362378
GEN 182 time 1599116726
0.0014584555404298799
0.001242004591752547
0.0011714334893155446
0.0014874408962521413
GEN 183 time 1599116729
0.0014584555404298799
0.001242004591752547
0.0011714334893155446
0.0014874408962521413
GEN 184 time 1599116732
0.0014584555404298799
0.001242004591752547
0.0011714334893155446
0.0014874408962521413
GEN 185 time 1599116736
0.0014584555404298799
0.001242004591752547
0.0011714334893155446
0.0014874408962521413
GEN 186 time 1599116739
0.0014584555404298799
0.001242004591752547
0.0011714334893155446
0.0014874408962521413
GEN 187 time 1599116743
0.0014584555404298799
0.001242004591752547
0.0011714334893155446
0.0014874408962521413
GEN 188 time 1599116746
0.0014584555404298799
0.001242004591752547
0.0011714334893155446
0.0014874408962521413
GEN 189 time 1599116750
0.0014584555404298799
0.001242004591752547
0.0011714334893155446
0.0014874408962521413
GEN 190 time 1599116753
0.0014584555404298799
0.001242004591752547
0.0011714334893155446
0.0014874408962521413
GEN 191 time 1599116756
0.0014584555404298799
0.001242004591752547
0.0011714334893155446
0.0014874408962521413
GEN 192 time 1599116760
0.0014584555404298799
0.001242004591752547
0.0011714334893155446
0.0014874408962521413
GEN 193 time 1599116763
0.0014584555404298799
0.001242004591752547
0.0011714334893155446
0.0014874408962521413
GEN 194 time 1599116766
0.0014584555404298799
0.001242004591752547
0.0011714334893155446
0.0014874408962521413
GEN 195 time 1599116770
0.0014584555404298799
0.001242004591752547
0.0011714334893155446
0.0014874408962521413
GEN 196 time 1599116773
0.0014584555404298799
0.001242004591752547
0.0011714334893155446
0.0014874408962521413
GEN 197 time 1599116777
0.0014584555404298799
0.001242004591752547
0.0011714334893155446
0.0014874408962521413
GEN 198 time 1599116780
0.0014584555404298799
0.001242004591752547
0.0011714334893155446
0.0014874408962521413
GEN 199 time 1599116783
0.0014584555404298799
0.001242004591752547
0.0011714334893155446
0.0014874408962521413
