['./data/small/layer/uu-dem9_r25_1.json', './data/small/layer/uu-dem8_r25_1.json', './data/small/layer/uu-dem10_r25_1.json', './data/small/hop/uu-dem5_r25_1_0.json']
GEN 0 time 1599120155
0.0022134743549586814
0.0019331241698611365
0.0028266157675943962
0.0023028058444607667
GEN 1 time 1599120157
0.0022134743549586814
0.0019331241698611365
0.002200235161043471
0.0023028058444607667
GEN 2 time 1599120158
0.0018266509095459789
0.0019331241698611365
0.002200235161043471
0.0023028058444607667
GEN 3 time 1599120160
0.0018266509095459789
0.0019331241698611365
0.002030133848436647
0.0023028058444607667
GEN 4 time 1599120162
0.0018266509095459789
0.0019331241698611365
0.002030133848436647
0.0021679627593701465
GEN 5 time 1599120164
0.0018266509095459789
0.0019331241698611365
0.002030133848436647
0.0021679627593701465
GEN 6 time 1599120167
0.0018266509095459789
0.0019331241698611365
0.002030133848436647
0.0021092637061255054
GEN 7 time 1599120169
0.0018266509095459789
0.0019331241698611365
0.002030133848436647
0.0021092637061255054
GEN 8 time 1599120172
0.0018266509095459789
0.0019331241698611365
0.002030133848436647
0.0021092637061255054
GEN 9 time 1599120175
0.0018266509095459789
0.0019331241698611365
0.002030133848436647
0.0021092637061255054
GEN 10 time 1599120178
0.0018266509095459789
0.0019331241698611365
0.0018017149703438162
0.0021027858444607667
GEN 11 time 1599120181
0.0018266509095459789
0.0019331241698611365
0.001415016387548214
0.0021027858444607667
GEN 12 time 1599120184
0.0018266509095459789
0.0019331241698611365
0.001415016387548214
0.0021027858444607667
GEN 13 time 1599120187
0.0018266509095459789
0.0019331241698611365
0.001415016387548214
0.0020240587850739815
GEN 14 time 1599120190
0.0018266509095459789
0.0019331241698611365
0.001415016387548214
0.0020240587850739815
GEN 15 time 1599120193
0.0018266509095459789
0.0019331241698611365
0.001415016387548214
0.0020240587850739815
GEN 16 time 1599120196
0.0018266509095459789
0.0019331241698611365
0.001415016387548214
0.0020240587850739815
GEN 17 time 1599120199
0.0018266509095459789
0.0019331241698611365
0.001415016387548214
0.0020240587850739815
GEN 18 time 1599120202
0.0018266509095459789
0.0019331241698611365
0.001415016387548214
0.0020240587850739815
GEN 19 time 1599120206
0.0018266509095459789
0.0019331241698611365
0.001415016387548214
0.0020240587850739815
GEN 20 time 1599120209
0.0018266509095459789
0.0019331241698611365
0.001415016387548214
0.0020240587850739815
GEN 21 time 1599120212
0.0018266509095459789
0.0019331241698611365
0.0014010603749703904
0.0020240587850739815
GEN 22 time 1599120216
0.0018266509095459789
0.0019331241698611365
0.0014010603749703904
0.0020240587850739815
GEN 23 time 1599120219
0.0018266509095459789
0.0019331241698611365
0.0014010603749703904
0.001967942759370146
GEN 24 time 1599120222
0.0018266509095459789
0.0019331241698611365
0.0014010603749703904
0.001967942759370146
GEN 25 time 1599120225
0.0018266509095459789
0.0019331241698611365
0.0014010603749703904
0.001967942759370146
GEN 26 time 1599120228
0.0018266509095459789
0.0019331241698611365
0.0014010603749703904
0.001967942759370146
GEN 27 time 1599120232
0.0018266509095459789
0.0019331241698611365
0.0014010603749703904
0.001967942759370146
GEN 28 time 1599120236
0.0018266509095459789
0.0019331241698611365
0.0014010463019446075
0.0017751274200755336
GEN 29 time 1599120240
0.0018266509095459789
0.0019331241698611365
0.0014010463019446075
0.0017751274200755336
GEN 30 time 1599120243
0.0018266509095459789
0.0019331241698611365
0.0014010463019446075
0.0017751274200755336
GEN 31 time 1599120247
0.0018266509095459789
0.0019331241698611365
0.0014010463019446075
0.0017751274200755336
GEN 32 time 1599120250
0.0018266509095459789
0.0019331241698611365
0.0014010463019446075
0.0017751274200755336
GEN 33 time 1599120253
0.0018266509095459789
0.0019331241698611365
0.0014010463019446075
0.0017751274200755336
GEN 34 time 1599120257
0.0018266509095459789
0.0019331241698611365
0.0014010463019446075
0.0017751274200755336
GEN 35 time 1599120260
0.0018266509095459789
0.0019331241698611365
0.0014010463019446075
0.0017751274200755336
GEN 36 time 1599120263
0.0018266509095459789
0.0019331241698611365
0.0014010463019446075
0.0017751274200755336
GEN 37 time 1599120266
0.0018266509095459789
0.0019331241698611365
0.0014010463019446075
0.0017751274200755336
GEN 38 time 1599120270
0.0018266509095459789
0.0019331241698611365
0.0014010463019446075
0.0017751274200755336
GEN 39 time 1599120273
0.0018266509095459789
0.0019331241698611365
0.0014010463019446075
0.0017751274200755336
GEN 40 time 1599120276
0.0018266509095459789
0.0019331241698611365
0.0014010463019446075
0.0017751274200755336
GEN 41 time 1599120279
0.0018266509095459789
0.0019331241698611365
0.0014010463019446075
0.0017751274200755336
GEN 42 time 1599120282
0.0018266509095459789
0.0019331241698611365
0.0014010463019446075
0.0017751274200755336
GEN 43 time 1599120285
0.0018266509095459789
0.0019331241698611365
0.0014010463019446075
0.0017751274200755336
GEN 44 time 1599120289
0.0018266509095459789
0.0019331241698611365
0.0014010463019446075
0.0017751274200755336
GEN 45 time 1599120292
0.0018266509095459789
0.0019331241698611365
0.0014010463019446075
0.0017751274200755336
GEN 46 time 1599120296
0.0018266509095459789
0.0019331241698611365
0.0014010463019446075
0.0017751274200755336
GEN 47 time 1599120299
0.0018266509095459789
0.0019331241698611365
0.0014010463019446075
0.0017751274200755336
GEN 48 time 1599120302
0.0018266509095459789
0.0019331241698611365
0.0014010463019446075
0.0017751274200755336
GEN 49 time 1599120306
0.0018266509095459789
0.0019331241698611365
0.0014010463019446075
0.0017751274200755336
GEN 50 time 1599120309
0.0018266509095459789
0.0019331241698611365
0.0014010463019446075
0.0017751274200755336
GEN 51 time 1599120312
0.0018266509095459789
0.0019331241698611365
0.0014010463019446075
0.0017751274200755336
GEN 52 time 1599120316
0.0018266509095459789
0.0019331241698611365
0.0014010463019446075
0.0017751274200755336
GEN 53 time 1599120319
0.0018266509095459789
0.0019331241698611365
0.0014010463019446075
0.0017027458444607668
GEN 54 time 1599120323
0.0018266509095459789
0.0019331241698611365
0.0014010463019446075
0.0017027458444607668
GEN 55 time 1599120327
0.0018266509095459789
0.0019331241698611365
0.0014010463019446075
0.0017027458444607668
GEN 56 time 1599120330
0.0018266509095459789
0.0019331241698611365
0.0014010463019446075
0.0017027458444607668
GEN 57 time 1599120334
0.0018266509095459789
0.0019331241698611365
0.0014010463019446075
0.0017027458444607668
GEN 58 time 1599120337
0.0018266509095459789
0.0019331241698611365
0.0014010463019446075
0.0017027458444607668
GEN 59 time 1599120341
0.0018266509095459789
0.0019331241698611365
0.0014010463019446075
0.0017027458444607668
GEN 60 time 1599120345
0.0018266509095459789
0.0019331241698611365
0.0014010463019446075
0.0017027458444607668
GEN 61 time 1599120349
0.0018266509095459789
0.0019331241698611365
0.0014010463019446075
0.0017027458444607668
GEN 62 time 1599120353
0.0018266509095459789
0.0019331241698611365
0.0014010463019446075
0.0017027458444607668
GEN 63 time 1599120356
0.0018266509095459789
0.0019331241698611365
0.0014010463019446075
0.0017027458444607668
GEN 64 time 1599120360
0.0018266509095459789
0.0019331241698611365
0.0014010463019446075
0.0017027458444607668
GEN 65 time 1599120364
0.0018266509095459789
0.0019331241698611365
0.0014010463019446075
0.0015714755321831109
GEN 66 time 1599120368
0.0018266509095459789
0.0019331241698611365
0.0014010463019446075
0.0015714755321831109
GEN 67 time 1599120372
0.0018266509095459789
0.0019331241698611365
0.0014010463019446075
0.0015714755321831109
GEN 68 time 1599120375
0.0018266509095459789
0.0019331241698611365
0.0014010463019446075
0.0015714755321831109
GEN 69 time 1599120379
0.0018266509095459789
0.0019331241698611365
0.0014010463019446075
0.0015714755321831109
GEN 70 time 1599120382
0.0018266509095459789
0.0019331241698611365
0.0014010463019446075
0.0015714755321831109
GEN 71 time 1599120386
0.0018266509095459789
0.0019331241698611365
0.0014010463019446075
0.0015714755321831109
GEN 72 time 1599120389
0.0018266509095459789
0.0019331241698611365
0.0014010463019446075
0.0015714755321831109
GEN 73 time 1599120393
0.0018266509095459789
0.0019331241698611365
0.0014010463019446075
0.0015714755321831109
GEN 74 time 1599120396
0.0018266509095459789
0.0019331241698611365
0.0014010463019446075
0.0015714755321831109
GEN 75 time 1599120400
0.0018266509095459789
0.0019331241698611365
0.0014010463019446075
0.0015714755321831109
GEN 76 time 1599120403
0.0018266509095459789
0.0019331241698611365
0.0014010463019446075
0.0015714755321831109
GEN 77 time 1599120406
0.0018266509095459789
0.0019331241698611365
0.0014010463019446075
0.0015714755321831109
GEN 78 time 1599120410
0.0018266509095459789
0.0019331241698611365
0.0014010463019446075
0.0015714755321831109
GEN 79 time 1599120413
0.0018266509095459789
0.0019331241698611365
0.0014010463019446075
0.0015714755321831109
GEN 80 time 1599120417
0.0018266509095459789
0.0019331241698611365
0.0014010463019446075
0.0015714755321831109
GEN 81 time 1599120420
0.0018266509095459789
0.0019331241698611365
0.0014010463019446075
0.0015714755321831109
GEN 82 time 1599120423
0.0018266509095459789
0.0019331241698611365
0.0014010463019446075
0.0015714755321831109
GEN 83 time 1599120427
0.0018266509095459789
0.0019331241698611365
0.0014010463019446075
0.0015714755321831109
GEN 84 time 1599120430
0.0018266509095459789
0.0019331241698611365
0.0014010463019446075
0.0015714755321831109
GEN 85 time 1599120434
0.0018266509095459789
0.0019331241698611365
0.0014010463019446075
0.0015714755321831109
GEN 86 time 1599120438
0.0018266509095459789
0.0019331241698611365
0.0014010463019446075
0.0015714755321831109
GEN 87 time 1599120441
0.0018266509095459789
0.0019331241698611365
0.0014010463019446075
0.0015714755321831109
GEN 88 time 1599120445
0.0018266509095459789
0.0019331241698611365
0.0014010463019446075
0.0015714755321831109
GEN 89 time 1599120448
0.0018266509095459789
0.0019331241698611365
0.0014010463019446075
0.0015714755321831109
GEN 90 time 1599120452
0.0018266509095459789
0.0019331241698611365
0.0014010463019446075
0.0015714755321831109
GEN 91 time 1599120455
0.0018266509095459789
0.0019331241698611365
0.0014010463019446075
0.0015714755321831109
GEN 92 time 1599120459
0.0018266509095459789
0.0019331241698611365
0.0014010463019446075
0.0015714755321831109
GEN 93 time 1599120463
0.0018266509095459789
0.0019331241698611365
0.0014010463019446075
0.0015714755321831109
GEN 94 time 1599120466
0.0018266509095459789
0.0019331241698611365
0.0014010463019446075
0.0015714755321831109
GEN 95 time 1599120470
0.0018266509095459789
0.0019331241698611365
0.0014010463019446075
0.0015714755321831109
GEN 96 time 1599120473
0.0018266509095459789
0.0019331241698611365
0.0014010463019446075
0.0015714755321831109
GEN 97 time 1599120477
0.0018266509095459789
0.0019331241698611365
0.0014010463019446075
0.0015714755321831109
GEN 98 time 1599120480
0.0018266509095459789
0.0019331241698611365
0.0014010463019446075
0.0015714755321831109
GEN 99 time 1599120484
0.0018266509095459789
0.0019331241698611365
0.0014010463019446075
0.0015714755321831109
GEN 100 time 1599120487
0.0018266509095459789
0.0019331241698611365
0.0014010463019446075
0.0015714755321831109
GEN 101 time 1599120491
0.0018266509095459789
0.0019331241698611365
0.0014010463019446075
0.0015714755321831109
GEN 102 time 1599120494
0.0018266509095459789
0.0019331241698611365
0.0014010463019446075
0.0015714755321831109
GEN 103 time 1599120498
0.0018266509095459789
0.0019331241698611365
0.0014010463019446075
0.0015714755321831109
GEN 104 time 1599120501
0.0018266509095459789
0.0019331241698611365
0.0014010463019446075
0.0015714755321831109
GEN 105 time 1599120505
0.0018266509095459789
0.0019331241698611365
0.0014010463019446075
0.0015714755321831109
GEN 106 time 1599120508
0.0018266509095459789
0.0019331241698611365
0.0014010463019446075
0.0015714755321831109
GEN 107 time 1599120511
0.0018266509095459789
0.0019331241698611365
0.0014010463019446075
0.0015714755321831109
GEN 108 time 1599120515
0.0018266509095459789
0.0019331241698611365
0.0014010463019446075
0.0015714755321831109
GEN 109 time 1599120518
0.0018266509095459789
0.0019331241698611365
0.0014010463019446075
0.0015714755321831109
GEN 110 time 1599120522
0.0018266509095459789
0.0019331241698611365
0.0014010463019446075
0.0015106038860813937
GEN 111 time 1599120525
0.0018266509095459789
0.0019331241698611365
0.0014010463019446075
0.0015106038860813937
GEN 112 time 1599120529
0.0018266509095459789
0.0019331241698611365
0.0014010463019446075
0.0015106038860813937
GEN 113 time 1599120532
0.0018266509095459789
0.0019331241698611365
0.0014010463019446075
0.0015106038860813937
GEN 114 time 1599120536
0.0018266509095459789
0.0019331241698611365
0.0014010463019446075
0.0015106038860813937
GEN 115 time 1599120540
0.0018266509095459789
0.0019331241698611365
0.0014010463019446075
0.0015106038860813937
GEN 116 time 1599120544
0.0018266509095459789
0.0019331241698611365
0.0014010463019446075
0.0015106038860813937
GEN 117 time 1599120548
0.0018266509095459789
0.0019331241698611365
0.0014010463019446075
0.0015106038860813937
GEN 118 time 1599120551
0.0018266509095459789
0.0019331241698611365
0.0014010463019446075
0.0015106038860813937
GEN 119 time 1599120555
0.0018266509095459789
0.0019331241698611365
0.0014010463019446075
0.0015106038860813937
GEN 120 time 1599120558
0.0018266509095459789
0.0019331241698611365
0.0014010463019446075
0.0015106038860813937
GEN 121 time 1599120562
0.0018266509095459789
0.0019331241698611365
0.0014010463019446075
0.0015106038860813937
GEN 122 time 1599120565
0.0018266509095459789
0.0019331241698611365
0.0014010463019446075
0.0015106038860813937
GEN 123 time 1599120569
0.0018266509095459789
0.0019331241698611365
0.0014010463019446075
0.0015106038860813937
GEN 124 time 1599120572
0.0018266509095459789
0.0019331241698611365
0.0014010463019446075
0.0015106038860813937
GEN 125 time 1599120576
0.0018266509095459789
0.0019331241698611365
0.0014010463019446075
0.0015106038860813937
GEN 126 time 1599120579
0.0018266509095459789
0.0019331241698611365
0.0014010463019446075
0.0015106038860813937
GEN 127 time 1599120583
0.0018266509095459789
0.0019331241698611365
0.0014010463019446075
0.0015106038860813937
GEN 128 time 1599120586
0.0018266509095459789
0.0019331241698611365
0.0014010463019446075
0.0015106038860813937
GEN 129 time 1599120590
0.0018266509095459789
0.0019331241698611365
0.0014010463019446075
0.0015106038860813937
GEN 130 time 1599120594
0.0018266509095459789
0.0019331241698611365
0.0014010463019446075
0.0015106038860813937
GEN 131 time 1599120597
0.0018266509095459789
0.0019331241698611365
0.0014010463019446075
0.0015106038860813937
GEN 132 time 1599120601
0.0018266509095459789
0.0019331241698611365
0.0014010463019446075
0.0015106038860813937
GEN 133 time 1599120605
0.0018266509095459789
0.0019331241698611365
0.0014010463019446075
0.0015106038860813937
GEN 134 time 1599120608
0.0018266509095459789
0.0019331241698611365
0.0014010463019446075
0.0015106038860813937
GEN 135 time 1599120612
0.0018266509095459789
0.0019331241698611365
0.0014010463019446075
0.0015106038860813937
GEN 136 time 1599120615
0.0018266509095459789
0.0019331241698611365
0.0014010463019446075
0.0015106038860813937
GEN 137 time 1599120619
0.0018266509095459789
0.0019331241698611365
0.0014010463019446075
0.0015106038860813937
GEN 138 time 1599120623
0.0018266509095459789
0.0019331241698611365
0.0014010463019446075
0.0015092037061255053
GEN 139 time 1599120626
0.0018266509095459789
0.0019331241698611365
0.0014010463019446075
0.0015092037061255053
GEN 140 time 1599120630
0.0018266509095459789
0.0019331241698611365
0.0014010463019446075
0.0015092037061255053
GEN 141 time 1599120634
0.0018266509095459789
0.0019331241698611365
0.0014010463019446075
0.0015092037061255053
GEN 142 time 1599120638
0.0018266509095459789
0.0019331241698611365
0.0014010463019446075
0.0015092037061255053
GEN 143 time 1599120641
0.0018266509095459789
0.0019331241698611365
0.0014010463019446075
0.0015092037061255053
GEN 144 time 1599120645
0.0018266509095459789
0.0019331241698611365
0.0014010463019446075
0.0015092037061255053
GEN 145 time 1599120649
0.0018266509095459789
0.0019331241698611365
0.0014010463019446075
0.0015092037061255053
GEN 146 time 1599120652
0.0018266509095459789
0.0019331241698611365
0.0014010463019446075
0.0015092037061255053
GEN 147 time 1599120656
0.0018266509095459789
0.0019331241698611365
0.0014010463019446075
0.0015092037061255053
GEN 148 time 1599120660
0.0018266509095459789
0.0019331241698611365
0.0014010463019446075
0.0015092037061255053
GEN 149 time 1599120664
0.0018266509095459789
0.0019331241698611365
0.0014010463019446075
0.0015092037061255053
GEN 150 time 1599120667
0.0018266509095459789
0.0019331241698611365
0.0014010463019446075
0.0015092037061255053
GEN 151 time 1599120671
0.0018266509095459789
0.0019331241698611365
0.0014010463019446075
0.0015092037061255053
GEN 152 time 1599120674
0.0018266509095459789
0.0019331241698611365
0.0014010463019446075
0.0015092037061255053
GEN 153 time 1599120678
0.0018266509095459789
0.0019331241698611365
0.0014010463019446075
0.0015092037061255053
GEN 154 time 1599120682
0.0018266509095459789
0.0019331241698611365
0.0014010463019446075
0.0015092037061255053
GEN 155 time 1599120685
0.0018266509095459789
0.0019331241698611365
0.0014010463019446075
0.0015092037061255053
GEN 156 time 1599120689
0.0018266509095459789
0.0019331241698611365
0.0014010463019446075
0.0015092037061255053
GEN 157 time 1599120692
0.0018266509095459789
0.0019331241698611365
0.0014010463019446075
0.0015092037061255053
GEN 158 time 1599120696
0.0018266509095459789
0.0019331241698611365
0.0014010463019446075
0.0015092037061255053
GEN 159 time 1599120700
0.0018266509095459789
0.0019331241698611365
0.0014010463019446075
0.0015092037061255053
GEN 160 time 1599120703
0.0018266509095459789
0.0019331241698611365
0.0014010463019446075
0.0015092037061255053
GEN 161 time 1599120707
0.0018266509095459789
0.0019331241698611365
0.0014010463019446075
0.0015092037061255053
GEN 162 time 1599120711
0.0018266509095459789
0.0019331241698611365
0.0014010463019446075
0.0015092037061255053
GEN 163 time 1599120715
0.0018266509095459789
0.0019331241698611365
0.0014010463019446075
0.0015027258444607668
GEN 164 time 1599120718
0.0018266509095459789
0.0019331241698611365
0.0014010463019446075
0.0015027258444607668
GEN 165 time 1599120722
0.0018266509095459789
0.0019331241698611365
0.0014010463019446075
0.0015027258444607668
GEN 166 time 1599120726
0.0018266509095459789
0.0019331241698611365
0.0014010463019446075
0.0015027258444607668
GEN 167 time 1599120730
0.0018266509095459789
0.0019331241698611365
0.0014010463019446075
0.0015027258444607668
GEN 168 time 1599120733
0.0018266509095459789
0.0019331241698611365
0.0014010463019446075
0.0015027258444607668
GEN 169 time 1599120737
0.0018266509095459789
0.0019331241698611365
0.0014010463019446075
0.0015027258444607668
GEN 170 time 1599120741
0.0018266509095459789
0.0019331241698611365
0.0014010463019446075
0.0015027258444607668
GEN 171 time 1599120745
0.0018266509095459789
0.0019331241698611365
0.0014010463019446075
0.0015027258444607668
GEN 172 time 1599120748
0.0018266509095459789
0.0019331241698611365
0.0014010463019446075
0.0015027258444607668
GEN 173 time 1599120752
0.0018266509095459789
0.0019331241698611365
0.0014010463019446075
0.0015027258444607668
GEN 174 time 1599120756
0.0018266509095459789
0.0019331241698611365
0.0014010463019446075
0.0015027258444607668
GEN 175 time 1599120759
0.0018266509095459789
0.0019331241698611365
0.0014010463019446075
0.0015027258444607668
GEN 176 time 1599120763
0.0018266509095459789
0.0019331241698611365
0.0014010463019446075
0.0015027258444607668
GEN 177 time 1599120766
0.0018266509095459789
0.0019331241698611365
0.0014010463019446075
0.0015027258444607668
GEN 178 time 1599120770
0.0018266509095459789
0.0019331241698611365
0.0014010463019446075
0.0015027258444607668
GEN 179 time 1599120774
0.0018266509095459789
0.0019331241698611365
0.0014010463019446075
0.0015027258444607668
GEN 180 time 1599120778
0.0018266509095459789
0.0019331241698611365
0.0014010463019446075
0.0015027258444607668
GEN 181 time 1599120783
0.0018266509095459789
0.0019331241698611365
0.0014010463019446075
0.0015027258444607668
GEN 182 time 1599120786
0.0018266509095459789
0.0019331241698611365
0.0014010463019446075
0.0015027258444607668
GEN 183 time 1599120790
0.0018266509095459789
0.0019331241698611365
0.0014010463019446075
0.0015027258444607668
GEN 184 time 1599120794
0.0018266509095459789
0.0019331241698611365
0.0014010463019446075
0.0015027258444607668
GEN 185 time 1599120797
0.0018266509095459789
0.0019331241698611365
0.0014010463019446075
0.0015027258444607668
GEN 186 time 1599120801
0.0018266509095459789
0.0019331241698611365
0.0014010463019446075
0.0015027258444607668
GEN 187 time 1599120805
0.0018266509095459789
0.0019331241698611365
0.0014010463019446075
0.0015027258444607668
GEN 188 time 1599120808
0.0018266509095459789
0.0019331241698611365
0.0014010463019446075
0.0015027258444607668
GEN 189 time 1599120812
0.0018266509095459789
0.0019331241698611365
0.0014010463019446075
0.0015027258444607668
GEN 190 time 1599120816
0.0018266509095459789
0.0019331241698611365
0.0014010463019446075
0.0015027258444607668
GEN 191 time 1599120820
0.0018266509095459789
0.0019331241698611365
0.0014010463019446075
0.0015027258444607668
GEN 192 time 1599120823
0.0018266509095459789
0.0019331241698611365
0.0014010463019446075
0.0015027258444607668
GEN 193 time 1599120827
0.0018266509095459789
0.0019331241698611365
0.0014010463019446075
0.0015027258444607668
GEN 194 time 1599120831
0.0018266509095459789
0.0019331241698611365
0.0014010463019446075
0.0015027258444607668
GEN 195 time 1599120835
0.0018266509095459789
0.0019331241698611365
0.0014010463019446075
0.0015027258444607668
GEN 196 time 1599120839
0.0018266509095459789
0.0019331241698611365
0.0014010463019446075
0.0015027258444607668
GEN 197 time 1599120843
0.0018266509095459789
0.0019331241698611365
0.0014010463019446075
0.0015027258444607668
GEN 198 time 1599120846
0.0018266509095459789
0.0019331241698611365
0.0014010463019446075
0.0015027258444607668
GEN 199 time 1599120850
0.0018266509095459789
0.0019331241698611365
0.0014010463019446075
0.0015027258444607668
