['./data/hop/uu-dem10_r25_1_40.json', './data/hop/uu-dem1_r25_1_40.json', './data/hop/uu-dem2_r25_1_40.json', './data/hop/uu-dem3_r25_1_40.json', './data/hop/uu-dem4_r25_1_40.json', './data/hop/uu-dem5_r25_1_40.json', './data/hop/uu-dem6_r25_1_40.json', './data/hop/uu-dem7_r25_1_40.json', './data/hop/uu-dem8_r25_1_40.json', './data/hop/uu-dem9_r25_1_40.json', './data/layer/uu-dem10_r25_1.json', './data/layer/uu-dem1_r25_1.json', './data/layer/uu-dem2_r25_1.json', './data/layer/uu-dem3_r25_1.json', './data/layer/uu-dem4_r25_1.json', './data/layer/uu-dem5_r25_1.json', './data/layer/uu-dem6_r25_1.json', './data/layer/uu-dem7_r25_1.json', './data/layer/uu-dem8_r25_1.json', './data/layer/uu-dem9_r25_1.json']
GEN 0 time 1589511746
0.005001471242989844
inf
0.0060014549640562045
0.005601227410654505
0.004601181692605725
0.0060015576961562084
0.006201539800572059
0.005601281961281859
0.0046014168856183865
0.0056015110514460705
0.0016011380674455535
inf
inf
inf
inf
0.0018007216521760444
inf
0.001801007240849112
inf
0.002601169090968027
GEN 1 time 1589511760
0.005001471242989844
0.004401397588771231
0.0054014989287780885
0.005601227410654505
0.004601181692605725
0.0060015576961562084
0.00480102578341424
0.005201412324909101
0.0046014168856183865
0.0056015110514460705
0.0016011380674455535
inf
inf
inf
inf
0.0018007216521760444
inf
0.001801007240849112
inf
0.002601169090968027
GEN 2 time 1589511774
0.004601431242989844
0.004401397588771231
0.0054014989287780885
0.005601227410654505
0.004601181692605725
0.0060015576961562084
0.00480102578341424
0.005201412324909101
0.0046014168856183865
0.0056015110514460705
0.0016011380674455535
inf
inf
inf
inf
0.0018007216521760444
inf
0.001801007240849112
inf
0.002601169090968027
GEN 3 time 1589511789
0.004601431242989844
0.004401397588771231
0.0054014989287780885
0.005401296206470567
0.004601181692605725
0.005401502543262943
0.00480102578341424
0.005201412324909101
0.0044011091739216005
0.005601249268241481
0.0016011380674455535
0.002200937490294692
inf
inf
inf
0.0014010458341715882
inf
0.001801007240849112
inf
0.002201129090968027
GEN 4 time 1589511803
0.004401395194470829
0.004401397588771231
0.005001315839896372
0.005401296206470567
0.004601181692605725
0.005401502543262943
0.00480102578341424
0.005201412324909101
0.0044011091739216005
0.005201429090968027
0.0016011380674455535
0.002200937490294692
inf
inf
inf
0.0014007787722471346
inf
0.001801007240849112
inf
0.002201129090968027
GEN 5 time 1589511818
0.004401395194470829
0.004401397588771231
0.0048010480409450326
0.005401296206470567
0.004401261212080652
0.004800922528656886
0.00480102578341424
0.004601181961281859
0.0044011091739216005
0.005201429090968027
0.0016011380674455535
0.002200937490294692
inf
inf
inf
0.0014007787722471346
inf
0.001801007240849112
inf
0.002201129090968027
GEN 6 time 1589511833
0.004401300804395028
0.004401397588771231
0.0048010480409450326
0.005401296206470567
0.004401261212080652
0.004800922528656886
0.00480102578341424
0.004401058336564064
0.0044011091739216005
0.005201429090968027
0.0016009482279568154
0.002200937490294692
inf
inf
inf
0.0014007787722471346
inf
0.001801007240849112
inf
0.002201129090968027
GEN 7 time 1589511848
0.004401300804395028
0.004401397588771231
0.0048010480409450326
0.005401296206470567
0.004201071756572718
0.004800922528656886
0.00480102578341424
0.004401058336564064
0.0044011091739216005
0.005201429090968027
0.0014010919990291267
0.002200937490294692
inf
inf
inf
0.0014007787722471346
inf
0.001801007240849112
inf
0.0016011108187443993
GEN 8 time 1589511863
0.004401300804395028
0.004401397588771231
0.0048010480409450326
0.005401296206470567
0.004201071756572718
0.004800922528656886
0.004401391858712745
0.004401058336564064
0.0044011091739216005
0.004601136101884612
0.0014010919990291267
0.002200937490294692
inf
inf
inf
0.0014007787722471346
inf
0.001801007240849112
inf
0.0016011108187443993
GEN 9 time 1589511878
0.004201078317677633
0.004401397588771231
0.0048010480409450326
0.005401296206470567
0.004201071756572718
0.004800922528656886
0.004201371858712745
0.004401058336564064
0.0044011091739216005
0.004601136101884612
0.0014010919990291267
0.002200937490294692
inf
inf
inf
0.0014007787722471346
inf
0.001801007240849112
inf
0.0016011108187443993
GEN 10 time 1589511893
0.004201078317677633
0.004401397588771231
0.0048010480409450326
0.005401296206470567
0.004201071756572718
0.004800922528656886
0.004201371858712745
0.004401058336564064
0.0036013195219281153
0.004601136101884612
0.0014010919990291267
0.002200937490294692
inf
0.0018009362064705656
inf
0.0014007787722471346
inf
0.001801007240849112
inf
0.0016011108187443993
GEN 11 time 1589511909
0.004201078317677633
0.004401397588771231
0.0048010480409450326
0.004801147410654504
0.004201071756572718
0.0036010311267779945
0.004201371858712745
0.004401058336564064
0.0036013195219281153
0.004601136101884612
0.0014010919990291267
0.002000917490294692
inf
0.0018009362064705656
inf
0.0012009655555208893
inf
0.0016011297028320297
inf
0.001601098954061229
GEN 12 time 1589511924
0.004201078317677633
0.004401397588771231
0.0048010480409450326
0.004801147410654504
0.004201071756572718
0.0036010311267779945
0.004201371858712745
0.004401058336564064
0.0036013195219281153
0.004601136101884612
0.0014010674585622008
0.0016009691212393133
inf
0.0018009362064705656
inf
0.0012009655555208893
inf
0.0016011297028320297
inf
0.001601098954061229
GEN 13 time 1589511939
0.004201078317677633
0.004401397588771231
0.0048010480409450326
0.004801147410654504
0.004201071756572718
0.0036010311267779945
0.004201371858712745
0.004401058336564064
0.0036013195219281153
0.004601136101884612
0.0014010674585622008
0.0016009691212393133
inf
0.0016010896333050638
inf
0.0012009655555208893
inf
0.0016011297028320297
inf
0.001601098954061229
GEN 14 time 1589511954
0.004201078317677633
0.004401397588771231
0.0048010480409450326
0.004801147410654504
0.004201071756572718
0.0036010311267779945
0.004201371858712745
0.004401058336564064
0.0036013195219281153
0.004601136101884612
0.0014010674585622008
0.0016009691212393133
inf
0.0016010896333050638
inf
0.0012009655555208893
inf
0.0016011297028320297
inf
0.001601098954061229
GEN 15 time 1589511970
0.004201078317677633
0.004401397588771231
0.0048010480409450326
0.004801147410654504
0.004201071756572718
0.0036010311267779945
0.004201371858712745
0.004001352349207548
0.0036013195219281153
0.004601136101884612
0.0014010674585622008
0.0016009691212393133
inf
0.0016010896333050638
inf
0.0012009655555208893
0.001801134999677355
0.0016011297028320297
inf
0.001601098954061229
GEN 16 time 1589511985
0.004201078317677633
0.004401364291590645
0.004401277485077922
0.004401329592429794
0.004201071756572718
0.0036010311267779945
0.004201371858712745
0.004001352349207548
0.0036013195219281153
0.004601136101884612
0.0014010674585622008
0.0016009691212393133
inf
0.0016010896333050638
inf
0.0012009655555208893
0.001801134999677355
0.0016011297028320297
inf
0.001601098954061229
GEN 17 time 1589512001
0.004201078317677633
0.004401364291590645
0.004401277485077922
0.004401329592429794
0.004201071756572718
0.0036010311267779945
0.004201371858712745
0.004001352349207548
0.0036013195219281153
0.004601136101884612
0.0014010674585622008
0.0016009691212393133
inf
0.0016010896333050638
inf
0.0012009655555208893
0.001801134999677355
0.0016011297028320297
inf
0.001601098954061229
GEN 18 time 1589512016
0.004001188227956815
0.004401364291590645
0.004401277485077922
0.004401329592429794
0.004201071756572718
0.0036010311267779945
0.004201371858712745
0.004001352349207548
0.0036013195219281153
0.004601136101884612
0.0014010674585622008
0.0016009691212393133
inf
0.0016010896333050638
inf
0.0012009655555208893
0.001801134999677355
0.0016011297028320297
0.0018011199883282937
0.001601098954061229
GEN 19 time 1589512032
0.004001188227956815
0.004401364291590645
0.004401277485077922
0.004401329592429794
0.004201071756572718
0.0036010311267779945
0.004201371858712745
0.004001352349207548
0.0036013195219281153
0.004601136101884612
0.0014010674585622008
0.0012009291212393134
inf
0.0016010896333050638
inf
0.0012009655555208893
0.001801134999677355
0.0016011297028320297
0.0018011199883282937
0.001601098954061229
GEN 20 time 1589512047
0.004001188227956815
0.004401364291590645
0.004401277485077922
0.004001309212215818
0.004201071756572718
0.0036010311267779945
0.004201371858712745
0.004001352349207548
0.0036013195219281153
0.004601136101884612
0.0014010674585622008
0.0012009291212393134
inf
0.0016010896333050638
inf
0.0012009655555208893
0.001801134999677355
0.0016011297028320297
0.0018011199883282937
0.001601098954061229
GEN 21 time 1589512063
0.0038013402085309484
0.004401364291590645
0.004401277485077922
0.004001309212215818
0.004201071756572718
0.0036010311267779945
0.004201371858712745
0.004001352349207548
0.0036013195219281153
0.004601136101884612
0.0014010674585622008
0.0012009291212393134
inf
0.0016010896333050638
inf
0.0012009655555208893
0.001801134999677355
0.001600987240849112
0.0018011199883282937
0.001601098954061229
GEN 22 time 1589512079
0.0038013402085309484
0.004401364291590645
0.004201383511427471
0.004000924597477987
0.004201071756572718
0.0036010311267779945
0.004201371858712745
0.004001352349207548
0.0036013195219281153
0.004601136101884612
0.0014010674585622008
0.0012009291212393134
inf
0.0016010896333050638
inf
0.0012009655555208893
0.001801134999677355
0.001600987240849112
0.0018011199883282937
0.001601098954061229
GEN 23 time 1589512094
0.0038013402085309484
0.004401364291590645
0.004201383511427471
0.004000924597477987
0.004201071756572718
0.0036010311267779945
0.004201371858712745
0.004001352349207548
0.0036013195219281153
0.004601136101884612
0.0014010674585622008
0.0012009291212393134
inf
0.0016010896333050638
inf
0.0012009655555208893
0.001801134999677355
0.001600987240849112
0.0018011199883282937
0.001601098954061229
GEN 24 time 1589512109
0.0038013402085309484
0.004401364291590645
0.004201383511427471
0.004000924597477987
0.004201071756572718
0.0036010311267779945
0.004001351858712744
0.004001352349207548
0.0036013195219281153
0.004601136101884612
0.0014010674585622008
0.0012009291212393134
inf
0.0016010896333050638
inf
0.0012009655555208893
0.001801134999677355
0.001600987240849112
0.0018011199883282937
0.001601098954061229
GEN 25 time 1589512125
0.0038013402085309484
0.004401364291590645
0.004201383511427471
0.004000924597477987
0.004201071756572718
0.0036010311267779945
0.003801331858712745
0.004001352349207548
0.0036013195219281153
0.004401368199814333
0.0014010674585622008
0.0012009291212393134
inf
0.0016010896333050638
inf
0.0012009655555208893
0.001801134999677355
0.001600987240849112
0.0018011199883282937
0.001601098954061229
GEN 26 time 1589512141
0.0038013402085309484
0.004401364291590645
0.004201383511427471
0.004000924597477987
0.004001263480474555
0.0036010311267779945
0.003801331858712745
0.004001352349207548
0.0036013195219281153
0.004401368199814333
0.0014010674585622008
0.0012009291212393134
inf
0.0016009797838214574
inf
0.0012009655555208893
0.0018011318587127442
0.001600987240849112
0.0018011199883282937
0.001601098954061229
GEN 27 time 1589512156
0.0038013402085309484
0.004401364291590645
0.004201235839896372
0.004000924597477987
0.004001263480474555
0.0036010311267779945
0.003801331858712745
0.004001352349207548
0.0036013195219281153
0.004401368199814333
0.0014010674585622008
0.0012009291212393134
inf
0.0016009797838214574
inf
0.0012009655555208893
0.0018011318587127442
0.001600987240849112
0.0018011199883282937
0.001601098954061229
GEN 28 time 1589512171
0.0038013402085309484
0.004401364291590645
0.004201235839896372
0.004000924597477987
0.004001263480474555
0.0036010311267779945
0.0036012065071009533
0.004001352349207548
0.0036013195219281153
0.004401129268241481
0.0014010674585622008
0.0012009291212393134
inf
0.0016009797838214574
inf
0.0012009655555208893
0.0018011318587127442
0.001600987240849112
0.0018011199883282937
0.001601098954061229
GEN 29 time 1589512187
0.0038013402085309484
0.004401364291590645
0.004201235839896372
0.004000924597477987
0.004001263480474555
0.0036010311267779945
0.0036012065071009533
0.004001352349207548
0.0036013195219281153
0.004401129268241481
0.0014010674585622008
0.0012009291212393134
0.002201195917691744
0.0016009797838214574
inf
0.0012009655555208893
0.0018011318587127442
0.001600987240849112
0.0018011199883282937
0.001601098954061229
GEN 30 time 1589512203
0.0038013402085309484
0.004401364291590645
0.004201235839896372
0.004000924597477987
0.004001263480474555
0.0036010311267779945
0.0036012065071009533
0.004001352349207548
0.0036013195219281153
0.004401129268241481
0.0014010674585622008
0.0012009291212393134
0.002201195917691744
0.0016009797838214574
inf
0.0012009655555208893
0.0018011318587127442
0.001600987240849112
0.0018011182206361979
0.001601098954061229
GEN 31 time 1589512218
0.0038013402085309484
0.004401364291590645
0.004201235839896372
0.004000869255997299
0.004001263480474555
0.00360097421516166
0.0036012065071009533
0.004001352349207548
0.0036013195219281153
0.004401129268241481
0.0014010674585622008
0.0012009291212393134
0.002201195917691744
0.0016009797838214574
inf
0.0012007342151616595
0.0018011148899714456
0.001600987240849112
0.0018011182206361979
0.001601098954061229
GEN 32 time 1589512233
0.0038013402085309484
0.004401364291590645
0.004201235839896372
0.004000869255997299
0.0038012434804745553
0.00360097421516166
0.0036012065071009533
0.004001352349207548
0.0036013195219281153
0.004401129268241481
0.0014010674585622008
0.0012009291212393134
0.002201195917691744
0.0016009797838214574
inf
0.0012007342151616595
0.0018011148899714456
0.001600987240849112
0.0018011182206361979
0.0016010881998143323
GEN 33 time 1589512249
0.0038013402085309484
0.004401364291590645
0.004201235839896372
0.004000869255997299
0.0038012434804745553
0.00360097421516166
0.0036012065071009533
0.004001352349207548
0.0036013195219281153
0.004401129268241481
0.0014010674585622008
0.0012009291212393134
0.002201195917691744
0.0016009797838214574
inf
0.0012007342151616595
0.0018011148899714456
0.001600987240849112
0.0018011182206361979
0.0016010881998143323
GEN 34 time 1589512265
0.0038013402085309484
0.004401364291590645
0.004201235839896372
0.004000869255997299
0.0038012434804745553
0.00360097421516166
0.0036012065071009533
0.004001352349207548
0.0036013195219281153
0.004401129268241481
0.0014010674585622008
0.0012009291212393134
0.002201195917691744
0.0016009797838214574
inf
0.0012007342151616595
0.0018011148899714456
0.001600987240849112
0.0018011182206361979
0.0016010881998143323
GEN 35 time 1589512281
0.0038013402085309484
0.004401364291590645
0.004201235839896372
0.004000869255997299
0.0038012434804745553
0.00360097421516166
0.0036012065071009533
0.004001352349207548
0.0036013195219281153
0.004401129268241481
0.0014010674585622008
0.0012009291212393134
0.002201195917691744
0.0016009649912316778
inf
0.0012007342151616595
0.0018011148899714456
0.001600987240849112
0.0018011182206361979
0.0016010881998143323
GEN 36 time 1589512296
0.0038013402085309484
0.004401364291590645
0.004201235839896372
0.004000869255997299
0.0038012434804745553
0.00360097421516166
0.0036012065071009533
0.004001352349207548
0.0036013195219281153
0.004401129268241481
0.0014010674585622008
0.0012009291212393134
0.002201195917691744
0.0016009649912316778
inf
0.0012007342151616595
0.0018011148899714456
0.001600987240849112
0.0018011182206361979
0.0016010881998143323
GEN 37 time 1589512312
0.0038013402085309484
0.004401364291590645
0.004201235839896372
0.004000869255997299
0.0038012434804745553
0.00360097421516166
0.0036012065071009533
0.004001352349207548
0.0036013195219281153
0.004401129268241481
0.0014008869580811089
0.0012009291212393134
0.002201195917691744
0.0016009649912316778
inf
0.0012007342151616595
0.0018011148899714456
0.001600987240849112
0.0018011182206361979
0.0016008492682414808
GEN 38 time 1589512328
0.0038013402085309484
0.004401364291590645
0.004201235839896372
0.004000869255997299
0.0038012434804745553
0.00360097421516166
0.0036012065071009533
0.004001352349207548
0.0036013195219281153
0.004401129268241481
0.0014008869580811089
0.0012009291212393134
0.0018010264479069323
0.0016009649912316778
inf
0.0012007342151616595
0.0018011148899714456
0.001600987240849112
0.0018011182206361979
0.0016008492682414808
GEN 39 time 1589512344
0.003801307458562201
0.004401364291590645
0.004201235839896372
0.004000869255997299
0.0038012434804745553
0.00360097421516166
0.0036012065071009533
0.004001352349207548
0.0036013195219281153
0.004401129268241481
0.0014008869580811089
0.0012009291212393134
0.001601135917691744
0.0016009361133621843
inf
0.0012007342151616595
0.0018011148899714456
0.001600987240849112
0.0018011182206361979
0.0016008492682414808
GEN 40 time 1589512359
0.003801307458562201
0.004401364291590645
0.004201235839896372
0.004000869255997299
0.0038012434804745553
0.00360097421516166
0.0036012065071009533
0.004001352349207548
0.0036013195219281153
0.004401129268241481
0.0014008869580811089
0.0012009291212393134
0.001601135917691744
0.0016009361133621843
inf
0.0012007342151616595
0.0018011148899714456
0.001600987240849112
0.0016010476710587697
0.0016008492682414808
GEN 41 time 1589512375
0.003801307458562201
0.004401364291590645
0.004201235839896372
0.004000869255997299
0.0038012434804745553
0.00360097421516166
0.0036012065071009533
0.003801332349207548
0.0036013195219281153
0.004401129268241481
0.0014008869580811089
0.0012009291212393134
0.001601135917691744
0.0016009361133621843
inf
0.0012007342151616595
0.0018011148899714456
0.001600987240849112
0.0016010476710587697
0.001600720825820909
GEN 42 time 1589512390
0.003801307458562201
0.004001372059490376
0.004201235839896372
0.004000869255997299
0.0038012434804745553
0.00360097421516166
0.0036012065071009533
0.003801332349207548
0.0036013195219281153
0.004401129268241481
0.0014008869580811089
0.0012009291212393134
0.0014011035114274704
0.0016009361133621843
inf
0.0012007342151616595
0.0018011148899714456
0.001600987240849112
0.0016010476710587697
0.001600720825820909
GEN 43 time 1589512406
0.003801307458562201
0.004001372059490376
0.004201235839896372
0.004000869255997299
0.0038012434804745553
0.00360097421516166
0.003401259800572059
0.003801332349207548
0.0036013195219281153
0.004401129268241481
0.0014008869580811089
0.0012009291212393134
0.0014011035114274704
0.0016009361133621843
inf
0.0012007342151616595
0.0018011148899714456
0.001600987240849112
0.0016010476710587697
0.001600720825820909
GEN 44 time 1589512421
0.003801307458562201
0.004001372059490376
0.004201235839896372
0.004000869255997299
0.0038012434804745553
0.00360097421516166
0.003401259800572059
0.003801332349207548
0.0036013195219281153
0.004401129268241481
0.0014008869580811089
0.0012009291212393134
0.0014011035114274704
0.0016009361133621843
inf
0.0012007342151616595
0.0018011148899714456
0.001600987240849112
0.0016010476710587697
0.001600720825820909
GEN 45 time 1589512437
0.003801307458562201
0.004001372059490376
0.004201235839896372
0.004000869255997299
0.0038012434804745553
0.00360097421516166
0.003401259800572059
0.003801332349207548
0.0036013195219281153
0.004401129268241481
0.0014008869580811089
0.0012009291212393134
0.0014011035114274704
0.0016009361133621843
inf
0.0012007342151616595
0.0018011148899714456
0.001600987240849112
0.0016010476710587697
0.001600720825820909
GEN 46 time 1589512452
0.003801307458562201
0.004001372059490376
0.004201235839896372
0.004000869255997299
0.0038012434804745553
0.00360097421516166
0.003401259800572059
0.003801332349207548
0.0036013195219281153
0.004401129268241481
0.0014008869580811089
0.0012009291212393134
0.0014011035114274704
0.0016009361133621843
inf
0.0012007342151616595
0.0018011148899714456
0.001600987240849112
0.0016010476710587697
0.001600720825820909
GEN 47 time 1589512468
0.003801307458562201
0.004001372059490376
0.004201235839896372
0.004000869255997299
0.0038012434804745553
0.00360097421516166
0.003401259800572059
0.003801332349207548
0.0036013195219281153
0.004401129268241481
0.0014008869580811089
0.0012009291212393134
0.0014011035114274704
0.0016008274106545039
inf
0.0012007342151616595
0.0018011148899714456
0.001600987240849112
0.0016010476710587697
0.001600720825820909
GEN 48 time 1589512484
0.0036013202085309485
0.004001372059490376
0.0036012808364700266
0.0038012892122158176
0.0038012434804745553
0.00360097421516166
0.003401259800572059
0.003801332349207548
0.0036013195219281153
0.004401129268241481
0.0014008869580811089
0.0012009291212393134
0.0014011035114274704
0.0016008274106545039
inf
0.0012007342151616595
0.0016011221794988025
0.001600987240849112
0.0016010476710587697
0.001600720825820909
GEN 49 time 1589512500
0.0036013202085309485
0.003801304291590645
0.0036012808364700266
0.0038012892122158176
0.0038012434804745553
0.00360097421516166
0.003401259800572059
0.003801332349207548
0.0036013195219281153
0.004401129268241481
0.0014008869580811089
0.0012009291212393134
0.0014011035114274704
0.0016008274106545039
inf
0.0012007342151616595
0.0016011221794988025
0.001600987240849112
0.0016010476710587697
0.001600720825820909
GEN 50 time 1589512516
0.0036013202085309485
0.003801304291590645
0.0036012808364700266
0.003401210293600688
0.0038012434804745553
0.00360097421516166
0.003401259800572059
0.003801332349207548
0.0036013195219281153
0.004401129268241481
0.0014008869580811089
0.0012009291212393134
0.0012009574850779213
0.0016008274106545039
inf
0.0012007342151616595
0.0016011221794988025
0.001600987240849112
0.0016010476710587697
0.001600720825820909
GEN 51 time 1589512532
0.0036013202085309485
0.003801304291590645
0.0036012808364700266
0.003401210293600688
0.0038012434804745553
0.00360097421516166
0.003401259800572059
0.003801332349207548
0.0036013195219281153
0.004401129268241481
0.0014008869580811089
0.0012009291212393134
0.0012009574850779213
0.0016008274106545039
inf
0.0012007342151616595
0.0016011221794988025
0.001600987240849112
0.0016010476710587697
0.001600720825820909
GEN 52 time 1589512547
0.0036013202085309485
0.003801304291590645
0.0036012808364700266
0.003401210293600688
0.0038012434804745553
0.00360097421516166
0.003401259800572059
0.003801332349207548
0.0036013195219281153
0.004401129268241481
0.0014008869580811089
0.0012009291212393134
0.0012009574850779213
0.0016008274106545039
inf
0.0012007342151616595
0.0016011221794988025
0.001600987240849112
0.0016009629556992197
0.001600720825820909
GEN 53 time 1589512563
0.0036013202085309485
0.003801304291590645
0.0036012808364700266
0.003401210293600688
0.0038012434804745553
0.00360097421516166
0.003401259800572059
0.003801332349207548
0.0036013195219281153
0.004401129268241481
0.0014008869580811089
0.0012009291212393134
0.0012009574850779213
0.0016008274106545039
inf
0.0012007342151616595
0.0016011221794988025
0.001600987240849112
0.0016009629556992197
0.001600720825820909
GEN 54 time 1589512578
0.0036013202085309485
0.003801304291590645
0.0036012808364700266
0.003401210293600688
0.0038012434804745553
0.00360097421516166
0.003401186507100953
0.003801332349207548
0.0036013195219281153
0.004401129268241481
0.0014008869580811089
0.0012009291212393134
0.0012009574850779213
0.0016008274106545039
inf
0.0012007342151616595
0.0016011221794988025
0.001600987240849112
0.0016009629556992197
0.001600720825820909
GEN 55 time 1589512594
0.0036013202085309485
0.003801304291590645
0.003401260836470026
0.003401210293600688
0.0038012434804745553
0.0032012841672951027
0.003401186507100953
0.003801332349207548
0.0036013195219281153
0.004401129268241481
0.0014008869580811089
0.0012009291212393134
0.0012009574850779213
0.0016008274106545039
inf
0.0012007342151616595
0.0016011221794988025
0.001600987240849112
0.0016009629556992197
0.001600720825820909
GEN 56 time 1589512610
0.0036013202085309485
0.003801304291590645
0.003401260836470026
0.003401210293600688
0.0038012434804745553
0.0032012841672951027
0.003401186507100953
0.003801332349207548
0.0036013195219281153
0.004401129268241481
0.0014008869580811089
0.0012009291212393134
0.0012009574850779213
0.0016008274106545039
inf
0.0012007342151616595
0.0016011221794988025
0.001600987240849112
0.0016009629556992197
0.001600720825820909
GEN 57 time 1589512625
0.003601287458562201
0.003801304291590645
0.003401260836470026
0.003401210293600688
0.0038012434804745553
0.0032012841672951027
0.003401186507100953
0.003801332349207548
0.0036013195219281153
0.004401129268241481
0.0014008869580811089
0.0012009291212393134
0.0012009574850779213
0.0016008274106545039
inf
0.0012007342151616595
0.0016011221794988025
0.001600987240849112
0.0014010944314424535
0.001600720825820909
GEN 58 time 1589512641
0.003601287458562201
0.003801304291590645
0.003401260836470026
0.003401210293600688
0.0038012434804745553
0.0032012841672951027
0.003401186507100953
0.003801332349207548
0.0036013195219281153
0.004201343082912057
0.0014008869580811089
0.0012009291212393134
0.0012009574850779213
0.0016008274106545039
inf
0.0012007342151616595
0.0016011221794988025
0.001600987240849112
0.0014010944314424535
0.001600720825820909
GEN 59 time 1589512657
0.003601287458562201
0.003801304291590645
0.003401260836470026
0.0032011249912316775
0.0038012434804745553
0.0032012841672951027
0.003401186507100953
0.003801332349207548
0.0036013195219281153
0.004201343082912057
0.0014008869580811089
0.0012009291212393134
0.0012009574850779213
0.0016008274106545039
inf
0.0012007342151616595
0.0016011221794988025
0.001600987240849112
0.0014010944314424535
0.001600720825820909
GEN 60 time 1589512673
0.003601287458562201
0.003801304291590645
0.003401260836470026
0.0032011249912316775
0.003801124866319139
0.0032012841672951027
0.003401186507100953
0.0036011321988752634
0.0036013195219281153
0.004201343082912057
0.0014008869580811089
0.0012009291212393134
0.0012009574850779213
0.0016008274106545039
inf
0.0012007342151616595
0.0016011221794988025
0.001600987240849112
0.0014010944314424535
0.001600720825820909
GEN 61 time 1589512689
0.003601287458562201
0.003801304291590645
0.003401260836470026
0.0032011249912316775
0.003801124866319139
0.0032012841672951027
0.003401186507100953
0.0036011321988752634
0.0036013195219281153
0.004201343082912057
0.0014008869580811089
0.0012009291212393134
0.0012009574850779213
0.0016008274106545039
inf
0.0012007342151616595
0.0016011221794988025
0.001600987240849112
0.0014010944314424535
0.001600720825820909
GEN 62 time 1589512705
0.003601287458562201
0.003801304291590645
0.003401260836470026
0.0032011249912316775
0.003801124866319139
0.0032012841672951027
0.003401186507100953
0.0036011321988752634
0.0036013195219281153
0.004201343082912057
0.0014008869580811089
0.0012009291212393134
0.0012009574850779213
0.0016008274106545039
inf
0.0012007342151616595
0.0016011221794988025
0.001600987240849112
0.0014010944314424535
0.001600720825820909
GEN 63 time 1589512720
0.003601287458562201
0.003801304291590645
0.003401260836470026
0.0032011249912316775
0.003801124866319139
0.0032012841672951027
0.003401186507100953
0.0036007369353562024
0.0036013195219281153
0.004201343082912057
0.0014008869580811089
0.0012009291212393134
0.0012009574850779213
0.0016008274106545039
inf
0.0012007342151616595
0.0016011221794988025
0.001600987240849112
0.0014010944314424535
0.0014010910514460702
GEN 64 time 1589512736
0.003601287458562201
0.003801304291590645
0.003401260836470026
0.0032011249912316775
0.003801124866319139
0.0032012841672951027
0.003401186507100953
0.0036007369353562024
0.0036013195219281153
0.004201343082912057
0.0014008869580811089
0.0012009291212393134
0.0012009574850779213
0.0016008274106545039
inf
0.0012007342151616595
0.0016011221794988025
0.001600987240849112
0.0014010944314424535
0.0014010910514460702
GEN 65 time 1589512752
0.003601287458562201
0.003801304291590645
0.003401260836470026
0.0032011249912316775
0.003801124866319139
0.0032012841672951027
0.003401186507100953
0.0036007369353562024
0.0036013195219281153
0.004201343082912057
0.0014008869580811089
0.0012009291212393134
0.0012009574850779213
0.0016008274106545039
inf
0.0012007342151616595
0.0016011221794988025
0.001600987240849112
0.0014010944314424535
0.0014010910514460702
GEN 66 time 1589512767
0.003601287458562201
0.003801304291590645
0.003401260836470026
0.0032011249912316775
0.003801124866319139
0.0032012841672951027
0.003401186507100953
0.0036007369353562024
0.0036013195219281153
0.004201343082912057
0.0014008869580811089
0.0012009291212393134
0.0012009574850779213
0.0016008274106545039
inf
0.0012007342151616595
0.0016011221794988025
0.001600987240849112
0.0014010944314424535
0.0014010910514460702
GEN 67 time 1589512783
0.003601287458562201
0.003801304291590645
0.003401260836470026
0.0032011249912316775
0.003801124866319139
0.0032012841672951027
0.003401186507100953
0.0036007369353562024
0.0036013195219281153
0.004201343082912057
0.0014008869580811089
0.0012009291212393134
0.0012009574850779213
0.0016008274106545039
inf
0.0012007342151616595
0.0016011221794988025
0.001600987240849112
0.0014010944314424535
0.0014010910514460702
GEN 68 time 1589512799
0.003601287458562201
0.003801304291590645
0.003401260836470026
0.0032011249912316775
0.003801124866319139
0.0032012841672951027
0.003401186507100953
0.0036007369353562024
0.003600991923640215
0.004201343082912057
0.0014008869580811089
0.0012009291212393134
0.0012009574850779213
0.0016008274106545039
inf
0.0012007342151616595
0.0016011221794988025
0.001600987240849112
0.0014010944314424535
0.0014010910514460702
GEN 69 time 1589512815
0.003601287458562201
0.003801304291590645
0.003401260836470026
0.0032011249912316775
0.003801124866319139
0.0032012841672951027
0.003401186507100953
0.0036007369353562024
0.003600991923640215
0.0034013089670597617
0.0014008869580811089
0.0012009291212393134
0.0012009574850779213
0.0016008274106545039
inf
0.0012007342151616595
0.0016011221794988025
0.001600987240849112
0.0014010944314424535
0.0014010910514460702
GEN 70 time 1589512831
0.003601287458562201
0.003801304291590645
0.003401260836470026
0.0032011249912316775
0.003801124866319139
0.0032012841672951027
0.003401186507100953
0.0036007369353562024
0.003600991923640215
0.0034013089670597617
0.0014008869580811089
0.0012009291212393134
0.0012009574850779213
0.0016008274106545039
inf
0.0012007342151616595
0.0016011221794988025
0.001600987240849112
0.0014010944314424535
0.0014010910514460702
GEN 71 time 1589512846
0.003601287458562201
0.003801304291590645
0.003401260836470026
0.0032011249912316775
0.003801124866319139
0.0032012841672951027
0.003401186507100953
0.0036007369353562024
0.003600991923640215
0.0034013089670597617
0.0014008869580811089
0.0012009291212393134
0.0012009574850779213
0.0016008274106545039
inf
0.0012007342151616595
0.0016011221794988025
0.001600987240849112
0.0012010768856183865
0.0014010910514460702
GEN 72 time 1589512862
0.003601287458562201
0.003801304291590645
0.003401260836470026
0.0032011249912316775
0.003801124866319139
0.0032012841672951027
0.003401186507100953
0.0036007369353562024
0.003600991923640215
0.0034013089670597617
0.0014008869580811089
0.0012009291212393134
0.0012009574850779213
0.0016008274106545039
inf
0.0012007342151616595
0.0016011221794988025
0.001600987240849112
0.0012010768856183865
0.0014010910514460702
GEN 73 time 1589512878
0.003601287458562201
0.003801304291590645
0.003401260836470026
0.0032011249912316775
0.003801124866319139
0.0032012841672951027
0.003201239800572059
0.0036007369353562024
0.003600991923640215
0.0034013089670597617
0.0014008869580811089
0.0012009291212393134
0.0012009574850779213
0.0016008274106545039
inf
0.0012007342151616595
0.0016011221794988025
0.001600987240849112
0.0012010768856183865
0.0014010910514460702
GEN 74 time 1589512891
0.0036012208043950276
0.003801304291590645
0.003401260836470026
0.0032011249912316775
0.003801124866319139
0.0032012841672951027
0.003201239800572059
0.0036007369353562024
0.003600991923640215
0.0034013089670597617
0.0014008869580811089
0.0012009291212393134
0.001200756259245699
0.0016008274106545039
inf
0.0012007342151616595
0.0016011221794988025
0.001600987240849112
0.0012010768856183865
0.0014010910514460702
GEN 75 time 1589512903
0.0036010183176776326
0.003801304291590645
0.003401260836470026
0.0032011249912316775
0.003801124866319139
0.0032012841672951027
0.003201239800572059
0.0036007369353562024
0.003600991923640215
0.0034013089670597617
0.0014008869580811089
0.0012009291212393134
0.001200756259245699
0.0016008274106545039
inf
0.0012007342151616595
0.0016011221794988025
0.001600987240849112
0.0012010768856183865
0.0014010910514460702
GEN 76 time 1589512915
0.0036010183176776326
0.003801304291590645
0.003401260836470026
0.0032011249912316775
0.003801124866319139
0.0032012841672951027
0.003201239800572059
0.0036007369353562024
0.003600991923640215
0.0034013089670597617
0.0014008869580811089
0.0012009291212393134
0.001200756259245699
0.0016008274106545039
inf
0.0012007342151616595
0.0016011221794988025
0.001600987240849112
0.0012010768856183865
0.0014010910514460702
GEN 77 time 1589512928
0.0036010183176776326
0.003801304291590645
0.003401260836470026
0.0032011249912316775
0.003801124866319139
0.0032012841672951027
0.003201239800572059
0.0036007369353562024
0.003600991923640215
0.0034013089670597617
0.0014008869580811089
0.0012009291212393134
0.001200756259245699
0.0016008274106545039
inf
0.0012007342151616595
0.0016011221794988025
0.001600987240849112
0.0012010768856183865
0.0014010910514460702
GEN 78 time 1589512941
0.0036010183176776326
0.003801304291590645
0.003401260836470026
0.0032011249912316775
0.003801124866319139
0.0032012841672951027
0.003201239800572059
0.0036007369353562024
0.003600991923640215
0.0034013089670597617
0.0014008869580811089
0.0012009291212393134
0.001200756259245699
0.0016008274106545039
inf
0.0012007342151616595
0.0016011221794988025
0.001600987240849112
0.0012010768856183865
0.0014010910514460702
GEN 79 time 1589512953
0.0036010183176776326
0.003801304291590645
0.003401260836470026
0.0032011249912316775
0.003801124866319139
0.0032012067416773136
0.003201239800572059
0.00340106666779225
0.003600991923640215
0.0034013089670597617
0.0014008869580811089
0.0012009291212393134
0.001200756259245699
0.0016008274106545039
inf
0.0012007342151616595
0.0016011221794988025
0.001600987240849112
0.0012010768856183865
0.0014010681998143323
GEN 80 time 1589512966
0.0036010183176776326
0.003801304291590645
0.003401260836470026
0.0032011249912316775
0.003801124866319139
0.0032012067416773136
0.003201239800572059
0.00340106666779225
0.003600991923640215
0.0034013089670597617
0.0014008869580811089
0.0012009291212393134
0.001200756259245699
0.0016008274106545039
inf
0.0012007342151616595
0.0016011221794988025
0.001600987240849112
0.0012010768856183865
0.0014010495199743116
GEN 81 time 1589512979
0.0036010183176776326
0.003801304291590645
0.003401260836470026
0.0032011249912316775
0.003801124866319139
0.0032012067416773136
0.003201239800572059
0.00340106666779225
0.003600991923640215
0.0034013089670597617
0.0014008869580811089
0.0012009291212393134
0.001200756259245699
0.0016008274106545039
inf
0.0012007342151616595
0.0016011221794988025
0.001600987240849112
0.0012010744314424535
0.0014010495199743116
GEN 82 time 1589512992
0.0036010183176776326
0.003801304291590645
0.003401260836470026
0.0032011249912316775
0.003801124866319139
0.0032012067416773136
0.003201239800572059
0.00340106666779225
0.003600991923640215
0.0034013089670597617
0.0014008869580811089
0.0012009291212393134
0.001200756259245699
0.0016008274106545039
inf
0.0012007342151616595
0.0016011221794988025
0.001600987240849112
0.0012010744314424535
0.0014010495199743116
GEN 83 time 1589513004
0.0036010183176776326
0.003801304291590645
0.003401260836470026
0.0032011249912316775
0.003801124866319139
0.0032012067416773136
0.003201239800572059
0.00340106666779225
0.003600991923640215
0.0034013089670597617
0.0014008869580811089
0.0012009291212393134
0.001200756259245699
0.0016008274106545039
inf
0.0012007342151616595
0.0016011221794988025
0.001600987240849112
0.0012010744314424535
0.0014010495199743116
GEN 84 time 1589513017
0.0036010183176776326
0.003801304291590645
0.003401260836470026
0.0032011249912316775
0.003801124866319139
0.0032012067416773136
0.003201239800572059
0.00340106666779225
0.003600991923640215
0.0034013089670597617
0.0014008869580811089
0.0012009291212393134
0.001200756259245699
0.0016008274106545039
inf
0.0012007342151616595
0.0016011221794988025
0.001600987240849112
0.0012010744314424535
0.0014010495199743116
GEN 85 time 1589513030
0.0036010183176776326
0.003801304291590645
0.003401260836470026
0.0032011249912316775
0.003801124866319139
0.0032012067416773136
0.003201239800572059
0.00340106666779225
0.003600991923640215
0.0034013089670597617
0.0014008869580811089
0.0012009291212393134
0.001200756259245699
0.0016008274106545039
inf
0.0012007342151616595
0.0016011221794988025
0.001600987240849112
0.0012010744314424535
0.0014010495199743116
GEN 86 time 1589513042
0.0036010183176776326
0.003801304291590645
0.003401260836470026
0.0032011249912316775
0.003801124866319139
0.0032012067416773136
0.003201239800572059
0.00340106666779225
0.003600991923640215
0.0034013089670597617
0.0014008869580811089
0.0012009291212393134
0.001200756259245699
0.0016008274106545039
inf
0.0012007342151616595
0.0016011221794988025
0.001600987240849112
0.0012010744314424535
0.0014010495199743116
GEN 87 time 1589513055
0.0036010183176776326
0.003801304291590645
0.003401260836470026
0.0032011249912316775
0.003801124866319139
0.0032012067416773136
0.003201239800572059
0.00340106666779225
0.003600991923640215
0.0034013089670597617
0.0014008869580811089
0.0012009291212393134
0.001200756259245699
0.0016008274106545039
inf
0.0012007342151616595
0.0016011221794988025
0.001600987240849112
0.0012010744314424535
0.001400700825820909
GEN 88 time 1589513067
0.0036010183176776326
0.003801304291590645
0.003401260836470026
0.0032011249912316775
0.003801124866319139
0.0032012067416773136
0.003201239800572059
0.00340106666779225
0.003600991923640215
0.0034013089670597617
0.0014008869580811089
0.0012009291212393134
0.001200756259245699
0.0016008274106545039
inf
0.0012007342151616595
0.0016011221794988025
0.001600987240849112
0.0012010744314424535
0.001400700825820909
GEN 89 time 1589513080
0.0036010183176776326
0.003801304291590645
0.003401260836470026
0.0032011249912316775
0.003801124866319139
0.0032012067416773136
0.003201239800572059
0.00340106666779225
0.003600991923640215
0.0034013089670597617
0.0014008869580811089
0.0012009291212393134
0.001200756259245699
0.0016008274106545039
inf
0.0012007342151616595
0.0016011221794988025
0.001600987240849112
0.0012010744314424535
0.001400700825820909
GEN 90 time 1589513092
0.0036010183176776326
0.003801304291590645
0.003401260836470026
0.0032011249912316775
0.003801124866319139
0.0032012067416773136
0.003201239800572059
0.00340106666779225
0.003600991923640215
0.0034013089670597617
0.0014008869580811089
0.0012009291212393134
0.001200756259245699
0.0016008274106545039
inf
0.0012007342151616595
0.0016011221794988025
0.001600987240849112
0.0012010744314424535
0.001400700825820909
GEN 91 time 1589513105
0.0036010183176776326
0.003801304291590645
0.003401260836470026
0.0032011249912316775
0.003801124866319139
0.0032012067416773136
0.003201239800572059
0.0034010138291868056
0.003600991923640215
0.0034013089670597617
0.0014008869580811089
0.0012009291212393134
0.001200756259245699
0.0016008274106545039
inf
0.0012007342151616595
0.0016011221794988025
0.001600987240849112
0.0012010744314424535
0.001400700825820909
GEN 92 time 1589513118
0.0036010183176776326
0.003801304291590645
0.0034011118887112344
0.0032011249912316775
0.003801124866319139
0.0032012067416773136
0.003201239800572059
0.0034010138291868056
0.003600991923640215
0.0034013089670597617
0.0014008869580811089
0.0012009291212393134
0.001200756259245699
0.0016008274106545039
inf
0.0012007342151616595
0.0016011221794988025
0.001600987240849112
0.0012010744314424535
0.001400700825820909
GEN 93 time 1589513130
0.0036010183176776326
0.003801304291590645
0.0034011118887112344
0.0032011249912316775
0.003801124866319139
0.0032012067416773136
0.003201239800572059
0.0034010138291868056
0.003600991923640215
0.0034013089670597617
0.0014008869580811089
0.0012009291212393134
0.001200756259245699
0.0016008274106545039
inf
0.0012007342151616595
0.0016011221794988025
0.001600987240849112
0.0012010744314424535
0.001400700825820909
GEN 94 time 1589513143
0.0036010183176776326
0.003801304291590645
0.0034011118887112344
0.0032011249912316775
0.003801124866319139
0.003200991126777994
0.003201239800572059
0.0034010138291868056
0.003600991923640215
0.0034013089670597617
0.0014008869580811089
0.0012009291212393134
0.001200756259245699
0.0016008274106545039
inf
0.0012007342151616595
0.0016011221794988025
0.001600987240849112
0.0012010744314424535
0.001400700825820909
GEN 95 time 1589513155
0.0036010183176776326
0.003801304291590645
0.0034011118887112344
0.0032011249912316775
0.003801124866319139
0.003200991126777994
0.003201239800572059
0.0034010138291868056
0.003600991923640215
0.0034013089670597617
0.0014008869580811089
0.0012009291212393134
0.001200756259245699
0.0016008274106545039
inf
0.0012007342151616595
0.0016011221794988025
0.001600987240849112
0.0012010744314424535
0.001400700825820909
GEN 96 time 1589513168
0.0036010183176776326
0.003801304291590645
0.0034011118887112344
0.0032011249912316775
0.003801124866319139
0.003200991126777994
0.003201239800572059
0.0034010138291868056
0.0034010954299875285
0.0034013089670597617
0.0014008869580811089
0.0012009291212393134
0.001200756259245699
0.0016008274106545039
inf
0.0012007342151616595
0.0016011221794988025
0.001600987240849112
0.0012010744314424535
0.001400700825820909
GEN 97 time 1589513180
0.0036010183176776326
0.003801304291590645
0.0034011118887112344
0.0032011249912316775
0.003801124866319139
0.003200991126777994
0.003201239800572059
0.0034010138291868056
0.0034010954299875285
0.0034013089670597617
0.0014008869580811089
0.0012009291212393134
0.001200756259245699
0.0016008274106545039
inf
0.0012007342151616595
0.0016011221794988025
0.001600987240849112
0.0012010744314424535
0.001400700825820909
GEN 98 time 1589513193
0.0036010183176776326
0.003801304291590645
0.0034011118887112344
0.0032011249912316775
0.003801124866319139
0.003200991126777994
0.003201239800572059
0.0034010138291868056
0.0032011816455750743
0.0034013089670597617
0.0014008869580811089
0.0012009291212393134
0.001200756259245699
0.0016008274106545039
inf
0.0012007342151616595
0.0016011221794988025
0.001600987240849112
0.0012010744314424535
0.001400700825820909
GEN 99 time 1589513206
0.0036010183176776326
0.003801304291590645
0.0034011118887112344
0.0032011249912316775
0.003801124866319139
0.003200991126777994
0.003201239800572059
0.0034010138291868056
0.0032011816455750743
0.0034013089670597617
0.0014008869580811089
0.0012009291212393134
0.001200756259245699
0.0016008274106545039
inf
0.0012007342151616595
0.0016011221794988025
0.001600987240849112
0.0012010744314424535
0.001400700825820909
