['./data/small/layer/uu-dem7_r25_1.json', './data/small/layer/uu-dem2_r25_1.json', './data/small/layer/uu-dem8_r25_1.json', './data/small/hop/uu-dem7_r25_1_0.json']
GEN 0 time 1609918960
0.0023368348238357903
0.0017117922257692557
0.0019331241698611365
0.00124314546982029
GEN 1 time 1609918962
0.0023368348238357903
0.0015806034533975837
0.0019331241698611365
0.001207329726393951
GEN 2 time 1609918963
0.0023368348238357903
0.0015806034533975837
0.0019331241698611365
0.0010951483697360098
GEN 3 time 1609918965
0.0023368348238357903
0.0015117722257692557
0.0019331241698611365
0.0010705173946090206
GEN 4 time 1609918966
0.0023368348238357903
0.0015117722257692557
0.0019331241698611365
0.0010705173946090206
GEN 5 time 1609918967
0.0023368348238357903
0.0014965331292468968
0.0019331241698611365
0.0010705173946090206
GEN 6 time 1609918969
0.0023368348238357903
0.001405918889431391
0.0019331241698611365
0.0010705173946090206
GEN 7 time 1609918970
0.0023368348238357903
0.001405918889431391
0.0019331241698611365
0.0010705173946090206
GEN 8 time 1609918972
0.0023368348238357903
0.001405918889431391
0.0019331241698611365
0.0010646028002474007
GEN 9 time 1609918973
0.0023368348238357903
0.001405918889431391
0.0019331241698611365
0.001019541711104617
GEN 10 time 1609918975
0.0023368348238357903
0.0013921767546161415
0.0019331241698611365
0.001019541711104617
GEN 11 time 1609918977
0.0023368348238357903
0.0013921767546161415
0.0019331241698611365
0.001019541711104617
GEN 12 time 1609918978
0.0023368348238357903
0.0013534573802287822
0.0019331241698611365
0.001019541711104617
GEN 13 time 1609918980
0.0023368348238357903
0.0013534573802287822
0.0019331241698611365
0.001019541711104617
GEN 14 time 1609918981
0.0023368348238357903
0.0013534573802287822
0.0019331241698611365
0.001019541711104617
GEN 15 time 1609918983
0.0023368348238357903
0.0013534573802287822
0.0019331241698611365
0.001019541711104617
GEN 16 time 1609918984
0.0023368348238357903
0.0013534573802287822
0.0019331241698611365
0.001019541711104617
GEN 17 time 1609918986
0.0023368348238357903
0.0013534573802287822
0.0019331241698611365
0.001019541711104617
GEN 18 time 1609918988
0.0023368348238357903
0.0013534573802287822
0.0019331241698611365
0.001019541711104617
GEN 19 time 1609918989
0.0023368348238357903
0.0012965131292468968
0.0019331241698611365
0.001019541711104617
GEN 20 time 1609918991
0.0023368348238357903
0.0012965131292468968
0.0019331241698611365
0.001019541711104617
GEN 21 time 1609918992
0.0023368348238357903
0.0012747744620447592
0.0019331241698611365
0.001019541711104617
GEN 22 time 1609918994
0.0023368348238357903
0.001210181183902705
0.0019331241698611365
0.001019541711104617
GEN 23 time 1609918996
0.0023368348238357903
0.001210181183902705
0.0019331241698611365
0.001019541711104617
GEN 24 time 1609918997
0.0023368348238357903
0.001210181183902705
0.0019331241698611365
0.001019541711104617
GEN 25 time 1609918999
0.0023368348238357903
0.001210181183902705
0.0019331241698611365
0.001019541711104617
GEN 26 time 1609919000
0.0023368348238357903
0.001210181183902705
0.0019331241698611365
0.001019541711104617
GEN 27 time 1609919002
0.0023368348238357903
0.001210181183902705
0.0019331241698611365
0.001019541711104617
GEN 28 time 1609919004
0.0023368348238357903
0.001210181183902705
0.0019331241698611365
0.001019541711104617
GEN 29 time 1609919005
0.0023368348238357903
0.001210181183902705
0.0019331241698611365
0.001019541711104617
GEN 30 time 1609919007
0.0023368348238357903
0.001210181183902705
0.0019331241698611365
0.001019541711104617
GEN 31 time 1609919009
0.0023368348238357903
0.001210181183902705
0.0019331241698611365
0.001019541711104617
GEN 32 time 1609919010
0.0023368348238357903
0.001210181183902705
0.0019331241698611365
0.001019541711104617
GEN 33 time 1609919012
0.0023368348238357903
0.001210181183902705
0.0019331241698611365
0.0010005051995689372
GEN 34 time 1609919013
0.0023368348238357903
0.001210181183902705
0.0019331241698611365
0.0010005051995689372
GEN 35 time 1609919015
0.0023368348238357903
0.001210181183902705
0.0019331241698611365
0.0010005051995689372
GEN 36 time 1609919017
0.0023368348238357903
0.001210181183902705
0.0019331241698611365
0.0009309196721029121
GEN 37 time 1609919018
0.0023368348238357903
0.001210181183902705
0.0019331241698611365
0.0009309196721029121
GEN 38 time 1609919020
0.0023368348238357903
0.001210181183902705
0.0019331241698611365
0.0009309196721029121
GEN 39 time 1609919021
0.0023368348238357903
0.001210181183902705
0.0019331241698611365
0.0009309196721029121
GEN 40 time 1609919023
0.0023368348238357903
0.001210181183902705
0.0019331241698611365
0.0009309196721029121
GEN 41 time 1609919025
0.0023368348238357903
0.001210181183902705
0.0019331241698611365
0.0009309196721029121
GEN 42 time 1609919026
0.0023368348238357903
0.001210181183902705
0.0019331241698611365
0.0009309196721029121
GEN 43 time 1609919028
0.0023368348238357903
0.001210181183902705
0.0019331241698611365
0.0009309196721029121
GEN 44 time 1609919030
0.0023368348238357903
0.001210181183902705
0.0019331241698611365
0.0009309196721029121
GEN 45 time 1609919031
0.0023368348238357903
0.001210181183902705
0.0019331241698611365
0.0009309196721029121
GEN 46 time 1609919033
0.0023368348238357903
0.001210181183902705
0.0019331241698611365
0.0009309196721029121
GEN 47 time 1609919034
0.0023368348238357903
0.001210181183902705
0.0019331241698611365
0.0009309196721029121
GEN 48 time 1609919036
0.0023368348238357903
0.001210181183902705
0.0019331241698611365
0.0009309196721029121
GEN 49 time 1609919038
0.0023368348238357903
0.001210181183902705
0.0019331241698611365
0.0009309196721029121
GEN 50 time 1609919039
0.0023368348238357903
0.001210181183902705
0.0019331241698611365
0.0009309196721029121
GEN 51 time 1609919041
0.0023368348238357903
0.001210181183902705
0.0019331241698611365
0.0009309196721029121
GEN 52 time 1609919042
0.0023368348238357903
0.001210181183902705
0.0019331241698611365
0.0009309196721029121
GEN 53 time 1609919044
0.0023368348238357903
0.001210181183902705
0.0019331241698611365
0.0009309196721029121
GEN 54 time 1609919046
0.0023368348238357903
0.001210181183902705
0.0019331241698611365
0.0008819664524429181
GEN 55 time 1609919047
0.0023368348238357903
0.001210181183902705
0.0019331241698611365
0.0008819664524429181
GEN 56 time 1609919049
0.0023368348238357903
0.001210181183902705
0.0019331241698611365
0.0008819664524429181
GEN 57 time 1609919050
0.0023368348238357903
0.001210181183902705
0.0019331241698611365
0.0008819664524429181
GEN 58 time 1609919052
0.0023368348238357903
0.001210181183902705
0.0019331241698611365
0.0008616306162786206
GEN 59 time 1609919054
0.0023368348238357903
0.001210181183902705
0.0019331241698611365
0.0008616306162786206
GEN 60 time 1609919055
0.0023368348238357903
0.001210181183902705
0.0019331241698611365
0.0008616306162786206
GEN 61 time 1609919057
0.0023368348238357903
0.001210181183902705
0.0019331241698611365
0.0008616306162786206
GEN 62 time 1609919059
0.0023368348238357903
0.001210181183902705
0.0019331241698611365
0.0008616306162786206
GEN 63 time 1609919060
0.0023368348238357903
0.001210181183902705
0.0019331241698611365
0.0008616306162786206
GEN 64 time 1609919062
0.0023368348238357903
0.001210181183902705
0.0019331241698611365
0.0008616306162786206
GEN 65 time 1609919064
0.0023368348238357903
0.001210181183902705
0.0019331241698611365
0.0008616306162786206
GEN 66 time 1609919065
0.0023368348238357903
0.0011805634533975833
0.0019331241698611365
0.0008616306162786206
GEN 67 time 1609919067
0.0023368348238357903
0.0011805634533975833
0.0019331241698611365
0.0008616306162786206
GEN 68 time 1609919069
0.0023368348238357903
0.0011805634533975833
0.0019331241698611365
0.0008616306162786206
GEN 69 time 1609919070
0.0023368348238357903
0.0011805634533975833
0.0019331241698611365
0.0008616306162786206
GEN 70 time 1609919072
0.0023368348238357903
0.0011805634533975833
0.0019331241698611365
0.0008616306162786206
GEN 71 time 1609919074
0.0023368348238357903
0.0011805634533975833
0.0019331241698611365
0.0008616306162786206
GEN 72 time 1609919075
0.0023368348238357903
0.0011805634533975833
0.0019331241698611365
0.0008616306162786206
GEN 73 time 1609919077
0.0023368348238357903
0.0011805634533975833
0.0019331241698611365
0.0008616306162786206
GEN 74 time 1609919079
0.0023368348238357903
0.0011805634533975833
0.0019331241698611365
0.0008616306162786206
GEN 75 time 1609919080
0.0023368348238357903
0.0011805634533975833
0.0019331241698611365
0.0008616306162786206
GEN 76 time 1609919082
0.0023368348238357903
0.0011805634533975833
0.0019331241698611365
0.0008616306162786206
GEN 77 time 1609919084
0.0023368348238357903
0.0011805634533975833
0.0019331241698611365
0.0008616306162786206
GEN 78 time 1609919085
0.0023368348238357903
0.0011805634533975833
0.0019331241698611365
0.0008616306162786206
GEN 79 time 1609919087
0.0023368348238357903
0.0011805634533975833
0.0019331241698611365
0.0008616306162786206
GEN 80 time 1609919089
0.0023368348238357903
0.0011805634533975833
0.0019331241698611365
0.0008616306162786206
GEN 81 time 1609919090
0.0023368348238357903
0.0011805634533975833
0.0019331241698611365
0.0008616306162786206
GEN 82 time 1609919092
0.0023368348238357903
0.0011805634533975833
0.0019331241698611365
0.0008470212066217369
GEN 83 time 1609919093
0.0023368348238357903
0.0011805634533975833
0.0019331241698611365
0.0008470212066217369
GEN 84 time 1609919095
0.0023368348238357903
0.0011805634533975833
0.0019331241698611365
0.0008470212066217369
GEN 85 time 1609919097
0.0023368348238357903
0.0011805634533975833
0.0019331241698611365
0.0008470212066217369
GEN 86 time 1609919098
0.0023368348238357903
0.0011805634533975833
0.0019331241698611365
0.0008470212066217369
GEN 87 time 1609919100
0.0023368348238357903
0.0011805634533975833
0.0019331241698611365
0.0008470212066217369
GEN 88 time 1609919102
0.0023368348238357903
0.0011805634533975833
0.0019331241698611365
0.0008470212066217369
GEN 89 time 1609919103
0.0023368348238357903
0.0011805634533975833
0.0019331241698611365
0.0008470212066217369
GEN 90 time 1609919105
0.0023368348238357903
0.0011805634533975833
0.0019331241698611365
0.0008470212066217369
GEN 91 time 1609919107
0.0023368348238357903
0.0011805634533975833
0.0019331241698611365
0.0008470212066217369
GEN 92 time 1609919108
0.0023368348238357903
0.0011805634533975833
0.0019331241698611365
0.0008470212066217369
GEN 93 time 1609919110
0.0023368348238357903
0.0011805634533975833
0.0019331241698611365
0.0008470212066217369
GEN 94 time 1609919112
0.0023368348238357903
0.0011805634533975833
0.0019331241698611365
0.0008470212066217369
GEN 95 time 1609919114
0.0023368348238357903
0.0011805634533975833
0.0019331241698611365
0.0008470212066217369
GEN 96 time 1609919115
0.0023368348238357903
0.0011805634533975833
0.0019331241698611365
0.0008470212066217369
GEN 97 time 1609919117
0.0023368348238357903
0.0011805634533975833
0.0019331241698611365
0.0008470212066217369
GEN 98 time 1609919119
0.0023368348238357903
0.0011805634533975833
0.0019331241698611365
0.0008470212066217369
GEN 99 time 1609919120
0.0023368348238357903
0.0011805634533975833
0.0019331241698611365
0.0008470212066217369
GEN 100 time 1609919122
0.0023368348238357903
0.0011805634533975833
0.0019331241698611365
0.0008470212066217369
GEN 101 time 1609919124
0.0023368348238357903
0.0011805634533975833
0.0019331241698611365
0.0008470212066217369
GEN 102 time 1609919125
0.0023368348238357903
0.0011805634533975833
0.0019331241698611365
0.0008470212066217369
GEN 103 time 1609919127
0.0023368348238357903
0.0011805634533975833
0.0019331241698611365
0.0008470212066217369
GEN 104 time 1609919129
0.0023368348238357903
0.0011805634533975833
0.0019331241698611365
0.0008470212066217369
GEN 105 time 1609919130
0.0023368348238357903
0.0011805634533975833
0.0019331241698611365
0.0008470212066217369
GEN 106 time 1609919132
0.0023368348238357903
0.0011805634533975833
0.0019331241698611365
0.0008470212066217369
GEN 107 time 1609919134
0.0023368348238357903
0.0011805634533975833
0.0019331241698611365
0.0008470212066217369
GEN 108 time 1609919135
0.0023368348238357903
0.0011805634533975833
0.0019331241698611365
0.0008470212066217369
GEN 109 time 1609919137
0.0023368348238357903
0.0011805634533975833
0.0019331241698611365
0.0008470212066217369
GEN 110 time 1609919139
0.0023368348238357903
0.0011805634533975833
0.0019331241698611365
0.0008470212066217369
GEN 111 time 1609919141
0.0023368348238357903
0.0011805634533975833
0.0019331241698611365
0.0008470212066217369
GEN 112 time 1609919142
0.0023368348238357903
0.0011805634533975833
0.0019331241698611365
0.0008470212066217369
GEN 113 time 1609919144
0.0023368348238357903
0.0011805634533975833
0.0019331241698611365
0.0008470212066217369
GEN 114 time 1609919146
0.0023368348238357903
0.0011805634533975833
0.0019331241698611365
0.0008470212066217369
GEN 115 time 1609919147
0.0023368348238357903
0.0011805634533975833
0.0019331241698611365
0.0008470212066217369
GEN 116 time 1609919149
0.0023368348238357903
0.0011805634533975833
0.0019331241698611365
0.0008470212066217369
GEN 117 time 1609919151
0.0023368348238357903
0.0011805634533975833
0.0019331241698611365
0.0008470212066217369
GEN 118 time 1609919153
0.0023368348238357903
0.0011805634533975833
0.0019331241698611365
0.0008459045062535302
GEN 119 time 1609919154
0.0023368348238357903
0.0011805634533975833
0.0019331241698611365
0.0008459045062535302
GEN 120 time 1609919156
0.0023368348238357903
0.0011805634533975833
0.0019331241698611365
0.0008459045062535302
GEN 121 time 1609919158
0.0023368348238357903
0.0011805634533975833
0.0019331241698611365
0.0008459045062535302
GEN 122 time 1609919159
0.0023368348238357903
0.0011805634533975833
0.0019331241698611365
0.0008459045062535302
GEN 123 time 1609919161
0.0023368348238357903
0.0011805634533975833
0.0019331241698611365
0.0008459045062535302
GEN 124 time 1609919163
0.0023368348238357903
0.0011805634533975833
0.0019331241698611365
0.0008459045062535302
GEN 125 time 1609919164
0.0023368348238357903
0.0011805634533975833
0.0019331241698611365
0.0008459045062535302
GEN 126 time 1609919166
0.0023368348238357903
0.0011805634533975833
0.0019331241698611365
0.0008459045062535302
GEN 127 time 1609919168
0.0023368348238357903
0.0011805634533975833
0.0019331241698611365
0.0008459045062535302
GEN 128 time 1609919170
0.0023368348238357903
0.0011805634533975833
0.0019331241698611365
0.0008459045062535302
GEN 129 time 1609919171
0.0023368348238357903
0.0011805634533975833
0.0019331241698611365
0.0008459045062535302
GEN 130 time 1609919173
0.0023368348238357903
0.0011805634533975833
0.0019331241698611365
0.0008459045062535302
GEN 131 time 1609919174
0.0023368348238357903
0.0011805634533975833
0.0019331241698611365
0.0008459045062535302
GEN 132 time 1609919176
0.0023368348238357903
0.0011805634533975833
0.0019331241698611365
0.0008459045062535302
GEN 133 time 1609919178
0.0023368348238357903
0.0011805634533975833
0.0019331241698611365
0.0008459045062535302
GEN 134 time 1609919179
0.0023368348238357903
0.0011805634533975833
0.0019331241698611365
0.0008459045062535302
GEN 135 time 1609919181
0.0023368348238357903
0.0011805634533975833
0.0019331241698611365
0.0008459045062535302
GEN 136 time 1609919183
0.0023368348238357903
0.0011805634533975833
0.0019331241698611365
0.0008459045062535302
GEN 137 time 1609919184
0.0023368348238357903
0.0011805634533975833
0.0019331241698611365
0.0008459045062535302
GEN 138 time 1609919186
0.0023368348238357903
0.0011805634533975833
0.0019331241698611365
0.0008459045062535302
GEN 139 time 1609919188
0.0023368348238357903
0.0011805634533975833
0.0019331241698611365
0.0008459045062535302
GEN 140 time 1609919189
0.0023368348238357903
0.0011805634533975833
0.0019331241698611365
0.0008459045062535302
GEN 141 time 1609919191
0.0023368348238357903
0.0011805634533975833
0.0019331241698611365
0.0008459045062535302
GEN 142 time 1609919193
0.0023368348238357903
0.0011805634533975833
0.0019331241698611365
0.0008459045062535302
GEN 143 time 1609919194
0.0023368348238357903
0.0011805634533975833
0.0019331241698611365
0.0008459045062535302
GEN 144 time 1609919196
0.0023368348238357903
0.0011805634533975833
0.0019331241698611365
0.0008459045062535302
GEN 145 time 1609919198
0.0023368348238357903
0.0011805634533975833
0.0019331241698611365
0.0008459045062535302
GEN 146 time 1609919199
0.0023368348238357903
0.0011805634533975833
0.0019331241698611365
0.0008459045062535302
GEN 147 time 1609919201
0.0023368348238357903
0.0011805634533975833
0.0019331241698611365
0.0008459045062535302
GEN 148 time 1609919203
0.0023368348238357903
0.0011805634533975833
0.0019331241698611365
0.0008459045062535302
GEN 149 time 1609919204
0.0023368348238357903
0.0011805634533975833
0.0019331241698611365
0.0008459045062535302
GEN 150 time 1609919206
0.0023368348238357903
0.0011805634533975833
0.0019331241698611365
0.0008459045062535302
GEN 151 time 1609919208
0.0023368348238357903
0.0011805634533975833
0.0019331241698611365
0.0008459045062535302
GEN 152 time 1609919209
0.0023368348238357903
0.0011805634533975833
0.0019331241698611365
0.0008459045062535302
GEN 153 time 1609919211
0.0023368348238357903
0.0011805634533975833
0.0019331241698611365
0.0008459045062535302
GEN 154 time 1609919213
0.0023368348238357903
0.0011805634533975833
0.0019331241698611365
0.0008459045062535302
GEN 155 time 1609919215
0.0023368348238357903
0.0011805634533975833
0.0019331241698611365
0.0008459045062535302
GEN 156 time 1609919217
0.0023368348238357903
0.0011805634533975833
0.0019331241698611365
0.0008459045062535302
GEN 157 time 1609919218
0.0023368348238357903
0.0011805634533975833
0.0019331241698611365
0.0008459045062535302
GEN 158 time 1609919220
0.0023368348238357903
0.0011805634533975833
0.0019331241698611365
0.0008459045062535302
GEN 159 time 1609919222
0.0023368348238357903
0.0011805634533975833
0.0019331241698611365
0.0008459045062535302
GEN 160 time 1609919223
0.0023368348238357903
0.0011805634533975833
0.0019331241698611365
0.0008459045062535302
GEN 161 time 1609919225
0.0023368348238357903
0.0011805634533975833
0.0019331241698611365
0.0008459045062535302
GEN 162 time 1609919227
0.0023368348238357903
0.0011805634533975833
0.0019331241698611365
0.0008459045062535302
GEN 163 time 1609919228
0.0023368348238357903
0.0011805634533975833
0.0019331241698611365
0.0008459045062535302
GEN 164 time 1609919230
0.0023368348238357903
0.0011805634533975833
0.0019331241698611365
0.0008459045062535302
GEN 165 time 1609919232
0.0023368348238357903
0.0011805634533975833
0.0019331241698611365
0.0008459045062535302
GEN 166 time 1609919234
0.0023368348238357903
0.0011805634533975833
0.0019331241698611365
0.0008459045062535302
GEN 167 time 1609919236
0.0023368348238357903
0.0011805634533975833
0.0019331241698611365
0.0008459045062535302
GEN 168 time 1609919237
0.0023368348238357903
0.0011805634533975833
0.0019331241698611365
0.0008459045062535302
GEN 169 time 1609919239
0.0023368348238357903
0.0011805634533975833
0.0019331241698611365
0.0008459045062535302
GEN 170 time 1609919241
0.0023368348238357903
0.0011805634533975833
0.0019331241698611365
0.0008459045062535302
GEN 171 time 1609919243
0.0023368348238357903
0.0011805634533975833
0.0019331241698611365
0.0008459045062535302
GEN 172 time 1609919244
0.0023368348238357903
0.0011805634533975833
0.0019331241698611365
0.0008459045062535302
GEN 173 time 1609919246
0.0023368348238357903
0.0011805634533975833
0.0019331241698611365
0.0008459045062535302
GEN 174 time 1609919248
0.0023368348238357903
0.0011805634533975833
0.0019331241698611365
0.0008459045062535302
GEN 175 time 1609919249
0.0023368348238357903
0.0011805634533975833
0.0019331241698611365
0.0008459045062535302
GEN 176 time 1609919251
0.0023368348238357903
0.0011805634533975833
0.0019331241698611365
0.0008459045062535302
GEN 177 time 1609919253
0.0023368348238357903
0.0011805634533975833
0.0019331241698611365
0.0008459045062535302
GEN 178 time 1609919254
0.0023368348238357903
0.0011805634533975833
0.0019331241698611365
0.0008459045062535302
GEN 179 time 1609919256
0.0023368348238357903
0.0011805634533975833
0.0019331241698611365
0.0008459045062535302
GEN 180 time 1609919258
0.0023368348238357903
0.0011805634533975833
0.0019331241698611365
0.0008459045062535302
GEN 181 time 1609919260
0.0023368348238357903
0.0011805634533975833
0.0019331241698611365
0.0008459045062535302
GEN 182 time 1609919261
0.0023368348238357903
0.0011805634533975833
0.0019331241698611365
0.0008459045062535302
GEN 183 time 1609919263
0.0023368348238357903
0.0011805634533975833
0.0019331241698611365
0.0008459045062535302
GEN 184 time 1609919265
0.0023368348238357903
0.0011805634533975833
0.0019331241698611365
0.0008459045062535302
GEN 185 time 1609919266
0.0023368348238357903
0.0011805634533975833
0.0019331241698611365
0.0008459045062535302
GEN 186 time 1609919268
0.0023368348238357903
0.0011805634533975833
0.0019331241698611365
0.0008459045062535302
GEN 187 time 1609919270
0.0023368348238357903
0.0011805634533975833
0.0019331241698611365
0.0008459045062535302
GEN 188 time 1609919271
0.0023368348238357903
0.0011805634533975833
0.0019331241698611365
0.0008459045062535302
GEN 189 time 1609919273
0.0023368348238357903
0.0011805634533975833
0.0019331241698611365
0.0008459045062535302
GEN 190 time 1609919275
0.0023368348238357903
0.0011805634533975833
0.0019331241698611365
0.0008459045062535302
GEN 191 time 1609919276
0.0023368348238357903
0.0011805634533975833
0.0019331241698611365
0.0008459045062535302
GEN 192 time 1609919278
0.0023368348238357903
0.0011805634533975833
0.0019331241698611365
0.0008459045062535302
GEN 193 time 1609919280
0.0023368348238357903
0.0011805634533975833
0.0019331241698611365
0.0008459045062535302
GEN 194 time 1609919281
0.0023368348238357903
0.0011805634533975833
0.0019331241698611365
0.0008459045062535302
GEN 195 time 1609919283
0.0023368348238357903
0.0011805634533975833
0.0019331241698611365
0.0008459045062535302
GEN 196 time 1609919285
0.0023368348238357903
0.0011805634533975833
0.0019331241698611365
0.0008459045062535302
GEN 197 time 1609919286
0.0023368348238357903
0.0011805634533975833
0.0019331241698611365
0.0008459045062535302
GEN 198 time 1609919288
0.0023368348238357903
0.0011805634533975833
0.0019331241698611365
0.0008459045062535302
GEN 199 time 1609919290
0.0023368348238357903
0.0011805634533975833
0.0019331241698611365
0.0008459045062535302
