['./data/small/layer/uu-dem2_r25_1.json', './data/small/layer/uu-dem7_r25_1.json', './data/small/layer/uu-dem4_r25_1.json', './data/small/hop/uu-dem2_r25_1_0.json', './data/small/hop/uu-dem7_r25_1_0.json', './data/small/hop/uu-dem4_r25_1_0.json']
GEN 0 time 1609830756
0.001594438966276067
0.0023368348238357903
0.0015532725531838558
0.00105137868836525
0.0012073572325425508
0.0011408763148460237
GEN 1 time 1609830759
0.0015414052438235996
0.0023368348238357903
0.0015532725531838558
0.00105137868836525
0.0010930486516330651
0.0011408763148460237
GEN 2 time 1609830761
0.0014747944620447592
0.0023368348238357903
0.0015532725531838558
0.0010303296119399882
0.0010824352842693668
0.0011408763148460237
GEN 3 time 1609830764
0.0014747944620447592
0.0023368348238357903
0.0014855053265408816
0.0010303296119399882
0.0010824352842693668
0.0011408763148460237
GEN 4 time 1609830767
0.0014747944620447592
0.0023368348238357903
0.0014584555404298799
0.0010242019603918344
0.0010266655399497092
0.0010790745708493016
GEN 5 time 1609830769
0.0014747944620447592
0.0023368348238357903
0.0014584555404298799
0.0009859923253151895
0.0010266655399497092
0.0010790745708493016
GEN 6 time 1609830772
0.0014747944620447592
0.0023368348238357903
0.0014584555404298799
0.0009859923253151895
0.0010266655399497092
0.0010790745708493016
GEN 7 time 1609830775
0.0014747944620447592
0.0023368348238357903
0.0014584555404298799
0.0009859923253151895
0.0010266655399497092
0.0010790745708493016
GEN 8 time 1609830778
0.001405918889431391
0.0023368348238357903
0.0014584555404298799
0.0009859923253151895
0.0010228852873017725
0.0010790745708493016
GEN 9 time 1609830781
0.001405918889431391
0.0023368348238357903
0.0014584555404298799
0.0009859923253151895
0.0010228852873017725
0.0010699121934919838
GEN 10 time 1609830784
0.001405918889431391
0.0023368348238357903
0.0014584555404298799
0.0009859923253151895
0.0010228852873017725
0.0010699121934919838
GEN 11 time 1609830787
0.001405918889431391
0.0023368348238357903
0.0014584555404298799
0.0008947756602355936
0.0010228852873017725
0.0010699121934919838
GEN 12 time 1609830790
0.001405918889431391
0.0023368348238357903
0.0014584555404298799
0.0008947756602355936
0.0010228852873017725
0.0010576508892175263
GEN 13 time 1609830793
0.001405918889431391
0.0023368348238357903
0.0014584555404298799
0.0008947756602355936
0.0010228852873017725
0.0010576508892175263
GEN 14 time 1609830795
0.001405918889431391
0.0023368348238357903
0.0014584555404298799
0.0008947756602355936
0.0010228852873017725
0.0010576508892175263
GEN 15 time 1609830798
0.0014047728586886416
0.0023368348238357903
0.0014584555404298799
0.0008947756602355936
0.0010148248581049132
0.0010155780970812463
GEN 16 time 1609830801
0.0013973030564853593
0.0023368348238357903
0.0014584555404298799
0.0008947756602355936
0.0010148248581049132
0.0010155780970812463
GEN 17 time 1609830804
0.0013973030564853593
0.0023368348238357903
0.0014584555404298799
0.0008947756602355936
0.0010148248581049132
0.0010155780970812463
GEN 18 time 1609830806
0.001394418966276067
0.0023368348238357903
0.0014584555404298799
0.0008947756602355936
0.0010148248581049132
0.0010155780970812463
GEN 19 time 1609830809
0.001394418966276067
0.0023368348238357903
0.0014584555404298799
0.0008947756602355936
0.0010148248581049132
0.0010155780970812463
GEN 20 time 1609830812
0.001394418966276067
0.0023368348238357903
0.0014584555404298799
0.0008947756602355936
0.0010148248581049132
0.0010155780970812463
GEN 21 time 1609830815
0.001394418966276067
0.0023368348238357903
0.0014584555404298799
0.0008947756602355936
0.0010148248581049132
0.0010155780970812463
GEN 22 time 1609830818
0.0013534573802287822
0.0023368348238357903
0.0014584555404298799
0.0008947756602355936
0.0010148248581049132
0.0010155780970812463
GEN 23 time 1609830820
0.0013534573802287822
0.0023368348238357903
0.0014584555404298799
0.0008947756602355936
0.0010148248581049132
0.0010155780970812463
GEN 24 time 1609830823
0.0012560922036427829
0.0023368348238357903
0.0014584555404298799
0.0008947756602355936
0.0010148248581049132
0.0010155780970812463
GEN 25 time 1609830826
0.0012560922036427829
0.0023368348238357903
0.0014584555404298799
0.0008947756602355936
0.0010148248581049132
0.0010155780970812463
GEN 26 time 1609830829
0.0012560922036427829
0.0023368348238357903
0.0014584555404298799
0.0008947756602355936
0.0010148248581049132
0.0010155780970812463
GEN 27 time 1609830831
0.0012293557333399282
0.0023368348238357903
0.0014584555404298799
0.0008947756602355936
0.0010148248581049132
0.0010155780970812463
GEN 28 time 1609830834
0.0012293557333399282
0.0023368348238357903
0.0014584555404298799
0.0008947756602355936
0.0010148248581049132
0.0010155780970812463
GEN 29 time 1609830837
0.0012293557333399282
0.0023368348238357903
0.0014584555404298799
0.0008947756602355936
0.0010148248581049132
0.0010155780970812463
GEN 30 time 1609830840
0.0012293557333399282
0.0023368348238357903
0.0014584555404298799
0.0008947756602355936
0.0010148248581049132
0.0010155780970812463
GEN 31 time 1609830843
0.0012293557333399282
0.0023368348238357903
0.0014584555404298799
0.0008947756602355936
0.0010148248581049132
0.0010155780970812463
GEN 32 time 1609830845
0.0012293557333399282
0.0023368348238357903
0.0014584555404298799
0.0008947756602355936
0.0010148248581049132
0.0010155780970812463
GEN 33 time 1609830848
0.0012293557333399282
0.0023368348238357903
0.0014584555404298799
0.0008947756602355936
0.0010148248581049132
0.0010155780970812463
GEN 34 time 1609830851
0.0012293557333399282
0.0023368348238357903
0.0014584555404298799
0.0008947756602355936
0.0010148248581049132
0.0010155780970812463
GEN 35 time 1609830854
0.0012293557333399282
0.0023368348238357903
0.0014584555404298799
0.0008947756602355936
0.0010148248581049132
0.0010155780970812463
GEN 36 time 1609830856
0.0012293557333399282
0.0023368348238357903
0.0014584555404298799
0.0008947756602355936
0.0010148248581049132
0.0010155780970812463
GEN 37 time 1609830859
0.0012293557333399282
0.0023368348238357903
0.0014584555404298799
0.0008944066335870733
0.0010148248581049132
0.0010155780970812463
GEN 38 time 1609830862
0.0012293557333399282
0.0023368348238357903
0.0014584555404298799
0.0008944066335870733
0.0010148248581049132
0.0010155780970812463
GEN 39 time 1609830865
0.0012293557333399282
0.0023368348238357903
0.0014584555404298799
0.0008944066335870733
0.0010148248581049132
0.0010155780970812463
GEN 40 time 1609830868
0.0012293557333399282
0.0023368348238357903
0.0014584555404298799
0.0008944066335870733
0.0010148248581049132
0.0010134743090847765
GEN 41 time 1609830870
0.0012293557333399282
0.0023368348238357903
0.0014584555404298799
0.0008944066335870733
0.0010148248581049132
0.0008924054561202691
GEN 42 time 1609830873
0.001197283056485359
0.0023368348238357903
0.0014584555404298799
0.0008944066335870733
0.0010148248581049132
0.0008924054561202691
GEN 43 time 1609830876
0.001197283056485359
0.0023368348238357903
0.0014584555404298799
0.0008927880858130958
0.0010148248581049132
0.0008924054561202691
GEN 44 time 1609830879
0.001197283056485359
0.0023368348238357903
0.0014584555404298799
0.0008927880858130958
0.0010148248581049132
0.0008924054561202691
GEN 45 time 1609830881
0.001197283056485359
0.0023368348238357903
0.0014584555404298799
0.0008927880858130958
0.001006636806437397
0.0008924054561202691
GEN 46 time 1609830884
0.001197283056485359
0.0023368348238357903
0.0014584555404298799
0.0008927880858130958
0.001006636806437397
0.0008924054561202691
GEN 47 time 1609830887
0.001197283056485359
0.0023368348238357903
0.0014584555404298799
0.0008927880858130958
0.001006636806437397
0.0008569979474523317
GEN 48 time 1609830890
0.001197283056485359
0.0023368348238357903
0.0014584555404298799
0.0008927880858130958
0.001006636806437397
0.0008569979474523317
GEN 49 time 1609830893
0.001197283056485359
0.0023368348238357903
0.0014584555404298799
0.0008927880858130958
0.001006636806437397
0.0008569979474523317
GEN 50 time 1609830895
0.001197283056485359
0.0023368348238357903
0.0014584555404298799
0.0008927880858130958
0.001006636806437397
0.0008569979474523317
GEN 51 time 1609830899
0.001197283056485359
0.0023368348238357903
0.0014584555404298799
0.0008927880858130958
0.001006636806437397
0.0008569979474523317
GEN 52 time 1609830901
0.001197283056485359
0.0023368348238357903
0.0014584555404298799
0.0008927880858130958
0.001006636806437397
0.0008569979474523317
GEN 53 time 1609830904
0.001197283056485359
0.0023368348238357903
0.0014584555404298799
0.0008927880858130958
0.001006636806437397
0.0008569979474523317
GEN 54 time 1609830907
0.001197283056485359
0.0023368348238357903
0.0014584555404298799
0.0008927880858130958
0.001006636806437397
0.0008569979474523317
GEN 55 time 1609830910
0.001197283056485359
0.0023368348238357903
0.0014584555404298799
0.0008927880858130958
0.001006636806437397
0.0008569979474523317
GEN 56 time 1609830913
0.001197283056485359
0.0023368348238357903
0.0014584555404298799
0.0008927880858130958
0.001006636806437397
0.0008569979474523317
GEN 57 time 1609830915
0.0011921567546161413
0.0023368348238357903
0.0014584555404298799
0.0008927880858130958
0.001006636806437397
0.0008569979474523317
GEN 58 time 1609830918
0.0011921567546161413
0.0023368348238357903
0.0014584555404298799
0.0008927880858130958
0.001006636806437397
0.0008569979474523317
GEN 59 time 1609830921
0.0011921567546161413
0.0023368348238357903
0.0014584555404298799
0.0008927880858130958
0.001006636806437397
0.0008569979474523317
GEN 60 time 1609830924
0.0011921567546161413
0.0023368348238357903
0.0014584555404298799
0.0008927880858130958
0.001006636806437397
0.0008569979474523317
GEN 61 time 1609830926
0.0011921567546161413
0.0023368348238357903
0.0014584555404298799
0.0008927880858130958
0.001006636806437397
0.0008569979474523317
GEN 62 time 1609830929
0.0011921567546161413
0.0023368348238357903
0.0014584555404298799
0.0008927880858130958
0.001006636806437397
0.0008569979474523317
GEN 63 time 1609830932
0.0011921567546161413
0.0023368348238357903
0.0014584555404298799
0.0008927880858130958
0.0010059061119687019
0.0008569979474523317
GEN 64 time 1609830935
0.0011921567546161413
0.0023368348238357903
0.0014584555404298799
0.0008897366171164024
0.0010059061119687019
0.0008569979474523317
GEN 65 time 1609830938
0.0011714334893155446
0.0023368348238357903
0.0014584555404298799
0.0008897366171164024
0.0010059061119687019
0.0008569979474523317
GEN 66 time 1609830941
0.0011714334893155446
0.0023368348238357903
0.0014584555404298799
0.0008897366171164024
0.0010059061119687019
0.0008569979474523317
GEN 67 time 1609830944
0.0011714334893155446
0.0023368348238357903
0.0014584555404298799
0.0008897366171164024
0.0010059061119687019
0.0008569979474523317
GEN 68 time 1609830946
0.0011714334893155446
0.0023368348238357903
0.0014584555404298799
0.0008897366171164024
0.0010059061119687019
0.0008569979474523317
GEN 69 time 1609830949
0.0011714334893155446
0.0023368348238357903
0.0014584555404298799
0.0008897366171164024
0.0010059061119687019
0.0008569979474523317
GEN 70 time 1609830952
0.0011714334893155446
0.0023368348238357903
0.0014584555404298799
0.0008897366171164024
0.0010059061119687019
0.0008569979474523317
GEN 71 time 1609830955
0.0011714334893155446
0.0023368348238357903
0.0014584555404298799
0.0008897366171164024
0.0010059061119687019
0.0008569979474523317
GEN 72 time 1609830958
0.0011714334893155446
0.0023368348238357903
0.0014584555404298799
0.0008897366171164024
0.0010059061119687019
0.0008569979474523317
GEN 73 time 1609830960
0.0011714334893155446
0.0023368348238357903
0.0014584555404298799
0.0008897366171164024
0.0010059061119687019
0.0008569979474523317
GEN 74 time 1609830963
0.0011714334893155446
0.0023368348238357903
0.0014584555404298799
0.0008897366171164024
0.0010059061119687019
0.0008569979474523317
GEN 75 time 1609830966
0.0011714334893155446
0.0023368348238357903
0.0014584555404298799
0.0008897366171164024
0.0008971724080821877
0.0008569979474523317
GEN 76 time 1609830969
0.0011714334893155446
0.0023368348238357903
0.0014584555404298799
0.0008897366171164024
0.0008971724080821877
0.0008569979474523317
GEN 77 time 1609830972
0.0011714334893155446
0.0023368348238357903
0.0014584555404298799
0.0008897366171164024
0.0008971724080821877
0.0008569979474523317
GEN 78 time 1609830974
0.0011714334893155446
0.0023368348238357903
0.0014584555404298799
0.0008897366171164024
0.0008971724080821877
0.0008569979474523317
GEN 79 time 1609830978
0.0011714334893155446
0.0023368348238357903
0.0014584555404298799
0.0008897366171164024
0.0008971724080821877
0.0008569979474523317
GEN 80 time 1609830980
0.0011714334893155446
0.0023368348238357903
0.0014584555404298799
0.0008897366171164024
0.0008971724080821877
0.0008569979474523317
GEN 81 time 1609830983
0.0011714334893155446
0.0023368348238357903
0.0014584555404298799
0.0008897366171164024
0.0008971724080821877
0.0008569979474523317
GEN 82 time 1609830986
0.0011714334893155446
0.0023368348238357903
0.0014584555404298799
0.0008886923732666046
0.0008971724080821877
0.0008569979474523317
GEN 83 time 1609830989
0.0011714334893155446
0.0023368348238357903
0.0014584555404298799
0.0008886923732666046
0.0008971724080821877
0.0008569979474523317
GEN 84 time 1609830992
0.0011714334893155446
0.0023368348238357903
0.0014584555404298799
0.0008886923732666046
0.0008814313016959741
0.0008569979474523317
GEN 85 time 1609830994
0.0011714334893155446
0.0023368348238357903
0.0014584555404298799
0.0008886923732666046
0.0008814313016959741
0.0008569979474523317
GEN 86 time 1609830997
0.0011714334893155446
0.0023368348238357903
0.0014584555404298799
0.0008886923732666046
0.0008814313016959741
0.0008569979474523317
GEN 87 time 1609831000
0.0011714334893155446
0.0023368348238357903
0.0014584555404298799
0.0008886923732666046
0.0008814313016959741
0.0008569979474523317
GEN 88 time 1609831003
0.0011714334893155446
0.0023368348238357903
0.0014584555404298799
0.0008886923732666046
0.0008814313016959741
0.0008569979474523317
GEN 89 time 1609831005
0.0011714334893155446
0.0023368348238357903
0.0014584555404298799
0.0008886923732666046
0.0008814313016959741
0.0008569979474523317
GEN 90 time 1609831008
0.0011714334893155446
0.0023368348238357903
0.0014584555404298799
0.0008886923732666046
0.0008814313016959741
0.0008569979474523317
GEN 91 time 1609831011
0.0011714334893155446
0.0023368348238357903
0.0014584555404298799
0.0008886923732666046
0.0008814313016959741
0.0008569979474523317
GEN 92 time 1609831014
0.0011714334893155446
0.0023368348238357903
0.0014584555404298799
0.0008886923732666046
0.0008814313016959741
0.0008569979474523317
GEN 93 time 1609831016
0.0011714334893155446
0.0023368348238357903
0.0014584555404298799
0.0008886923732666046
0.0008814313016959741
0.0008569979474523317
GEN 94 time 1609831019
0.0011714334893155446
0.0023368348238357903
0.0014584555404298799
0.0008886923732666046
0.0008814313016959741
0.0008569979474523317
GEN 95 time 1609831022
0.0011714334893155446
0.0023368348238357903
0.0014584555404298799
0.0008838458006519738
0.0008814313016959741
0.0008569979474523317
GEN 96 time 1609831025
0.0011714334893155446
0.0023368348238357903
0.0014584555404298799
0.0008838458006519738
0.0008814313016959741
0.0008569979474523317
GEN 97 time 1609831027
0.0011714334893155446
0.0023368348238357903
0.0014584555404298799
0.0008838458006519738
0.0008814313016959741
0.0008569979474523317
GEN 98 time 1609831030
0.0011714334893155446
0.0023368348238357903
0.0014584555404298799
0.00085135868836525
0.0008814313016959741
0.000840456423381576
GEN 99 time 1609831033
0.0011714334893155446
0.0023368348238357903
0.0014584555404298799
0.00085135868836525
0.0008814313016959741
0.000840456423381576
GEN 100 time 1609831036
0.0011714334893155446
0.0023368348238357903
0.0014584555404298799
0.00085135868836525
0.0008814313016959741
0.000840456423381576
GEN 101 time 1609831038
0.0011714334893155446
0.0023368348238357903
0.0014584555404298799
0.00085135868836525
0.0008814313016959741
0.000840456423381576
GEN 102 time 1609831041
0.0011714334893155446
0.0023368348238357903
0.0014584555404298799
0.000833250560302934
0.0008814313016959741
0.000840456423381576
GEN 103 time 1609831044
0.0011714334893155446
0.0023368348238357903
0.0014584555404298799
0.000833250560302934
0.0008814313016959741
0.000840456423381576
GEN 104 time 1609831047
0.0011714334893155446
0.0023368348238357903
0.0014584555404298799
0.000833250560302934
0.0008814313016959741
0.000840456423381576
GEN 105 time 1609831049
0.0011714334893155446
0.0023368348238357903
0.0014584555404298799
0.000833250560302934
0.0008814313016959741
0.000840456423381576
GEN 106 time 1609831052
0.0011714334893155446
0.0023368348238357903
0.0014584555404298799
0.000833250560302934
0.0008814313016959741
0.000840456423381576
GEN 107 time 1609831055
0.0011714334893155446
0.0023368348238357903
0.0014584555404298799
0.000833250560302934
0.0008814313016959741
0.000840456423381576
GEN 108 time 1609831058
0.0011714334893155446
0.0023368348238357903
0.0014584555404298799
0.000833250560302934
0.0008814313016959741
0.000840456423381576
GEN 109 time 1609831060
0.0011714334893155446
0.0023368348238357903
0.0014584555404298799
0.000833250560302934
0.0008814313016959741
0.000840456423381576
GEN 110 time 1609831063
0.0011714334893155446
0.0023368348238357903
0.0014584555404298799
0.000833250560302934
0.0008814313016959741
0.000840456423381576
GEN 111 time 1609831066
0.0011714334893155446
0.0023368348238357903
0.0014584555404298799
0.000833250560302934
0.0008814313016959741
0.000840456423381576
GEN 112 time 1609831069
0.0011714334893155446
0.0023368348238357903
0.0014584555404298799
0.000833250560302934
0.0008814313016959741
0.000840456423381576
GEN 113 time 1609831072
0.0011714334893155446
0.0023368348238357903
0.0014584555404298799
0.000833250560302934
0.0008814313016959741
0.000840456423381576
GEN 114 time 1609831075
0.0011714334893155446
0.0023368348238357903
0.0014584555404298799
0.000833250560302934
0.0008814313016959741
0.000840456423381576
GEN 115 time 1609831078
0.0011714334893155446
0.0023368348238357903
0.0014584555404298799
0.000833250560302934
0.0008780631289127538
0.000840456423381576
GEN 116 time 1609831080
0.0011714334893155446
0.0023368348238357903
0.0014584555404298799
0.0008241819603918343
0.0008780631289127538
0.000840456423381576
GEN 117 time 1609831083
0.0011714334893155446
0.0023368348238357903
0.0014584555404298799
0.0008241819603918343
0.0008780631289127538
0.000840456423381576
GEN 118 time 1609831086
0.0011714334893155446
0.0023368348238357903
0.0014584555404298799
0.0008241819603918343
0.0008780631289127538
0.000840456423381576
GEN 119 time 1609831089
0.0011714334893155446
0.0023368348238357903
0.0014584555404298799
0.0008241819603918343
0.0008780631289127538
0.000840456423381576
GEN 120 time 1609831091
0.0011714334893155446
0.0023368348238357903
0.0014584555404298799
0.0008241819603918343
0.0008780631289127538
0.000840456423381576
GEN 121 time 1609831094
0.0011714334893155446
0.0023368348238357903
0.0014584555404298799
0.0008241819603918343
0.0008780631289127538
0.0008375740684903239
GEN 122 time 1609831097
0.0011714334893155446
0.0023368348238357903
0.0014584555404298799
0.0008241819603918343
0.0008780631289127538
0.0008375740684903239
GEN 123 time 1609831100
0.0011714334893155446
0.0023368348238357903
0.0014584555404298799
0.0008241819603918343
0.0008780631289127538
0.0008375740684903239
GEN 124 time 1609831102
0.0011714334893155446
0.0023368348238357903
0.0014584555404298799
0.0008241819603918343
0.0008780631289127538
0.0008375740684903239
GEN 125 time 1609831105
0.0011714334893155446
0.0023368348238357903
0.0014584555404298799
0.0008241819603918343
0.0008780631289127538
0.0008375740684903239
GEN 126 time 1609831108
0.0011714334893155446
0.0023368348238357903
0.0014584555404298799
0.0008241819603918343
0.0008780631289127538
0.0008375740684903239
GEN 127 time 1609831111
0.0011714334893155446
0.0023368348238357903
0.0014584555404298799
0.0008241819603918343
0.0008780631289127538
0.0008375740684903239
GEN 128 time 1609831114
0.0011714334893155446
0.0023368348238357903
0.0014584555404298799
0.0008241819603918343
0.0008780631289127538
0.0008375740684903239
GEN 129 time 1609831116
0.0011714334893155446
0.0023368348238357903
0.0014584555404298799
0.0008241819603918343
0.000870476009954846
0.0008375740684903239
GEN 130 time 1609831119
0.0011714334893155446
0.0023368348238357903
0.0014584555404298799
0.0008241819603918343
0.000870476009954846
0.0008375740684903239
GEN 131 time 1609831122
0.0011714334893155446
0.0023368348238357903
0.0014584555404298799
0.0008241819603918343
0.000870476009954846
0.0008375740684903239
GEN 132 time 1609831125
0.0011714334893155446
0.0023368348238357903
0.0014584555404298799
0.0008241819603918343
0.000870476009954846
0.0008375740684903239
GEN 133 time 1609831128
0.0011714334893155446
0.0023368348238357903
0.0014584555404298799
0.0008241819603918343
0.000870476009954846
0.0008375740684903239
GEN 134 time 1609831131
0.0011714334893155446
0.0023368348238357903
0.0014584555404298799
0.0008241819603918343
0.000870476009954846
0.0008375740684903239
GEN 135 time 1609831134
0.0011714334893155446
0.0023368348238357903
0.0014584555404298799
0.0008241819603918343
0.000870476009954846
0.0008375740684903239
GEN 136 time 1609831136
0.0011714334893155446
0.0023368348238357903
0.0014584555404298799
0.0008241819603918343
0.000870476009954846
0.0008375740684903239
GEN 137 time 1609831139
0.0011714334893155446
0.0023368348238357903
0.0014584555404298799
0.0008241819603918343
0.000870476009954846
0.0008375740684903239
GEN 138 time 1609831142
0.0011714334893155446
0.0023368348238357903
0.0014584555404298799
0.0008241819603918343
0.000870476009954846
0.0008375740684903239
GEN 139 time 1609831145
0.0011714334893155446
0.0023368348238357903
0.0014584555404298799
0.0008241819603918343
0.000870476009954846
0.0008375740684903239
GEN 140 time 1609831148
0.0011714334893155446
0.0023368348238357903
0.0014584555404298799
0.0008241819603918343
0.000870476009954846
0.0008375740684903239
GEN 141 time 1609831150
0.0011714334893155446
0.0023368348238357903
0.0014584555404298799
0.0008241819603918343
0.000870476009954846
0.0008375740684903239
GEN 142 time 1609831153
0.0011714334893155446
0.0023368348238357903
0.0014584555404298799
0.0008241819603918343
0.000870476009954846
0.0008375740684903239
GEN 143 time 1609831156
0.0011714334893155446
0.0023368348238357903
0.0014584555404298799
0.0008241819603918343
0.000870476009954846
0.0008375740684903239
GEN 144 time 1609831159
0.0011714334893155446
0.0023368348238357903
0.0014584555404298799
0.0008241819603918343
0.000870476009954846
0.0008375740684903239
GEN 145 time 1609831162
0.0011714334893155446
0.0023368348238357903
0.0014584555404298799
0.0008241819603918343
0.000870476009954846
0.0008375740684903239
GEN 146 time 1609831164
0.0011714334893155446
0.0023368348238357903
0.0014584555404298799
0.0008241819603918343
0.000870476009954846
0.0008375740684903239
GEN 147 time 1609831167
0.0011714334893155446
0.0023368348238357903
0.0014584555404298799
0.0008241819603918343
0.000870476009954846
0.0008375740684903239
GEN 148 time 1609831170
0.0011714334893155446
0.0023368348238357903
0.0014584555404298799
0.0008241819603918343
0.000870476009954846
0.0008375740684903239
GEN 149 time 1609831173
0.0011714334893155446
0.0023368348238357903
0.0014584555404298799
0.0008241819603918343
0.000870476009954846
0.0008375740684903239
GEN 150 time 1609831175
0.0011714334893155446
0.0023368348238357903
0.0014584555404298799
0.0008241819603918343
0.000870476009954846
0.0008375740684903239
GEN 151 time 1609831178
0.0011714334893155446
0.0023368348238357903
0.0014584555404298799
0.0008241819603918343
0.000870476009954846
0.0008375740684903239
GEN 152 time 1609831181
0.0011714334893155446
0.0023368348238357903
0.0014584555404298799
0.0008241819603918343
0.000870476009954846
0.0008375740684903239
GEN 153 time 1609831184
0.0011714334893155446
0.0023368348238357903
0.0014584555404298799
0.0008241819603918343
0.000870476009954846
0.0008375740684903239
GEN 154 time 1609831187
0.0011714334893155446
0.0023368348238357903
0.0014584555404298799
0.0008241819603918343
0.000870476009954846
0.0008375740684903239
GEN 155 time 1609831189
0.0011714334893155446
0.0023368348238357903
0.0014584555404298799
0.0008241819603918343
0.000870476009954846
0.0008375740684903239
GEN 156 time 1609831192
0.0011714334893155446
0.0023368348238357903
0.0014584555404298799
0.0008241819603918343
0.000870476009954846
0.0008375740684903239
GEN 157 time 1609831195
0.0011714334893155446
0.0023368348238357903
0.0014584555404298799
0.0008241819603918343
0.000870476009954846
0.0008375740684903239
GEN 158 time 1609831198
0.0011714334893155446
0.0023368348238357903
0.0014584555404298799
0.0008241819603918343
0.000870476009954846
0.0008375740684903239
GEN 159 time 1609831200
0.0011714334893155446
0.0023368348238357903
0.0014584555404298799
0.0008241819603918343
0.000870476009954846
0.0008375740684903239
GEN 160 time 1609831203
0.0011714334893155446
0.0023368348238357903
0.0014584555404298799
0.0008241819603918343
0.000870476009954846
0.0008375740684903239
GEN 161 time 1609831206
0.0011714334893155446
0.0023368348238357903
0.0014584555404298799
0.0008241819603918343
0.0008597439530350589
0.0008375740684903239
GEN 162 time 1609831209
0.0011714334893155446
0.0023368348238357903
0.0014584555404298799
0.0008241819603918343
0.0008597439530350589
0.0008375740684903239
GEN 163 time 1609831211
0.0011714334893155446
0.0023368348238357903
0.0014584555404298799
0.0008241819603918343
0.0008597439530350589
0.0008375740684903239
GEN 164 time 1609831214
0.0011714334893155446
0.0023368348238357903
0.0014584555404298799
0.0008241819603918343
0.0008597439530350589
0.0008375740684903239
GEN 165 time 1609831217
0.0011714334893155446
0.0023368348238357903
0.0014584555404298799
0.0008241819603918343
0.0008597439530350589
0.0008375740684903239
GEN 166 time 1609831220
0.0011714334893155446
0.0023368348238357903
0.0014584555404298799
0.0008241819603918343
0.0008597439530350589
0.0008375740684903239
GEN 167 time 1609831222
0.0011714334893155446
0.0023368348238357903
0.0014584555404298799
0.0008241819603918343
0.0008597439530350589
0.0008375740684903239
GEN 168 time 1609831225
0.0011714334893155446
0.0023368348238357903
0.0014584555404298799
0.0008241819603918343
0.0008597439530350589
0.0008375740684903239
GEN 169 time 1609831228
0.0011714334893155446
0.0023368348238357903
0.0014584555404298799
0.0008241819603918343
0.0008597439530350589
0.0008375740684903239
GEN 170 time 1609831231
0.0011714334893155446
0.0023368348238357903
0.0014584555404298799
0.0008241819603918343
0.0008597439530350589
0.0008375740684903239
GEN 171 time 1609831233
0.0011714334893155446
0.0023368348238357903
0.0014584555404298799
0.0008241819603918343
0.0008597439530350589
0.0008375740684903239
GEN 172 time 1609831236
0.0011714334893155446
0.0023368348238357903
0.0014584555404298799
0.0008241819603918343
0.000836378570261145
0.0008375740684903239
GEN 173 time 1609831239
0.0011714334893155446
0.0023368348238357903
0.0014584555404298799
0.0008241819603918343
0.000836378570261145
0.0008375740684903239
GEN 174 time 1609831242
0.0011714334893155446
0.0023368348238357903
0.0014584555404298799
0.0008241819603918343
0.000836378570261145
0.0008375740684903239
GEN 175 time 1609831245
0.0011714334893155446
0.0023368348238357903
0.0014584555404298799
0.0008241819603918343
0.000836378570261145
0.0008375740684903239
GEN 176 time 1609831247
0.0011714334893155446
0.0023368348238357903
0.0014584555404298799
0.0008241819603918343
0.000836378570261145
0.0008375740684903239
GEN 177 time 1609831250
0.0011714334893155446
0.0023368348238357903
0.0014584555404298799
0.0008241819603918343
0.000836378570261145
0.0008375740684903239
GEN 178 time 1609831253
0.0011714334893155446
0.0023368348238357903
0.0014584555404298799
0.0008241819603918343
0.000836378570261145
0.000835660369439557
GEN 179 time 1609831256
0.0011714334893155446
0.0023368348238357903
0.0014584555404298799
0.0008241819603918343
0.000836378570261145
0.000835660369439557
GEN 180 time 1609831258
0.0011714334893155446
0.0023368348238357903
0.0014584555404298799
0.0008241819603918343
0.000836378570261145
0.000835660369439557
GEN 181 time 1609831261
0.0011714334893155446
0.0023368348238357903
0.0014584555404298799
0.0008241819603918343
0.000836378570261145
0.000835660369439557
GEN 182 time 1609831264
0.0011714334893155446
0.0023368348238357903
0.0014584555404298799
0.0008241819603918343
0.000836378570261145
0.000835660369439557
GEN 183 time 1609831267
0.0011714334893155446
0.0023368348238357903
0.0014584555404298799
0.0008241819603918343
0.000836378570261145
0.000835660369439557
GEN 184 time 1609831270
0.0011714334893155446
0.0023368348238357903
0.0014584555404298799
0.0008241819603918343
0.000836378570261145
0.000835660369439557
GEN 185 time 1609831272
0.0011714334893155446
0.0023368348238357903
0.0014584555404298799
0.0008241819603918343
0.000836378570261145
0.000835660369439557
GEN 186 time 1609831275
0.0011714334893155446
0.0023368348238357903
0.0014584555404298799
0.0008241819603918343
0.000836378570261145
0.000835660369439557
GEN 187 time 1609831278
0.0011714334893155446
0.0023368348238357903
0.0014584555404298799
0.0008241819603918343
0.000836378570261145
0.000835660369439557
GEN 188 time 1609831281
0.0011714334893155446
0.0023368348238357903
0.0014584555404298799
0.0008241819603918343
0.000836378570261145
0.000835660369439557
GEN 189 time 1609831283
0.0011714334893155446
0.0023368348238357903
0.0014584555404298799
0.0008241819603918343
0.000836378570261145
0.000835660369439557
GEN 190 time 1609831286
0.0011714334893155446
0.0023368348238357903
0.0014584555404298799
0.0008241819603918343
0.000836378570261145
0.000835660369439557
GEN 191 time 1609831289
0.0011714334893155446
0.0023368348238357903
0.0014584555404298799
0.0008241819603918343
0.000836378570261145
0.000835660369439557
GEN 192 time 1609831292
0.0011714334893155446
0.0023368348238357903
0.0014584555404298799
0.0008241819603918343
0.000836378570261145
0.0008203531125778669
GEN 193 time 1609831295
0.0011714334893155446
0.0023368348238357903
0.0014584555404298799
0.0008241819603918343
0.000836378570261145
0.0008203531125778669
GEN 194 time 1609831298
0.0011714334893155446
0.0023368348238357903
0.0014584555404298799
0.0008241819603918343
0.000836378570261145
0.0008203531125778669
GEN 195 time 1609831301
0.0011714334893155446
0.0023368348238357903
0.0014584555404298799
0.0008241819603918343
0.000836378570261145
0.0008203531125778669
GEN 196 time 1609831304
0.0011714334893155446
0.0023368348238357903
0.0014584555404298799
0.0008241819603918343
0.000836378570261145
0.0008203531125778669
GEN 197 time 1609831306
0.0011714334893155446
0.0023368348238357903
0.0014584555404298799
0.0008241819603918343
0.000836378570261145
0.0008203531125778669
GEN 198 time 1609831309
0.0011714334893155446
0.0023368348238357903
0.0014584555404298799
0.0008241819603918343
0.000836378570261145
0.0008203531125778669
GEN 199 time 1609831312
0.0011714334893155446
0.0023368348238357903
0.0014584555404298799
0.0008241819603918343
0.000836378570261145
0.0008203531125778669
