['./data/layer/ga-dem10_r25_1.json', './data/layer/ga-dem1_r25_1.json', './data/layer/ga-dem10_r50_1.json', './data/hop/ga-dem10_r25_1_40.json']
GEN 0 time 1588606572
0.003207434799479941
0.004809824774493415
0.00281290338649547
0.021648893077020795
GEN 1 time 1588606575
0.003207113151476874
0.004410810501410847
0.00281290338649547
0.021648893077020795
GEN 2 time 1588606578
0.003207113151476874
0.004410810501410847
0.002811509870872357
0.021648893077020795
GEN 3 time 1588606582
0.002806505449544948
0.004410810501410847
0.002811509870872357
0.021648893077020795
GEN 4 time 1588606586
0.002806505449544948
0.004409701269163035
0.002811509870872357
0.021648893077020795
GEN 5 time 1588606591
0.002803031973338729
0.003607937402042483
0.002809640359266609
0.02004646749674963
GEN 6 time 1588606597
0.0024055760996099557
0.002806879409988721
0.0024116194342726546
0.012829844257286591
GEN 7 time 1588606604
0.0024055760996099557
0.0024056921702455734
0.0024116194342726546
0.012829844257286591
GEN 8 time 1588606612
0.0024055760996099557
0.0024056921702455734
0.0024116194342726546
0.012829844257286591
GEN 9 time 1588606620
0.0024055760996099557
0.0024056921702455734
0.0024116194342726546
0.01042354111115816
GEN 10 time 1588606627
0.0024053875935780276
0.0024056921702455734
0.0024116194342726546
0.01042354111115816
GEN 11 time 1588606635
0.0024053875935780276
0.0024056921702455734
0.0024116194342726546
0.010022635683805924
GEN 12 time 1588606642
0.0024053875935780276
0.0024044902302266173
0.0024116194342726546
0.010022635683805924
GEN 13 time 1588606650
0.0024053875935780276
0.0024044902302266173
0.0024116194342726546
0.010022635683805924
GEN 14 time 1588606658
0.0024053875935780276
0.0024037204408972196
0.0024116194342726546
0.010022635683805924
GEN 15 time 1588606665
0.0024053875935780276
0.0024037204408972196
0.0024116194342726546
0.009612832621089779
GEN 16 time 1588606673
0.0024053348636076557
0.0024037204408972196
0.0024116194342726546
0.009612832621089779
GEN 17 time 1588606680
0.0024053348636076557
0.0024037204408972196
0.0024116194342726546
0.009612832621089779
GEN 18 time 1588606688
0.0024053348636076557
0.0024028601973737707
0.0024116194342726546
0.009612832621089779
GEN 19 time 1588606695
0.0024053348636076557
0.0024028601973737707
0.0024116194342726546
0.009612832621089779
GEN 20 time 1588606702
0.0024040506883853813
0.0024028601973737707
0.0024116194342726546
0.009612832621089779
GEN 21 time 1588606710
0.0020044896613150226
0.0024028601973737707
0.0024116194342726546
0.009612832621089779
GEN 22 time 1588606718
0.0020044896613150226
0.0024028601973737707
0.0024116194342726546
0.009612832621089779
GEN 23 time 1588606725
0.0020044896613150226
0.0024028601973737707
0.0024116194342726546
0.009612832621089779
GEN 24 time 1588606733
0.0020044896613150226
0.0024028601973737707
0.0024116194342726546
0.009612832621089779
GEN 25 time 1588606741
0.0020044896613150226
0.0024028601973737707
0.0024116194342726546
0.009612832621089779
GEN 26 time 1588606748
0.0020044896613150226
0.0024028601973737707
0.0024116194342726546
0.009612832621089779
GEN 27 time 1588606755
0.0020044896613150226
0.0024028601973737707
0.0024116194342726546
0.009612832621089779
GEN 28 time 1588606762
0.0020044896613150226
0.0024028601973737707
0.0024116194342726546
0.009612832621089779
GEN 29 time 1588606770
0.0020044896613150226
0.0024028601973737707
0.0024116194342726546
0.009612832621089779
GEN 30 time 1588606777
0.0020044896613150226
0.0024028601973737707
0.0024116194342726546
0.009612832621089779
GEN 31 time 1588606784
0.0020044896613150226
0.0024028601973737707
0.0024116194342726546
0.009612832621089779
GEN 32 time 1588606791
0.0020044896613150226
0.0024028601973737707
0.0024116194342726546
0.009612832621089779
GEN 33 time 1588606799
0.0020044896613150226
0.0024028601973737707
0.0024116194342726546
0.009612832621089779
GEN 34 time 1588606806
0.0020044896613150226
0.0024028601973737707
0.0024116194342726546
0.009612832621089779
GEN 35 time 1588606813
0.0020044896613150226
0.0024028601973737707
0.0024116194342726546
0.009612832621089779
GEN 36 time 1588606821
0.0020044896613150226
0.0024028601973737707
0.0024116194342726546
0.009612832621089779
GEN 37 time 1588606828
0.0020044896613150226
0.0024028601973737707
0.0024116194342726546
0.009612832621089779
GEN 38 time 1588606836
0.0020044896613150226
0.0024028601973737707
0.0024116194342726546
0.009612832621089779
GEN 39 time 1588606843
0.0020044896613150226
0.0024028601973737707
0.0024116194342726546
0.009612832621089779
GEN 40 time 1588606851
0.0020044896613150226
0.0024028601973737707
0.0024116194342726546
0.009612832621089779
GEN 41 time 1588606858
0.0020044896613150226
0.0024028601973737707
0.0024116194342726546
0.009612832621089779
GEN 42 time 1588606866
0.0020044896613150226
0.0024028601973737707
0.0024116194342726546
0.009612832621089779
GEN 43 time 1588606874
0.0020044896613150226
0.0024028601973737707
0.0024116194342726546
0.009612832621089779
GEN 44 time 1588606881
0.0020044896613150226
0.0024028601973737707
0.0024116194342726546
0.009612832621089779
GEN 45 time 1588606889
0.0020044896613150226
0.0024028601973737707
0.0024116194342726546
0.009612832621089779
GEN 46 time 1588606897
0.0020044896613150226
0.0024028601973737707
0.0024116194342726546
0.009612832621089779
GEN 47 time 1588606904
0.0020044896613150226
0.0024028601973737707
0.0024116194342726546
0.009612832621089779
GEN 48 time 1588606912
0.0020044896613150226
0.0024028601973737707
0.0024116194342726546
0.009612832621089779
GEN 49 time 1588606919
0.0020044896613150226
0.0024028601973737707
0.0024116194342726546
0.009612832621089779
GEN 50 time 1588606927
0.0020044896613150226
0.0024028601973737707
0.0024116194342726546
0.009612832621089779
GEN 51 time 1588606935
0.0020044896613150226
0.0024028601973737707
0.0024116194342726546
0.009612832621089779
GEN 52 time 1588606942
0.0020044896613150226
0.0024028601973737707
0.0024116194342726546
0.009612832621089779
GEN 53 time 1588606950
0.0020044896613150226
0.0024028601973737707
0.0024116194342726546
0.009612832621089779
GEN 54 time 1588606958
0.0020044896613150226
0.0024028601973737707
0.0024116194342726546
0.009612832621089779
GEN 55 time 1588606966
0.0020044896613150226
0.0024028601973737707
0.0024116194342726546
0.009612832621089779
GEN 56 time 1588606973
0.0020044896613150226
0.0024028601973737707
0.0024116194342726546
0.009612832621089779
GEN 57 time 1588606981
0.0020044896613150226
0.0024028601973737707
0.0024116194342726546
0.009612832621089779
GEN 58 time 1588606989
0.0020044896613150226
0.0024028601973737707
0.0024116194342726546
0.009612832621089779
GEN 59 time 1588606996
0.0020044896613150226
0.0024028601973737707
0.0024116194342726546
0.009612832621089779
GEN 60 time 1588607004
0.0020044896613150226
0.0024028601973737707
0.0024116194342726546
0.009612832621089779
GEN 61 time 1588607012
0.0020044896613150226
0.0024028601973737707
0.0024116194342726546
0.009612832621089779
GEN 62 time 1588607020
0.0020044896613150226
0.0024028601973737707
0.0024116194342726546
0.009612832621089779
GEN 63 time 1588607027
0.0020044896613150226
0.0024028601973737707
0.0024116194342726546
0.009612832621089779
GEN 64 time 1588607035
0.0020044896613150226
0.0024028601973737707
0.0024116194342726546
0.009612832621089779
GEN 65 time 1588607043
0.0020044896613150226
0.0024028601973737707
0.0024116194342726546
0.009612832621089779
GEN 66 time 1588607050
0.0020044896613150226
0.0024028601973737707
0.0024116194342726546
0.009612832621089779
GEN 67 time 1588607058
0.0020044896613150226
0.0024028601973737707
0.0024116194342726546
0.009612832621089779
GEN 68 time 1588607066
0.0020044896613150226
0.0024028601973737707
0.0024116194342726546
0.009612832621089779
GEN 69 time 1588607074
0.0020044896613150226
0.0024028601973737707
0.0024116194342726546
0.009612832621089779
GEN 70 time 1588607081
0.0020044896613150226
0.0024028601973737707
0.0024116194342726546
0.009612832621089779
GEN 71 time 1588607089
0.0020044896613150226
0.0024028601973737707
0.0024116194342726546
0.009612832621089779
GEN 72 time 1588607097
0.0020044896613150226
0.0024028601973737707
0.0024116194342726546
0.009612832621089779
GEN 73 time 1588607104
0.0020044896613150226
0.0024028601973737707
0.0024116194342726546
0.0076176576487648594
GEN 74 time 1588607112
0.0020044896613150226
0.0024028601973737707
0.0024116194342726546
0.0076176576487648594
GEN 75 time 1588607120
0.0020044896613150226
0.0024028601973737707
0.0024116194342726546
0.0076176576487648594
GEN 76 time 1588607127
0.0020044896613150226
0.0024028601973737707
0.0024116194342726546
0.0076176576487648594
GEN 77 time 1588607135
0.0020044896613150226
0.0024028601973737707
0.0024116194342726546
0.0076176576487648594
GEN 78 time 1588607142
0.0020044896613150226
0.0024028601973737707
0.0024116194342726546
0.0076176576487648594
GEN 79 time 1588607150
0.0020044896613150226
0.0024028601973737707
0.0024116194342726546
0.0076176576487648594
GEN 80 time 1588607158
0.0020044896613150226
0.0024028601973737707
0.0024116194342726546
0.0076176576487648594
GEN 81 time 1588607166
0.0020044896613150226
0.0024028601973737707
0.0024116194342726546
0.0076176576487648594
GEN 82 time 1588607174
0.0020044896613150226
0.0024028601973737707
0.0024116194342726546
0.0076176576487648594
GEN 83 time 1588607182
0.0020044896613150226
0.0024028601973737707
0.0024116194342726546
0.0076176576487648594
GEN 84 time 1588607190
0.0020044896613150226
0.0024028601973737707
0.0024116194342726546
0.0076176576487648594
GEN 85 time 1588607197
0.0020044896613150226
0.0024028601973737707
0.0024116194342726546
0.0076176576487648594
GEN 86 time 1588607205
0.0020044896613150226
0.0024028601973737707
0.0024116194342726546
0.007216728298829867
GEN 87 time 1588607213
0.0020044896613150226
0.0024028601973737707
0.0024116194342726546
0.007216728298829867
GEN 88 time 1588607221
0.0020044896613150226
0.0024028601973737707
0.0024116194342726546
0.007216728298829867
GEN 89 time 1588607229
0.0020044896613150226
0.0024028601973737707
0.0024116194342726546
0.007216728298829867
GEN 90 time 1588607236
0.0020044896613150226
0.0024028601973737707
0.0024116194342726546
0.007216728298829867
GEN 91 time 1588607244
0.0020044896613150226
0.0024028601973737707
0.0024116194342726546
0.007216728298829867
GEN 92 time 1588607252
0.0020044896613150226
0.0024028601973737707
0.0024116194342726546
0.007216728298829867
GEN 93 time 1588607260
0.0020044896613150226
0.0024028601973737707
0.0024116194342726546
0.007216728298829867
GEN 94 time 1588607268
0.0020044896613150226
0.0024028601973737707
0.0024116194342726546
0.007216728298829867
GEN 95 time 1588607276
0.0020044896613150226
0.0024028601973737707
0.0024116194342726546
0.007216728298829867
GEN 96 time 1588607284
0.0020044896613150226
0.0024028601973737707
0.0024116194342726546
0.007216728298829867
GEN 97 time 1588607291
0.0020044896613150226
0.0024028601973737707
0.0024116194342726546
0.007216728298829867
GEN 98 time 1588607299
0.0020044896613150226
0.0024028601973737707
0.0024116194342726546
0.007216728298829867
GEN 99 time 1588607307
0.0020044896613150226
0.0024028601973737707
0.0024116194342726546
0.007216728298829867
