['./data/layer/ga-dem3_r50_1.json', './data/layer/ga-dem8_r50_1.json', './data/layer/ga-dem3_r25_1.json', './data/hop/ga-dem3_r50_1_40.json']
GEN 0 time 1588644616
0.005218704129449189
0.004013269858477769
inf
0.01365120757965732
GEN 1 time 1588644622
0.004416784801042909
0.0032111000132988817
inf
0.01365120757965732
GEN 2 time 1588644630
0.004416784801042909
0.0032098634191082354
inf
0.01365120757965732
GEN 3 time 1588644639
0.004416784801042909
0.0032098634191082354
inf
0.01365120757965732
GEN 4 time 1588644647
0.0036140678120821883
0.0032098634191082354
inf
0.01365120757965732
GEN 5 time 1588644657
0.0036140678120821883
0.0032068833230603977
inf
0.011655416327265123
GEN 6 time 1588644666
0.0032152872626938275
0.0032068833230603977
inf
0.011246901863969712
GEN 7 time 1588644676
0.0032152872626938275
0.0032068833230603977
inf
0.011246901863969712
GEN 8 time 1588644685
0.0028126472722945503
0.0032068833230603977
inf
0.011246901863969712
GEN 9 time 1588644695
0.0028126472722945503
0.0032068833230603977
inf
0.011246901863969712
GEN 10 time 1588644704
0.0028126472722945503
0.002813779900949954
inf
0.011246901863969712
GEN 11 time 1588644713
0.0028126472722945503
0.002813779900949954
inf
0.011246901863969712
GEN 12 time 1588644723
0.0028126472722945503
0.002813779900949954
inf
0.01084658584020469
GEN 13 time 1588644732
0.0028126472722945503
0.002813779900949954
inf
0.01084658584020469
GEN 14 time 1588644742
0.0028126472722945503
0.002813779900949954
inf
0.01084658584020469
GEN 15 time 1588644751
0.0028126472722945503
0.002813779900949954
inf
0.01084658584020469
GEN 16 time 1588644760
0.0028126472722945503
0.002813779900949954
inf
0.01084658584020469
GEN 17 time 1588644770
0.0028126472722945503
0.002813779900949954
inf
0.01084658584020469
GEN 18 time 1588644780
0.0028126472722945503
0.002813779900949954
inf
0.01084658584020469
GEN 19 time 1588644790
0.0028126472722945503
0.002813779900949954
inf
0.01084658584020469
GEN 20 time 1588644799
0.0028126472722945503
0.002813779900949954
inf
0.01084658584020469
GEN 21 time 1588644810
0.0028126472722945503
0.002813779900949954
inf
0.01084658584020469
GEN 22 time 1588644820
0.0028126472722945503
0.002813779900949954
inf
0.01084658584020469
GEN 23 time 1588644830
0.0028126472722945503
0.002813779900949954
inf
0.01084658584020469
GEN 24 time 1588644840
0.002810439473173533
0.002813779900949954
inf
0.01084658584020469
GEN 25 time 1588644850
0.002810439473173533
0.002813779900949954
inf
0.01084658584020469
GEN 26 time 1588644859
0.002810439473173533
0.002809712511636521
inf
0.01084658584020469
GEN 27 time 1588644870
0.002810439473173533
0.002809712511636521
inf
0.01084658584020469
GEN 28 time 1588644880
0.002810439473173533
0.002809712511636521
inf
0.01084658584020469
GEN 29 time 1588644890
0.002810439473173533
0.002809712511636521
inf
0.01084658584020469
GEN 30 time 1588644900
0.002810439473173533
0.002809712511636521
inf
0.01084658584020469
GEN 31 time 1588644909
0.002810439473173533
0.002809712511636521
0.004810704945571216
0.01084658584020469
GEN 32 time 1588644919
0.002810439473173533
0.002809712511636521
0.004810704945571216
0.01084658584020469
GEN 33 time 1588644929
0.002810439473173533
0.002809712511636521
0.004810704945571216
0.01084658584020469
GEN 34 time 1588644939
0.002810439473173533
0.002809712511636521
0.004810704945571216
0.01084658584020469
GEN 35 time 1588644950
0.002810439473173533
0.002809712511636521
0.004810704945571216
0.01084658584020469
GEN 36 time 1588644960
0.002810439473173533
0.002809712511636521
0.004810704945571216
0.01084658584020469
GEN 37 time 1588644970
0.002810439473173533
0.002809712511636521
0.004009756549639813
0.01084658584020469
GEN 38 time 1588644981
0.002810439473173533
0.002809712511636521
0.004009756549639813
0.01084658584020469
GEN 39 time 1588644991
0.002810439473173533
0.002809712511636521
0.004009756549639813
0.01084658584020469
GEN 40 time 1588645001
0.002810439473173533
0.002809712511636521
0.0032076067425413093
0.01084658584020469
GEN 41 time 1588645012
0.002810439473173533
0.002809712511636521
0.0032076067425413093
0.01084658584020469
GEN 42 time 1588645022
0.002810439473173533
0.002809712511636521
0.0032076067425413093
0.01084658584020469
GEN 43 time 1588645032
0.002810439473173533
0.002809712511636521
0.0032076067425413093
0.01084658584020469
GEN 44 time 1588645043
0.002810439473173533
0.002809712511636521
0.0032076067425413093
0.01084658584020469
GEN 45 time 1588645053
0.002810439473173533
0.002809712511636521
0.0032076067425413093
0.01084658584020469
GEN 46 time 1588645064
0.002810439473173533
0.002809712511636521
0.0032076067425413093
0.01084658584020469
GEN 47 time 1588645074
0.002810439473173533
0.002809712511636521
0.0032076067425413093
0.01084658584020469
GEN 48 time 1588645084
0.002810439473173533
0.002809712511636521
0.0032076067425413093
0.01084658584020469
GEN 49 time 1588645094
0.002810439473173533
0.002809712511636521
0.0032076067425413093
0.01084658584020469
GEN 50 time 1588645104
0.002810439473173533
0.002809712511636521
0.0032076067425413093
0.01084658584020469
GEN 51 time 1588645115
0.002810439473173533
0.002809712511636521
0.0032076067425413093
0.01084658584020469
GEN 52 time 1588645124
0.002810439473173533
0.002809712511636521
0.0032076067425413093
0.01084658584020469
GEN 53 time 1588645135
0.002810439473173533
0.002809712511636521
0.0032076067425413093
0.01084658584020469
GEN 54 time 1588645145
0.002810439473173533
0.002809712511636521
0.0032076067425413093
0.01084658584020469
GEN 55 time 1588645156
0.002810439473173533
0.002809712511636521
0.0032076067425413093
0.010444860438715627
GEN 56 time 1588645166
0.002810439473173533
0.002809712511636521
0.0032076067425413093
0.010444860438715627
GEN 57 time 1588645176
0.002810439473173533
0.002809712511636521
0.0032076067425413093
0.010444860438715627
GEN 58 time 1588645186
0.002810439473173533
0.002809712511636521
0.0032076067425413093
0.010444860438715627
GEN 59 time 1588645197
0.002810439473173533
0.002809712511636521
0.0032076067425413093
0.010444860438715627
GEN 60 time 1588645207
0.002810439473173533
0.002809712511636521
0.0032076067425413093
0.010444860438715627
GEN 61 time 1588645218
0.0024114654470203706
0.002809712511636521
0.0032076067425413093
0.010444860438715627
GEN 62 time 1588645228
0.0024114654470203706
0.002809712511636521
0.0032076067425413093
0.010444860438715627
GEN 63 time 1588645238
0.0024114654470203706
0.002809712511636521
0.0032076067425413093
0.010444860438715627
GEN 64 time 1588645249
0.0024114654470203706
0.002809712511636521
0.0032076067425413093
0.010444860438715627
GEN 65 time 1588645259
0.0024114654470203706
0.002809712511636521
0.0032076067425413093
0.010444860438715627
GEN 66 time 1588645269
0.0024114654470203706
0.002809712511636521
0.0032076067425413093
0.010444860438715627
GEN 67 time 1588645279
0.0024114654470203706
0.002809712511636521
0.0032076067425413093
0.010444860438715627
GEN 68 time 1588645290
0.0024114654470203706
0.002809712511636521
0.0032076067425413093
0.010444860438715627
GEN 69 time 1588645300
0.0024114654470203706
0.002809712511636521
0.0032076067425413093
0.010444860438715627
GEN 70 time 1588645310
0.0024114654470203706
0.002809712511636521
0.0032076067425413093
0.010444860438715627
GEN 71 time 1588645321
0.0024114654470203706
0.002809712511636521
0.0032076067425413093
0.010444860438715627
GEN 72 time 1588645331
0.0024114654470203706
0.002809712511636521
0.0032076067425413093
0.010444860438715627
GEN 73 time 1588645342
0.0024114654470203706
0.002809712511636521
0.0032076067425413093
0.010444860438715627
GEN 74 time 1588645352
0.0024114654470203706
0.002809712511636521
0.0032076067425413093
0.010444860438715627
GEN 75 time 1588645362
0.0024114654470203706
0.002809712511636521
0.0032076067425413093
0.010444860438715627
GEN 76 time 1588645372
0.0024114654470203706
0.002809712511636521
0.0032076067425413093
0.010444860438715627
GEN 77 time 1588645383
0.0024114654470203706
0.002809712511636521
0.0032076067425413093
0.010043135037226564
GEN 78 time 1588645393
0.0024114654470203706
0.002809712511636521
0.0032076067425413093
0.010043135037226564
GEN 79 time 1588645404
0.0024114654470203706
0.002809712511636521
0.0032076067425413093
0.010043135037226564
GEN 80 time 1588645414
0.0024114654470203706
0.002809712511636521
0.0032076067425413093
0.010043135037226564
GEN 81 time 1588645424
0.0024114654470203706
0.002809712511636521
0.0032076067425413093
0.010043135037226564
GEN 82 time 1588645435
0.0024114654470203706
0.002809712511636521
0.0032076067425413093
0.010043135037226564
GEN 83 time 1588645445
0.0024114654470203706
0.002809712511636521
0.0032076067425413093
0.010043135037226564
GEN 84 time 1588645456
0.0024114654470203706
0.002809712511636521
0.0032076067425413093
0.010043135037226564
GEN 85 time 1588645466
0.0024114654470203706
0.002809712511636521
0.0032076067425413093
0.010043135037226564
GEN 86 time 1588645476
0.0024114654470203706
0.002809712511636521
0.0032076067425413093
0.010043135037226564
GEN 87 time 1588645486
0.0024114654470203706
0.002809712511636521
0.0032076067425413093
0.010043135037226564
GEN 88 time 1588645497
0.0024114654470203706
0.002809712511636521
0.0032076067425413093
0.010043135037226564
GEN 89 time 1588645507
0.0024114654470203706
0.002809712511636521
0.0032076067425413093
0.010043135037226564
GEN 90 time 1588645517
0.0024114654470203706
0.002809712511636521
0.0032076067425413093
0.010043135037226564
GEN 91 time 1588645528
0.0024114654470203706
0.002809712511636521
0.0032076067425413093
0.010043135037226564
GEN 92 time 1588645538
0.0024114654470203706
0.002809712511636521
0.0032076067425413093
0.010043135037226564
GEN 93 time 1588645549
0.0024114654470203706
0.002809712511636521
0.0032076067425413093
0.010043135037226564
GEN 94 time 1588645559
0.0024114654470203706
0.002809712511636521
0.0032076067425413093
0.01003953324760053
GEN 95 time 1588645569
0.0024114654470203706
0.002809712511636521
0.0032076067425413093
0.01003953324760053
GEN 96 time 1588645579
0.0024114654470203706
0.002809712511636521
0.0032076067425413093
0.01003953324760053
GEN 97 time 1588645590
0.0024114654470203706
0.002809712511636521
0.0032076067425413093
0.01003953324760053
GEN 98 time 1588645600
0.0024114654470203706
0.002809712511636521
0.0032076067425413093
0.01003953324760053
GEN 99 time 1588645610
0.0024114654470203706
0.002809712511636521
0.0032076067425413093
0.01003953324760053
