['./data/small/layer/no-dem5_r50_1.json', './data/small/layer/no-dem5_r25_1.json', './data/small/layer/no-dem6_r25_1.json', './data/small/hop/no-dem5_r25_1_0.json', './data/small/hop/no-dem5_r25_1_40.json', './data/small/hop/no-dem6_r25_1_0.json']
GEN 0 time 1611075828
0.0023871355939130818
0.002017907510230849
0.0018005431199355838
0.001602705358008578
0.0026714501294149142
0.0016272195053387715
GEN 1 time 1611075833
0.0023871355939130818
0.0018326647901594378
0.001683178819666385
0.0014930465186699395
0.0024537388486480897
0.0012486363805098112
GEN 2 time 1611075838
0.0023871355939130818
0.0018326647901594378
0.001683178819666385
0.0014930465186699395
0.0024537388486480897
0.0012486363805098112
GEN 3 time 1611075843
0.0023871355939130818
0.0018326647901594378
0.001661739202523215
0.0014183166258857534
0.0024537388486480897
0.0012486363805098112
GEN 4 time 1611075848
0.0023871355939130818
0.0018326647901594378
0.0015192585393812366
0.0014183166258857534
0.0024537388486480897
0.0012486363805098112
GEN 5 time 1611075853
0.0023871355939130818
0.0018326647901594378
0.0015192585393812366
0.0014183166258857534
0.0024537388486480897
0.0012486363805098112
GEN 6 time 1611075858
0.0023871355939130818
0.0018179532644651236
0.0015192585393812366
0.001408617091022234
0.0024537388486480897
0.0012486363805098112
GEN 7 time 1611075863
0.0023871355939130818
0.0018089483008671503
0.0014679390842161765
0.001408617091022234
0.0024537388486480897
0.0012486363805098112
GEN 8 time 1611075868
0.0023871355939130818
0.0016027805609330576
0.0014679390842161765
0.001408617091022234
0.0024537388486480897
0.0012486363805098112
GEN 9 time 1611075873
0.0023871355939130818
0.0016027805609330576
0.0014679390842161765
0.001408617091022234
0.0024537388486480897
0.0012486363805098112
GEN 10 time 1611075878
0.0023871355939130818
0.0014293391353028268
0.001337888788602356
0.001408617091022234
0.0024537388486480897
0.0012486363805098112
GEN 11 time 1611075884
0.0023871355939130818
0.0014293391353028268
0.001337888788602356
0.0012890061263286497
0.0024537388486480897
0.0012486363805098112
GEN 12 time 1611075889
0.0023871355939130818
0.0014293391353028268
0.001337888788602356
0.0012890061263286497
0.0022151344610849997
0.0012486363805098112
GEN 13 time 1611075894
0.0023871355939130818
0.0014293391353028268
0.001337888788602356
0.0012890061263286497
0.0022151344610849997
0.0012486363805098112
GEN 14 time 1611075899
0.0023871355939130818
0.0014293391353028268
0.001337888788602356
0.0012807312950846171
0.0022151344610849997
0.0012486363805098112
GEN 15 time 1611075904
0.0023871355939130818
0.0014293391353028268
0.001337888788602356
0.0012807312950846171
0.0022151344610849997
0.0012486363805098112
GEN 16 time 1611075909
0.0023871355939130818
0.0014293391353028268
0.001337888788602356
0.0012807312950846171
0.0022151344610849997
0.0012486363805098112
GEN 17 time 1611075914
0.0023871355939130818
0.0014293391353028268
0.001337888788602356
0.0012807312950846171
0.0022151344610849997
0.0012486363805098112
GEN 18 time 1611075919
0.0023871355939130818
0.0014293391353028268
0.001337888788602356
0.0012807312950846171
0.0022151344610849997
0.0012486363805098112
GEN 19 time 1611075925
0.0023871355939130818
0.0014293391353028268
0.001337888788602356
0.0012807312950846171
0.0022151344610849997
0.0012486363805098112
GEN 20 time 1611075930
0.0023871355939130818
0.0014293391353028268
0.001337888788602356
0.0012807312950846171
0.0022151344610849997
0.0012486363805098112
GEN 21 time 1611075935
0.0023871355939130818
0.0014293391353028268
0.001337888788602356
0.0012807312950846171
0.0022151344610849997
0.0012486363805098112
GEN 22 time 1611075940
0.0023871355939130818
0.0014293391353028268
0.001337888788602356
0.0012807312950846171
0.0022151344610849997
0.001247280786097729
GEN 23 time 1611075945
0.0023871355939130818
0.001411999825348782
0.001337888788602356
0.0012807312950846171
0.0022151344610849997
0.001247280786097729
GEN 24 time 1611075950
0.0023871355939130818
0.001411999825348782
0.001337888788602356
0.0012807312950846171
0.0022151344610849997
0.001247280786097729
GEN 25 time 1611075955
0.0023871355939130818
0.001411999825348782
0.001337888788602356
0.0012807312950846171
0.0022151344610849997
0.001247280786097729
GEN 26 time 1611075961
0.0023871355939130818
0.001411999825348782
0.001337888788602356
0.0012807312950846171
0.0022151344610849997
0.001247280786097729
GEN 27 time 1611075966
0.0023871355939130818
0.0012048486683570415
0.001337888788602356
0.0012807312950846171
0.0022151344610849997
0.001247280786097729
GEN 28 time 1611075971
0.0023871355939130818
0.0012048486683570415
0.001337888788602356
0.0012807312950846171
0.0022151344610849997
0.001247280786097729
GEN 29 time 1611075976
0.0023871355939130818
0.0012048486683570415
0.001337888788602356
0.0012807312950846171
0.0022151344610849997
0.001247280786097729
GEN 30 time 1611075981
0.0023871355939130818
0.0012048486683570415
0.001337888788602356
0.0012807312950846171
0.0022151344610849997
0.001247280786097729
GEN 31 time 1611075986
0.0023871355939130818
0.0012048486683570415
0.001337888788602356
0.0012807312950846171
0.0022151344610849997
0.001247280786097729
GEN 32 time 1611075991
0.0023871355939130818
0.0012048486683570415
0.001337888788602356
0.0012807312950846171
0.0022151344610849997
0.001247280786097729
GEN 33 time 1611075997
0.0023871355939130818
0.0012048486683570415
0.001337888788602356
0.0012807312950846171
0.0022151344610849997
0.001247280786097729
GEN 34 time 1611076002
0.0023871355939130818
0.0012048486683570415
0.001337888788602356
0.0012807312950846171
0.0022151344610849997
0.001247280786097729
GEN 35 time 1611076007
0.0023871355939130818
0.0012048486683570415
0.001337888788602356
0.0012807312950846171
0.0022151344610849997
0.001247280786097729
GEN 36 time 1611076012
0.0023871355939130818
0.0012048486683570415
0.001337888788602356
0.0012807312950846171
0.0022151344610849997
0.0012011649117865018
GEN 37 time 1611076017
0.0023871355939130818
0.0012048486683570415
0.001337888788602356
0.0012807312950846171
0.0022151344610849997
0.0012011649117865018
GEN 38 time 1611076022
0.0023871355939130818
0.0012048486683570415
0.001337888788602356
0.0012807312950846171
0.0022151344610849997
0.0012011649117865018
GEN 39 time 1611076027
0.0023871355939130818
0.0012048486683570415
0.001337888788602356
0.0012807312950846171
0.0022151344610849997
0.0012011649117865018
GEN 40 time 1611076032
0.0023871355939130818
0.0012048486683570415
0.001337888788602356
0.0012807312950846171
0.0022151344610849997
0.0012011649117865018
GEN 41 time 1611076037
0.0023871355939130818
0.0012048486683570415
0.001337888788602356
0.0012807312950846171
0.0022151344610849997
0.0012011649117865018
GEN 42 time 1611076042
0.0023871355939130818
0.0012048486683570415
0.001337888788602356
0.0012631938696212172
0.0022151344610849997
0.0012011649117865018
GEN 43 time 1611076048
0.0023871355939130818
0.0012048486683570415
0.001337888788602356
0.0012631938696212172
0.0022151344610849997
0.0012011649117865018
GEN 44 time 1611076053
0.0023871355939130818
0.0012048486683570415
0.001337888788602356
0.0012631938696212172
0.0020960248175222454
0.0012011649117865018
GEN 45 time 1611076058
0.0023871355939130818
0.0012048486683570415
0.001337888788602356
0.0012631938696212172
0.0020838908983728858
0.0012011649117865018
GEN 46 time 1611076063
0.0023871355939130818
0.0012048486683570415
0.001337888788602356
0.0012631938696212172
0.0020838908983728858
0.0012011649117865018
GEN 47 time 1611076068
0.0023871355939130818
0.0012048486683570415
0.001337888788602356
0.0012631938696212172
0.0020838908983728858
0.0012011649117865018
GEN 48 time 1611076073
0.0023871355939130818
0.0012048486683570415
0.001337888788602356
0.0012557311579264744
0.0020838908983728858
0.0012011649117865018
GEN 49 time 1611076078
0.0023871355939130818
0.0012048486683570415
0.001337888788602356
0.0012557311579264744
0.0020838908983728858
0.0012011649117865018
GEN 50 time 1611076083
0.0023871355939130818
0.0012048486683570415
0.001337888788602356
0.0012557311579264744
0.0020304257456859693
0.0012011649117865018
GEN 51 time 1611076088
0.0023871355939130818
0.0012048486683570415
0.001337888788602356
0.0012557311579264744
0.0020304257456859693
0.0012011649117865018
GEN 52 time 1611076094
0.0023871355939130818
0.0012048486683570415
0.001337888788602356
0.0012557311579264744
0.0020304257456859693
0.0012011649117865018
GEN 53 time 1611076099
0.0023871355939130818
0.0012048486683570415
0.001337888788602356
0.0012557311579264744
0.0020304257456859693
0.0012011649117865018
GEN 54 time 1611076104
0.0023871355939130818
0.0012048486683570415
0.001337888788602356
0.0012557311579264744
0.0020304257456859693
0.0012011649117865018
GEN 55 time 1611076109
0.0023871355939130818
0.0012048486683570415
0.001337888788602356
0.0012557311579264744
0.0020304257456859693
0.0012011649117865018
GEN 56 time 1611076114
0.0023871355939130818
0.0012048486683570415
0.001337888788602356
0.0012557311579264744
0.0020304257456859693
0.0012011649117865018
GEN 57 time 1611076119
0.0023871355939130818
0.0012048486683570415
0.001337888788602356
0.0012557311579264744
0.0020304257456859693
0.0012011649117865018
GEN 58 time 1611076125
0.0023871355939130818
0.0012048486683570415
0.001337888788602356
0.0012116409744280924
0.0020304257456859693
0.0012011649117865018
GEN 59 time 1611076130
0.0023871355939130818
0.0012048486683570415
0.001337888788602356
0.0012116409744280924
0.0020304257456859693
0.0012011649117865018
GEN 60 time 1611076135
0.0023871355939130818
0.0012048486683570415
0.001337888788602356
0.0012116409744280924
0.0020304257456859693
0.0012011649117865018
GEN 61 time 1611076140
0.0023871355939130818
0.0012048486683570415
0.001337888788602356
0.0012116409744280924
0.002007557842619932
0.0012011649117865018
GEN 62 time 1611076145
0.0023871355939130818
0.0012048486683570415
0.001337888788602356
0.0012116409744280924
0.002007557842619932
0.0012011649117865018
GEN 63 time 1611076151
0.0023871355939130818
0.0012048486683570415
0.001337888788602356
0.0012116409744280924
0.002007557842619932
0.0012011649117865018
GEN 64 time 1611076156
0.0023871355939130818
0.0012048486683570415
0.001337888788602356
0.0012116409744280924
0.002007557842619932
0.0012011649117865018
GEN 65 time 1611076161
0.0023871355939130818
0.0012048486683570415
0.001337888788602356
0.0012116409744280924
0.002007557842619932
0.0012011649117865018
GEN 66 time 1611076166
0.0023871355939130818
0.0012048486683570415
0.0012582218988262074
0.0012042370225428655
0.002007557842619932
0.0012011649117865018
GEN 67 time 1611076171
0.0023871355939130818
0.0012048486683570415
0.0012582218988262074
0.0012042370225428655
0.002007557842619932
0.0012011649117865018
GEN 68 time 1611076176
0.0023871355939130818
0.0012048486683570415
0.0012582218988262074
0.0012042370225428655
0.0016463807897111123
0.0012011649117865018
GEN 69 time 1611076182
0.0023871355939130818
0.0012048486683570415
0.0012582218988262074
0.0012042370225428655
0.0016463807897111123
0.0012011649117865018
GEN 70 time 1611076187
0.0023871355939130818
0.0012048486683570415
0.0012582218988262074
0.0012042370225428655
0.0016463807897111123
0.0012011649117865018
GEN 71 time 1611076192
0.0023871355939130818
0.0012048486683570415
0.0012582218988262074
0.0010892071538850967
0.0016463807897111123
0.0012011649117865018
GEN 72 time 1611076197
0.0023871355939130818
0.0012048486683570415
0.0012582218988262074
0.0010892071538850967
0.0016463807897111123
0.0012011649117865018
GEN 73 time 1611076202
0.0023871355939130818
0.0012048486683570415
0.0012582218988262074
0.0010892071538850967
0.0016463807897111123
0.0012011649117865018
GEN 74 time 1611076207
0.0023871355939130818
0.00120066465340888
0.0012582218988262074
0.0010892071538850967
0.0016463807897111123
0.0012011649117865018
GEN 75 time 1611076212
0.0023871355939130818
0.00120066465340888
0.0012582218988262074
0.0010892071538850967
0.0016463807897111123
0.0012011649117865018
GEN 76 time 1611076218
0.0023871355939130818
0.00120066465340888
0.0012582218988262074
0.0010892071538850967
0.0016463807897111123
0.0012011649117865018
GEN 77 time 1611076223
0.0023871355939130818
0.00120066465340888
0.0012582218988262074
0.0010892071538850967
0.0016463807897111123
0.0012011649117865018
GEN 78 time 1611076228
0.0023871355939130818
0.00120066465340888
0.0012582218988262074
0.0010892071538850967
0.0016364104747498606
0.0012011649117865018
GEN 79 time 1611076233
0.0023871355939130818
0.00120066465340888
0.0012582218988262074
0.0010892071538850967
0.0016364104747498606
0.0012011649117865018
GEN 80 time 1611076239
0.0023871355939130818
0.00120066465340888
0.0012582218988262074
0.0010892071538850967
0.0016364104747498606
0.0012011649117865018
GEN 81 time 1611076244
0.0023871355939130818
0.00120066465340888
0.0012582218988262074
0.0010892071538850967
0.0016364104747498606
0.0012011649117865018
GEN 82 time 1611076249
0.0023871355939130818
0.00120066465340888
0.0012582218988262074
0.0010892071538850967
0.0016364104747498606
0.0012011649117865018
GEN 83 time 1611076254
0.0023871355939130818
0.0010194269484703627
0.0012582218988262074
0.001087075252796243
0.0016364104747498606
0.0012011649117865018
GEN 84 time 1611076260
0.0023871355939130818
0.0010194269484703627
0.0012582218988262074
0.001087075252796243
0.0016364104747498606
0.0012011649117865018
GEN 85 time 1611076265
0.0023871355939130818
0.0010194269484703627
0.0012582218988262074
0.001087075252796243
0.0016364104747498606
0.0012011649117865018
GEN 86 time 1611076270
0.0023871355939130818
0.0010194269484703627
0.0012582218988262074
0.001087075252796243
0.001620134592148035
0.0012011649117865018
GEN 87 time 1611076275
0.0023871355939130818
0.0010194269484703627
0.0012582218988262074
0.001087075252796243
0.001620134592148035
0.0012011649117865018
GEN 88 time 1611076280
0.0023871355939130818
0.0010194269484703627
0.0012582218988262074
0.001087075252796243
0.001620134592148035
0.0012011649117865018
GEN 89 time 1611076286
0.0023871355939130818
0.0010194269484703627
0.0012582218988262074
0.001087075252796243
0.001620134592148035
0.0012011649117865018
GEN 90 time 1611076291
0.0023871355939130818
0.0010194269484703627
0.0012582218988262074
0.001087075252796243
0.001620134592148035
0.0012011649117865018
GEN 91 time 1611076296
0.0023871355939130818
0.0010194269484703627
0.0012582218988262074
0.001087075252796243
0.001620134592148035
0.0012011649117865018
GEN 92 time 1611076301
0.0023871355939130818
0.0010194269484703627
0.0012582218988262074
0.001087075252796243
0.001620134592148035
0.0012011649117865018
GEN 93 time 1611076306
0.0023871355939130818
0.0010194269484703627
0.0012582218988262074
0.001087075252796243
0.001620134592148035
0.0012011649117865018
GEN 94 time 1611076311
0.0023871355939130818
0.0010194269484703627
0.0012582218988262074
0.001087075252796243
0.001620134592148035
0.0012011649117865018
GEN 95 time 1611076317
0.0023871355939130818
0.0010194269484703627
0.0012582218988262074
0.001087075252796243
0.001620134592148035
0.0012011649117865018
GEN 96 time 1611076322
0.0023871355939130818
0.0010194269484703627
0.0012582218988262074
0.001087075252796243
0.001620134592148035
0.0012011649117865018
GEN 97 time 1611076327
0.0023871355939130818
0.0010194269484703627
0.0012582218988262074
0.001087075252796243
0.001620134592148035
0.0012011649117865018
GEN 98 time 1611076332
0.0023871355939130818
0.0010194269484703627
0.0012582218988262074
0.001087075252796243
0.001620134592148035
0.0012011649117865018
GEN 99 time 1611076337
0.0023871355939130818
0.0010194269484703627
0.0012582218988262074
0.001087075252796243
0.001620134592148035
0.0012011649117865018
