ga-dem4_r25_1.json
[0, 0, 0, 0, 0, 0, 0, 0, 0, 0, 0, 0, 0, 0, 0, 0, 0, 0, 0, 0, 0, 0, 0, 0, 0, 0, 0, 0, 0, 0, 0, 0, 0, 0, 0, 0, 0, 0, 0, 0, 0, 36, 24, 5, 38, 34, 18, 36, 2, 36, 24, 38, 38, 2, 2, 5, 24, 36, 24, 24, 24, 39, 36, 36, 5, 2, 18, 36, 36, 18, 24, 39, 38, 38, 2, 36, 36, 5, 38, 21, 36]	[54, 0, 5, 0, 0, 4, 0, 0, 0, 0, 0, 0, 0, 0, 0, 0, 0, 0, 3, 0, 0, 1, 0, 0, 7, 0, 0, 0, 0, 0, 0, 0, 0, 0, 1, 0, 11, 0, 6, 2, 0, 0, 0, 0, 0, 0, 0, 0, 0, 0, 0, 0, 0, 0, 0, 0, 0, 0, 0, 0, 0, 0, 0, 0, 0, 0, 0, 0, 0, 0, 0, 0, 0, 0, 0, 0, 0, 0, 0, 0, 0]	0.002400920991847833
[0, 0, 0, 0, 0, 0, 0, 0, 0, 0, 0, 0, 0, 0, 0, 0, 0, 0, 0, 0, 0, 0, 0, 0, 0, 0, 0, 0, 0, 0, 0, 0, 0, 0, 0, 0, 0, 0, 0, 0, 0, 36, 24, 5, 38, 34, 18, 36, 2, 36, 24, 38, 38, 2, 2, 5, 24, 36, 24, 24, 24, 39, 36, 36, 5, 2, 18, 36, 36, 18, 24, 39, 38, 38, 2, 36, 36, 5, 38, 21, 36]	[54, 0, 5, 0, 0, 4, 0, 0, 0, 0, 0, 0, 0, 0, 0, 0, 0, 0, 3, 0, 0, 1, 0, 0, 7, 0, 0, 0, 0, 0, 0, 0, 0, 0, 1, 0, 11, 0, 6, 2, 0, 0, 0, 0, 0, 0, 0, 0, 0, 0, 0, 0, 0, 0, 0, 0, 0, 0, 0, 0, 0, 0, 0, 0, 0, 0, 0, 0, 0, 0, 0, 0, 0, 0, 0, 0, 0, 0, 0, 0, 0]	0.002400920991847833
[0, 0, 0, 0, 0, 0, 0, 0, 0, 0, 0, 0, 0, 0, 0, 0, 0, 0, 0, 0, 0, 0, 0, 0, 0, 0, 0, 0, 0, 0, 0, 0, 0, 0, 0, 0, 0, 0, 0, 0, 0, 36, 24, 5, 38, 34, 18, 36, 2, 36, 24, 38, 38, 2, 2, 5, 24, 36, 24, 24, 24, 39, 36, 36, 5, 2, 18, 36, 36, 18, 24, 39, 38, 38, 2, 36, 36, 5, 38, 21, 36]	[54, 0, 5, 0, 0, 4, 0, 0, 0, 0, 0, 0, 0, 0, 0, 0, 0, 0, 3, 0, 0, 1, 0, 0, 7, 0, 0, 0, 0, 0, 0, 0, 0, 0, 1, 0, 11, 0, 6, 2, 0, 0, 0, 0, 0, 0, 0, 0, 0, 0, 0, 0, 0, 0, 0, 0, 0, 0, 0, 0, 0, 0, 0, 0, 0, 0, 0, 0, 0, 0, 0, 0, 0, 0, 0, 0, 0, 0, 0, 0, 0]	0.002400920991847833
[0, 0, 0, 0, 0, 0, 0, 0, 0, 0, 0, 0, 0, 0, 0, 0, 0, 0, 0, 0, 0, 0, 0, 0, 0, 0, 0, 0, 0, 0, 0, 0, 0, 0, 0, 0, 0, 0, 0, 0, 0, 36, 24, 5, 38, 34, 18, 36, 2, 36, 24, 38, 38, 2, 2, 5, 24, 36, 24, 24, 24, 39, 36, 36, 5, 2, 18, 36, 36, 18, 24, 39, 38, 38, 2, 36, 36, 5, 38, 21, 36]	[54, 0, 5, 0, 0, 4, 0, 0, 0, 0, 0, 0, 0, 0, 0, 0, 0, 0, 3, 0, 0, 1, 0, 0, 7, 0, 0, 0, 0, 0, 0, 0, 0, 0, 1, 0, 11, 0, 6, 2, 0, 0, 0, 0, 0, 0, 0, 0, 0, 0, 0, 0, 0, 0, 0, 0, 0, 0, 0, 0, 0, 0, 0, 0, 0, 0, 0, 0, 0, 0, 0, 0, 0, 0, 0, 0, 0, 0, 0, 0, 0]	0.002400920991847833
[0, 0, 0, 0, 0, 0, 0, 0, 0, 0, 0, 0, 0, 0, 0, 0, 0, 0, 0, 0, 0, 0, 0, 0, 0, 0, 0, 0, 0, 0, 0, 0, 0, 0, 0, 0, 0, 0, 0, 0, 0, 36, 24, 5, 38, 34, 18, 36, 2, 36, 24, 38, 38, 2, 2, 5, 24, 36, 24, 24, 24, 39, 36, 36, 5, 2, 18, 36, 36, 18, 24, 39, 38, 38, 2, 36, 36, 5, 38, 21, 36]	[54, 0, 5, 0, 0, 4, 0, 0, 0, 0, 0, 0, 0, 0, 0, 0, 0, 0, 3, 0, 0, 1, 0, 0, 7, 0, 0, 0, 0, 0, 0, 0, 0, 0, 1, 0, 11, 0, 6, 2, 0, 0, 0, 0, 0, 0, 0, 0, 0, 0, 0, 0, 0, 0, 0, 0, 0, 0, 0, 0, 0, 0, 0, 0, 0, 0, 0, 0, 0, 0, 0, 0, 0, 0, 0, 0, 0, 0, 0, 0, 0]	0.002400920991847833
[0, 0, 0, 0, 0, 0, 0, 0, 0, 0, 0, 0, 0, 0, 0, 0, 0, 0, 0, 0, 0, 0, 0, 0, 0, 0, 0, 0, 0, 0, 0, 0, 0, 0, 0, 0, 0, 0, 0, 0, 0, 36, 24, 5, 38, 34, 18, 36, 2, 36, 24, 38, 38, 2, 2, 5, 24, 36, 24, 24, 24, 39, 36, 36, 5, 2, 18, 36, 36, 18, 24, 39, 38, 38, 2, 36, 36, 5, 38, 21, 36]	[54, 0, 5, 0, 0, 4, 0, 0, 0, 0, 0, 0, 0, 0, 0, 0, 0, 0, 3, 0, 0, 1, 0, 0, 7, 0, 0, 0, 0, 0, 0, 0, 0, 0, 1, 0, 11, 0, 6, 2, 0, 0, 0, 0, 0, 0, 0, 0, 0, 0, 0, 0, 0, 0, 0, 0, 0, 0, 0, 0, 0, 0, 0, 0, 0, 0, 0, 0, 0, 0, 0, 0, 0, 0, 0, 0, 0, 0, 0, 0, 0]	0.002400920991847833
[0, 0, 0, 0, 0, 0, 0, 0, 0, 0, 0, 0, 0, 0, 0, 0, 0, 0, 0, 0, 0, 0, 0, 0, 0, 0, 0, 0, 0, 0, 0, 0, 0, 0, 0, 0, 0, 0, 0, 0, 0, 36, 24, 5, 38, 39, 18, 36, 2, 36, 24, 38, 38, 2, 2, 5, 24, 36, 24, 24, 24, 39, 36, 36, 5, 2, 18, 16, 36, 18, 24, 39, 38, 38, 2, 36, 36, 5, 38, 21, 36]	[54, 0, 5, 0, 0, 4, 0, 0, 0, 0, 0, 0, 0, 0, 0, 0, 1, 0, 3, 0, 0, 1, 0, 0, 7, 0, 0, 0, 0, 0, 0, 0, 0, 0, 0, 0, 10, 0, 6, 3, 0, 0, 0, 0, 0, 0, 0, 0, 0, 0, 0, 0, 0, 0, 0, 0, 0, 0, 0, 0, 0, 0, 0, 0, 0, 0, 0, 0, 0, 0, 0, 0, 0, 0, 0, 0, 0, 0, 0, 0, 0]	0.002200920991847833
[0, 0, 0, 0, 0, 0, 0, 0, 0, 0, 0, 0, 0, 0, 0, 0, 0, 0, 0, 0, 0, 0, 0, 0, 0, 0, 0, 0, 0, 0, 0, 0, 0, 0, 0, 0, 0, 0, 0, 0, 0, 36, 24, 5, 38, 39, 18, 36, 2, 36, 15, 38, 38, 2, 2, 5, 24, 36, 24, 15, 24, 39, 36, 36, 5, 2, 18, 16, 36, 18, 24, 39, 38, 38, 2, 36, 36, 5, 38, 21, 36]	[54, 0, 5, 0, 0, 4, 0, 0, 0, 0, 0, 0, 0, 0, 0, 2, 1, 0, 3, 0, 0, 1, 0, 0, 5, 0, 0, 0, 0, 0, 0, 0, 0, 0, 0, 0, 10, 0, 6, 3, 0, 0, 0, 0, 0, 0, 0, 0, 0, 0, 0, 0, 0, 0, 0, 0, 0, 0, 0, 0, 0, 0, 0, 0, 0, 0, 0, 0, 0, 0, 0, 0, 0, 0, 0, 0, 0, 0, 0, 0, 0]	0.002200920991847833
[0, 0, 0, 0, 0, 0, 0, 0, 0, 0, 0, 0, 0, 0, 0, 0, 0, 0, 0, 0, 0, 0, 0, 0, 0, 0, 0, 0, 0, 0, 0, 0, 0, 0, 0, 0, 0, 0, 0, 0, 0, 36, 24, 5, 38, 39, 18, 36, 2, 36, 24, 38, 38, 2, 2, 5, 24, 36, 24, 24, 24, 39, 36, 36, 5, 2, 18, 16, 36, 18, 24, 39, 38, 38, 2, 36, 36, 5, 38, 21, 36]	[54, 0, 5, 0, 0, 4, 0, 0, 0, 0, 0, 0, 0, 0, 0, 0, 1, 0, 3, 0, 0, 1, 0, 0, 7, 0, 0, 0, 0, 0, 0, 0, 0, 0, 0, 0, 10, 0, 6, 3, 0, 0, 0, 0, 0, 0, 0, 0, 0, 0, 0, 0, 0, 0, 0, 0, 0, 0, 0, 0, 0, 0, 0, 0, 0, 0, 0, 0, 0, 0, 0, 0, 0, 0, 0, 0, 0, 0, 0, 0, 0]	0.002200920991847833
[0, 0, 0, 0, 0, 0, 0, 0, 0, 0, 0, 0, 0, 0, 0, 0, 0, 0, 0, 0, 0, 0, 0, 0, 0, 0, 0, 0, 0, 0, 0, 0, 0, 0, 0, 0, 0, 0, 0, 0, 0, 6, 24, 5, 38, 39, 18, 36, 2, 6, 24, 38, 38, 2, 2, 5, 24, 6, 24, 24, 24, 39, 6, 6, 5, 2, 18, 6, 6, 18, 24, 39, 38, 38, 2, 6, 6, 5, 38, 21, 6]	[54, 0, 5, 0, 0, 4, 10, 0, 0, 0, 0, 0, 0, 0, 0, 0, 0, 0, 3, 0, 0, 1, 0, 0, 7, 0, 0, 0, 0, 0, 0, 0, 0, 0, 0, 0, 1, 0, 6, 3, 0, 0, 0, 0, 0, 0, 0, 0, 0, 0, 0, 0, 0, 0, 0, 0, 0, 0, 0, 0, 0, 0, 0, 0, 0, 0, 0, 0, 0, 0, 0, 0, 0, 0, 0, 0, 0, 0, 0, 0, 0]	0.002200827852752824
[0, 0, 0, 0, 0, 0, 0, 0, 0, 0, 0, 0, 0, 0, 0, 0, 0, 0, 0, 0, 0, 0, 0, 0, 0, 0, 0, 0, 0, 0, 0, 0, 0, 0, 0, 0, 0, 0, 0, 0, 0, 6, 24, 5, 38, 21, 18, 36, 2, 6, 24, 38, 38, 2, 2, 5, 24, 6, 24, 24, 24, 21, 6, 6, 5, 2, 18, 6, 6, 18, 24, 21, 38, 38, 2, 6, 6, 5, 38, 21, 6]	[54, 0, 5, 0, 0, 4, 10, 0, 0, 0, 0, 0, 0, 0, 0, 0, 0, 0, 3, 0, 0, 4, 0, 0, 7, 0, 0, 0, 0, 0, 0, 0, 0, 0, 0, 0, 1, 0, 6, 0, 0, 0, 0, 0, 0, 0, 0, 0, 0, 0, 0, 0, 0, 0, 0, 0, 0, 0, 0, 0, 0, 0, 0, 0, 0, 0, 0, 0, 0, 0, 0, 0, 0, 0, 0, 0, 0, 0, 0, 0, 0]	0.002200827852752824
[0, 0, 0, 0, 0, 0, 0, 0, 0, 0, 0, 0, 0, 0, 0, 0, 0, 0, 0, 0, 0, 0, 0, 0, 0, 0, 0, 0, 0, 0, 0, 0, 0, 0, 0, 0, 0, 0, 0, 0, 0, 6, 24, 5, 38, 21, 18, 36, 2, 6, 24, 38, 38, 2, 2, 5, 24, 6, 24, 24, 24, 21, 6, 6, 5, 2, 18, 6, 6, 18, 24, 21, 38, 38, 2, 6, 6, 5, 38, 21, 6]	[54, 0, 5, 0, 0, 4, 10, 0, 0, 0, 0, 0, 0, 0, 0, 0, 0, 0, 3, 0, 0, 4, 0, 0, 7, 0, 0, 0, 0, 0, 0, 0, 0, 0, 0, 0, 1, 0, 6, 0, 0, 0, 0, 0, 0, 0, 0, 0, 0, 0, 0, 0, 0, 0, 0, 0, 0, 0, 0, 0, 0, 0, 0, 0, 0, 0, 0, 0, 0, 0, 0, 0, 0, 0, 0, 0, 0, 0, 0, 0, 0]	0.002200827852752824
[0, 0, 0, 0, 0, 0, 0, 0, 0, 0, 0, 0, 0, 0, 0, 0, 0, 0, 0, 0, 0, 0, 0, 0, 0, 0, 0, 0, 0, 0, 0, 0, 0, 0, 0, 0, 0, 0, 0, 0, 0, 6, 24, 5, 38, 39, 18, 36, 2, 6, 24, 38, 38, 2, 2, 5, 24, 6, 24, 24, 24, 39, 6, 6, 5, 2, 18, 6, 6, 18, 24, 39, 38, 38, 2, 6, 6, 5, 38, 21, 6]	[54, 0, 5, 0, 0, 4, 10, 0, 0, 0, 0, 0, 0, 0, 0, 0, 0, 0, 3, 0, 0, 1, 0, 0, 7, 0, 0, 0, 0, 0, 0, 0, 0, 0, 0, 0, 1, 0, 6, 3, 0, 0, 0, 0, 0, 0, 0, 0, 0, 0, 0, 0, 0, 0, 0, 0, 0, 0, 0, 0, 0, 0, 0, 0, 0, 0, 0, 0, 0, 0, 0, 0, 0, 0, 0, 0, 0, 0, 0, 0, 0]	0.002200827852752824
[0, 0, 0, 0, 0, 0, 0, 0, 0, 0, 0, 0, 0, 0, 0, 0, 0, 0, 0, 0, 0, 0, 0, 0, 0, 0, 0, 0, 0, 0, 0, 0, 0, 0, 0, 0, 0, 0, 0, 0, 0, 6, 24, 5, 38, 39, 18, 36, 2, 6, 24, 38, 38, 2, 2, 5, 24, 6, 24, 24, 24, 39, 6, 6, 5, 2, 18, 16, 6, 18, 24, 39, 38, 38, 2, 6, 6, 5, 38, 24, 6]	[54, 0, 5, 0, 0, 4, 9, 0, 0, 0, 0, 0, 0, 0, 0, 0, 1, 0, 3, 0, 0, 0, 0, 0, 8, 0, 0, 0, 0, 0, 0, 0, 0, 0, 0, 0, 1, 0, 6, 3, 0, 0, 0, 0, 0, 0, 0, 0, 0, 0, 0, 0, 0, 0, 0, 0, 0, 0, 0, 0, 0, 0, 0, 0, 0, 0, 0, 0, 0, 0, 0, 0, 0, 0, 0, 0, 0, 0, 0, 0, 0]	0.0020008278527528242
[0, 0, 0, 0, 0, 0, 0, 0, 0, 0, 0, 0, 0, 0, 0, 0, 0, 0, 0, 0, 0, 0, 0, 0, 0, 0, 0, 0, 0, 0, 0, 0, 0, 0, 0, 0, 0, 0, 0, 0, 0, 6, 24, 5, 38, 39, 18, 36, 2, 6, 24, 38, 38, 2, 2, 5, 24, 6, 24, 24, 24, 39, 6, 6, 5, 2, 18, 16, 6, 18, 24, 39, 38, 38, 2, 6, 6, 5, 38, 24, 6]	[54, 0, 5, 0, 0, 4, 9, 0, 0, 0, 0, 0, 0, 0, 0, 0, 1, 0, 3, 0, 0, 0, 0, 0, 8, 0, 0, 0, 0, 0, 0, 0, 0, 0, 0, 0, 1, 0, 6, 3, 0, 0, 0, 0, 0, 0, 0, 0, 0, 0, 0, 0, 0, 0, 0, 0, 0, 0, 0, 0, 0, 0, 0, 0, 0, 0, 0, 0, 0, 0, 0, 0, 0, 0, 0, 0, 0, 0, 0, 0, 0]	0.0020008278527528242
[0, 0, 0, 0, 0, 0, 0, 0, 0, 0, 0, 0, 0, 0, 0, 0, 0, 0, 0, 0, 0, 0, 0, 0, 0, 0, 0, 0, 0, 0, 0, 0, 0, 0, 0, 0, 0, 0, 0, 0, 0, 6, 24, 5, 38, 28, 18, 36, 2, 6, 24, 38, 38, 2, 2, 5, 24, 6, 24, 24, 24, 28, 6, 6, 5, 2, 18, 16, 6, 18, 24, 28, 38, 38, 2, 6, 6, 5, 38, 24, 6]	[54, 0, 5, 0, 0, 4, 9, 0, 0, 0, 0, 0, 0, 0, 0, 0, 1, 0, 3, 0, 0, 0, 0, 0, 8, 0, 0, 0, 3, 0, 0, 0, 0, 0, 0, 0, 1, 0, 6, 0, 0, 0, 0, 0, 0, 0, 0, 0, 0, 0, 0, 0, 0, 0, 0, 0, 0, 0, 0, 0, 0, 0, 0, 0, 0, 0, 0, 0, 0, 0, 0, 0, 0, 0, 0, 0, 0, 0, 0, 0, 0]	0.0020008278527528242
[0, 0, 0, 0, 0, 0, 0, 0, 0, 0, 0, 0, 0, 0, 0, 0, 0, 0, 0, 0, 0, 0, 0, 0, 0, 0, 0, 0, 0, 0, 0, 0, 0, 0, 0, 0, 0, 0, 0, 0, 0, 6, 24, 5, 38, 39, 18, 36, 2, 6, 24, 38, 38, 2, 2, 5, 24, 6, 24, 24, 24, 39, 6, 6, 5, 2, 18, 16, 6, 18, 24, 39, 38, 38, 2, 6, 6, 5, 38, 24, 6]	[54, 0, 5, 0, 0, 4, 9, 0, 0, 0, 0, 0, 0, 0, 0, 0, 1, 0, 3, 0, 0, 0, 0, 0, 8, 0, 0, 0, 0, 0, 0, 0, 0, 0, 0, 0, 1, 0, 6, 3, 0, 0, 0, 0, 0, 0, 0, 0, 0, 0, 0, 0, 0, 0, 0, 0, 0, 0, 0, 0, 0, 0, 0, 0, 0, 0, 0, 0, 0, 0, 0, 0, 0, 0, 0, 0, 0, 0, 0, 0, 0]	0.0020008278527528242
[0, 0, 0, 0, 0, 0, 0, 0, 0, 0, 0, 0, 0, 0, 0, 0, 0, 0, 0, 0, 0, 0, 0, 0, 0, 0, 0, 0, 0, 0, 0, 0, 0, 0, 0, 0, 0, 0, 0, 0, 0, 6, 24, 5, 38, 39, 18, 36, 2, 6, 24, 38, 38, 2, 2, 5, 24, 6, 24, 24, 24, 39, 6, 6, 5, 2, 18, 16, 6, 18, 24, 39, 38, 38, 2, 6, 6, 5, 38, 24, 6]	[54, 0, 5, 0, 0, 4, 9, 0, 0, 0, 0, 0, 0, 0, 0, 0, 1, 0, 3, 0, 0, 0, 0, 0, 8, 0, 0, 0, 0, 0, 0, 0, 0, 0, 0, 0, 1, 0, 6, 3, 0, 0, 0, 0, 0, 0, 0, 0, 0, 0, 0, 0, 0, 0, 0, 0, 0, 0, 0, 0, 0, 0, 0, 0, 0, 0, 0, 0, 0, 0, 0, 0, 0, 0, 0, 0, 0, 0, 0, 0, 0]	0.0020008278527528242
[0, 0, 0, 0, 0, 0, 0, 0, 0, 0, 0, 0, 0, 0, 0, 0, 0, 0, 0, 0, 0, 0, 0, 0, 0, 0, 0, 0, 0, 0, 0, 0, 0, 0, 0, 0, 0, 0, 0, 0, 0, 6, 24, 5, 38, 39, 18, 36, 2, 6, 24, 38, 38, 2, 2, 5, 24, 6, 24, 24, 24, 39, 6, 6, 5, 2, 18, 16, 6, 18, 24, 39, 38, 38, 2, 6, 6, 5, 38, 21, 6]	[54, 0, 5, 0, 0, 4, 9, 0, 0, 0, 0, 0, 0, 0, 0, 0, 1, 0, 3, 0, 0, 1, 0, 0, 7, 0, 0, 0, 0, 0, 0, 0, 0, 0, 0, 0, 1, 0, 6, 3, 0, 0, 0, 0, 0, 0, 0, 0, 0, 0, 0, 0, 0, 0, 0, 0, 0, 0, 0, 0, 0, 0, 0, 0, 0, 0, 0, 0, 0, 0, 0, 0, 0, 0, 0, 0, 0, 0, 0, 0, 0]	0.0020008278527528242
[0, 0, 0, 0, 0, 0, 0, 0, 0, 0, 0, 0, 0, 0, 0, 0, 0, 0, 0, 0, 0, 0, 0, 0, 0, 0, 0, 0, 0, 0, 0, 0, 0, 0, 0, 0, 0, 0, 0, 0, 0, 36, 24, 5, 38, 39, 18, 36, 2, 11, 24, 38, 38, 2, 2, 5, 24, 36, 24, 24, 24, 39, 36, 36, 5, 2, 18, 16, 36, 18, 24, 39, 38, 38, 2, 11, 11, 5, 38, 24, 11]	[54, 0, 5, 0, 0, 4, 0, 0, 0, 0, 0, 4, 0, 0, 0, 0, 1, 0, 3, 0, 0, 0, 0, 0, 8, 0, 0, 0, 0, 0, 0, 0, 0, 0, 0, 0, 6, 0, 6, 3, 0, 0, 0, 0, 0, 0, 0, 0, 0, 0, 0, 0, 0, 0, 0, 0, 0, 0, 0, 0, 0, 0, 0, 0, 0, 0, 0, 0, 0, 0, 0, 0, 0, 0, 0, 0, 0, 0, 0, 0, 0]	0.001800976193130572
[0, 0, 0, 0, 0, 0, 0, 0, 0, 0, 0, 0, 0, 0, 0, 0, 0, 0, 0, 0, 0, 0, 0, 0, 0, 0, 0, 0, 0, 0, 0, 0, 0, 0, 0, 0, 0, 0, 0, 0, 0, 36, 24, 5, 38, 39, 18, 36, 2, 11, 24, 38, 38, 2, 2, 5, 24, 36, 24, 24, 24, 39, 36, 36, 5, 2, 18, 16, 36, 18, 24, 39, 38, 38, 2, 11, 11, 5, 38, 24, 11]	[54, 0, 5, 0, 0, 4, 0, 0, 0, 0, 0, 4, 0, 0, 0, 0, 1, 0, 3, 0, 0, 0, 0, 0, 8, 0, 0, 0, 0, 0, 0, 0, 0, 0, 0, 0, 6, 0, 6, 3, 0, 0, 0, 0, 0, 0, 0, 0, 0, 0, 0, 0, 0, 0, 0, 0, 0, 0, 0, 0, 0, 0, 0, 0, 0, 0, 0, 0, 0, 0, 0, 0, 0, 0, 0, 0, 0, 0, 0, 0, 0]	0.001800976193130572
[0, 0, 0, 0, 0, 0, 0, 0, 0, 0, 0, 0, 0, 0, 0, 0, 0, 0, 0, 0, 0, 0, 0, 0, 0, 0, 0, 0, 0, 0, 0, 0, 0, 0, 0, 0, 0, 0, 0, 0, 0, 36, 24, 5, 38, 39, 18, 36, 2, 11, 24, 38, 38, 2, 2, 5, 24, 36, 24, 24, 24, 39, 36, 36, 5, 2, 18, 16, 36, 18, 24, 39, 38, 38, 2, 11, 11, 5, 38, 21, 11]	[54, 0, 5, 0, 0, 4, 0, 0, 0, 0, 0, 4, 0, 0, 0, 0, 1, 0, 3, 0, 0, 1, 0, 0, 7, 0, 0, 0, 0, 0, 0, 0, 0, 0, 0, 0, 6, 0, 6, 3, 0, 0, 0, 0, 0, 0, 0, 0, 0, 0, 0, 0, 0, 0, 0, 0, 0, 0, 0, 0, 0, 0, 0, 0, 0, 0, 0, 0, 0, 0, 0, 0, 0, 0, 0, 0, 0, 0, 0, 0, 0]	0.0016009761931305721
[0, 0, 0, 0, 0, 0, 0, 0, 0, 0, 0, 0, 0, 0, 0, 0, 0, 0, 0, 0, 0, 0, 0, 0, 0, 0, 0, 0, 0, 0, 0, 0, 0, 0, 0, 0, 0, 0, 0, 0, 0, 36, 24, 5, 38, 39, 18, 36, 2, 11, 24, 38, 38, 2, 2, 5, 24, 36, 24, 24, 24, 39, 36, 36, 5, 2, 18, 16, 36, 18, 24, 39, 38, 38, 2, 11, 11, 5, 38, 21, 11]	[54, 0, 5, 0, 0, 4, 0, 0, 0, 0, 0, 4, 0, 0, 0, 0, 1, 0, 3, 0, 0, 1, 0, 0, 7, 0, 0, 0, 0, 0, 0, 0, 0, 0, 0, 0, 6, 0, 6, 3, 0, 0, 0, 0, 0, 0, 0, 0, 0, 0, 0, 0, 0, 0, 0, 0, 0, 0, 0, 0, 0, 0, 0, 0, 0, 0, 0, 0, 0, 0, 0, 0, 0, 0, 0, 0, 0, 0, 0, 0, 0]	0.0016009761931305721
[0, 0, 0, 0, 0, 0, 0, 0, 0, 0, 0, 0, 0, 0, 0, 0, 0, 0, 0, 0, 0, 0, 0, 0, 0, 0, 0, 0, 0, 0, 0, 0, 0, 0, 0, 0, 0, 0, 0, 0, 0, 36, 24, 5, 38, 39, 18, 36, 2, 11, 15, 38, 38, 2, 2, 5, 24, 36, 24, 15, 24, 39, 36, 36, 5, 2, 18, 16, 36, 18, 24, 39, 38, 38, 2, 11, 11, 5, 38, 15, 11]	[54, 0, 5, 0, 0, 4, 0, 0, 0, 0, 0, 4, 0, 0, 0, 3, 1, 0, 3, 0, 0, 0, 0, 0, 5, 0, 0, 0, 0, 0, 0, 0, 0, 0, 0, 0, 6, 0, 6, 3, 0, 0, 0, 0, 0, 0, 0, 0, 0, 0, 0, 0, 0, 0, 0, 0, 0, 0, 0, 0, 0, 0, 0, 0, 0, 0, 0, 0, 0, 0, 0, 0, 0, 0, 0, 0, 0, 0, 0, 0, 0]	0.001400920991847833
[0, 0, 0, 0, 0, 0, 0, 0, 0, 0, 0, 0, 0, 0, 0, 0, 0, 0, 0, 0, 0, 0, 0, 0, 0, 0, 0, 0, 0, 0, 0, 0, 0, 0, 0, 0, 0, 0, 0, 0, 0, 36, 24, 5, 38, 39, 18, 36, 2, 11, 15, 38, 38, 2, 2, 5, 24, 36, 24, 15, 24, 39, 36, 36, 5, 2, 18, 16, 36, 18, 24, 39, 38, 38, 2, 11, 11, 5, 38, 15, 11]	[54, 0, 5, 0, 0, 4, 0, 0, 0, 0, 0, 4, 0, 0, 0, 3, 1, 0, 3, 0, 0, 0, 0, 0, 5, 0, 0, 0, 0, 0, 0, 0, 0, 0, 0, 0, 6, 0, 6, 3, 0, 0, 0, 0, 0, 0, 0, 0, 0, 0, 0, 0, 0, 0, 0, 0, 0, 0, 0, 0, 0, 0, 0, 0, 0, 0, 0, 0, 0, 0, 0, 0, 0, 0, 0, 0, 0, 0, 0, 0, 0]	0.001400920991847833
[0, 0, 0, 0, 0, 0, 0, 0, 0, 0, 0, 0, 0, 0, 0, 0, 0, 0, 0, 0, 0, 0, 0, 0, 0, 0, 0, 0, 0, 0, 0, 0, 0, 0, 0, 0, 0, 0, 0, 0, 0, 36, 24, 5, 38, 39, 18, 36, 2, 11, 15, 38, 38, 2, 2, 5, 24, 36, 24, 15, 24, 39, 36, 36, 5, 2, 18, 16, 36, 18, 24, 39, 38, 38, 2, 11, 11, 5, 38, 15, 11]	[54, 0, 5, 0, 0, 4, 0, 0, 0, 0, 0, 4, 0, 0, 0, 3, 1, 0, 3, 0, 0, 0, 0, 0, 5, 0, 0, 0, 0, 0, 0, 0, 0, 0, 0, 0, 6, 0, 6, 3, 0, 0, 0, 0, 0, 0, 0, 0, 0, 0, 0, 0, 0, 0, 0, 0, 0, 0, 0, 0, 0, 0, 0, 0, 0, 0, 0, 0, 0, 0, 0, 0, 0, 0, 0, 0, 0, 0, 0, 0, 0]	0.001400920991847833
[0, 0, 0, 0, 0, 0, 0, 0, 0, 0, 0, 0, 0, 0, 0, 0, 0, 0, 0, 0, 0, 0, 0, 0, 0, 0, 0, 0, 0, 0, 0, 0, 0, 0, 0, 0, 0, 0, 0, 0, 0, 36, 24, 5, 38, 39, 18, 36, 2, 11, 15, 38, 38, 2, 2, 5, 24, 36, 24, 15, 24, 39, 36, 36, 5, 2, 18, 16, 36, 18, 24, 39, 38, 38, 2, 11, 11, 5, 38, 15, 11]	[54, 0, 5, 0, 0, 4, 0, 0, 0, 0, 0, 4, 0, 0, 0, 3, 1, 0, 3, 0, 0, 0, 0, 0, 5, 0, 0, 0, 0, 0, 0, 0, 0, 0, 0, 0, 6, 0, 6, 3, 0, 0, 0, 0, 0, 0, 0, 0, 0, 0, 0, 0, 0, 0, 0, 0, 0, 0, 0, 0, 0, 0, 0, 0, 0, 0, 0, 0, 0, 0, 0, 0, 0, 0, 0, 0, 0, 0, 0, 0, 0]	0.001400920991847833
[0, 0, 0, 0, 0, 0, 0, 0, 0, 0, 0, 0, 0, 0, 0, 0, 0, 0, 0, 0, 0, 0, 0, 0, 0, 0, 0, 0, 0, 0, 0, 0, 0, 0, 0, 0, 0, 0, 0, 0, 0, 36, 24, 5, 38, 39, 18, 36, 2, 11, 15, 38, 38, 2, 2, 5, 24, 36, 24, 15, 24, 39, 36, 36, 5, 2, 18, 16, 36, 18, 24, 39, 38, 38, 2, 11, 11, 5, 38, 15, 11]	[54, 0, 5, 0, 0, 4, 0, 0, 0, 0, 0, 4, 0, 0, 0, 3, 1, 0, 3, 0, 0, 0, 0, 0, 5, 0, 0, 0, 0, 0, 0, 0, 0, 0, 0, 0, 6, 0, 6, 3, 0, 0, 0, 0, 0, 0, 0, 0, 0, 0, 0, 0, 0, 0, 0, 0, 0, 0, 0, 0, 0, 0, 0, 0, 0, 0, 0, 0, 0, 0, 0, 0, 0, 0, 0, 0, 0, 0, 0, 0, 0]	0.001400920991847833
[0, 0, 0, 0, 0, 0, 0, 0, 0, 0, 0, 0, 0, 0, 0, 0, 0, 0, 0, 0, 0, 0, 0, 0, 0, 0, 0, 0, 0, 0, 0, 0, 0, 0, 0, 0, 0, 0, 0, 0, 0, 36, 24, 5, 38, 39, 18, 36, 2, 11, 15, 38, 38, 2, 2, 5, 24, 36, 24, 15, 24, 39, 36, 36, 5, 2, 18, 16, 36, 18, 24, 39, 38, 38, 2, 11, 11, 5, 38, 15, 11]	[54, 0, 5, 0, 0, 4, 0, 0, 0, 0, 0, 4, 0, 0, 0, 3, 1, 0, 3, 0, 0, 0, 0, 0, 5, 0, 0, 0, 0, 0, 0, 0, 0, 0, 0, 0, 6, 0, 6, 3, 0, 0, 0, 0, 0, 0, 0, 0, 0, 0, 0, 0, 0, 0, 0, 0, 0, 0, 0, 0, 0, 0, 0, 0, 0, 0, 0, 0, 0, 0, 0, 0, 0, 0, 0, 0, 0, 0, 0, 0, 0]	0.001400920991847833
[0, 0, 0, 0, 0, 0, 0, 0, 0, 0, 0, 0, 0, 0, 0, 0, 0, 0, 0, 0, 0, 0, 0, 0, 0, 0, 0, 0, 0, 0, 0, 0, 0, 0, 0, 0, 0, 0, 0, 0, 0, 36, 24, 5, 38, 39, 18, 36, 2, 11, 15, 38, 38, 2, 2, 5, 24, 36, 24, 15, 24, 39, 36, 36, 5, 2, 18, 16, 36, 18, 24, 39, 38, 38, 2, 11, 11, 5, 38, 15, 11]	[54, 0, 5, 0, 0, 4, 0, 0, 0, 0, 0, 4, 0, 0, 0, 3, 1, 0, 3, 0, 0, 0, 0, 0, 5, 0, 0, 0, 0, 0, 0, 0, 0, 0, 0, 0, 6, 0, 6, 3, 0, 0, 0, 0, 0, 0, 0, 0, 0, 0, 0, 0, 0, 0, 0, 0, 0, 0, 0, 0, 0, 0, 0, 0, 0, 0, 0, 0, 0, 0, 0, 0, 0, 0, 0, 0, 0, 0, 0, 0, 0]	0.001400920991847833
[0, 0, 0, 0, 0, 0, 0, 0, 0, 0, 0, 0, 0, 0, 0, 0, 0, 0, 0, 0, 0, 0, 0, 0, 0, 0, 0, 0, 0, 0, 0, 0, 0, 0, 0, 0, 0, 0, 0, 0, 0, 36, 24, 5, 38, 39, 18, 36, 2, 11, 15, 38, 38, 2, 2, 5, 24, 36, 24, 15, 24, 39, 36, 36, 5, 2, 18, 16, 36, 18, 24, 39, 38, 38, 2, 11, 11, 5, 38, 15, 11]	[54, 0, 5, 0, 0, 4, 0, 0, 0, 0, 0, 4, 0, 0, 0, 3, 1, 0, 3, 0, 0, 0, 0, 0, 5, 0, 0, 0, 0, 0, 0, 0, 0, 0, 0, 0, 6, 0, 6, 3, 0, 0, 0, 0, 0, 0, 0, 0, 0, 0, 0, 0, 0, 0, 0, 0, 0, 0, 0, 0, 0, 0, 0, 0, 0, 0, 0, 0, 0, 0, 0, 0, 0, 0, 0, 0, 0, 0, 0, 0, 0]	0.001400920991847833
[0, 0, 0, 0, 0, 0, 0, 0, 0, 0, 0, 0, 0, 0, 0, 0, 0, 0, 0, 0, 0, 0, 0, 0, 0, 0, 0, 0, 0, 0, 0, 0, 0, 0, 0, 0, 0, 0, 0, 0, 0, 36, 24, 5, 38, 39, 18, 36, 2, 11, 15, 38, 38, 2, 2, 5, 24, 36, 24, 15, 24, 39, 36, 36, 5, 2, 18, 16, 36, 18, 24, 39, 38, 38, 2, 11, 11, 5, 38, 15, 11]	[54, 0, 5, 0, 0, 4, 0, 0, 0, 0, 0, 4, 0, 0, 0, 3, 1, 0, 3, 0, 0, 0, 0, 0, 5, 0, 0, 0, 0, 0, 0, 0, 0, 0, 0, 0, 6, 0, 6, 3, 0, 0, 0, 0, 0, 0, 0, 0, 0, 0, 0, 0, 0, 0, 0, 0, 0, 0, 0, 0, 0, 0, 0, 0, 0, 0, 0, 0, 0, 0, 0, 0, 0, 0, 0, 0, 0, 0, 0, 0, 0]	0.001400920991847833
[0, 0, 0, 0, 0, 0, 0, 0, 0, 0, 0, 0, 0, 0, 0, 0, 0, 0, 0, 0, 0, 0, 0, 0, 0, 0, 0, 0, 0, 0, 0, 0, 0, 0, 0, 0, 0, 0, 0, 0, 0, 36, 24, 5, 38, 39, 18, 36, 2, 11, 15, 38, 38, 2, 2, 5, 24, 36, 24, 15, 24, 39, 36, 36, 5, 2, 18, 16, 36, 18, 24, 39, 38, 38, 2, 11, 11, 5, 38, 15, 11]	[54, 0, 5, 0, 0, 4, 0, 0, 0, 0, 0, 4, 0, 0, 0, 3, 1, 0, 3, 0, 0, 0, 0, 0, 5, 0, 0, 0, 0, 0, 0, 0, 0, 0, 0, 0, 6, 0, 6, 3, 0, 0, 0, 0, 0, 0, 0, 0, 0, 0, 0, 0, 0, 0, 0, 0, 0, 0, 0, 0, 0, 0, 0, 0, 0, 0, 0, 0, 0, 0, 0, 0, 0, 0, 0, 0, 0, 0, 0, 0, 0]	0.001400920991847833
[0, 0, 0, 0, 0, 0, 0, 0, 0, 0, 0, 0, 0, 0, 0, 0, 0, 0, 0, 0, 0, 0, 0, 0, 0, 0, 0, 0, 0, 0, 0, 0, 0, 0, 0, 0, 0, 0, 0, 0, 0, 36, 24, 5, 38, 39, 18, 36, 2, 11, 15, 38, 38, 2, 2, 5, 24, 36, 24, 15, 24, 39, 36, 36, 5, 2, 18, 16, 36, 18, 24, 39, 38, 38, 2, 11, 11, 5, 38, 15, 11]	[54, 0, 5, 0, 0, 4, 0, 0, 0, 0, 0, 4, 0, 0, 0, 3, 1, 0, 3, 0, 0, 0, 0, 0, 5, 0, 0, 0, 0, 0, 0, 0, 0, 0, 0, 0, 6, 0, 6, 3, 0, 0, 0, 0, 0, 0, 0, 0, 0, 0, 0, 0, 0, 0, 0, 0, 0, 0, 0, 0, 0, 0, 0, 0, 0, 0, 0, 0, 0, 0, 0, 0, 0, 0, 0, 0, 0, 0, 0, 0, 0]	0.001400920991847833
[0, 0, 0, 0, 0, 0, 0, 0, 0, 0, 0, 0, 0, 0, 0, 0, 0, 0, 0, 0, 0, 0, 0, 0, 0, 0, 0, 0, 0, 0, 0, 0, 0, 0, 0, 0, 0, 0, 0, 0, 0, 36, 24, 5, 38, 39, 18, 36, 2, 11, 15, 38, 38, 2, 2, 5, 24, 36, 24, 15, 24, 39, 36, 36, 5, 2, 18, 16, 36, 18, 24, 39, 38, 38, 2, 11, 11, 5, 38, 15, 11]	[54, 0, 5, 0, 0, 4, 0, 0, 0, 0, 0, 4, 0, 0, 0, 3, 1, 0, 3, 0, 0, 0, 0, 0, 5, 0, 0, 0, 0, 0, 0, 0, 0, 0, 0, 0, 6, 0, 6, 3, 0, 0, 0, 0, 0, 0, 0, 0, 0, 0, 0, 0, 0, 0, 0, 0, 0, 0, 0, 0, 0, 0, 0, 0, 0, 0, 0, 0, 0, 0, 0, 0, 0, 0, 0, 0, 0, 0, 0, 0, 0]	0.001400920991847833
[0, 0, 0, 0, 0, 0, 0, 0, 0, 0, 0, 0, 0, 0, 0, 0, 0, 0, 0, 0, 0, 0, 0, 0, 0, 0, 0, 0, 0, 0, 0, 0, 0, 0, 0, 0, 0, 0, 0, 0, 0, 6, 24, 5, 38, 39, 18, 36, 2, 11, 15, 38, 38, 2, 2, 5, 24, 6, 24, 15, 24, 39, 6, 6, 5, 2, 18, 16, 6, 18, 24, 39, 38, 38, 2, 11, 11, 5, 38, 15, 11]	[54, 0, 5, 0, 0, 4, 5, 0, 0, 0, 0, 4, 0, 0, 0, 3, 1, 0, 3, 0, 0, 0, 0, 0, 5, 0, 0, 0, 0, 0, 0, 0, 0, 0, 0, 0, 1, 0, 6, 3, 0, 0, 0, 0, 0, 0, 0, 0, 0, 0, 0, 0, 0, 0, 0, 0, 0, 0, 0, 0, 0, 0, 0, 0, 0, 0, 0, 0, 0, 0, 0, 0, 0, 0, 0, 0, 0, 0, 0, 0, 0]	0.0014007235194858814
[0, 0, 0, 0, 0, 0, 0, 0, 0, 0, 0, 0, 0, 0, 0, 0, 0, 0, 0, 0, 0, 0, 0, 0, 0, 0, 0, 0, 0, 0, 0, 0, 0, 0, 0, 0, 0, 0, 0, 0, 0, 6, 24, 5, 38, 39, 18, 36, 2, 11, 15, 38, 38, 2, 2, 5, 24, 6, 24, 15, 24, 39, 6, 6, 5, 2, 18, 16, 6, 18, 24, 39, 38, 38, 2, 11, 11, 5, 38, 15, 11]	[54, 0, 5, 0, 0, 4, 5, 0, 0, 0, 0, 4, 0, 0, 0, 3, 1, 0, 3, 0, 0, 0, 0, 0, 5, 0, 0, 0, 0, 0, 0, 0, 0, 0, 0, 0, 1, 0, 6, 3, 0, 0, 0, 0, 0, 0, 0, 0, 0, 0, 0, 0, 0, 0, 0, 0, 0, 0, 0, 0, 0, 0, 0, 0, 0, 0, 0, 0, 0, 0, 0, 0, 0, 0, 0, 0, 0, 0, 0, 0, 0]	0.0014007235194858814
[0, 0, 0, 0, 0, 0, 0, 0, 0, 0, 0, 0, 0, 0, 0, 0, 0, 0, 0, 0, 0, 0, 0, 0, 0, 0, 0, 0, 0, 0, 0, 0, 0, 0, 0, 0, 0, 0, 0, 0, 0, 6, 24, 5, 38, 39, 18, 36, 2, 11, 15, 38, 38, 2, 2, 5, 24, 6, 24, 15, 24, 39, 6, 6, 5, 2, 18, 16, 6, 18, 24, 39, 38, 38, 2, 11, 11, 5, 38, 15, 11]	[54, 0, 5, 0, 0, 4, 5, 0, 0, 0, 0, 4, 0, 0, 0, 3, 1, 0, 3, 0, 0, 0, 0, 0, 5, 0, 0, 0, 0, 0, 0, 0, 0, 0, 0, 0, 1, 0, 6, 3, 0, 0, 0, 0, 0, 0, 0, 0, 0, 0, 0, 0, 0, 0, 0, 0, 0, 0, 0, 0, 0, 0, 0, 0, 0, 0, 0, 0, 0, 0, 0, 0, 0, 0, 0, 0, 0, 0, 0, 0, 0]	0.0014007235194858814
[0, 0, 0, 0, 0, 0, 0, 0, 0, 0, 0, 0, 0, 0, 0, 0, 0, 0, 0, 0, 0, 0, 0, 0, 0, 0, 0, 0, 0, 0, 0, 0, 0, 0, 0, 0, 0, 0, 0, 0, 0, 6, 24, 5, 38, 39, 18, 36, 2, 11, 15, 38, 38, 2, 2, 5, 24, 6, 24, 15, 24, 39, 6, 6, 5, 2, 18, 16, 6, 18, 24, 39, 38, 38, 2, 11, 11, 5, 38, 15, 11]	[54, 0, 5, 0, 0, 4, 5, 0, 0, 0, 0, 4, 0, 0, 0, 3, 1, 0, 3, 0, 0, 0, 0, 0, 5, 0, 0, 0, 0, 0, 0, 0, 0, 0, 0, 0, 1, 0, 6, 3, 0, 0, 0, 0, 0, 0, 0, 0, 0, 0, 0, 0, 0, 0, 0, 0, 0, 0, 0, 0, 0, 0, 0, 0, 0, 0, 0, 0, 0, 0, 0, 0, 0, 0, 0, 0, 0, 0, 0, 0, 0]	0.0014007235194858814
[0, 0, 0, 0, 0, 0, 0, 0, 0, 0, 0, 0, 0, 0, 0, 0, 0, 0, 0, 0, 0, 0, 0, 0, 0, 0, 0, 0, 0, 0, 0, 0, 0, 0, 0, 0, 0, 0, 0, 0, 0, 6, 24, 5, 38, 39, 18, 36, 2, 11, 15, 38, 38, 2, 2, 5, 24, 6, 24, 15, 24, 39, 6, 6, 5, 2, 18, 16, 6, 18, 24, 39, 38, 38, 2, 11, 11, 5, 38, 15, 11]	[54, 0, 5, 0, 0, 4, 5, 0, 0, 0, 0, 4, 0, 0, 0, 3, 1, 0, 3, 0, 0, 0, 0, 0, 5, 0, 0, 0, 0, 0, 0, 0, 0, 0, 0, 0, 1, 0, 6, 3, 0, 0, 0, 0, 0, 0, 0, 0, 0, 0, 0, 0, 0, 0, 0, 0, 0, 0, 0, 0, 0, 0, 0, 0, 0, 0, 0, 0, 0, 0, 0, 0, 0, 0, 0, 0, 0, 0, 0, 0, 0]	0.0014007235194858814
[0, 0, 0, 0, 0, 0, 0, 0, 0, 0, 0, 0, 0, 0, 0, 0, 0, 0, 0, 0, 0, 0, 0, 0, 0, 0, 0, 0, 0, 0, 0, 0, 0, 0, 0, 0, 0, 0, 0, 0, 0, 6, 24, 5, 38, 39, 18, 36, 2, 11, 15, 38, 38, 2, 2, 5, 24, 6, 24, 15, 24, 39, 6, 6, 5, 2, 18, 16, 6, 18, 24, 39, 38, 38, 2, 11, 11, 5, 38, 15, 11]	[54, 0, 5, 0, 0, 4, 5, 0, 0, 0, 0, 4, 0, 0, 0, 3, 1, 0, 3, 0, 0, 0, 0, 0, 5, 0, 0, 0, 0, 0, 0, 0, 0, 0, 0, 0, 1, 0, 6, 3, 0, 0, 0, 0, 0, 0, 0, 0, 0, 0, 0, 0, 0, 0, 0, 0, 0, 0, 0, 0, 0, 0, 0, 0, 0, 0, 0, 0, 0, 0, 0, 0, 0, 0, 0, 0, 0, 0, 0, 0, 0]	0.0014007235194858814
[0, 0, 0, 0, 0, 0, 0, 0, 0, 0, 0, 0, 0, 0, 0, 0, 0, 0, 0, 0, 0, 0, 0, 0, 0, 0, 0, 0, 0, 0, 0, 0, 0, 0, 0, 0, 0, 0, 0, 0, 0, 6, 24, 5, 38, 39, 18, 36, 2, 11, 15, 38, 38, 2, 2, 5, 24, 6, 24, 15, 24, 39, 6, 6, 5, 2, 18, 16, 6, 18, 24, 39, 38, 38, 2, 11, 11, 5, 38, 15, 11]	[54, 0, 5, 0, 0, 4, 5, 0, 0, 0, 0, 4, 0, 0, 0, 3, 1, 0, 3, 0, 0, 0, 0, 0, 5, 0, 0, 0, 0, 0, 0, 0, 0, 0, 0, 0, 1, 0, 6, 3, 0, 0, 0, 0, 0, 0, 0, 0, 0, 0, 0, 0, 0, 0, 0, 0, 0, 0, 0, 0, 0, 0, 0, 0, 0, 0, 0, 0, 0, 0, 0, 0, 0, 0, 0, 0, 0, 0, 0, 0, 0]	0.0014007235194858814
[0, 0, 0, 0, 0, 0, 0, 0, 0, 0, 0, 0, 0, 0, 0, 0, 0, 0, 0, 0, 0, 0, 0, 0, 0, 0, 0, 0, 0, 0, 0, 0, 0, 0, 0, 0, 0, 0, 0, 0, 0, 6, 24, 5, 38, 39, 18, 36, 2, 11, 15, 38, 38, 2, 2, 5, 24, 6, 24, 15, 24, 39, 6, 6, 5, 2, 18, 16, 6, 18, 24, 39, 38, 38, 2, 11, 11, 5, 38, 15, 11]	[54, 0, 5, 0, 0, 4, 5, 0, 0, 0, 0, 4, 0, 0, 0, 3, 1, 0, 3, 0, 0, 0, 0, 0, 5, 0, 0, 0, 0, 0, 0, 0, 0, 0, 0, 0, 1, 0, 6, 3, 0, 0, 0, 0, 0, 0, 0, 0, 0, 0, 0, 0, 0, 0, 0, 0, 0, 0, 0, 0, 0, 0, 0, 0, 0, 0, 0, 0, 0, 0, 0, 0, 0, 0, 0, 0, 0, 0, 0, 0, 0]	0.0014007235194858814
[0, 0, 0, 0, 0, 0, 0, 0, 0, 0, 0, 0, 0, 0, 0, 0, 0, 0, 0, 0, 0, 0, 0, 0, 0, 0, 0, 0, 0, 0, 0, 0, 0, 0, 0, 0, 0, 0, 0, 0, 0, 6, 24, 5, 38, 39, 18, 36, 2, 11, 15, 38, 38, 2, 2, 5, 24, 6, 24, 15, 24, 39, 6, 6, 5, 2, 18, 16, 6, 18, 24, 39, 38, 38, 2, 11, 11, 5, 38, 15, 11]	[54, 0, 5, 0, 0, 4, 5, 0, 0, 0, 0, 4, 0, 0, 0, 3, 1, 0, 3, 0, 0, 0, 0, 0, 5, 0, 0, 0, 0, 0, 0, 0, 0, 0, 0, 0, 1, 0, 6, 3, 0, 0, 0, 0, 0, 0, 0, 0, 0, 0, 0, 0, 0, 0, 0, 0, 0, 0, 0, 0, 0, 0, 0, 0, 0, 0, 0, 0, 0, 0, 0, 0, 0, 0, 0, 0, 0, 0, 0, 0, 0]	0.0014007235194858814
[0, 0, 0, 0, 0, 0, 0, 0, 0, 0, 0, 0, 0, 0, 0, 0, 0, 0, 0, 0, 0, 0, 0, 0, 0, 0, 0, 0, 0, 0, 0, 0, 0, 0, 0, 0, 0, 0, 0, 0, 0, 6, 24, 5, 38, 39, 18, 36, 2, 11, 15, 38, 38, 2, 2, 5, 24, 6, 24, 15, 24, 39, 6, 6, 5, 2, 18, 16, 6, 18, 24, 39, 38, 38, 2, 11, 11, 5, 38, 15, 11]	[54, 0, 5, 0, 0, 4, 5, 0, 0, 0, 0, 4, 0, 0, 0, 3, 1, 0, 3, 0, 0, 0, 0, 0, 5, 0, 0, 0, 0, 0, 0, 0, 0, 0, 0, 0, 1, 0, 6, 3, 0, 0, 0, 0, 0, 0, 0, 0, 0, 0, 0, 0, 0, 0, 0, 0, 0, 0, 0, 0, 0, 0, 0, 0, 0, 0, 0, 0, 0, 0, 0, 0, 0, 0, 0, 0, 0, 0, 0, 0, 0]	0.0014007235194858814
[0, 0, 0, 0, 0, 0, 0, 0, 0, 0, 0, 0, 0, 0, 0, 0, 0, 0, 0, 0, 0, 0, 0, 0, 0, 0, 0, 0, 0, 0, 0, 0, 0, 0, 0, 0, 0, 0, 0, 0, 0, 6, 24, 5, 38, 39, 18, 36, 2, 11, 15, 38, 38, 2, 2, 5, 24, 6, 24, 15, 24, 39, 6, 6, 5, 2, 18, 16, 6, 18, 24, 39, 38, 38, 2, 11, 11, 5, 38, 7, 11]	[54, 0, 5, 0, 0, 4, 5, 1, 0, 0, 0, 4, 0, 0, 0, 2, 1, 0, 3, 0, 0, 0, 0, 0, 5, 0, 0, 0, 0, 0, 0, 0, 0, 0, 0, 0, 1, 0, 6, 3, 0, 0, 0, 0, 0, 0, 0, 0, 0, 0, 0, 0, 0, 0, 0, 0, 0, 0, 0, 0, 0, 0, 0, 0, 0, 0, 0, 0, 0, 0, 0, 0, 0, 0, 0, 0, 0, 0, 0, 0, 0]	0.0014007235194858814
[0, 0, 0, 0, 0, 0, 0, 0, 0, 0, 0, 0, 0, 0, 0, 0, 0, 0, 0, 0, 0, 0, 0, 0, 0, 0, 0, 0, 0, 0, 0, 0, 0, 0, 0, 0, 0, 0, 0, 0, 0, 6, 24, 5, 38, 39, 18, 36, 2, 11, 15, 38, 38, 2, 2, 5, 24, 6, 24, 15, 24, 39, 6, 6, 5, 2, 18, 16, 6, 18, 24, 39, 38, 38, 2, 11, 11, 5, 38, 15, 11]	[54, 0, 5, 0, 0, 4, 5, 0, 0, 0, 0, 4, 0, 0, 0, 3, 1, 0, 3, 0, 0, 0, 0, 0, 5, 0, 0, 0, 0, 0, 0, 0, 0, 0, 0, 0, 1, 0, 6, 3, 0, 0, 0, 0, 0, 0, 0, 0, 0, 0, 0, 0, 0, 0, 0, 0, 0, 0, 0, 0, 0, 0, 0, 0, 0, 0, 0, 0, 0, 0, 0, 0, 0, 0, 0, 0, 0, 0, 0, 0, 0]	0.0014007235194858814
[0, 0, 0, 0, 0, 0, 0, 0, 0, 0, 0, 0, 0, 0, 0, 0, 0, 0, 0, 0, 0, 0, 0, 0, 0, 0, 0, 0, 0, 0, 0, 0, 0, 0, 0, 0, 0, 0, 0, 0, 0, 6, 24, 5, 38, 39, 18, 36, 2, 11, 15, 38, 38, 2, 2, 5, 24, 6, 24, 15, 24, 39, 6, 6, 5, 2, 18, 16, 6, 18, 24, 39, 38, 38, 2, 11, 11, 5, 38, 15, 11]	[54, 0, 5, 0, 0, 4, 5, 0, 0, 0, 0, 4, 0, 0, 0, 3, 1, 0, 3, 0, 0, 0, 0, 0, 5, 0, 0, 0, 0, 0, 0, 0, 0, 0, 0, 0, 1, 0, 6, 3, 0, 0, 0, 0, 0, 0, 0, 0, 0, 0, 0, 0, 0, 0, 0, 0, 0, 0, 0, 0, 0, 0, 0, 0, 0, 0, 0, 0, 0, 0, 0, 0, 0, 0, 0, 0, 0, 0, 0, 0, 0]	0.0014007235194858814
[0, 0, 0, 0, 0, 0, 0, 0, 0, 0, 0, 0, 0, 0, 0, 0, 0, 0, 0, 0, 0, 0, 0, 0, 0, 0, 0, 0, 0, 0, 0, 0, 0, 0, 0, 0, 0, 0, 0, 0, 0, 6, 24, 5, 38, 39, 18, 36, 2, 11, 15, 38, 38, 2, 2, 5, 24, 6, 24, 15, 24, 39, 6, 6, 5, 2, 18, 16, 6, 18, 24, 39, 38, 38, 2, 11, 11, 5, 38, 15, 11]	[54, 0, 5, 0, 0, 4, 5, 0, 0, 0, 0, 4, 0, 0, 0, 3, 1, 0, 3, 0, 0, 0, 0, 0, 5, 0, 0, 0, 0, 0, 0, 0, 0, 0, 0, 0, 1, 0, 6, 3, 0, 0, 0, 0, 0, 0, 0, 0, 0, 0, 0, 0, 0, 0, 0, 0, 0, 0, 0, 0, 0, 0, 0, 0, 0, 0, 0, 0, 0, 0, 0, 0, 0, 0, 0, 0, 0, 0, 0, 0, 0]	0.0014007235194858814
[0, 0, 0, 0, 0, 0, 0, 0, 0, 0, 0, 0, 0, 0, 0, 0, 0, 0, 0, 0, 0, 0, 0, 0, 0, 0, 0, 0, 0, 0, 0, 0, 0, 0, 0, 0, 0, 0, 0, 0, 0, 6, 24, 5, 38, 39, 18, 36, 2, 11, 15, 38, 38, 2, 2, 5, 24, 6, 24, 15, 24, 39, 6, 6, 5, 2, 18, 16, 6, 18, 24, 39, 38, 38, 2, 11, 11, 5, 38, 15, 11]	[54, 0, 5, 0, 0, 4, 5, 0, 0, 0, 0, 4, 0, 0, 0, 3, 1, 0, 3, 0, 0, 0, 0, 0, 5, 0, 0, 0, 0, 0, 0, 0, 0, 0, 0, 0, 1, 0, 6, 3, 0, 0, 0, 0, 0, 0, 0, 0, 0, 0, 0, 0, 0, 0, 0, 0, 0, 0, 0, 0, 0, 0, 0, 0, 0, 0, 0, 0, 0, 0, 0, 0, 0, 0, 0, 0, 0, 0, 0, 0, 0]	0.0014007235194858814
[0, 0, 0, 0, 0, 0, 0, 0, 0, 0, 0, 0, 0, 0, 0, 0, 0, 0, 0, 0, 0, 0, 0, 0, 0, 0, 0, 0, 0, 0, 0, 0, 0, 0, 0, 0, 0, 0, 0, 0, 0, 6, 24, 5, 38, 39, 18, 36, 2, 11, 15, 38, 38, 2, 2, 5, 24, 6, 24, 15, 24, 39, 6, 6, 5, 2, 18, 16, 6, 18, 24, 39, 38, 38, 2, 11, 11, 5, 38, 15, 11]	[54, 0, 5, 0, 0, 4, 5, 0, 0, 0, 0, 4, 0, 0, 0, 3, 1, 0, 3, 0, 0, 0, 0, 0, 5, 0, 0, 0, 0, 0, 0, 0, 0, 0, 0, 0, 1, 0, 6, 3, 0, 0, 0, 0, 0, 0, 0, 0, 0, 0, 0, 0, 0, 0, 0, 0, 0, 0, 0, 0, 0, 0, 0, 0, 0, 0, 0, 0, 0, 0, 0, 0, 0, 0, 0, 0, 0, 0, 0, 0, 0]	0.0014007235194858814
[0, 0, 0, 0, 0, 0, 0, 0, 0, 0, 0, 0, 0, 0, 0, 0, 0, 0, 0, 0, 0, 0, 0, 0, 0, 0, 0, 0, 0, 0, 0, 0, 0, 0, 0, 0, 0, 0, 0, 0, 0, 6, 24, 5, 38, 39, 18, 36, 2, 11, 15, 38, 38, 2, 2, 5, 24, 6, 24, 15, 24, 39, 6, 6, 5, 2, 18, 16, 6, 18, 24, 39, 38, 38, 2, 11, 11, 5, 38, 15, 11]	[54, 0, 5, 0, 0, 4, 5, 0, 0, 0, 0, 4, 0, 0, 0, 3, 1, 0, 3, 0, 0, 0, 0, 0, 5, 0, 0, 0, 0, 0, 0, 0, 0, 0, 0, 0, 1, 0, 6, 3, 0, 0, 0, 0, 0, 0, 0, 0, 0, 0, 0, 0, 0, 0, 0, 0, 0, 0, 0, 0, 0, 0, 0, 0, 0, 0, 0, 0, 0, 0, 0, 0, 0, 0, 0, 0, 0, 0, 0, 0, 0]	0.0014007235194858814
[0, 0, 0, 0, 0, 0, 0, 0, 0, 0, 0, 0, 0, 0, 0, 0, 0, 0, 0, 0, 0, 0, 0, 0, 0, 0, 0, 0, 0, 0, 0, 0, 0, 0, 0, 0, 0, 0, 0, 0, 0, 6, 24, 5, 38, 39, 18, 36, 2, 11, 15, 38, 38, 2, 2, 5, 24, 6, 24, 15, 24, 39, 6, 6, 5, 2, 18, 16, 6, 18, 24, 39, 38, 38, 2, 11, 11, 5, 38, 15, 11]	[54, 0, 5, 0, 0, 4, 5, 0, 0, 0, 0, 4, 0, 0, 0, 3, 1, 0, 3, 0, 0, 0, 0, 0, 5, 0, 0, 0, 0, 0, 0, 0, 0, 0, 0, 0, 1, 0, 6, 3, 0, 0, 0, 0, 0, 0, 0, 0, 0, 0, 0, 0, 0, 0, 0, 0, 0, 0, 0, 0, 0, 0, 0, 0, 0, 0, 0, 0, 0, 0, 0, 0, 0, 0, 0, 0, 0, 0, 0, 0, 0]	0.0014007235194858814
[0, 0, 0, 0, 0, 0, 0, 0, 0, 0, 0, 0, 0, 0, 0, 0, 0, 0, 0, 0, 0, 0, 0, 0, 0, 0, 0, 0, 0, 0, 0, 0, 0, 0, 0, 0, 0, 0, 0, 0, 0, 6, 24, 5, 38, 39, 18, 36, 2, 11, 15, 38, 38, 2, 2, 5, 24, 6, 24, 15, 24, 39, 6, 6, 5, 2, 18, 16, 6, 18, 24, 39, 38, 38, 2, 11, 11, 5, 38, 15, 11]	[54, 0, 5, 0, 0, 4, 5, 0, 0, 0, 0, 4, 0, 0, 0, 3, 1, 0, 3, 0, 0, 0, 0, 0, 5, 0, 0, 0, 0, 0, 0, 0, 0, 0, 0, 0, 1, 0, 6, 3, 0, 0, 0, 0, 0, 0, 0, 0, 0, 0, 0, 0, 0, 0, 0, 0, 0, 0, 0, 0, 0, 0, 0, 0, 0, 0, 0, 0, 0, 0, 0, 0, 0, 0, 0, 0, 0, 0, 0, 0, 0]	0.0014007235194858814
[0, 0, 0, 0, 0, 0, 0, 0, 0, 0, 0, 0, 0, 0, 0, 0, 0, 0, 0, 0, 0, 0, 0, 0, 0, 0, 0, 0, 0, 0, 0, 0, 0, 0, 0, 0, 0, 0, 0, 0, 0, 6, 24, 5, 38, 39, 18, 36, 2, 11, 15, 38, 38, 2, 2, 5, 24, 6, 24, 15, 24, 39, 6, 6, 5, 2, 18, 16, 6, 18, 24, 39, 38, 38, 2, 11, 11, 5, 38, 15, 11]	[54, 0, 5, 0, 0, 4, 5, 0, 0, 0, 0, 4, 0, 0, 0, 3, 1, 0, 3, 0, 0, 0, 0, 0, 5, 0, 0, 0, 0, 0, 0, 0, 0, 0, 0, 0, 1, 0, 6, 3, 0, 0, 0, 0, 0, 0, 0, 0, 0, 0, 0, 0, 0, 0, 0, 0, 0, 0, 0, 0, 0, 0, 0, 0, 0, 0, 0, 0, 0, 0, 0, 0, 0, 0, 0, 0, 0, 0, 0, 0, 0]	0.0014007235194858814
[0, 0, 0, 0, 0, 0, 0, 0, 0, 0, 0, 0, 0, 0, 0, 0, 0, 0, 0, 0, 0, 0, 0, 0, 0, 0, 0, 0, 0, 0, 0, 0, 0, 0, 0, 0, 0, 0, 0, 0, 0, 6, 24, 5, 38, 39, 18, 36, 2, 11, 15, 38, 38, 2, 2, 5, 24, 6, 24, 15, 24, 39, 6, 6, 5, 2, 18, 16, 6, 18, 24, 39, 38, 38, 2, 11, 11, 5, 38, 15, 11]	[54, 0, 5, 0, 0, 4, 5, 0, 0, 0, 0, 4, 0, 0, 0, 3, 1, 0, 3, 0, 0, 0, 0, 0, 5, 0, 0, 0, 0, 0, 0, 0, 0, 0, 0, 0, 1, 0, 6, 3, 0, 0, 0, 0, 0, 0, 0, 0, 0, 0, 0, 0, 0, 0, 0, 0, 0, 0, 0, 0, 0, 0, 0, 0, 0, 0, 0, 0, 0, 0, 0, 0, 0, 0, 0, 0, 0, 0, 0, 0, 0]	0.0014007235194858814
[0, 0, 0, 0, 0, 0, 0, 0, 0, 0, 0, 0, 0, 0, 0, 0, 0, 0, 0, 0, 0, 0, 0, 0, 0, 0, 0, 0, 0, 0, 0, 0, 0, 0, 0, 0, 0, 0, 0, 0, 0, 6, 24, 5, 38, 39, 18, 36, 2, 11, 15, 38, 38, 2, 2, 5, 24, 6, 24, 15, 24, 39, 6, 6, 5, 2, 18, 16, 6, 18, 24, 39, 38, 38, 2, 11, 11, 5, 38, 15, 11]	[54, 0, 5, 0, 0, 4, 5, 0, 0, 0, 0, 4, 0, 0, 0, 3, 1, 0, 3, 0, 0, 0, 0, 0, 5, 0, 0, 0, 0, 0, 0, 0, 0, 0, 0, 0, 1, 0, 6, 3, 0, 0, 0, 0, 0, 0, 0, 0, 0, 0, 0, 0, 0, 0, 0, 0, 0, 0, 0, 0, 0, 0, 0, 0, 0, 0, 0, 0, 0, 0, 0, 0, 0, 0, 0, 0, 0, 0, 0, 0, 0]	0.0014007235194858814
[0, 0, 0, 0, 0, 0, 0, 0, 0, 0, 0, 0, 0, 0, 0, 0, 0, 0, 0, 0, 0, 0, 0, 0, 0, 0, 0, 0, 0, 0, 0, 0, 0, 0, 0, 0, 0, 0, 0, 0, 0, 6, 24, 5, 38, 39, 18, 36, 2, 11, 15, 38, 38, 2, 2, 5, 24, 6, 24, 15, 24, 39, 6, 6, 5, 2, 18, 16, 6, 18, 24, 39, 38, 38, 2, 11, 11, 5, 38, 15, 11]	[54, 0, 5, 0, 0, 4, 5, 0, 0, 0, 0, 4, 0, 0, 0, 3, 1, 0, 3, 0, 0, 0, 0, 0, 5, 0, 0, 0, 0, 0, 0, 0, 0, 0, 0, 0, 1, 0, 6, 3, 0, 0, 0, 0, 0, 0, 0, 0, 0, 0, 0, 0, 0, 0, 0, 0, 0, 0, 0, 0, 0, 0, 0, 0, 0, 0, 0, 0, 0, 0, 0, 0, 0, 0, 0, 0, 0, 0, 0, 0, 0]	0.0014007235194858814
[0, 0, 0, 0, 0, 0, 0, 0, 0, 0, 0, 0, 0, 0, 0, 0, 0, 0, 0, 0, 0, 0, 0, 0, 0, 0, 0, 0, 0, 0, 0, 0, 0, 0, 0, 0, 0, 0, 0, 0, 0, 6, 24, 5, 38, 39, 18, 36, 2, 11, 15, 38, 38, 2, 2, 5, 24, 6, 24, 15, 24, 39, 6, 6, 5, 2, 18, 16, 6, 18, 24, 39, 38, 38, 2, 11, 11, 5, 38, 15, 11]	[54, 0, 5, 0, 0, 4, 5, 0, 0, 0, 0, 4, 0, 0, 0, 3, 1, 0, 3, 0, 0, 0, 0, 0, 5, 0, 0, 0, 0, 0, 0, 0, 0, 0, 0, 0, 1, 0, 6, 3, 0, 0, 0, 0, 0, 0, 0, 0, 0, 0, 0, 0, 0, 0, 0, 0, 0, 0, 0, 0, 0, 0, 0, 0, 0, 0, 0, 0, 0, 0, 0, 0, 0, 0, 0, 0, 0, 0, 0, 0, 0]	0.0014007235194858814
[0, 0, 0, 0, 0, 0, 0, 0, 0, 0, 0, 0, 0, 0, 0, 0, 0, 0, 0, 0, 0, 0, 0, 0, 0, 0, 0, 0, 0, 0, 0, 0, 0, 0, 0, 0, 0, 0, 0, 0, 0, 6, 24, 5, 38, 39, 18, 36, 2, 11, 15, 38, 38, 2, 2, 5, 24, 6, 24, 15, 24, 39, 6, 6, 5, 2, 18, 16, 6, 18, 24, 39, 38, 38, 2, 11, 11, 5, 38, 15, 11]	[54, 0, 5, 0, 0, 4, 5, 0, 0, 0, 0, 4, 0, 0, 0, 3, 1, 0, 3, 0, 0, 0, 0, 0, 5, 0, 0, 0, 0, 0, 0, 0, 0, 0, 0, 0, 1, 0, 6, 3, 0, 0, 0, 0, 0, 0, 0, 0, 0, 0, 0, 0, 0, 0, 0, 0, 0, 0, 0, 0, 0, 0, 0, 0, 0, 0, 0, 0, 0, 0, 0, 0, 0, 0, 0, 0, 0, 0, 0, 0, 0]	0.0014007235194858814
[0, 0, 0, 0, 0, 0, 0, 0, 0, 0, 0, 0, 0, 0, 0, 0, 0, 0, 0, 0, 0, 0, 0, 0, 0, 0, 0, 0, 0, 0, 0, 0, 0, 0, 0, 0, 0, 0, 0, 0, 0, 6, 24, 5, 38, 39, 18, 36, 2, 11, 15, 38, 38, 2, 2, 5, 24, 6, 24, 15, 24, 39, 6, 6, 5, 2, 18, 16, 6, 18, 24, 39, 38, 38, 2, 11, 11, 5, 38, 15, 11]	[54, 0, 5, 0, 0, 4, 5, 0, 0, 0, 0, 4, 0, 0, 0, 3, 1, 0, 3, 0, 0, 0, 0, 0, 5, 0, 0, 0, 0, 0, 0, 0, 0, 0, 0, 0, 1, 0, 6, 3, 0, 0, 0, 0, 0, 0, 0, 0, 0, 0, 0, 0, 0, 0, 0, 0, 0, 0, 0, 0, 0, 0, 0, 0, 0, 0, 0, 0, 0, 0, 0, 0, 0, 0, 0, 0, 0, 0, 0, 0, 0]	0.0014007235194858814
[0, 0, 0, 0, 0, 0, 0, 0, 0, 0, 0, 0, 0, 0, 0, 0, 0, 0, 0, 0, 0, 0, 0, 0, 0, 0, 0, 0, 0, 0, 0, 0, 0, 0, 0, 0, 0, 0, 0, 0, 0, 6, 24, 5, 38, 39, 18, 36, 2, 11, 15, 38, 38, 2, 2, 5, 24, 6, 24, 15, 24, 39, 6, 6, 5, 2, 18, 16, 6, 18, 24, 39, 38, 38, 2, 11, 11, 5, 38, 15, 11]	[54, 0, 5, 0, 0, 4, 5, 0, 0, 0, 0, 4, 0, 0, 0, 3, 1, 0, 3, 0, 0, 0, 0, 0, 5, 0, 0, 0, 0, 0, 0, 0, 0, 0, 0, 0, 1, 0, 6, 3, 0, 0, 0, 0, 0, 0, 0, 0, 0, 0, 0, 0, 0, 0, 0, 0, 0, 0, 0, 0, 0, 0, 0, 0, 0, 0, 0, 0, 0, 0, 0, 0, 0, 0, 0, 0, 0, 0, 0, 0, 0]	0.0014007235194858814
[0, 0, 0, 0, 0, 0, 0, 0, 0, 0, 0, 0, 0, 0, 0, 0, 0, 0, 0, 0, 0, 0, 0, 0, 0, 0, 0, 0, 0, 0, 0, 0, 0, 0, 0, 0, 0, 0, 0, 0, 0, 6, 24, 5, 38, 39, 18, 36, 2, 11, 15, 38, 38, 2, 2, 5, 24, 6, 24, 15, 24, 39, 6, 6, 5, 2, 18, 16, 6, 18, 24, 39, 38, 38, 2, 11, 11, 5, 38, 15, 11]	[54, 0, 5, 0, 0, 4, 5, 0, 0, 0, 0, 4, 0, 0, 0, 3, 1, 0, 3, 0, 0, 0, 0, 0, 5, 0, 0, 0, 0, 0, 0, 0, 0, 0, 0, 0, 1, 0, 6, 3, 0, 0, 0, 0, 0, 0, 0, 0, 0, 0, 0, 0, 0, 0, 0, 0, 0, 0, 0, 0, 0, 0, 0, 0, 0, 0, 0, 0, 0, 0, 0, 0, 0, 0, 0, 0, 0, 0, 0, 0, 0]	0.0014007235194858814
[0, 0, 0, 0, 0, 0, 0, 0, 0, 0, 0, 0, 0, 0, 0, 0, 0, 0, 0, 0, 0, 0, 0, 0, 0, 0, 0, 0, 0, 0, 0, 0, 0, 0, 0, 0, 0, 0, 0, 0, 0, 6, 24, 5, 38, 39, 18, 36, 2, 11, 15, 38, 38, 2, 2, 5, 24, 6, 24, 15, 24, 39, 6, 6, 5, 2, 18, 16, 6, 18, 24, 39, 38, 38, 2, 11, 11, 5, 38, 15, 11]	[54, 0, 5, 0, 0, 4, 5, 0, 0, 0, 0, 4, 0, 0, 0, 3, 1, 0, 3, 0, 0, 0, 0, 0, 5, 0, 0, 0, 0, 0, 0, 0, 0, 0, 0, 0, 1, 0, 6, 3, 0, 0, 0, 0, 0, 0, 0, 0, 0, 0, 0, 0, 0, 0, 0, 0, 0, 0, 0, 0, 0, 0, 0, 0, 0, 0, 0, 0, 0, 0, 0, 0, 0, 0, 0, 0, 0, 0, 0, 0, 0]	0.0014007235194858814
[0, 0, 0, 0, 0, 0, 0, 0, 0, 0, 0, 0, 0, 0, 0, 0, 0, 0, 0, 0, 0, 0, 0, 0, 0, 0, 0, 0, 0, 0, 0, 0, 0, 0, 0, 0, 0, 0, 0, 0, 0, 6, 24, 5, 38, 39, 18, 36, 2, 11, 15, 38, 38, 2, 2, 5, 24, 6, 24, 15, 24, 39, 6, 6, 5, 2, 18, 16, 6, 18, 24, 39, 38, 38, 2, 11, 11, 5, 38, 15, 11]	[54, 0, 5, 0, 0, 4, 5, 0, 0, 0, 0, 4, 0, 0, 0, 3, 1, 0, 3, 0, 0, 0, 0, 0, 5, 0, 0, 0, 0, 0, 0, 0, 0, 0, 0, 0, 1, 0, 6, 3, 0, 0, 0, 0, 0, 0, 0, 0, 0, 0, 0, 0, 0, 0, 0, 0, 0, 0, 0, 0, 0, 0, 0, 0, 0, 0, 0, 0, 0, 0, 0, 0, 0, 0, 0, 0, 0, 0, 0, 0, 0]	0.0014007235194858814
[0, 0, 0, 0, 0, 0, 0, 0, 0, 0, 0, 0, 0, 0, 0, 0, 0, 0, 0, 0, 0, 0, 0, 0, 0, 0, 0, 0, 0, 0, 0, 0, 0, 0, 0, 0, 0, 0, 0, 0, 0, 6, 24, 5, 38, 39, 18, 36, 2, 11, 15, 38, 38, 2, 2, 5, 24, 6, 24, 15, 24, 39, 6, 6, 5, 2, 18, 16, 6, 18, 24, 39, 38, 38, 2, 11, 11, 5, 38, 15, 11]	[54, 0, 5, 0, 0, 4, 5, 0, 0, 0, 0, 4, 0, 0, 0, 3, 1, 0, 3, 0, 0, 0, 0, 0, 5, 0, 0, 0, 0, 0, 0, 0, 0, 0, 0, 0, 1, 0, 6, 3, 0, 0, 0, 0, 0, 0, 0, 0, 0, 0, 0, 0, 0, 0, 0, 0, 0, 0, 0, 0, 0, 0, 0, 0, 0, 0, 0, 0, 0, 0, 0, 0, 0, 0, 0, 0, 0, 0, 0, 0, 0]	0.0014007235194858814
[0, 0, 0, 0, 0, 0, 0, 0, 0, 0, 0, 0, 0, 0, 0, 0, 0, 0, 0, 0, 0, 0, 0, 0, 0, 0, 0, 0, 0, 0, 0, 0, 0, 0, 0, 0, 0, 0, 0, 0, 0, 6, 24, 5, 38, 39, 18, 36, 2, 11, 15, 38, 38, 2, 2, 5, 24, 6, 24, 15, 24, 39, 6, 6, 5, 2, 18, 16, 6, 18, 24, 39, 38, 38, 2, 11, 11, 5, 38, 15, 11]	[54, 0, 5, 0, 0, 4, 5, 0, 0, 0, 0, 4, 0, 0, 0, 3, 1, 0, 3, 0, 0, 0, 0, 0, 5, 0, 0, 0, 0, 0, 0, 0, 0, 0, 0, 0, 1, 0, 6, 3, 0, 0, 0, 0, 0, 0, 0, 0, 0, 0, 0, 0, 0, 0, 0, 0, 0, 0, 0, 0, 0, 0, 0, 0, 0, 0, 0, 0, 0, 0, 0, 0, 0, 0, 0, 0, 0, 0, 0, 0, 0]	0.0014007235194858814
[0, 0, 0, 0, 0, 0, 0, 0, 0, 0, 0, 0, 0, 0, 0, 0, 0, 0, 0, 0, 0, 0, 0, 0, 0, 0, 0, 0, 0, 0, 0, 0, 0, 0, 0, 0, 0, 0, 0, 0, 0, 6, 24, 5, 38, 39, 18, 36, 2, 11, 15, 38, 38, 2, 2, 5, 24, 6, 24, 15, 24, 39, 6, 6, 5, 2, 18, 16, 6, 18, 24, 39, 38, 38, 2, 11, 11, 5, 38, 15, 11]	[54, 0, 5, 0, 0, 4, 5, 0, 0, 0, 0, 4, 0, 0, 0, 3, 1, 0, 3, 0, 0, 0, 0, 0, 5, 0, 0, 0, 0, 0, 0, 0, 0, 0, 0, 0, 1, 0, 6, 3, 0, 0, 0, 0, 0, 0, 0, 0, 0, 0, 0, 0, 0, 0, 0, 0, 0, 0, 0, 0, 0, 0, 0, 0, 0, 0, 0, 0, 0, 0, 0, 0, 0, 0, 0, 0, 0, 0, 0, 0, 0]	0.0014007235194858814
[0, 0, 0, 0, 0, 0, 0, 0, 0, 0, 0, 0, 0, 0, 0, 0, 0, 0, 0, 0, 0, 0, 0, 0, 0, 0, 0, 0, 0, 0, 0, 0, 0, 0, 0, 0, 0, 0, 0, 0, 0, 6, 24, 5, 38, 39, 18, 36, 2, 11, 15, 38, 38, 2, 2, 5, 24, 6, 24, 15, 24, 39, 6, 6, 5, 2, 18, 16, 6, 18, 24, 39, 38, 38, 2, 11, 11, 5, 38, 15, 11]	[54, 0, 5, 0, 0, 4, 5, 0, 0, 0, 0, 4, 0, 0, 0, 3, 1, 0, 3, 0, 0, 0, 0, 0, 5, 0, 0, 0, 0, 0, 0, 0, 0, 0, 0, 0, 1, 0, 6, 3, 0, 0, 0, 0, 0, 0, 0, 0, 0, 0, 0, 0, 0, 0, 0, 0, 0, 0, 0, 0, 0, 0, 0, 0, 0, 0, 0, 0, 0, 0, 0, 0, 0, 0, 0, 0, 0, 0, 0, 0, 0]	0.0014007235194858814
[0, 0, 0, 0, 0, 0, 0, 0, 0, 0, 0, 0, 0, 0, 0, 0, 0, 0, 0, 0, 0, 0, 0, 0, 0, 0, 0, 0, 0, 0, 0, 0, 0, 0, 0, 0, 0, 0, 0, 0, 0, 6, 24, 5, 38, 39, 18, 36, 2, 11, 15, 38, 38, 2, 2, 5, 24, 6, 24, 15, 24, 39, 6, 6, 5, 2, 18, 16, 6, 18, 24, 39, 38, 38, 2, 11, 11, 5, 38, 15, 11]	[54, 0, 5, 0, 0, 4, 5, 0, 0, 0, 0, 4, 0, 0, 0, 3, 1, 0, 3, 0, 0, 0, 0, 0, 5, 0, 0, 0, 0, 0, 0, 0, 0, 0, 0, 0, 1, 0, 6, 3, 0, 0, 0, 0, 0, 0, 0, 0, 0, 0, 0, 0, 0, 0, 0, 0, 0, 0, 0, 0, 0, 0, 0, 0, 0, 0, 0, 0, 0, 0, 0, 0, 0, 0, 0, 0, 0, 0, 0, 0, 0]	0.0014007235194858814
[0, 0, 0, 0, 0, 0, 0, 0, 0, 0, 0, 0, 0, 0, 0, 0, 0, 0, 0, 0, 0, 0, 0, 0, 0, 0, 0, 0, 0, 0, 0, 0, 0, 0, 0, 0, 0, 0, 0, 0, 0, 6, 24, 5, 38, 39, 18, 36, 2, 11, 15, 38, 38, 2, 2, 5, 24, 6, 24, 15, 24, 39, 6, 6, 5, 2, 18, 16, 6, 18, 24, 39, 38, 38, 2, 11, 11, 5, 38, 15, 11]	[54, 0, 5, 0, 0, 4, 5, 0, 0, 0, 0, 4, 0, 0, 0, 3, 1, 0, 3, 0, 0, 0, 0, 0, 5, 0, 0, 0, 0, 0, 0, 0, 0, 0, 0, 0, 1, 0, 6, 3, 0, 0, 0, 0, 0, 0, 0, 0, 0, 0, 0, 0, 0, 0, 0, 0, 0, 0, 0, 0, 0, 0, 0, 0, 0, 0, 0, 0, 0, 0, 0, 0, 0, 0, 0, 0, 0, 0, 0, 0, 0]	0.0014007235194858814
[0, 0, 0, 0, 0, 0, 0, 0, 0, 0, 0, 0, 0, 0, 0, 0, 0, 0, 0, 0, 0, 0, 0, 0, 0, 0, 0, 0, 0, 0, 0, 0, 0, 0, 0, 0, 0, 0, 0, 0, 0, 6, 24, 5, 38, 39, 18, 36, 2, 11, 15, 38, 38, 2, 2, 5, 24, 6, 24, 15, 24, 39, 6, 6, 5, 2, 18, 16, 6, 18, 24, 39, 38, 38, 2, 11, 11, 5, 38, 15, 11]	[54, 0, 5, 0, 0, 4, 5, 0, 0, 0, 0, 4, 0, 0, 0, 3, 1, 0, 3, 0, 0, 0, 0, 0, 5, 0, 0, 0, 0, 0, 0, 0, 0, 0, 0, 0, 1, 0, 6, 3, 0, 0, 0, 0, 0, 0, 0, 0, 0, 0, 0, 0, 0, 0, 0, 0, 0, 0, 0, 0, 0, 0, 0, 0, 0, 0, 0, 0, 0, 0, 0, 0, 0, 0, 0, 0, 0, 0, 0, 0, 0]	0.0014007235194858814
[0, 0, 0, 0, 0, 0, 0, 0, 0, 0, 0, 0, 0, 0, 0, 0, 0, 0, 0, 0, 0, 0, 0, 0, 0, 0, 0, 0, 0, 0, 0, 0, 0, 0, 0, 0, 0, 0, 0, 0, 0, 6, 24, 5, 38, 39, 18, 36, 2, 11, 15, 38, 38, 2, 2, 5, 24, 6, 24, 15, 24, 39, 6, 6, 5, 2, 18, 16, 6, 18, 24, 39, 38, 38, 2, 11, 11, 5, 38, 15, 11]	[54, 0, 5, 0, 0, 4, 5, 0, 0, 0, 0, 4, 0, 0, 0, 3, 1, 0, 3, 0, 0, 0, 0, 0, 5, 0, 0, 0, 0, 0, 0, 0, 0, 0, 0, 0, 1, 0, 6, 3, 0, 0, 0, 0, 0, 0, 0, 0, 0, 0, 0, 0, 0, 0, 0, 0, 0, 0, 0, 0, 0, 0, 0, 0, 0, 0, 0, 0, 0, 0, 0, 0, 0, 0, 0, 0, 0, 0, 0, 0, 0]	0.0014007235194858814
[0, 0, 0, 0, 0, 0, 0, 0, 0, 0, 0, 0, 0, 0, 0, 0, 0, 0, 0, 0, 0, 0, 0, 0, 0, 0, 0, 0, 0, 0, 0, 0, 0, 0, 0, 0, 0, 0, 0, 0, 0, 6, 24, 5, 38, 39, 18, 36, 2, 11, 15, 38, 38, 2, 2, 5, 24, 6, 24, 15, 24, 39, 6, 6, 5, 2, 18, 16, 6, 18, 24, 39, 38, 38, 2, 11, 11, 5, 38, 15, 11]	[54, 0, 5, 0, 0, 4, 5, 0, 0, 0, 0, 4, 0, 0, 0, 3, 1, 0, 3, 0, 0, 0, 0, 0, 5, 0, 0, 0, 0, 0, 0, 0, 0, 0, 0, 0, 1, 0, 6, 3, 0, 0, 0, 0, 0, 0, 0, 0, 0, 0, 0, 0, 0, 0, 0, 0, 0, 0, 0, 0, 0, 0, 0, 0, 0, 0, 0, 0, 0, 0, 0, 0, 0, 0, 0, 0, 0, 0, 0, 0, 0]	0.0014007235194858814
[0, 0, 0, 0, 0, 0, 0, 0, 0, 0, 0, 0, 0, 0, 0, 0, 0, 0, 0, 0, 0, 0, 0, 0, 0, 0, 0, 0, 0, 0, 0, 0, 0, 0, 0, 0, 0, 0, 0, 0, 0, 6, 24, 5, 38, 39, 18, 36, 2, 11, 15, 38, 38, 2, 2, 5, 24, 6, 24, 15, 24, 39, 6, 6, 5, 2, 18, 16, 6, 18, 24, 39, 38, 38, 2, 11, 11, 5, 38, 15, 11]	[54, 0, 5, 0, 0, 4, 5, 0, 0, 0, 0, 4, 0, 0, 0, 3, 1, 0, 3, 0, 0, 0, 0, 0, 5, 0, 0, 0, 0, 0, 0, 0, 0, 0, 0, 0, 1, 0, 6, 3, 0, 0, 0, 0, 0, 0, 0, 0, 0, 0, 0, 0, 0, 0, 0, 0, 0, 0, 0, 0, 0, 0, 0, 0, 0, 0, 0, 0, 0, 0, 0, 0, 0, 0, 0, 0, 0, 0, 0, 0, 0]	0.0014007235194858814
[0, 0, 0, 0, 0, 0, 0, 0, 0, 0, 0, 0, 0, 0, 0, 0, 0, 0, 0, 0, 0, 0, 0, 0, 0, 0, 0, 0, 0, 0, 0, 0, 0, 0, 0, 0, 0, 0, 0, 0, 0, 6, 24, 5, 38, 39, 18, 36, 2, 11, 15, 38, 38, 2, 2, 5, 24, 6, 24, 15, 24, 39, 6, 6, 5, 2, 18, 16, 6, 18, 24, 39, 38, 38, 2, 11, 11, 5, 38, 15, 11]	[54, 0, 5, 0, 0, 4, 5, 0, 0, 0, 0, 4, 0, 0, 0, 3, 1, 0, 3, 0, 0, 0, 0, 0, 5, 0, 0, 0, 0, 0, 0, 0, 0, 0, 0, 0, 1, 0, 6, 3, 0, 0, 0, 0, 0, 0, 0, 0, 0, 0, 0, 0, 0, 0, 0, 0, 0, 0, 0, 0, 0, 0, 0, 0, 0, 0, 0, 0, 0, 0, 0, 0, 0, 0, 0, 0, 0, 0, 0, 0, 0]	0.0014007235194858814
[0, 0, 0, 0, 0, 0, 0, 0, 0, 0, 0, 0, 0, 0, 0, 0, 0, 0, 0, 0, 0, 0, 0, 0, 0, 0, 0, 0, 0, 0, 0, 0, 0, 0, 0, 0, 0, 0, 0, 0, 0, 6, 24, 5, 38, 15, 18, 36, 2, 11, 15, 38, 38, 2, 2, 5, 24, 6, 24, 15, 24, 15, 6, 6, 5, 2, 18, 16, 6, 18, 24, 39, 38, 38, 2, 11, 11, 5, 38, 15, 11]	[54, 0, 5, 0, 0, 4, 5, 0, 0, 0, 0, 4, 0, 0, 0, 5, 1, 0, 3, 0, 0, 0, 0, 0, 5, 0, 0, 0, 0, 0, 0, 0, 0, 0, 0, 0, 1, 0, 6, 1, 0, 0, 0, 0, 0, 0, 0, 0, 0, 0, 0, 0, 0, 0, 0, 0, 0, 0, 0, 0, 0, 0, 0, 0, 0, 0, 0, 0, 0, 0, 0, 0, 0, 0, 0, 0, 0, 0, 0, 0, 0]	0.0014007235194858814
[0, 0, 0, 0, 0, 0, 0, 0, 0, 0, 0, 0, 0, 0, 0, 0, 0, 0, 0, 0, 0, 0, 0, 0, 0, 0, 0, 0, 0, 0, 0, 0, 0, 0, 0, 0, 0, 0, 0, 0, 0, 6, 24, 5, 38, 39, 18, 36, 2, 11, 15, 38, 38, 2, 2, 5, 24, 6, 24, 15, 24, 39, 6, 6, 5, 2, 18, 16, 6, 18, 24, 39, 38, 38, 2, 11, 11, 5, 38, 15, 11]	[54, 0, 5, 0, 0, 4, 5, 0, 0, 0, 0, 4, 0, 0, 0, 3, 1, 0, 3, 0, 0, 0, 0, 0, 5, 0, 0, 0, 0, 0, 0, 0, 0, 0, 0, 0, 1, 0, 6, 3, 0, 0, 0, 0, 0, 0, 0, 0, 0, 0, 0, 0, 0, 0, 0, 0, 0, 0, 0, 0, 0, 0, 0, 0, 0, 0, 0, 0, 0, 0, 0, 0, 0, 0, 0, 0, 0, 0, 0, 0, 0]	0.0014007235194858814
[0, 0, 0, 0, 0, 0, 0, 0, 0, 0, 0, 0, 0, 0, 0, 0, 0, 0, 0, 0, 0, 0, 0, 0, 0, 0, 0, 0, 0, 0, 0, 0, 0, 0, 0, 0, 0, 0, 0, 0, 0, 6, 24, 5, 38, 39, 18, 36, 2, 11, 15, 38, 38, 2, 2, 5, 24, 6, 24, 15, 24, 39, 6, 6, 5, 2, 18, 16, 6, 18, 24, 39, 38, 38, 2, 11, 11, 5, 38, 7, 11]	[54, 0, 5, 0, 0, 4, 5, 1, 0, 0, 0, 4, 0, 0, 0, 2, 1, 0, 3, 0, 0, 0, 0, 0, 5, 0, 0, 0, 0, 0, 0, 0, 0, 0, 0, 0, 1, 0, 6, 3, 0, 0, 0, 0, 0, 0, 0, 0, 0, 0, 0, 0, 0, 0, 0, 0, 0, 0, 0, 0, 0, 0, 0, 0, 0, 0, 0, 0, 0, 0, 0, 0, 0, 0, 0, 0, 0, 0, 0, 0, 0]	0.0014007235194858814
[0, 0, 0, 0, 0, 0, 0, 0, 0, 0, 0, 0, 0, 0, 0, 0, 0, 0, 0, 0, 0, 0, 0, 0, 0, 0, 0, 0, 0, 0, 0, 0, 0, 0, 0, 0, 0, 0, 0, 0, 0, 6, 24, 5, 38, 39, 18, 36, 2, 11, 15, 38, 38, 2, 2, 5, 24, 6, 24, 15, 24, 39, 6, 6, 5, 2, 18, 16, 6, 18, 24, 39, 38, 38, 2, 11, 11, 5, 38, 15, 11]	[54, 0, 5, 0, 0, 4, 5, 0, 0, 0, 0, 4, 0, 0, 0, 3, 1, 0, 3, 0, 0, 0, 0, 0, 5, 0, 0, 0, 0, 0, 0, 0, 0, 0, 0, 0, 1, 0, 6, 3, 0, 0, 0, 0, 0, 0, 0, 0, 0, 0, 0, 0, 0, 0, 0, 0, 0, 0, 0, 0, 0, 0, 0, 0, 0, 0, 0, 0, 0, 0, 0, 0, 0, 0, 0, 0, 0, 0, 0, 0, 0]	0.0014007235194858814
[0, 0, 0, 0, 0, 0, 0, 0, 0, 0, 0, 0, 0, 0, 0, 0, 0, 0, 0, 0, 0, 0, 0, 0, 0, 0, 0, 0, 0, 0, 0, 0, 0, 0, 0, 0, 0, 0, 0, 0, 0, 6, 24, 5, 38, 39, 18, 36, 2, 11, 15, 38, 38, 2, 2, 5, 24, 6, 24, 15, 24, 39, 6, 6, 5, 2, 18, 16, 6, 18, 24, 39, 38, 38, 2, 11, 11, 5, 38, 15, 11]	[54, 0, 5, 0, 0, 4, 5, 0, 0, 0, 0, 4, 0, 0, 0, 3, 1, 0, 3, 0, 0, 0, 0, 0, 5, 0, 0, 0, 0, 0, 0, 0, 0, 0, 0, 0, 1, 0, 6, 3, 0, 0, 0, 0, 0, 0, 0, 0, 0, 0, 0, 0, 0, 0, 0, 0, 0, 0, 0, 0, 0, 0, 0, 0, 0, 0, 0, 0, 0, 0, 0, 0, 0, 0, 0, 0, 0, 0, 0, 0, 0]	0.0014007235194858814
[0, 0, 0, 0, 0, 0, 0, 0, 0, 0, 0, 0, 0, 0, 0, 0, 0, 0, 0, 0, 0, 0, 0, 0, 0, 0, 0, 0, 0, 0, 0, 0, 0, 0, 0, 0, 0, 0, 0, 0, 0, 6, 24, 5, 38, 39, 18, 36, 2, 11, 15, 38, 38, 2, 2, 5, 24, 6, 24, 15, 24, 39, 6, 6, 5, 2, 18, 16, 6, 18, 24, 39, 38, 38, 2, 11, 11, 5, 38, 15, 11]	[54, 0, 5, 0, 0, 4, 5, 0, 0, 0, 0, 4, 0, 0, 0, 3, 1, 0, 3, 0, 0, 0, 0, 0, 5, 0, 0, 0, 0, 0, 0, 0, 0, 0, 0, 0, 1, 0, 6, 3, 0, 0, 0, 0, 0, 0, 0, 0, 0, 0, 0, 0, 0, 0, 0, 0, 0, 0, 0, 0, 0, 0, 0, 0, 0, 0, 0, 0, 0, 0, 0, 0, 0, 0, 0, 0, 0, 0, 0, 0, 0]	0.0014007235194858814
[0, 0, 0, 0, 0, 0, 0, 0, 0, 0, 0, 0, 0, 0, 0, 0, 0, 0, 0, 0, 0, 0, 0, 0, 0, 0, 0, 0, 0, 0, 0, 0, 0, 0, 0, 0, 0, 0, 0, 0, 0, 6, 24, 5, 38, 39, 18, 36, 2, 11, 15, 38, 38, 2, 2, 5, 24, 6, 24, 15, 24, 39, 6, 6, 5, 2, 18, 16, 6, 18, 24, 39, 38, 38, 2, 11, 11, 5, 38, 15, 11]	[54, 0, 5, 0, 0, 4, 5, 0, 0, 0, 0, 4, 0, 0, 0, 3, 1, 0, 3, 0, 0, 0, 0, 0, 5, 0, 0, 0, 0, 0, 0, 0, 0, 0, 0, 0, 1, 0, 6, 3, 0, 0, 0, 0, 0, 0, 0, 0, 0, 0, 0, 0, 0, 0, 0, 0, 0, 0, 0, 0, 0, 0, 0, 0, 0, 0, 0, 0, 0, 0, 0, 0, 0, 0, 0, 0, 0, 0, 0, 0, 0]	0.0014007235194858814
[0, 0, 0, 0, 0, 0, 0, 0, 0, 0, 0, 0, 0, 0, 0, 0, 0, 0, 0, 0, 0, 0, 0, 0, 0, 0, 0, 0, 0, 0, 0, 0, 0, 0, 0, 0, 0, 0, 0, 0, 0, 6, 24, 5, 38, 39, 18, 36, 2, 11, 15, 38, 38, 2, 2, 5, 24, 6, 24, 15, 24, 39, 6, 6, 5, 2, 18, 16, 6, 18, 24, 39, 38, 38, 2, 11, 11, 5, 38, 7, 11]	[54, 0, 5, 0, 0, 4, 5, 1, 0, 0, 0, 4, 0, 0, 0, 2, 1, 0, 3, 0, 0, 0, 0, 0, 5, 0, 0, 0, 0, 0, 0, 0, 0, 0, 0, 0, 1, 0, 6, 3, 0, 0, 0, 0, 0, 0, 0, 0, 0, 0, 0, 0, 0, 0, 0, 0, 0, 0, 0, 0, 0, 0, 0, 0, 0, 0, 0, 0, 0, 0, 0, 0, 0, 0, 0, 0, 0, 0, 0, 0, 0]	0.0014007235194858814
[0, 0, 0, 0, 0, 0, 0, 0, 0, 0, 0, 0, 0, 0, 0, 0, 0, 0, 0, 0, 0, 0, 0, 0, 0, 0, 0, 0, 0, 0, 0, 0, 0, 0, 0, 0, 0, 0, 0, 0, 0, 6, 24, 5, 38, 39, 18, 36, 2, 11, 15, 38, 38, 2, 2, 5, 24, 6, 24, 15, 24, 39, 6, 6, 5, 2, 18, 16, 6, 18, 24, 39, 38, 38, 2, 11, 11, 5, 38, 15, 11]	[54, 0, 5, 0, 0, 4, 5, 0, 0, 0, 0, 4, 0, 0, 0, 3, 1, 0, 3, 0, 0, 0, 0, 0, 5, 0, 0, 0, 0, 0, 0, 0, 0, 0, 0, 0, 1, 0, 6, 3, 0, 0, 0, 0, 0, 0, 0, 0, 0, 0, 0, 0, 0, 0, 0, 0, 0, 0, 0, 0, 0, 0, 0, 0, 0, 0, 0, 0, 0, 0, 0, 0, 0, 0, 0, 0, 0, 0, 0, 0, 0]	0.0014007235194858814
[0, 0, 0, 0, 0, 0, 0, 0, 0, 0, 0, 0, 0, 0, 0, 0, 0, 0, 0, 0, 0, 0, 0, 0, 0, 0, 0, 0, 0, 0, 0, 0, 0, 0, 0, 0, 0, 0, 0, 0, 0, 6, 24, 5, 38, 39, 18, 36, 2, 11, 15, 38, 38, 2, 2, 5, 24, 6, 24, 15, 24, 39, 6, 6, 5, 2, 18, 16, 6, 18, 24, 39, 38, 38, 2, 11, 11, 5, 38, 15, 11]	[54, 0, 5, 0, 0, 4, 5, 0, 0, 0, 0, 4, 0, 0, 0, 3, 1, 0, 3, 0, 0, 0, 0, 0, 5, 0, 0, 0, 0, 0, 0, 0, 0, 0, 0, 0, 1, 0, 6, 3, 0, 0, 0, 0, 0, 0, 0, 0, 0, 0, 0, 0, 0, 0, 0, 0, 0, 0, 0, 0, 0, 0, 0, 0, 0, 0, 0, 0, 0, 0, 0, 0, 0, 0, 0, 0, 0, 0, 0, 0, 0]	0.0014007235194858814
[0, 0, 0, 0, 0, 0, 0, 0, 0, 0, 0, 0, 0, 0, 0, 0, 0, 0, 0, 0, 0, 0, 0, 0, 0, 0, 0, 0, 0, 0, 0, 0, 0, 0, 0, 0, 0, 0, 0, 0, 0, 6, 24, 5, 38, 39, 18, 36, 2, 11, 15, 38, 38, 2, 2, 5, 24, 6, 24, 15, 24, 39, 6, 6, 5, 2, 18, 16, 6, 18, 24, 39, 38, 38, 2, 11, 11, 5, 38, 15, 11]	[54, 0, 5, 0, 0, 4, 5, 0, 0, 0, 0, 4, 0, 0, 0, 3, 1, 0, 3, 0, 0, 0, 0, 0, 5, 0, 0, 0, 0, 0, 0, 0, 0, 0, 0, 0, 1, 0, 6, 3, 0, 0, 0, 0, 0, 0, 0, 0, 0, 0, 0, 0, 0, 0, 0, 0, 0, 0, 0, 0, 0, 0, 0, 0, 0, 0, 0, 0, 0, 0, 0, 0, 0, 0, 0, 0, 0, 0, 0, 0, 0]	0.0014007235194858814
[0, 0, 0, 0, 0, 0, 0, 0, 0, 0, 0, 0, 0, 0, 0, 0, 0, 0, 0, 0, 0, 0, 0, 0, 0, 0, 0, 0, 0, 0, 0, 0, 0, 0, 0, 0, 0, 0, 0, 0, 0, 6, 24, 5, 38, 39, 18, 36, 2, 11, 15, 38, 38, 2, 2, 5, 24, 6, 24, 15, 24, 39, 6, 6, 5, 2, 18, 16, 6, 18, 24, 39, 38, 38, 2, 11, 11, 5, 38, 15, 11]	[54, 0, 5, 0, 0, 4, 5, 0, 0, 0, 0, 4, 0, 0, 0, 3, 1, 0, 3, 0, 0, 0, 0, 0, 5, 0, 0, 0, 0, 0, 0, 0, 0, 0, 0, 0, 1, 0, 6, 3, 0, 0, 0, 0, 0, 0, 0, 0, 0, 0, 0, 0, 0, 0, 0, 0, 0, 0, 0, 0, 0, 0, 0, 0, 0, 0, 0, 0, 0, 0, 0, 0, 0, 0, 0, 0, 0, 0, 0, 0, 0]	0.0014007235194858814
[0, 0, 0, 0, 0, 0, 0, 0, 0, 0, 0, 0, 0, 0, 0, 0, 0, 0, 0, 0, 0, 0, 0, 0, 0, 0, 0, 0, 0, 0, 0, 0, 0, 0, 0, 0, 0, 0, 0, 0, 0, 6, 24, 5, 38, 39, 18, 36, 2, 11, 15, 38, 38, 2, 2, 5, 24, 6, 24, 15, 24, 39, 6, 6, 5, 2, 18, 16, 6, 18, 24, 39, 38, 38, 2, 11, 11, 5, 38, 15, 11]	[54, 0, 5, 0, 0, 4, 5, 0, 0, 0, 0, 4, 0, 0, 0, 3, 1, 0, 3, 0, 0, 0, 0, 0, 5, 0, 0, 0, 0, 0, 0, 0, 0, 0, 0, 0, 1, 0, 6, 3, 0, 0, 0, 0, 0, 0, 0, 0, 0, 0, 0, 0, 0, 0, 0, 0, 0, 0, 0, 0, 0, 0, 0, 0, 0, 0, 0, 0, 0, 0, 0, 0, 0, 0, 0, 0, 0, 0, 0, 0, 0]	0.0014007235194858814
[0, 0, 0, 0, 0, 0, 0, 0, 0, 0, 0, 0, 0, 0, 0, 0, 0, 0, 0, 0, 0, 0, 0, 0, 0, 0, 0, 0, 0, 0, 0, 0, 0, 0, 0, 0, 0, 0, 0, 0, 0, 6, 24, 5, 38, 39, 18, 36, 2, 11, 15, 38, 38, 2, 2, 5, 24, 6, 24, 15, 24, 39, 6, 6, 5, 2, 18, 16, 6, 18, 24, 39, 38, 38, 2, 11, 11, 5, 38, 15, 11]	[54, 0, 5, 0, 0, 4, 5, 0, 0, 0, 0, 4, 0, 0, 0, 3, 1, 0, 3, 0, 0, 0, 0, 0, 5, 0, 0, 0, 0, 0, 0, 0, 0, 0, 0, 0, 1, 0, 6, 3, 0, 0, 0, 0, 0, 0, 0, 0, 0, 0, 0, 0, 0, 0, 0, 0, 0, 0, 0, 0, 0, 0, 0, 0, 0, 0, 0, 0, 0, 0, 0, 0, 0, 0, 0, 0, 0, 0, 0, 0, 0]	0.0014007235194858814
[0, 0, 0, 0, 0, 0, 0, 0, 0, 0, 0, 0, 0, 0, 0, 0, 0, 0, 0, 0, 0, 0, 0, 0, 0, 0, 0, 0, 0, 0, 0, 0, 0, 0, 0, 0, 0, 0, 0, 0, 0, 6, 24, 5, 38, 39, 18, 36, 2, 11, 15, 38, 38, 2, 2, 5, 24, 6, 24, 15, 24, 39, 6, 6, 5, 2, 18, 16, 6, 18, 24, 39, 38, 38, 2, 11, 11, 5, 38, 15, 11]	[54, 0, 5, 0, 0, 4, 5, 0, 0, 0, 0, 4, 0, 0, 0, 3, 1, 0, 3, 0, 0, 0, 0, 0, 5, 0, 0, 0, 0, 0, 0, 0, 0, 0, 0, 0, 1, 0, 6, 3, 0, 0, 0, 0, 0, 0, 0, 0, 0, 0, 0, 0, 0, 0, 0, 0, 0, 0, 0, 0, 0, 0, 0, 0, 0, 0, 0, 0, 0, 0, 0, 0, 0, 0, 0, 0, 0, 0, 0, 0, 0]	0.0014007235194858814
[0, 0, 0, 0, 0, 0, 0, 0, 0, 0, 0, 0, 0, 0, 0, 0, 0, 0, 0, 0, 0, 0, 0, 0, 0, 0, 0, 0, 0, 0, 0, 0, 0, 0, 0, 0, 0, 0, 0, 0, 0, 6, 24, 5, 38, 39, 18, 36, 2, 11, 15, 38, 38, 2, 2, 5, 24, 6, 24, 15, 24, 39, 6, 6, 5, 2, 18, 16, 6, 18, 24, 39, 38, 38, 2, 11, 11, 5, 38, 15, 11]	[54, 0, 5, 0, 0, 4, 5, 0, 0, 0, 0, 4, 0, 0, 0, 3, 1, 0, 3, 0, 0, 0, 0, 0, 5, 0, 0, 0, 0, 0, 0, 0, 0, 0, 0, 0, 1, 0, 6, 3, 0, 0, 0, 0, 0, 0, 0, 0, 0, 0, 0, 0, 0, 0, 0, 0, 0, 0, 0, 0, 0, 0, 0, 0, 0, 0, 0, 0, 0, 0, 0, 0, 0, 0, 0, 0, 0, 0, 0, 0, 0]	0.0014007235194858814
[0, 0, 0, 0, 0, 0, 0, 0, 0, 0, 0, 0, 0, 0, 0, 0, 0, 0, 0, 0, 0, 0, 0, 0, 0, 0, 0, 0, 0, 0, 0, 0, 0, 0, 0, 0, 0, 0, 0, 0, 0, 6, 24, 5, 38, 39, 18, 36, 2, 11, 15, 38, 38, 2, 2, 5, 24, 6, 24, 15, 24, 39, 6, 6, 5, 2, 40, 16, 6, 40, 24, 39, 38, 38, 2, 11, 11, 5, 38, 15, 11]	[54, 0, 5, 0, 0, 4, 5, 0, 0, 0, 0, 4, 0, 0, 0, 3, 1, 0, 1, 0, 0, 0, 0, 0, 5, 0, 0, 0, 0, 0, 0, 0, 0, 0, 0, 0, 1, 0, 6, 3, 2, 0, 0, 0, 0, 0, 0, 0, 0, 0, 0, 0, 0, 0, 0, 0, 0, 0, 0, 0, 0, 0, 0, 0, 0, 0, 0, 0, 0, 0, 0, 0, 0, 0, 0, 0, 0, 0, 0, 0, 0]	0.0014007235194858814
[0, 0, 0, 0, 0, 0, 0, 0, 0, 0, 0, 0, 0, 0, 0, 0, 0, 0, 0, 0, 0, 0, 0, 0, 0, 0, 0, 0, 0, 0, 0, 0, 0, 0, 0, 0, 0, 0, 0, 0, 0, 6, 24, 5, 38, 39, 18, 36, 2, 11, 15, 38, 38, 2, 2, 5, 24, 6, 24, 15, 24, 39, 6, 6, 5, 2, 18, 16, 6, 18, 24, 39, 38, 38, 2, 11, 11, 5, 38, 15, 11]	[54, 0, 5, 0, 0, 4, 5, 0, 0, 0, 0, 4, 0, 0, 0, 3, 1, 0, 3, 0, 0, 0, 0, 0, 5, 0, 0, 0, 0, 0, 0, 0, 0, 0, 0, 0, 1, 0, 6, 3, 0, 0, 0, 0, 0, 0, 0, 0, 0, 0, 0, 0, 0, 0, 0, 0, 0, 0, 0, 0, 0, 0, 0, 0, 0, 0, 0, 0, 0, 0, 0, 0, 0, 0, 0, 0, 0, 0, 0, 0, 0]	0.0014007235194858814
[0, 0, 0, 0, 0, 0, 0, 0, 0, 0, 0, 0, 0, 0, 0, 0, 0, 0, 0, 0, 0, 0, 0, 0, 0, 0, 0, 0, 0, 0, 0, 0, 0, 0, 0, 0, 0, 0, 0, 0, 0, 6, 24, 5, 38, 39, 18, 36, 2, 11, 15, 38, 38, 2, 2, 5, 24, 6, 24, 15, 24, 39, 6, 6, 5, 2, 18, 16, 6, 18, 24, 39, 38, 38, 2, 11, 11, 5, 38, 15, 11]	[54, 0, 5, 0, 0, 4, 5, 0, 0, 0, 0, 4, 0, 0, 0, 3, 1, 0, 3, 0, 0, 0, 0, 0, 5, 0, 0, 0, 0, 0, 0, 0, 0, 0, 0, 0, 1, 0, 6, 3, 0, 0, 0, 0, 0, 0, 0, 0, 0, 0, 0, 0, 0, 0, 0, 0, 0, 0, 0, 0, 0, 0, 0, 0, 0, 0, 0, 0, 0, 0, 0, 0, 0, 0, 0, 0, 0, 0, 0, 0, 0]	0.0014007235194858814
[0, 0, 0, 0, 0, 0, 0, 0, 0, 0, 0, 0, 0, 0, 0, 0, 0, 0, 0, 0, 0, 0, 0, 0, 0, 0, 0, 0, 0, 0, 0, 0, 0, 0, 0, 0, 0, 0, 0, 0, 0, 6, 24, 5, 38, 39, 18, 36, 2, 11, 15, 38, 38, 2, 2, 5, 24, 6, 24, 15, 24, 39, 6, 6, 5, 2, 18, 16, 6, 18, 24, 39, 38, 38, 2, 11, 11, 5, 38, 15, 11]	[54, 0, 5, 0, 0, 4, 5, 0, 0, 0, 0, 4, 0, 0, 0, 3, 1, 0, 3, 0, 0, 0, 0, 0, 5, 0, 0, 0, 0, 0, 0, 0, 0, 0, 0, 0, 1, 0, 6, 3, 0, 0, 0, 0, 0, 0, 0, 0, 0, 0, 0, 0, 0, 0, 0, 0, 0, 0, 0, 0, 0, 0, 0, 0, 0, 0, 0, 0, 0, 0, 0, 0, 0, 0, 0, 0, 0, 0, 0, 0, 0]	0.0014007235194858814
[0, 0, 0, 0, 0, 0, 0, 0, 0, 0, 0, 0, 0, 0, 0, 0, 0, 0, 0, 0, 0, 0, 0, 0, 0, 0, 0, 0, 0, 0, 0, 0, 0, 0, 0, 0, 0, 0, 0, 0, 0, 6, 24, 5, 38, 39, 18, 36, 2, 11, 15, 38, 38, 2, 2, 5, 24, 6, 24, 15, 24, 39, 6, 6, 5, 2, 18, 16, 6, 18, 24, 39, 38, 38, 2, 11, 11, 5, 38, 15, 11]	[54, 0, 5, 0, 0, 4, 5, 0, 0, 0, 0, 4, 0, 0, 0, 3, 1, 0, 3, 0, 0, 0, 0, 0, 5, 0, 0, 0, 0, 0, 0, 0, 0, 0, 0, 0, 1, 0, 6, 3, 0, 0, 0, 0, 0, 0, 0, 0, 0, 0, 0, 0, 0, 0, 0, 0, 0, 0, 0, 0, 0, 0, 0, 0, 0, 0, 0, 0, 0, 0, 0, 0, 0, 0, 0, 0, 0, 0, 0, 0, 0]	0.0014007235194858814
[0, 0, 0, 0, 0, 0, 0, 0, 0, 0, 0, 0, 0, 0, 0, 0, 0, 0, 0, 0, 0, 0, 0, 0, 0, 0, 0, 0, 0, 0, 0, 0, 0, 0, 0, 0, 0, 0, 0, 0, 0, 6, 24, 5, 38, 39, 18, 36, 2, 11, 15, 38, 38, 2, 2, 5, 24, 6, 24, 15, 24, 39, 6, 6, 5, 2, 18, 16, 6, 18, 24, 39, 38, 38, 2, 11, 11, 5, 38, 15, 11]	[54, 0, 5, 0, 0, 4, 5, 0, 0, 0, 0, 4, 0, 0, 0, 3, 1, 0, 3, 0, 0, 0, 0, 0, 5, 0, 0, 0, 0, 0, 0, 0, 0, 0, 0, 0, 1, 0, 6, 3, 0, 0, 0, 0, 0, 0, 0, 0, 0, 0, 0, 0, 0, 0, 0, 0, 0, 0, 0, 0, 0, 0, 0, 0, 0, 0, 0, 0, 0, 0, 0, 0, 0, 0, 0, 0, 0, 0, 0, 0, 0]	0.0014007235194858814
[0, 0, 0, 0, 0, 0, 0, 0, 0, 0, 0, 0, 0, 0, 0, 0, 0, 0, 0, 0, 0, 0, 0, 0, 0, 0, 0, 0, 0, 0, 0, 0, 0, 0, 0, 0, 0, 0, 0, 0, 0, 6, 24, 5, 38, 39, 18, 36, 2, 11, 15, 38, 38, 2, 2, 5, 24, 6, 24, 15, 24, 39, 6, 6, 5, 2, 18, 16, 6, 18, 24, 39, 38, 38, 2, 11, 11, 5, 38, 15, 11]	[54, 0, 5, 0, 0, 4, 5, 0, 0, 0, 0, 4, 0, 0, 0, 3, 1, 0, 3, 0, 0, 0, 0, 0, 5, 0, 0, 0, 0, 0, 0, 0, 0, 0, 0, 0, 1, 0, 6, 3, 0, 0, 0, 0, 0, 0, 0, 0, 0, 0, 0, 0, 0, 0, 0, 0, 0, 0, 0, 0, 0, 0, 0, 0, 0, 0, 0, 0, 0, 0, 0, 0, 0, 0, 0, 0, 0, 0, 0, 0, 0]	0.0014007235194858814
[0, 0, 0, 0, 0, 0, 0, 0, 0, 0, 0, 0, 0, 0, 0, 0, 0, 0, 0, 0, 0, 0, 0, 0, 0, 0, 0, 0, 0, 0, 0, 0, 0, 0, 0, 0, 0, 0, 0, 0, 0, 6, 24, 5, 38, 39, 18, 36, 2, 11, 15, 38, 38, 2, 2, 5, 24, 6, 24, 15, 24, 39, 6, 6, 5, 2, 18, 16, 6, 18, 24, 39, 38, 38, 2, 11, 11, 5, 38, 15, 11]	[54, 0, 5, 0, 0, 4, 5, 0, 0, 0, 0, 4, 0, 0, 0, 3, 1, 0, 3, 0, 0, 0, 0, 0, 5, 0, 0, 0, 0, 0, 0, 0, 0, 0, 0, 0, 1, 0, 6, 3, 0, 0, 0, 0, 0, 0, 0, 0, 0, 0, 0, 0, 0, 0, 0, 0, 0, 0, 0, 0, 0, 0, 0, 0, 0, 0, 0, 0, 0, 0, 0, 0, 0, 0, 0, 0, 0, 0, 0, 0, 0]	0.0014007235194858814
