no-dem3_r25_1.json
[0, 0, 0, 0, 0, 0, 0, 0, 0, 0, 0, 0, 0, 0, 0, 0, 0, 0, 0, 0, 0, 0, 0, 0, 0, 0, 0, 0, 0, 0, 0, 0, 0, 0, 0, 0, 0, 0, 0, 0, 0, 9, 16, 25, 28, 30, 20, 20, 16, 8, 32, 28, 16, 9, 32, 30, 20, 9, 25, 28, 16, 16, 9, 28, 9, 9, 32, 8, 28, 16, 8, 9, 32, 28, 25, 16, 9, 25, 28, 20, 8]	[54, 0, 0, 0, 0, 0, 0, 0, 4, 8, 0, 0, 0, 0, 0, 0, 7, 0, 0, 0, 4, 0, 0, 0, 0, 4, 0, 0, 7, 0, 2, 0, 4, 0, 0, 0, 0, 0, 0, 0, 0, 0, 0, 0, 0, 0, 0, 0, 0, 0, 0, 0, 0, 0, 0, 0, 0, 0, 0, 0, 0, 0, 0, 0, 0, 0, 0, 0, 0, 0, 0, 0, 0, 0, 0, 0, 0, 0, 0, 0, 0]	0.0018007264080969344
[0, 0, 0, 0, 0, 0, 0, 0, 0, 0, 0, 0, 0, 0, 0, 0, 0, 0, 0, 0, 0, 0, 0, 0, 0, 0, 0, 0, 0, 0, 0, 0, 0, 0, 0, 0, 0, 0, 0, 0, 0, 9, 16, 25, 28, 30, 20, 20, 16, 8, 32, 28, 16, 9, 32, 30, 20, 9, 25, 28, 16, 16, 9, 28, 9, 9, 32, 8, 28, 16, 8, 9, 32, 28, 25, 16, 9, 25, 28, 20, 8]	[54, 0, 0, 0, 0, 0, 0, 0, 4, 8, 0, 0, 0, 0, 0, 0, 7, 0, 0, 0, 4, 0, 0, 0, 0, 4, 0, 0, 7, 0, 2, 0, 4, 0, 0, 0, 0, 0, 0, 0, 0, 0, 0, 0, 0, 0, 0, 0, 0, 0, 0, 0, 0, 0, 0, 0, 0, 0, 0, 0, 0, 0, 0, 0, 0, 0, 0, 0, 0, 0, 0, 0, 0, 0, 0, 0, 0, 0, 0, 0, 0]	0.0018007264080969344
[0, 0, 0, 0, 0, 0, 0, 0, 0, 0, 0, 0, 0, 0, 0, 0, 0, 0, 0, 0, 0, 0, 0, 0, 0, 0, 0, 0, 0, 0, 0, 0, 0, 0, 0, 0, 0, 0, 0, 0, 0, 9, 5, 25, 10, 30, 20, 20, 16, 8, 32, 28, 16, 9, 32, 30, 20, 9, 10, 28, 16, 16, 9, 28, 9, 10, 32, 8, 28, 16, 8, 9, 32, 10, 25, 5, 9, 25, 28, 20, 8]	[54, 0, 0, 0, 0, 2, 0, 0, 4, 7, 4, 0, 0, 0, 0, 0, 5, 0, 0, 0, 4, 0, 0, 0, 0, 3, 0, 0, 5, 0, 2, 0, 4, 0, 0, 0, 0, 0, 0, 0, 0, 0, 0, 0, 0, 0, 0, 0, 0, 0, 0, 0, 0, 0, 0, 0, 0, 0, 0, 0, 0, 0, 0, 0, 0, 0, 0, 0, 0, 0, 0, 0, 0, 0, 0, 0, 0, 0, 0, 0, 0]	0.0016007264080969345
[0, 0, 0, 0, 0, 0, 0, 0, 0, 0, 0, 0, 0, 0, 0, 0, 0, 0, 0, 0, 0, 0, 0, 0, 0, 0, 0, 0, 0, 0, 0, 0, 0, 0, 0, 0, 0, 0, 0, 0, 0, 9, 5, 25, 10, 30, 20, 20, 16, 8, 32, 28, 16, 9, 32, 30, 20, 9, 10, 28, 16, 16, 9, 28, 9, 10, 32, 8, 28, 16, 8, 9, 32, 10, 25, 5, 9, 25, 28, 20, 8]	[54, 0, 0, 0, 0, 2, 0, 0, 4, 7, 4, 0, 0, 0, 0, 0, 5, 0, 0, 0, 4, 0, 0, 0, 0, 3, 0, 0, 5, 0, 2, 0, 4, 0, 0, 0, 0, 0, 0, 0, 0, 0, 0, 0, 0, 0, 0, 0, 0, 0, 0, 0, 0, 0, 0, 0, 0, 0, 0, 0, 0, 0, 0, 0, 0, 0, 0, 0, 0, 0, 0, 0, 0, 0, 0, 0, 0, 0, 0, 0, 0]	0.0016007264080969345
[0, 0, 0, 0, 0, 0, 0, 0, 0, 0, 0, 0, 0, 0, 0, 0, 0, 0, 0, 0, 0, 0, 0, 0, 0, 0, 0, 0, 0, 0, 0, 0, 0, 0, 0, 0, 0, 0, 0, 0, 0, 9, 5, 25, 10, 30, 20, 20, 16, 8, 32, 28, 16, 9, 32, 30, 20, 9, 10, 28, 16, 16, 9, 28, 9, 10, 32, 8, 28, 16, 8, 9, 32, 10, 25, 5, 9, 25, 28, 20, 8]	[54, 0, 0, 0, 0, 2, 0, 0, 4, 7, 4, 0, 0, 0, 0, 0, 5, 0, 0, 0, 4, 0, 0, 0, 0, 3, 0, 0, 5, 0, 2, 0, 4, 0, 0, 0, 0, 0, 0, 0, 0, 0, 0, 0, 0, 0, 0, 0, 0, 0, 0, 0, 0, 0, 0, 0, 0, 0, 0, 0, 0, 0, 0, 0, 0, 0, 0, 0, 0, 0, 0, 0, 0, 0, 0, 0, 0, 0, 0, 0, 0]	0.0016007264080969345
[0, 0, 0, 0, 0, 0, 0, 0, 0, 0, 0, 0, 0, 0, 0, 0, 0, 0, 0, 0, 0, 0, 0, 0, 0, 0, 0, 0, 0, 0, 0, 0, 0, 0, 0, 0, 0, 0, 0, 0, 0, 9, 5, 25, 10, 30, 20, 20, 16, 8, 32, 28, 16, 9, 32, 30, 20, 9, 10, 28, 16, 16, 9, 28, 9, 10, 32, 8, 28, 16, 8, 9, 32, 10, 25, 5, 9, 25, 28, 20, 8]	[54, 0, 0, 0, 0, 2, 0, 0, 4, 7, 4, 0, 0, 0, 0, 0, 5, 0, 0, 0, 4, 0, 0, 0, 0, 3, 0, 0, 5, 0, 2, 0, 4, 0, 0, 0, 0, 0, 0, 0, 0, 0, 0, 0, 0, 0, 0, 0, 0, 0, 0, 0, 0, 0, 0, 0, 0, 0, 0, 0, 0, 0, 0, 0, 0, 0, 0, 0, 0, 0, 0, 0, 0, 0, 0, 0, 0, 0, 0, 0, 0]	0.0016007264080969345
[0, 0, 0, 0, 0, 0, 0, 0, 0, 0, 0, 0, 0, 0, 0, 0, 0, 0, 0, 0, 0, 0, 0, 0, 0, 0, 0, 0, 0, 0, 0, 0, 0, 0, 0, 0, 0, 0, 0, 0, 0, 9, 5, 25, 10, 30, 20, 20, 16, 8, 23, 28, 16, 9, 23, 30, 20, 9, 10, 28, 16, 23, 9, 28, 9, 10, 23, 8, 28, 16, 8, 9, 32, 10, 25, 5, 9, 25, 28, 20, 8]	[54, 0, 0, 0, 0, 2, 0, 0, 4, 7, 4, 0, 0, 0, 0, 0, 4, 0, 0, 0, 4, 0, 0, 4, 0, 3, 0, 0, 5, 0, 2, 0, 1, 0, 0, 0, 0, 0, 0, 0, 0, 0, 0, 0, 0, 0, 0, 0, 0, 0, 0, 0, 0, 0, 0, 0, 0, 0, 0, 0, 0, 0, 0, 0, 0, 0, 0, 0, 0, 0, 0, 0, 0, 0, 0, 0, 0, 0, 0, 0, 0]	0.0016007264080969345
[0, 0, 0, 0, 0, 0, 0, 0, 0, 0, 0, 0, 0, 0, 0, 0, 0, 0, 0, 0, 0, 0, 0, 0, 0, 0, 0, 0, 0, 0, 0, 0, 0, 0, 0, 0, 0, 0, 0, 0, 0, 9, 5, 25, 10, 30, 20, 20, 16, 8, 23, 28, 16, 9, 23, 30, 20, 9, 10, 28, 16, 23, 9, 28, 9, 10, 23, 8, 28, 16, 8, 9, 32, 10, 25, 5, 9, 25, 28, 20, 8]	[54, 0, 0, 0, 0, 2, 0, 0, 4, 7, 4, 0, 0, 0, 0, 0, 4, 0, 0, 0, 4, 0, 0, 4, 0, 3, 0, 0, 5, 0, 2, 0, 1, 0, 0, 0, 0, 0, 0, 0, 0, 0, 0, 0, 0, 0, 0, 0, 0, 0, 0, 0, 0, 0, 0, 0, 0, 0, 0, 0, 0, 0, 0, 0, 0, 0, 0, 0, 0, 0, 0, 0, 0, 0, 0, 0, 0, 0, 0, 0, 0]	0.0016007264080969345
[0, 0, 0, 0, 0, 0, 0, 0, 0, 0, 0, 0, 0, 0, 0, 0, 0, 0, 0, 0, 0, 0, 0, 0, 0, 0, 0, 0, 0, 0, 0, 0, 0, 0, 0, 0, 0, 0, 0, 0, 0, 9, 5, 25, 10, 30, 20, 20, 16, 8, 23, 28, 16, 9, 23, 30, 20, 9, 10, 28, 16, 23, 9, 28, 9, 10, 23, 8, 28, 16, 8, 9, 32, 10, 25, 5, 9, 25, 28, 20, 8]	[54, 0, 0, 0, 0, 2, 0, 0, 4, 7, 4, 0, 0, 0, 0, 0, 4, 0, 0, 0, 4, 0, 0, 4, 0, 3, 0, 0, 5, 0, 2, 0, 1, 0, 0, 0, 0, 0, 0, 0, 0, 0, 0, 0, 0, 0, 0, 0, 0, 0, 0, 0, 0, 0, 0, 0, 0, 0, 0, 0, 0, 0, 0, 0, 0, 0, 0, 0, 0, 0, 0, 0, 0, 0, 0, 0, 0, 0, 0, 0, 0]	0.0016007264080969345
[0, 0, 0, 0, 0, 0, 0, 0, 0, 0, 0, 0, 0, 0, 0, 0, 0, 0, 0, 0, 0, 0, 0, 0, 0, 0, 0, 0, 0, 0, 0, 0, 0, 0, 0, 0, 0, 0, 0, 0, 0, 9, 5, 25, 10, 30, 20, 20, 16, 8, 23, 28, 16, 9, 23, 30, 20, 9, 10, 28, 16, 23, 9, 28, 9, 10, 23, 8, 28, 16, 8, 9, 32, 10, 25, 5, 9, 25, 28, 20, 8]	[54, 0, 0, 0, 0, 2, 0, 0, 4, 7, 4, 0, 0, 0, 0, 0, 4, 0, 0, 0, 4, 0, 0, 4, 0, 3, 0, 0, 5, 0, 2, 0, 1, 0, 0, 0, 0, 0, 0, 0, 0, 0, 0, 0, 0, 0, 0, 0, 0, 0, 0, 0, 0, 0, 0, 0, 0, 0, 0, 0, 0, 0, 0, 0, 0, 0, 0, 0, 0, 0, 0, 0, 0, 0, 0, 0, 0, 0, 0, 0, 0]	0.0016007264080969345
[0, 0, 0, 0, 0, 0, 0, 0, 0, 0, 0, 0, 0, 0, 0, 0, 0, 0, 0, 0, 0, 0, 0, 0, 0, 0, 0, 0, 0, 0, 0, 0, 0, 0, 0, 0, 0, 0, 0, 0, 0, 9, 5, 25, 10, 30, 20, 20, 16, 8, 23, 28, 16, 9, 23, 30, 20, 9, 10, 28, 16, 23, 9, 28, 9, 10, 23, 8, 28, 16, 8, 9, 32, 10, 25, 5, 9, 25, 28, 20, 8]	[54, 0, 0, 0, 0, 2, 0, 0, 4, 7, 4, 0, 0, 0, 0, 0, 4, 0, 0, 0, 4, 0, 0, 4, 0, 3, 0, 0, 5, 0, 2, 0, 1, 0, 0, 0, 0, 0, 0, 0, 0, 0, 0, 0, 0, 0, 0, 0, 0, 0, 0, 0, 0, 0, 0, 0, 0, 0, 0, 0, 0, 0, 0, 0, 0, 0, 0, 0, 0, 0, 0, 0, 0, 0, 0, 0, 0, 0, 0, 0, 0]	0.0016007264080969345
[0, 0, 0, 0, 0, 0, 0, 0, 0, 0, 0, 0, 0, 0, 0, 0, 0, 0, 0, 0, 0, 0, 0, 0, 0, 0, 0, 0, 0, 0, 0, 0, 0, 0, 0, 0, 0, 0, 0, 0, 0, 9, 32, 25, 10, 30, 20, 20, 16, 8, 23, 28, 16, 9, 23, 30, 20, 9, 10, 28, 16, 23, 9, 28, 9, 10, 23, 8, 28, 16, 8, 9, 32, 10, 25, 16, 9, 25, 28, 20, 8]	[54, 0, 0, 0, 0, 0, 0, 0, 4, 7, 4, 0, 0, 0, 0, 0, 5, 0, 0, 0, 4, 0, 0, 4, 0, 3, 0, 0, 5, 0, 2, 0, 2, 0, 0, 0, 0, 0, 0, 0, 0, 0, 0, 0, 0, 0, 0, 0, 0, 0, 0, 0, 0, 0, 0, 0, 0, 0, 0, 0, 0, 0, 0, 0, 0, 0, 0, 0, 0, 0, 0, 0, 0, 0, 0, 0, 0, 0, 0, 0, 0]	0.0016007264080969345
[0, 0, 0, 0, 0, 0, 0, 0, 0, 0, 0, 0, 0, 0, 0, 0, 0, 0, 0, 0, 0, 0, 0, 0, 0, 0, 0, 0, 0, 0, 0, 0, 0, 0, 0, 0, 0, 0, 0, 0, 0, 9, 5, 25, 10, 30, 20, 20, 16, 8, 32, 28, 16, 9, 32, 30, 20, 9, 10, 28, 16, 16, 9, 28, 9, 10, 32, 8, 28, 16, 8, 9, 32, 10, 25, 5, 9, 25, 28, 20, 8]	[54, 0, 0, 0, 0, 2, 0, 0, 4, 7, 4, 0, 0, 0, 0, 0, 5, 0, 0, 0, 4, 0, 0, 0, 0, 3, 0, 0, 5, 0, 2, 0, 4, 0, 0, 0, 0, 0, 0, 0, 0, 0, 0, 0, 0, 0, 0, 0, 0, 0, 0, 0, 0, 0, 0, 0, 0, 0, 0, 0, 0, 0, 0, 0, 0, 0, 0, 0, 0, 0, 0, 0, 0, 0, 0, 0, 0, 0, 0, 0, 0]	0.0016007264080969345
[0, 0, 0, 0, 0, 0, 0, 0, 0, 0, 0, 0, 0, 0, 0, 0, 0, 0, 0, 0, 0, 0, 0, 0, 0, 0, 0, 0, 0, 0, 0, 0, 0, 0, 0, 0, 0, 0, 0, 0, 0, 9, 16, 25, 10, 30, 20, 20, 16, 8, 23, 28, 16, 9, 23, 30, 20, 9, 10, 28, 16, 23, 9, 28, 9, 10, 23, 8, 28, 16, 8, 9, 32, 10, 25, 16, 9, 25, 28, 20, 8]	[54, 0, 0, 0, 0, 0, 0, 0, 4, 7, 4, 0, 0, 0, 0, 0, 6, 0, 0, 0, 4, 0, 0, 4, 0, 3, 0, 0, 5, 0, 2, 0, 1, 0, 0, 0, 0, 0, 0, 0, 0, 0, 0, 0, 0, 0, 0, 0, 0, 0, 0, 0, 0, 0, 0, 0, 0, 0, 0, 0, 0, 0, 0, 0, 0, 0, 0, 0, 0, 0, 0, 0, 0, 0, 0, 0, 0, 0, 0, 0, 0]	0.0016007264080969345
[0, 0, 0, 0, 0, 0, 0, 0, 0, 0, 0, 0, 0, 0, 0, 0, 0, 0, 0, 0, 0, 0, 0, 0, 0, 0, 0, 0, 0, 0, 0, 0, 0, 0, 0, 0, 0, 0, 0, 0, 0, 9, 5, 25, 10, 30, 20, 20, 16, 8, 23, 28, 16, 9, 23, 30, 20, 9, 10, 28, 16, 16, 9, 28, 9, 10, 23, 8, 28, 16, 8, 9, 32, 10, 25, 5, 9, 25, 28, 20, 8]	[54, 0, 0, 0, 0, 2, 0, 0, 4, 7, 4, 0, 0, 0, 0, 0, 5, 0, 0, 0, 4, 0, 0, 3, 0, 3, 0, 0, 5, 0, 2, 0, 1, 0, 0, 0, 0, 0, 0, 0, 0, 0, 0, 0, 0, 0, 0, 0, 0, 0, 0, 0, 0, 0, 0, 0, 0, 0, 0, 0, 0, 0, 0, 0, 0, 0, 0, 0, 0, 0, 0, 0, 0, 0, 0, 0, 0, 0, 0, 0, 0]	0.0016007264080969345
[0, 0, 0, 0, 0, 0, 0, 0, 0, 0, 0, 0, 0, 0, 0, 0, 0, 0, 0, 0, 0, 0, 0, 0, 0, 0, 0, 0, 0, 0, 0, 0, 0, 0, 0, 0, 0, 0, 0, 0, 0, 9, 5, 25, 10, 30, 20, 20, 16, 8, 32, 28, 16, 9, 32, 30, 20, 9, 10, 28, 16, 16, 9, 28, 9, 10, 32, 8, 28, 16, 8, 9, 32, 10, 25, 5, 9, 25, 28, 20, 8]	[54, 0, 0, 0, 0, 2, 0, 0, 4, 7, 4, 0, 0, 0, 0, 0, 5, 0, 0, 0, 4, 0, 0, 0, 0, 3, 0, 0, 5, 0, 2, 0, 4, 0, 0, 0, 0, 0, 0, 0, 0, 0, 0, 0, 0, 0, 0, 0, 0, 0, 0, 0, 0, 0, 0, 0, 0, 0, 0, 0, 0, 0, 0, 0, 0, 0, 0, 0, 0, 0, 0, 0, 0, 0, 0, 0, 0, 0, 0, 0, 0]	0.0016007264080969345
[0, 0, 0, 0, 0, 0, 0, 0, 0, 0, 0, 0, 0, 0, 0, 0, 0, 0, 0, 0, 0, 0, 0, 0, 0, 0, 0, 0, 0, 0, 0, 0, 0, 0, 0, 0, 0, 0, 0, 0, 0, 9, 5, 25, 10, 30, 20, 20, 16, 8, 23, 28, 16, 9, 23, 30, 20, 9, 10, 28, 16, 23, 9, 28, 9, 10, 23, 8, 28, 16, 8, 9, 32, 10, 25, 5, 9, 25, 28, 20, 8]	[54, 0, 0, 0, 0, 2, 0, 0, 4, 7, 4, 0, 0, 0, 0, 0, 4, 0, 0, 0, 4, 0, 0, 4, 0, 3, 0, 0, 5, 0, 2, 0, 1, 0, 0, 0, 0, 0, 0, 0, 0, 0, 0, 0, 0, 0, 0, 0, 0, 0, 0, 0, 0, 0, 0, 0, 0, 0, 0, 0, 0, 0, 0, 0, 0, 0, 0, 0, 0, 0, 0, 0, 0, 0, 0, 0, 0, 0, 0, 0, 0]	0.0016007264080969345
[0, 0, 0, 0, 0, 0, 0, 0, 0, 0, 0, 0, 0, 0, 0, 0, 0, 0, 0, 0, 0, 0, 0, 0, 0, 0, 0, 0, 0, 0, 0, 0, 0, 0, 0, 0, 0, 0, 0, 0, 0, 9, 5, 25, 10, 30, 20, 20, 16, 8, 23, 28, 16, 9, 23, 30, 20, 9, 10, 28, 16, 16, 9, 28, 9, 10, 23, 8, 28, 16, 8, 9, 32, 10, 25, 5, 9, 25, 28, 20, 8]	[54, 0, 0, 0, 0, 2, 0, 0, 4, 7, 4, 0, 0, 0, 0, 0, 5, 0, 0, 0, 4, 0, 0, 3, 0, 3, 0, 0, 5, 0, 2, 0, 1, 0, 0, 0, 0, 0, 0, 0, 0, 0, 0, 0, 0, 0, 0, 0, 0, 0, 0, 0, 0, 0, 0, 0, 0, 0, 0, 0, 0, 0, 0, 0, 0, 0, 0, 0, 0, 0, 0, 0, 0, 0, 0, 0, 0, 0, 0, 0, 0]	0.0016007264080969345
[0, 0, 0, 0, 0, 0, 0, 0, 0, 0, 0, 0, 0, 0, 0, 0, 0, 0, 0, 0, 0, 0, 0, 0, 0, 0, 0, 0, 0, 0, 0, 0, 0, 0, 0, 0, 0, 0, 0, 0, 0, 9, 27, 25, 10, 30, 20, 20, 27, 8, 32, 28, 16, 9, 32, 30, 20, 9, 10, 28, 16, 27, 9, 28, 9, 10, 32, 8, 28, 16, 8, 9, 32, 10, 25, 27, 9, 25, 28, 20, 8]	[54, 0, 0, 0, 0, 0, 0, 0, 4, 7, 4, 0, 0, 0, 0, 0, 3, 0, 0, 0, 4, 0, 0, 0, 0, 3, 0, 4, 5, 0, 2, 0, 4, 0, 0, 0, 0, 0, 0, 0, 0, 0, 0, 0, 0, 0, 0, 0, 0, 0, 0, 0, 0, 0, 0, 0, 0, 0, 0, 0, 0, 0, 0, 0, 0, 0, 0, 0, 0, 0, 0, 0, 0, 0, 0, 0, 0, 0, 0, 0, 0]	0.0016007264080969345
[0, 0, 0, 0, 0, 0, 0, 0, 0, 0, 0, 0, 0, 0, 0, 0, 0, 0, 0, 0, 0, 0, 0, 0, 0, 0, 0, 0, 0, 0, 0, 0, 0, 0, 0, 0, 0, 0, 0, 0, 0, 9, 5, 25, 10, 30, 20, 20, 16, 8, 23, 28, 16, 9, 23, 30, 20, 9, 10, 28, 16, 23, 9, 28, 9, 10, 23, 8, 28, 16, 8, 9, 32, 10, 25, 5, 9, 25, 28, 20, 8]	[54, 0, 0, 0, 0, 2, 0, 0, 4, 7, 4, 0, 0, 0, 0, 0, 4, 0, 0, 0, 4, 0, 0, 4, 0, 3, 0, 0, 5, 0, 2, 0, 1, 0, 0, 0, 0, 0, 0, 0, 0, 0, 0, 0, 0, 0, 0, 0, 0, 0, 0, 0, 0, 0, 0, 0, 0, 0, 0, 0, 0, 0, 0, 0, 0, 0, 0, 0, 0, 0, 0, 0, 0, 0, 0, 0, 0, 0, 0, 0, 0]	0.0016007264080969345
[0, 0, 0, 0, 0, 0, 0, 0, 0, 0, 0, 0, 0, 0, 0, 0, 0, 0, 0, 0, 0, 0, 0, 0, 0, 0, 0, 0, 0, 0, 0, 0, 0, 0, 0, 0, 0, 0, 0, 0, 0, 9, 5, 25, 10, 30, 20, 20, 16, 8, 23, 28, 16, 9, 23, 30, 20, 9, 10, 28, 16, 23, 9, 28, 9, 10, 23, 8, 28, 16, 8, 9, 32, 10, 25, 5, 9, 25, 28, 20, 8]	[54, 0, 0, 0, 0, 2, 0, 0, 4, 7, 4, 0, 0, 0, 0, 0, 4, 0, 0, 0, 4, 0, 0, 4, 0, 3, 0, 0, 5, 0, 2, 0, 1, 0, 0, 0, 0, 0, 0, 0, 0, 0, 0, 0, 0, 0, 0, 0, 0, 0, 0, 0, 0, 0, 0, 0, 0, 0, 0, 0, 0, 0, 0, 0, 0, 0, 0, 0, 0, 0, 0, 0, 0, 0, 0, 0, 0, 0, 0, 0, 0]	0.0016007264080969345
[0, 0, 0, 0, 0, 0, 0, 0, 0, 0, 0, 0, 0, 0, 0, 0, 0, 0, 0, 0, 0, 0, 0, 0, 0, 0, 0, 0, 0, 0, 0, 0, 0, 0, 0, 0, 0, 0, 0, 0, 0, 9, 5, 25, 10, 30, 20, 20, 16, 8, 23, 28, 16, 9, 23, 30, 20, 9, 10, 28, 16, 16, 9, 28, 9, 10, 23, 8, 28, 16, 8, 9, 32, 10, 25, 5, 9, 25, 28, 20, 8]	[54, 0, 0, 0, 0, 2, 0, 0, 4, 7, 4, 0, 0, 0, 0, 0, 5, 0, 0, 0, 4, 0, 0, 3, 0, 3, 0, 0, 5, 0, 2, 0, 1, 0, 0, 0, 0, 0, 0, 0, 0, 0, 0, 0, 0, 0, 0, 0, 0, 0, 0, 0, 0, 0, 0, 0, 0, 0, 0, 0, 0, 0, 0, 0, 0, 0, 0, 0, 0, 0, 0, 0, 0, 0, 0, 0, 0, 0, 0, 0, 0]	0.0016007264080969345
[0, 0, 0, 0, 0, 0, 0, 0, 0, 0, 0, 0, 0, 0, 0, 0, 0, 0, 0, 0, 0, 0, 0, 0, 0, 0, 0, 0, 0, 0, 0, 0, 0, 0, 0, 0, 0, 0, 0, 0, 0, 9, 5, 25, 10, 30, 20, 20, 16, 8, 23, 28, 16, 9, 23, 30, 20, 9, 10, 28, 16, 23, 9, 28, 9, 10, 23, 8, 28, 16, 8, 9, 32, 10, 25, 5, 9, 25, 28, 20, 8]	[54, 0, 0, 0, 0, 2, 0, 0, 4, 7, 4, 0, 0, 0, 0, 0, 4, 0, 0, 0, 4, 0, 0, 4, 0, 3, 0, 0, 5, 0, 2, 0, 1, 0, 0, 0, 0, 0, 0, 0, 0, 0, 0, 0, 0, 0, 0, 0, 0, 0, 0, 0, 0, 0, 0, 0, 0, 0, 0, 0, 0, 0, 0, 0, 0, 0, 0, 0, 0, 0, 0, 0, 0, 0, 0, 0, 0, 0, 0, 0, 0]	0.0016007264080969345
[0, 0, 0, 0, 0, 0, 0, 0, 0, 0, 0, 0, 0, 0, 0, 0, 0, 0, 0, 0, 0, 0, 0, 0, 0, 0, 0, 0, 0, 0, 0, 0, 0, 0, 0, 0, 0, 0, 0, 0, 0, 9, 32, 25, 10, 30, 20, 20, 16, 8, 32, 28, 16, 9, 32, 30, 20, 9, 10, 28, 16, 32, 9, 28, 9, 10, 32, 8, 28, 16, 8, 9, 32, 10, 25, 5, 9, 25, 28, 20, 8]	[54, 0, 0, 0, 0, 1, 0, 0, 4, 7, 4, 0, 0, 0, 0, 0, 4, 0, 0, 0, 4, 0, 0, 0, 0, 3, 0, 0, 5, 0, 2, 0, 6, 0, 0, 0, 0, 0, 0, 0, 0, 0, 0, 0, 0, 0, 0, 0, 0, 0, 0, 0, 0, 0, 0, 0, 0, 0, 0, 0, 0, 0, 0, 0, 0, 0, 0, 0, 0, 0, 0, 0, 0, 0, 0, 0, 0, 0, 0, 0, 0]	0.0016007264080969345
[0, 0, 0, 0, 0, 0, 0, 0, 0, 0, 0, 0, 0, 0, 0, 0, 0, 0, 0, 0, 0, 0, 0, 0, 0, 0, 0, 0, 0, 0, 0, 0, 0, 0, 0, 0, 0, 0, 0, 0, 0, 9, 5, 25, 10, 30, 20, 20, 16, 8, 32, 28, 16, 9, 32, 30, 20, 9, 10, 28, 16, 16, 9, 28, 9, 10, 32, 8, 28, 16, 8, 9, 32, 10, 25, 5, 9, 25, 28, 20, 8]	[54, 0, 0, 0, 0, 2, 0, 0, 4, 7, 4, 0, 0, 0, 0, 0, 5, 0, 0, 0, 4, 0, 0, 0, 0, 3, 0, 0, 5, 0, 2, 0, 4, 0, 0, 0, 0, 0, 0, 0, 0, 0, 0, 0, 0, 0, 0, 0, 0, 0, 0, 0, 0, 0, 0, 0, 0, 0, 0, 0, 0, 0, 0, 0, 0, 0, 0, 0, 0, 0, 0, 0, 0, 0, 0, 0, 0, 0, 0, 0, 0]	0.0016007264080969345
[0, 0, 0, 0, 0, 0, 0, 0, 0, 0, 0, 0, 0, 0, 0, 0, 0, 0, 0, 0, 0, 0, 0, 0, 0, 0, 0, 0, 0, 0, 0, 0, 0, 0, 0, 0, 0, 0, 0, 0, 0, 9, 5, 25, 10, 30, 20, 20, 16, 8, 23, 28, 16, 9, 23, 30, 20, 9, 10, 28, 16, 23, 9, 28, 9, 10, 23, 8, 28, 16, 8, 9, 32, 10, 25, 5, 9, 25, 28, 20, 8]	[54, 0, 0, 0, 0, 2, 0, 0, 4, 7, 4, 0, 0, 0, 0, 0, 4, 0, 0, 0, 4, 0, 0, 4, 0, 3, 0, 0, 5, 0, 2, 0, 1, 0, 0, 0, 0, 0, 0, 0, 0, 0, 0, 0, 0, 0, 0, 0, 0, 0, 0, 0, 0, 0, 0, 0, 0, 0, 0, 0, 0, 0, 0, 0, 0, 0, 0, 0, 0, 0, 0, 0, 0, 0, 0, 0, 0, 0, 0, 0, 0]	0.0016007264080969345
[0, 0, 0, 0, 0, 0, 0, 0, 0, 0, 0, 0, 0, 0, 0, 0, 0, 0, 0, 0, 0, 0, 0, 0, 0, 0, 0, 0, 0, 0, 0, 0, 0, 0, 0, 0, 0, 0, 0, 0, 0, 9, 5, 25, 10, 30, 20, 20, 16, 8, 12, 28, 16, 9, 23, 30, 20, 9, 10, 28, 16, 23, 9, 28, 9, 10, 23, 12, 28, 16, 12, 9, 32, 10, 25, 5, 9, 25, 28, 20, 12]	[54, 0, 0, 0, 0, 2, 0, 0, 1, 7, 4, 0, 4, 0, 0, 0, 4, 0, 0, 0, 4, 0, 0, 3, 0, 3, 0, 0, 5, 0, 2, 0, 1, 0, 0, 0, 0, 0, 0, 0, 0, 0, 0, 0, 0, 0, 0, 0, 0, 0, 0, 0, 0, 0, 0, 0, 0, 0, 0, 0, 0, 0, 0, 0, 0, 0, 0, 0, 0, 0, 0, 0, 0, 0, 0, 0, 0, 0, 0, 0, 0]	0.0016007264080969345
[0, 0, 0, 0, 0, 0, 0, 0, 0, 0, 0, 0, 0, 0, 0, 0, 0, 0, 0, 0, 0, 0, 0, 0, 0, 0, 0, 0, 0, 0, 0, 0, 0, 0, 0, 0, 0, 0, 0, 0, 0, 9, 32, 25, 10, 30, 20, 20, 16, 8, 23, 28, 16, 9, 23, 30, 20, 9, 10, 28, 16, 23, 9, 28, 9, 10, 23, 8, 28, 16, 8, 9, 32, 10, 25, 16, 9, 25, 28, 20, 8]	[54, 0, 0, 0, 0, 0, 0, 0, 4, 7, 4, 0, 0, 0, 0, 0, 5, 0, 0, 0, 4, 0, 0, 4, 0, 3, 0, 0, 5, 0, 2, 0, 2, 0, 0, 0, 0, 0, 0, 0, 0, 0, 0, 0, 0, 0, 0, 0, 0, 0, 0, 0, 0, 0, 0, 0, 0, 0, 0, 0, 0, 0, 0, 0, 0, 0, 0, 0, 0, 0, 0, 0, 0, 0, 0, 0, 0, 0, 0, 0, 0]	0.0016007264080969345
[0, 0, 0, 0, 0, 0, 0, 0, 0, 0, 0, 0, 0, 0, 0, 0, 0, 0, 0, 0, 0, 0, 0, 0, 0, 0, 0, 0, 0, 0, 0, 0, 0, 0, 0, 0, 0, 0, 0, 0, 0, 9, 32, 25, 10, 30, 20, 20, 16, 8, 23, 28, 16, 9, 23, 30, 20, 9, 10, 28, 16, 23, 9, 28, 9, 10, 23, 8, 28, 16, 8, 9, 32, 10, 25, 16, 9, 25, 28, 20, 8]	[54, 0, 0, 0, 0, 0, 0, 0, 4, 7, 4, 0, 0, 0, 0, 0, 5, 0, 0, 0, 4, 0, 0, 4, 0, 3, 0, 0, 5, 0, 2, 0, 2, 0, 0, 0, 0, 0, 0, 0, 0, 0, 0, 0, 0, 0, 0, 0, 0, 0, 0, 0, 0, 0, 0, 0, 0, 0, 0, 0, 0, 0, 0, 0, 0, 0, 0, 0, 0, 0, 0, 0, 0, 0, 0, 0, 0, 0, 0, 0, 0]	0.0016007264080969345
[0, 0, 0, 0, 0, 0, 0, 0, 0, 0, 0, 0, 0, 0, 0, 0, 0, 0, 0, 0, 0, 0, 0, 0, 0, 0, 0, 0, 0, 0, 0, 0, 0, 0, 0, 0, 0, 0, 0, 0, 0, 9, 32, 25, 10, 30, 20, 20, 16, 8, 32, 28, 16, 9, 32, 30, 20, 9, 10, 28, 16, 32, 9, 28, 9, 10, 32, 8, 28, 16, 8, 9, 32, 10, 25, 5, 9, 25, 28, 20, 8]	[54, 0, 0, 0, 0, 1, 0, 0, 4, 7, 4, 0, 0, 0, 0, 0, 4, 0, 0, 0, 4, 0, 0, 0, 0, 3, 0, 0, 5, 0, 2, 0, 6, 0, 0, 0, 0, 0, 0, 0, 0, 0, 0, 0, 0, 0, 0, 0, 0, 0, 0, 0, 0, 0, 0, 0, 0, 0, 0, 0, 0, 0, 0, 0, 0, 0, 0, 0, 0, 0, 0, 0, 0, 0, 0, 0, 0, 0, 0, 0, 0]	0.0016007264080969345
[0, 0, 0, 0, 0, 0, 0, 0, 0, 0, 0, 0, 0, 0, 0, 0, 0, 0, 0, 0, 0, 0, 0, 0, 0, 0, 0, 0, 0, 0, 0, 0, 0, 0, 0, 0, 0, 0, 0, 0, 0, 9, 5, 25, 10, 30, 20, 20, 16, 8, 12, 28, 16, 9, 23, 30, 20, 9, 10, 28, 16, 23, 9, 28, 9, 10, 23, 12, 28, 16, 12, 9, 32, 10, 25, 5, 9, 25, 28, 20, 12]	[54, 0, 0, 0, 0, 2, 0, 0, 1, 7, 4, 0, 4, 0, 0, 0, 4, 0, 0, 0, 4, 0, 0, 3, 0, 3, 0, 0, 5, 0, 2, 0, 1, 0, 0, 0, 0, 0, 0, 0, 0, 0, 0, 0, 0, 0, 0, 0, 0, 0, 0, 0, 0, 0, 0, 0, 0, 0, 0, 0, 0, 0, 0, 0, 0, 0, 0, 0, 0, 0, 0, 0, 0, 0, 0, 0, 0, 0, 0, 0, 0]	0.0016007264080969345
[0, 0, 0, 0, 0, 0, 0, 0, 0, 0, 0, 0, 0, 0, 0, 0, 0, 0, 0, 0, 0, 0, 0, 0, 0, 0, 0, 0, 0, 0, 0, 0, 0, 0, 0, 0, 0, 0, 0, 0, 0, 9, 32, 25, 10, 30, 20, 20, 16, 8, 32, 28, 16, 9, 32, 30, 20, 9, 10, 28, 16, 32, 9, 28, 9, 10, 32, 8, 28, 16, 8, 9, 32, 10, 25, 16, 9, 25, 28, 20, 8]	[54, 0, 0, 0, 0, 0, 0, 0, 4, 7, 4, 0, 0, 0, 0, 0, 5, 0, 0, 0, 4, 0, 0, 0, 0, 3, 0, 0, 5, 0, 2, 0, 6, 0, 0, 0, 0, 0, 0, 0, 0, 0, 0, 0, 0, 0, 0, 0, 0, 0, 0, 0, 0, 0, 0, 0, 0, 0, 0, 0, 0, 0, 0, 0, 0, 0, 0, 0, 0, 0, 0, 0, 0, 0, 0, 0, 0, 0, 0, 0, 0]	0.0016007264080969345
[0, 0, 0, 0, 0, 0, 0, 0, 0, 0, 0, 0, 0, 0, 0, 0, 0, 0, 0, 0, 0, 0, 0, 0, 0, 0, 0, 0, 0, 0, 0, 0, 0, 0, 0, 0, 0, 0, 0, 0, 0, 9, 5, 25, 10, 30, 20, 20, 7, 8, 32, 28, 16, 9, 32, 30, 20, 9, 10, 28, 16, 7, 9, 28, 9, 10, 32, 8, 28, 16, 8, 9, 32, 10, 25, 5, 9, 25, 28, 20, 8]	[54, 0, 0, 0, 0, 2, 0, 2, 4, 7, 4, 0, 0, 0, 0, 0, 3, 0, 0, 0, 4, 0, 0, 0, 0, 3, 0, 0, 5, 0, 2, 0, 4, 0, 0, 0, 0, 0, 0, 0, 0, 0, 0, 0, 0, 0, 0, 0, 0, 0, 0, 0, 0, 0, 0, 0, 0, 0, 0, 0, 0, 0, 0, 0, 0, 0, 0, 0, 0, 0, 0, 0, 0, 0, 0, 0, 0, 0, 0, 0, 0]	0.0016007264080969345
[0, 0, 0, 0, 0, 0, 0, 0, 0, 0, 0, 0, 0, 0, 0, 0, 0, 0, 0, 0, 0, 0, 0, 0, 0, 0, 0, 0, 0, 0, 0, 0, 0, 0, 0, 0, 0, 0, 0, 0, 0, 9, 5, 25, 10, 30, 20, 20, 16, 8, 32, 28, 16, 9, 32, 30, 20, 9, 10, 28, 16, 32, 9, 28, 9, 10, 32, 8, 28, 16, 8, 9, 32, 10, 25, 5, 9, 25, 28, 20, 8]	[54, 0, 0, 0, 0, 2, 0, 0, 4, 7, 4, 0, 0, 0, 0, 0, 4, 0, 0, 0, 4, 0, 0, 0, 0, 3, 0, 0, 5, 0, 2, 0, 5, 0, 0, 0, 0, 0, 0, 0, 0, 0, 0, 0, 0, 0, 0, 0, 0, 0, 0, 0, 0, 0, 0, 0, 0, 0, 0, 0, 0, 0, 0, 0, 0, 0, 0, 0, 0, 0, 0, 0, 0, 0, 0, 0, 0, 0, 0, 0, 0]	0.0016007264080969345
[0, 0, 0, 0, 0, 0, 0, 0, 0, 0, 0, 0, 0, 0, 0, 0, 0, 0, 0, 0, 0, 0, 0, 0, 0, 0, 0, 0, 0, 0, 0, 0, 0, 0, 0, 0, 0, 0, 0, 0, 0, 9, 5, 25, 10, 30, 20, 20, 16, 8, 32, 28, 16, 9, 32, 30, 20, 9, 10, 28, 16, 32, 9, 28, 9, 10, 32, 8, 28, 16, 8, 9, 32, 10, 25, 5, 9, 25, 28, 20, 8]	[54, 0, 0, 0, 0, 2, 0, 0, 4, 7, 4, 0, 0, 0, 0, 0, 4, 0, 0, 0, 4, 0, 0, 0, 0, 3, 0, 0, 5, 0, 2, 0, 5, 0, 0, 0, 0, 0, 0, 0, 0, 0, 0, 0, 0, 0, 0, 0, 0, 0, 0, 0, 0, 0, 0, 0, 0, 0, 0, 0, 0, 0, 0, 0, 0, 0, 0, 0, 0, 0, 0, 0, 0, 0, 0, 0, 0, 0, 0, 0, 0]	0.0016007264080969345
[0, 0, 0, 0, 0, 0, 0, 0, 0, 0, 0, 0, 0, 0, 0, 0, 0, 0, 0, 0, 0, 0, 0, 0, 0, 0, 0, 0, 0, 0, 0, 0, 0, 0, 0, 0, 0, 0, 0, 0, 0, 9, 5, 25, 10, 30, 20, 20, 16, 8, 23, 28, 16, 9, 23, 30, 20, 9, 10, 28, 16, 23, 9, 28, 9, 10, 23, 8, 28, 16, 8, 9, 32, 10, 25, 5, 9, 25, 28, 20, 8]	[54, 0, 0, 0, 0, 2, 0, 0, 4, 7, 4, 0, 0, 0, 0, 0, 4, 0, 0, 0, 4, 0, 0, 4, 0, 3, 0, 0, 5, 0, 2, 0, 1, 0, 0, 0, 0, 0, 0, 0, 0, 0, 0, 0, 0, 0, 0, 0, 0, 0, 0, 0, 0, 0, 0, 0, 0, 0, 0, 0, 0, 0, 0, 0, 0, 0, 0, 0, 0, 0, 0, 0, 0, 0, 0, 0, 0, 0, 0, 0, 0]	0.0016007264080969345
[0, 0, 0, 0, 0, 0, 0, 0, 0, 0, 0, 0, 0, 0, 0, 0, 0, 0, 0, 0, 0, 0, 0, 0, 0, 0, 0, 0, 0, 0, 0, 0, 0, 0, 0, 0, 0, 0, 0, 0, 0, 9, 5, 25, 10, 30, 20, 20, 16, 8, 32, 28, 16, 9, 32, 30, 20, 9, 10, 28, 16, 32, 9, 28, 9, 10, 32, 8, 28, 16, 8, 9, 32, 10, 25, 5, 9, 25, 28, 20, 8]	[54, 0, 0, 0, 0, 2, 0, 0, 4, 7, 4, 0, 0, 0, 0, 0, 4, 0, 0, 0, 4, 0, 0, 0, 0, 3, 0, 0, 5, 0, 2, 0, 5, 0, 0, 0, 0, 0, 0, 0, 0, 0, 0, 0, 0, 0, 0, 0, 0, 0, 0, 0, 0, 0, 0, 0, 0, 0, 0, 0, 0, 0, 0, 0, 0, 0, 0, 0, 0, 0, 0, 0, 0, 0, 0, 0, 0, 0, 0, 0, 0]	0.0016007264080969345
[0, 0, 0, 0, 0, 0, 0, 0, 0, 0, 0, 0, 0, 0, 0, 0, 0, 0, 0, 0, 0, 0, 0, 0, 0, 0, 0, 0, 0, 0, 0, 0, 0, 0, 0, 0, 0, 0, 0, 0, 0, 9, 5, 25, 10, 30, 20, 20, 16, 8, 23, 28, 16, 9, 23, 30, 20, 9, 10, 28, 16, 23, 9, 28, 9, 10, 23, 8, 28, 16, 8, 9, 32, 10, 25, 5, 9, 25, 28, 20, 8]	[54, 0, 0, 0, 0, 2, 0, 0, 4, 7, 4, 0, 0, 0, 0, 0, 4, 0, 0, 0, 4, 0, 0, 4, 0, 3, 0, 0, 5, 0, 2, 0, 1, 0, 0, 0, 0, 0, 0, 0, 0, 0, 0, 0, 0, 0, 0, 0, 0, 0, 0, 0, 0, 0, 0, 0, 0, 0, 0, 0, 0, 0, 0, 0, 0, 0, 0, 0, 0, 0, 0, 0, 0, 0, 0, 0, 0, 0, 0, 0, 0]	0.0016007264080969345
[0, 0, 0, 0, 0, 0, 0, 0, 0, 0, 0, 0, 0, 0, 0, 0, 0, 0, 0, 0, 0, 0, 0, 0, 0, 0, 0, 0, 0, 0, 0, 0, 0, 0, 0, 0, 0, 0, 0, 0, 0, 9, 5, 25, 10, 30, 20, 20, 7, 8, 32, 28, 16, 9, 32, 30, 20, 9, 10, 28, 16, 32, 9, 28, 9, 10, 32, 8, 28, 16, 8, 9, 32, 10, 25, 5, 9, 25, 28, 20, 8]	[54, 0, 0, 0, 0, 2, 0, 1, 4, 7, 4, 0, 0, 0, 0, 0, 3, 0, 0, 0, 4, 0, 0, 0, 0, 3, 0, 0, 5, 0, 2, 0, 5, 0, 0, 0, 0, 0, 0, 0, 0, 0, 0, 0, 0, 0, 0, 0, 0, 0, 0, 0, 0, 0, 0, 0, 0, 0, 0, 0, 0, 0, 0, 0, 0, 0, 0, 0, 0, 0, 0, 0, 0, 0, 0, 0, 0, 0, 0, 0, 0]	0.0016007264080969345
[0, 0, 0, 0, 0, 0, 0, 0, 0, 0, 0, 0, 0, 0, 0, 0, 0, 0, 0, 0, 0, 0, 0, 0, 0, 0, 0, 0, 0, 0, 0, 0, 0, 0, 0, 0, 0, 0, 0, 0, 0, 9, 5, 25, 10, 30, 20, 20, 16, 8, 23, 28, 16, 9, 23, 30, 20, 9, 10, 1, 16, 23, 9, 1, 9, 10, 23, 8, 28, 16, 8, 9, 32, 10, 25, 5, 9, 25, 28, 20, 8]	[54, 2, 0, 0, 0, 2, 0, 0, 4, 7, 4, 0, 0, 0, 0, 0, 4, 0, 0, 0, 4, 0, 0, 4, 0, 3, 0, 0, 3, 0, 2, 0, 1, 0, 0, 0, 0, 0, 0, 0, 0, 0, 0, 0, 0, 0, 0, 0, 0, 0, 0, 0, 0, 0, 0, 0, 0, 0, 0, 0, 0, 0, 0, 0, 0, 0, 0, 0, 0, 0, 0, 0, 0, 0, 0, 0, 0, 0, 0, 0, 0]	0.0016007264080969345
[0, 0, 0, 0, 0, 0, 0, 0, 0, 0, 0, 0, 0, 0, 0, 0, 0, 0, 0, 0, 0, 0, 0, 0, 0, 0, 0, 0, 0, 0, 0, 0, 0, 0, 0, 0, 0, 0, 0, 0, 0, 9, 5, 25, 10, 30, 20, 20, 16, 8, 32, 28, 16, 9, 32, 30, 20, 9, 10, 28, 16, 32, 9, 28, 9, 10, 32, 8, 28, 16, 8, 9, 32, 10, 25, 5, 9, 25, 28, 20, 8]	[54, 0, 0, 0, 0, 2, 0, 0, 4, 7, 4, 0, 0, 0, 0, 0, 4, 0, 0, 0, 4, 0, 0, 0, 0, 3, 0, 0, 5, 0, 2, 0, 5, 0, 0, 0, 0, 0, 0, 0, 0, 0, 0, 0, 0, 0, 0, 0, 0, 0, 0, 0, 0, 0, 0, 0, 0, 0, 0, 0, 0, 0, 0, 0, 0, 0, 0, 0, 0, 0, 0, 0, 0, 0, 0, 0, 0, 0, 0, 0, 0]	0.0016007264080969345
[0, 0, 0, 0, 0, 0, 0, 0, 0, 0, 0, 0, 0, 0, 0, 0, 0, 0, 0, 0, 0, 0, 0, 0, 0, 0, 0, 0, 0, 0, 0, 0, 0, 0, 0, 0, 0, 0, 0, 0, 0, 9, 5, 25, 10, 30, 20, 20, 16, 8, 32, 28, 16, 9, 32, 30, 20, 9, 10, 28, 16, 16, 9, 28, 9, 10, 32, 8, 28, 16, 8, 9, 32, 10, 25, 5, 9, 25, 28, 20, 8]	[54, 0, 0, 0, 0, 2, 0, 0, 4, 7, 4, 0, 0, 0, 0, 0, 5, 0, 0, 0, 4, 0, 0, 0, 0, 3, 0, 0, 5, 0, 2, 0, 4, 0, 0, 0, 0, 0, 0, 0, 0, 0, 0, 0, 0, 0, 0, 0, 0, 0, 0, 0, 0, 0, 0, 0, 0, 0, 0, 0, 0, 0, 0, 0, 0, 0, 0, 0, 0, 0, 0, 0, 0, 0, 0, 0, 0, 0, 0, 0, 0]	0.0016007264080969345
[0, 0, 0, 0, 0, 0, 0, 0, 0, 0, 0, 0, 0, 0, 0, 0, 0, 0, 0, 0, 0, 0, 0, 0, 0, 0, 0, 0, 0, 0, 0, 0, 0, 0, 0, 0, 0, 0, 0, 0, 0, 9, 5, 25, 10, 30, 20, 20, 7, 8, 32, 28, 16, 9, 32, 30, 20, 9, 10, 28, 16, 32, 9, 28, 9, 10, 32, 8, 28, 16, 8, 9, 32, 10, 25, 5, 9, 25, 28, 20, 8]	[54, 0, 0, 0, 0, 2, 0, 1, 4, 7, 4, 0, 0, 0, 0, 0, 3, 0, 0, 0, 4, 0, 0, 0, 0, 3, 0, 0, 5, 0, 2, 0, 5, 0, 0, 0, 0, 0, 0, 0, 0, 0, 0, 0, 0, 0, 0, 0, 0, 0, 0, 0, 0, 0, 0, 0, 0, 0, 0, 0, 0, 0, 0, 0, 0, 0, 0, 0, 0, 0, 0, 0, 0, 0, 0, 0, 0, 0, 0, 0, 0]	0.0016007264080969345
[0, 0, 0, 0, 0, 0, 0, 0, 0, 0, 0, 0, 0, 0, 0, 0, 0, 0, 0, 0, 0, 0, 0, 0, 0, 0, 0, 0, 0, 0, 0, 0, 0, 0, 0, 0, 0, 0, 0, 0, 0, 9, 5, 25, 10, 30, 20, 20, 16, 8, 32, 28, 16, 9, 32, 30, 20, 9, 10, 28, 16, 32, 9, 28, 9, 10, 32, 8, 28, 16, 8, 9, 32, 10, 25, 5, 9, 25, 28, 20, 8]	[54, 0, 0, 0, 0, 2, 0, 0, 4, 7, 4, 0, 0, 0, 0, 0, 4, 0, 0, 0, 4, 0, 0, 0, 0, 3, 0, 0, 5, 0, 2, 0, 5, 0, 0, 0, 0, 0, 0, 0, 0, 0, 0, 0, 0, 0, 0, 0, 0, 0, 0, 0, 0, 0, 0, 0, 0, 0, 0, 0, 0, 0, 0, 0, 0, 0, 0, 0, 0, 0, 0, 0, 0, 0, 0, 0, 0, 0, 0, 0, 0]	0.0016007264080969345
[0, 0, 0, 0, 0, 0, 0, 0, 0, 0, 0, 0, 0, 0, 0, 0, 0, 0, 0, 0, 0, 0, 0, 0, 0, 0, 0, 0, 0, 0, 0, 0, 0, 0, 0, 0, 0, 0, 0, 0, 0, 9, 5, 25, 10, 30, 20, 20, 16, 8, 12, 28, 16, 9, 32, 30, 20, 9, 10, 28, 16, 32, 9, 28, 9, 10, 32, 12, 28, 16, 12, 9, 32, 10, 25, 5, 9, 25, 28, 20, 12]	[54, 0, 0, 0, 0, 2, 0, 0, 1, 7, 4, 0, 4, 0, 0, 0, 4, 0, 0, 0, 4, 0, 0, 0, 0, 3, 0, 0, 5, 0, 2, 0, 4, 0, 0, 0, 0, 0, 0, 0, 0, 0, 0, 0, 0, 0, 0, 0, 0, 0, 0, 0, 0, 0, 0, 0, 0, 0, 0, 0, 0, 0, 0, 0, 0, 0, 0, 0, 0, 0, 0, 0, 0, 0, 0, 0, 0, 0, 0, 0, 0]	0.0016007264080969345
[0, 0, 0, 0, 0, 0, 0, 0, 0, 0, 0, 0, 0, 0, 0, 0, 0, 0, 0, 0, 0, 0, 0, 0, 0, 0, 0, 0, 0, 0, 0, 0, 0, 0, 0, 0, 0, 0, 0, 0, 0, 9, 5, 28, 10, 30, 20, 20, 27, 8, 32, 28, 16, 9, 32, 30, 20, 9, 10, 1, 16, 27, 9, 1, 9, 10, 32, 8, 28, 16, 8, 9, 32, 10, 28, 5, 9, 28, 28, 20, 8]	[54, 2, 0, 0, 0, 2, 0, 0, 4, 7, 4, 0, 0, 0, 0, 0, 3, 0, 0, 0, 4, 0, 0, 0, 0, 0, 0, 2, 6, 0, 2, 0, 4, 0, 0, 0, 0, 0, 0, 0, 0, 0, 0, 0, 0, 0, 0, 0, 0, 0, 0, 0, 0, 0, 0, 0, 0, 0, 0, 0, 0, 0, 0, 0, 0, 0, 0, 0, 0, 0, 0, 0, 0, 0, 0, 0, 0, 0, 0, 0, 0]	0.0016007264080969345
[0, 0, 0, 0, 0, 0, 0, 0, 0, 0, 0, 0, 0, 0, 0, 0, 0, 0, 0, 0, 0, 0, 0, 0, 0, 0, 0, 0, 0, 0, 0, 0, 0, 0, 0, 0, 0, 0, 0, 0, 0, 9, 5, 25, 10, 30, 20, 20, 16, 8, 23, 28, 16, 9, 23, 30, 20, 9, 10, 28, 16, 23, 9, 28, 9, 10, 23, 8, 28, 16, 8, 9, 32, 10, 25, 5, 9, 25, 28, 20, 8]	[54, 0, 0, 0, 0, 2, 0, 0, 4, 7, 4, 0, 0, 0, 0, 0, 4, 0, 0, 0, 4, 0, 0, 4, 0, 3, 0, 0, 5, 0, 2, 0, 1, 0, 0, 0, 0, 0, 0, 0, 0, 0, 0, 0, 0, 0, 0, 0, 0, 0, 0, 0, 0, 0, 0, 0, 0, 0, 0, 0, 0, 0, 0, 0, 0, 0, 0, 0, 0, 0, 0, 0, 0, 0, 0, 0, 0, 0, 0, 0, 0]	0.0016007264080969345
[0, 0, 0, 0, 0, 0, 0, 0, 0, 0, 0, 0, 0, 0, 0, 0, 0, 0, 0, 0, 0, 0, 0, 0, 0, 0, 0, 0, 0, 0, 0, 0, 0, 0, 0, 0, 0, 0, 0, 0, 0, 9, 5, 25, 10, 30, 20, 20, 7, 8, 23, 28, 16, 9, 23, 30, 20, 9, 10, 28, 16, 7, 9, 28, 9, 10, 23, 8, 28, 16, 8, 9, 32, 10, 25, 5, 9, 25, 28, 20, 8]	[54, 0, 0, 0, 0, 2, 0, 2, 4, 7, 4, 0, 0, 0, 0, 0, 3, 0, 0, 0, 4, 0, 0, 3, 0, 3, 0, 0, 5, 0, 2, 0, 1, 0, 0, 0, 0, 0, 0, 0, 0, 0, 0, 0, 0, 0, 0, 0, 0, 0, 0, 0, 0, 0, 0, 0, 0, 0, 0, 0, 0, 0, 0, 0, 0, 0, 0, 0, 0, 0, 0, 0, 0, 0, 0, 0, 0, 0, 0, 0, 0]	0.0016007264080969345
[0, 0, 0, 0, 0, 0, 0, 0, 0, 0, 0, 0, 0, 0, 0, 0, 0, 0, 0, 0, 0, 0, 0, 0, 0, 0, 0, 0, 0, 0, 0, 0, 0, 0, 0, 0, 0, 0, 0, 0, 0, 9, 5, 25, 10, 30, 20, 20, 16, 8, 32, 28, 16, 9, 32, 30, 20, 9, 10, 1, 16, 32, 9, 1, 9, 10, 32, 8, 28, 16, 8, 9, 32, 10, 25, 5, 9, 25, 28, 20, 8]	[54, 2, 0, 0, 0, 2, 0, 0, 4, 7, 4, 0, 0, 0, 0, 0, 4, 0, 0, 0, 4, 0, 0, 0, 0, 3, 0, 0, 3, 0, 2, 0, 5, 0, 0, 0, 0, 0, 0, 0, 0, 0, 0, 0, 0, 0, 0, 0, 0, 0, 0, 0, 0, 0, 0, 0, 0, 0, 0, 0, 0, 0, 0, 0, 0, 0, 0, 0, 0, 0, 0, 0, 0, 0, 0, 0, 0, 0, 0, 0, 0]	0.0016007264080969345
[0, 0, 0, 0, 0, 0, 0, 0, 0, 0, 0, 0, 0, 0, 0, 0, 0, 0, 0, 0, 0, 0, 0, 0, 0, 0, 0, 0, 0, 0, 0, 0, 0, 0, 0, 0, 0, 0, 0, 0, 0, 9, 5, 25, 10, 30, 20, 20, 16, 8, 23, 28, 16, 9, 23, 30, 20, 9, 10, 28, 16, 23, 9, 28, 9, 10, 23, 8, 28, 16, 8, 9, 32, 10, 25, 5, 9, 25, 28, 20, 8]	[54, 0, 0, 0, 0, 2, 0, 0, 4, 7, 4, 0, 0, 0, 0, 0, 4, 0, 0, 0, 4, 0, 0, 4, 0, 3, 0, 0, 5, 0, 2, 0, 1, 0, 0, 0, 0, 0, 0, 0, 0, 0, 0, 0, 0, 0, 0, 0, 0, 0, 0, 0, 0, 0, 0, 0, 0, 0, 0, 0, 0, 0, 0, 0, 0, 0, 0, 0, 0, 0, 0, 0, 0, 0, 0, 0, 0, 0, 0, 0, 0]	0.0016007264080969345
[0, 0, 0, 0, 0, 0, 0, 0, 0, 0, 0, 0, 0, 0, 0, 0, 0, 0, 0, 0, 0, 0, 0, 0, 0, 0, 0, 0, 0, 0, 0, 0, 0, 0, 0, 0, 0, 0, 0, 0, 0, 9, 5, 25, 10, 30, 20, 20, 7, 8, 32, 28, 16, 9, 32, 30, 20, 9, 10, 28, 16, 32, 9, 28, 9, 10, 32, 8, 28, 16, 8, 9, 32, 10, 25, 5, 9, 25, 28, 20, 8]	[54, 0, 0, 0, 0, 2, 0, 1, 4, 7, 4, 0, 0, 0, 0, 0, 3, 0, 0, 0, 4, 0, 0, 0, 0, 3, 0, 0, 5, 0, 2, 0, 5, 0, 0, 0, 0, 0, 0, 0, 0, 0, 0, 0, 0, 0, 0, 0, 0, 0, 0, 0, 0, 0, 0, 0, 0, 0, 0, 0, 0, 0, 0, 0, 0, 0, 0, 0, 0, 0, 0, 0, 0, 0, 0, 0, 0, 0, 0, 0, 0]	0.0016007264080969345
[0, 0, 0, 0, 0, 0, 0, 0, 0, 0, 0, 0, 0, 0, 0, 0, 0, 0, 0, 0, 0, 0, 0, 0, 0, 0, 0, 0, 0, 0, 0, 0, 0, 0, 0, 0, 0, 0, 0, 0, 0, 9, 5, 25, 10, 30, 20, 20, 16, 8, 12, 28, 16, 9, 32, 30, 20, 9, 10, 28, 16, 32, 9, 28, 9, 10, 32, 12, 28, 16, 12, 9, 32, 10, 25, 5, 9, 25, 28, 20, 12]	[54, 0, 0, 0, 0, 2, 0, 0, 1, 7, 4, 0, 4, 0, 0, 0, 4, 0, 0, 0, 4, 0, 0, 0, 0, 3, 0, 0, 5, 0, 2, 0, 4, 0, 0, 0, 0, 0, 0, 0, 0, 0, 0, 0, 0, 0, 0, 0, 0, 0, 0, 0, 0, 0, 0, 0, 0, 0, 0, 0, 0, 0, 0, 0, 0, 0, 0, 0, 0, 0, 0, 0, 0, 0, 0, 0, 0, 0, 0, 0, 0]	0.0016007264080969345
[0, 0, 0, 0, 0, 0, 0, 0, 0, 0, 0, 0, 0, 0, 0, 0, 0, 0, 0, 0, 0, 0, 0, 0, 0, 0, 0, 0, 0, 0, 0, 0, 0, 0, 0, 0, 0, 0, 0, 0, 0, 9, 5, 25, 10, 30, 20, 20, 16, 8, 12, 28, 16, 9, 32, 30, 20, 9, 10, 28, 16, 32, 9, 28, 9, 10, 32, 12, 28, 16, 12, 9, 32, 10, 25, 5, 9, 25, 28, 20, 12]	[54, 0, 0, 0, 0, 2, 0, 0, 1, 7, 4, 0, 4, 0, 0, 0, 4, 0, 0, 0, 4, 0, 0, 0, 0, 3, 0, 0, 5, 0, 2, 0, 4, 0, 0, 0, 0, 0, 0, 0, 0, 0, 0, 0, 0, 0, 0, 0, 0, 0, 0, 0, 0, 0, 0, 0, 0, 0, 0, 0, 0, 0, 0, 0, 0, 0, 0, 0, 0, 0, 0, 0, 0, 0, 0, 0, 0, 0, 0, 0, 0]	0.0016007264080969345
[0, 0, 0, 0, 0, 0, 0, 0, 0, 0, 0, 0, 0, 0, 0, 0, 0, 0, 0, 0, 0, 0, 0, 0, 0, 0, 0, 0, 0, 0, 0, 0, 0, 0, 0, 0, 0, 0, 0, 0, 0, 9, 7, 25, 10, 30, 20, 20, 7, 8, 32, 28, 16, 9, 32, 30, 20, 9, 10, 1, 22, 7, 9, 1, 9, 10, 32, 8, 28, 16, 8, 9, 32, 10, 25, 7, 9, 25, 28, 20, 8]	[54, 2, 0, 0, 0, 0, 0, 4, 4, 7, 4, 0, 0, 0, 0, 0, 2, 0, 0, 0, 4, 0, 1, 0, 0, 3, 0, 0, 3, 0, 2, 0, 4, 0, 0, 0, 0, 0, 0, 0, 0, 0, 0, 0, 0, 0, 0, 0, 0, 0, 0, 0, 0, 0, 0, 0, 0, 0, 0, 0, 0, 0, 0, 0, 0, 0, 0, 0, 0, 0, 0, 0, 0, 0, 0, 0, 0, 0, 0, 0, 0]	0.0016007264080969345
[0, 0, 0, 0, 0, 0, 0, 0, 0, 0, 0, 0, 0, 0, 0, 0, 0, 0, 0, 0, 0, 0, 0, 0, 0, 0, 0, 0, 0, 0, 0, 0, 0, 0, 0, 0, 0, 0, 0, 0, 0, 9, 5, 25, 10, 30, 20, 20, 16, 8, 32, 28, 16, 9, 32, 30, 20, 9, 10, 1, 16, 32, 9, 1, 9, 10, 32, 8, 28, 16, 8, 9, 32, 10, 25, 5, 9, 25, 28, 20, 8]	[54, 2, 0, 0, 0, 2, 0, 0, 4, 7, 4, 0, 0, 0, 0, 0, 4, 0, 0, 0, 4, 0, 0, 0, 0, 3, 0, 0, 3, 0, 2, 0, 5, 0, 0, 0, 0, 0, 0, 0, 0, 0, 0, 0, 0, 0, 0, 0, 0, 0, 0, 0, 0, 0, 0, 0, 0, 0, 0, 0, 0, 0, 0, 0, 0, 0, 0, 0, 0, 0, 0, 0, 0, 0, 0, 0, 0, 0, 0, 0, 0]	0.0016007264080969345
[0, 0, 0, 0, 0, 0, 0, 0, 0, 0, 0, 0, 0, 0, 0, 0, 0, 0, 0, 0, 0, 0, 0, 0, 0, 0, 0, 0, 0, 0, 0, 0, 0, 0, 0, 0, 0, 0, 0, 0, 0, 9, 5, 25, 10, 30, 20, 20, 7, 8, 12, 28, 16, 9, 32, 30, 20, 9, 10, 28, 16, 32, 9, 28, 9, 10, 32, 12, 28, 16, 12, 9, 32, 10, 25, 5, 9, 25, 28, 20, 12]	[54, 0, 0, 0, 0, 2, 0, 1, 1, 7, 4, 0, 4, 0, 0, 0, 3, 0, 0, 0, 4, 0, 0, 0, 0, 3, 0, 0, 5, 0, 2, 0, 4, 0, 0, 0, 0, 0, 0, 0, 0, 0, 0, 0, 0, 0, 0, 0, 0, 0, 0, 0, 0, 0, 0, 0, 0, 0, 0, 0, 0, 0, 0, 0, 0, 0, 0, 0, 0, 0, 0, 0, 0, 0, 0, 0, 0, 0, 0, 0, 0]	0.0016007264080969345
[0, 0, 0, 0, 0, 0, 0, 0, 0, 0, 0, 0, 0, 0, 0, 0, 0, 0, 0, 0, 0, 0, 0, 0, 0, 0, 0, 0, 0, 0, 0, 0, 0, 0, 0, 0, 0, 0, 0, 0, 0, 9, 5, 25, 11, 30, 20, 20, 16, 8, 23, 28, 16, 9, 23, 30, 20, 9, 11, 1, 16, 23, 9, 1, 9, 11, 23, 8, 28, 16, 8, 9, 32, 11, 25, 5, 9, 25, 28, 20, 8]	[54, 2, 0, 0, 0, 2, 0, 0, 4, 7, 0, 4, 0, 0, 0, 0, 4, 0, 0, 0, 4, 0, 0, 4, 0, 3, 0, 0, 3, 0, 2, 0, 1, 0, 0, 0, 0, 0, 0, 0, 0, 0, 0, 0, 0, 0, 0, 0, 0, 0, 0, 0, 0, 0, 0, 0, 0, 0, 0, 0, 0, 0, 0, 0, 0, 0, 0, 0, 0, 0, 0, 0, 0, 0, 0, 0, 0, 0, 0, 0, 0]	0.0016007264080969345
[0, 0, 0, 0, 0, 0, 0, 0, 0, 0, 0, 0, 0, 0, 0, 0, 0, 0, 0, 0, 0, 0, 0, 0, 0, 0, 0, 0, 0, 0, 0, 0, 0, 0, 0, 0, 0, 0, 0, 0, 0, 9, 5, 25, 10, 30, 20, 20, 16, 8, 12, 28, 16, 9, 32, 30, 20, 9, 10, 28, 16, 32, 9, 28, 9, 10, 32, 12, 28, 16, 12, 9, 32, 10, 25, 5, 9, 25, 28, 20, 12]	[54, 0, 0, 0, 0, 2, 0, 0, 1, 7, 4, 0, 4, 0, 0, 0, 4, 0, 0, 0, 4, 0, 0, 0, 0, 3, 0, 0, 5, 0, 2, 0, 4, 0, 0, 0, 0, 0, 0, 0, 0, 0, 0, 0, 0, 0, 0, 0, 0, 0, 0, 0, 0, 0, 0, 0, 0, 0, 0, 0, 0, 0, 0, 0, 0, 0, 0, 0, 0, 0, 0, 0, 0, 0, 0, 0, 0, 0, 0, 0, 0]	0.0016007264080969345
[0, 0, 0, 0, 0, 0, 0, 0, 0, 0, 0, 0, 0, 0, 0, 0, 0, 0, 0, 0, 0, 0, 0, 0, 0, 0, 0, 0, 0, 0, 0, 0, 0, 0, 0, 0, 0, 0, 0, 0, 0, 9, 5, 25, 10, 30, 20, 20, 16, 8, 32, 28, 16, 9, 32, 30, 20, 9, 10, 1, 16, 32, 9, 1, 9, 10, 32, 8, 28, 16, 8, 9, 32, 10, 25, 5, 9, 25, 28, 20, 8]	[54, 2, 0, 0, 0, 2, 0, 0, 4, 7, 4, 0, 0, 0, 0, 0, 4, 0, 0, 0, 4, 0, 0, 0, 0, 3, 0, 0, 3, 0, 2, 0, 5, 0, 0, 0, 0, 0, 0, 0, 0, 0, 0, 0, 0, 0, 0, 0, 0, 0, 0, 0, 0, 0, 0, 0, 0, 0, 0, 0, 0, 0, 0, 0, 0, 0, 0, 0, 0, 0, 0, 0, 0, 0, 0, 0, 0, 0, 0, 0, 0]	0.0016007264080969345
[0, 0, 0, 0, 0, 0, 0, 0, 0, 0, 0, 0, 0, 0, 0, 0, 0, 0, 0, 0, 0, 0, 0, 0, 0, 0, 0, 0, 0, 0, 0, 0, 0, 0, 0, 0, 0, 0, 0, 0, 0, 9, 5, 25, 10, 30, 20, 20, 7, 8, 32, 28, 16, 9, 32, 30, 20, 9, 10, 1, 16, 32, 9, 1, 9, 10, 32, 8, 28, 16, 8, 9, 32, 10, 25, 5, 9, 25, 28, 20, 8]	[54, 2, 0, 0, 0, 2, 0, 1, 4, 7, 4, 0, 0, 0, 0, 0, 3, 0, 0, 0, 4, 0, 0, 0, 0, 3, 0, 0, 3, 0, 2, 0, 5, 0, 0, 0, 0, 0, 0, 0, 0, 0, 0, 0, 0, 0, 0, 0, 0, 0, 0, 0, 0, 0, 0, 0, 0, 0, 0, 0, 0, 0, 0, 0, 0, 0, 0, 0, 0, 0, 0, 0, 0, 0, 0, 0, 0, 0, 0, 0, 0]	0.0016007264080969345
[0, 0, 0, 0, 0, 0, 0, 0, 0, 0, 0, 0, 0, 0, 0, 0, 0, 0, 0, 0, 0, 0, 0, 0, 0, 0, 0, 0, 0, 0, 0, 0, 0, 0, 0, 0, 0, 0, 0, 0, 0, 24, 16, 25, 10, 30, 20, 20, 16, 8, 23, 28, 16, 9, 23, 30, 20, 24, 10, 1, 16, 23, 24, 1, 9, 10, 23, 8, 28, 16, 8, 9, 32, 10, 25, 16, 24, 25, 28, 20, 8]	[54, 2, 0, 0, 0, 0, 0, 0, 4, 3, 4, 0, 0, 0, 0, 0, 6, 0, 0, 0, 4, 0, 0, 4, 4, 3, 0, 0, 3, 0, 2, 0, 1, 0, 0, 0, 0, 0, 0, 0, 0, 0, 0, 0, 0, 0, 0, 0, 0, 0, 0, 0, 0, 0, 0, 0, 0, 0, 0, 0, 0, 0, 0, 0, 0, 0, 0, 0, 0, 0, 0, 0, 0, 0, 0, 0, 0, 0, 0, 0, 0]	0.0014009151493609782
[0, 0, 0, 0, 0, 0, 0, 0, 0, 0, 0, 0, 0, 0, 0, 0, 0, 0, 0, 0, 0, 0, 0, 0, 0, 0, 0, 0, 0, 0, 0, 0, 0, 0, 0, 0, 0, 0, 0, 0, 0, 24, 32, 25, 10, 30, 20, 20, 16, 8, 23, 28, 16, 9, 23, 30, 20, 24, 10, 1, 16, 23, 24, 1, 9, 10, 23, 8, 28, 16, 8, 9, 32, 10, 25, 16, 24, 25, 28, 20, 8]	[54, 2, 0, 0, 0, 0, 0, 0, 4, 3, 4, 0, 0, 0, 0, 0, 5, 0, 0, 0, 4, 0, 0, 4, 4, 3, 0, 0, 3, 0, 2, 0, 2, 0, 0, 0, 0, 0, 0, 0, 0, 0, 0, 0, 0, 0, 0, 0, 0, 0, 0, 0, 0, 0, 0, 0, 0, 0, 0, 0, 0, 0, 0, 0, 0, 0, 0, 0, 0, 0, 0, 0, 0, 0, 0, 0, 0, 0, 0, 0, 0]	0.0012009151493609781
[0, 0, 0, 0, 0, 0, 0, 0, 0, 0, 0, 0, 0, 0, 0, 0, 0, 0, 0, 0, 0, 0, 0, 0, 0, 0, 0, 0, 0, 0, 0, 0, 0, 0, 0, 0, 0, 0, 0, 0, 0, 24, 32, 25, 10, 30, 20, 20, 16, 8, 23, 28, 16, 9, 23, 30, 20, 24, 10, 1, 16, 23, 24, 1, 9, 10, 23, 8, 28, 16, 8, 9, 32, 10, 25, 16, 24, 25, 28, 20, 8]	[54, 2, 0, 0, 0, 0, 0, 0, 4, 3, 4, 0, 0, 0, 0, 0, 5, 0, 0, 0, 4, 0, 0, 4, 4, 3, 0, 0, 3, 0, 2, 0, 2, 0, 0, 0, 0, 0, 0, 0, 0, 0, 0, 0, 0, 0, 0, 0, 0, 0, 0, 0, 0, 0, 0, 0, 0, 0, 0, 0, 0, 0, 0, 0, 0, 0, 0, 0, 0, 0, 0, 0, 0, 0, 0, 0, 0, 0, 0, 0, 0]	0.0012009151493609781
[0, 0, 0, 0, 0, 0, 0, 0, 0, 0, 0, 0, 0, 0, 0, 0, 0, 0, 0, 0, 0, 0, 0, 0, 0, 0, 0, 0, 0, 0, 0, 0, 0, 0, 0, 0, 0, 0, 0, 0, 0, 24, 36, 25, 10, 30, 20, 20, 14, 8, 36, 28, 16, 9, 23, 30, 20, 24, 10, 28, 16, 36, 24, 28, 9, 10, 23, 8, 28, 16, 8, 9, 32, 10, 25, 14, 24, 25, 28, 20, 8]	[54, 0, 0, 0, 0, 0, 0, 0, 4, 3, 4, 0, 0, 0, 2, 0, 3, 0, 0, 0, 4, 0, 0, 2, 4, 3, 0, 0, 5, 0, 2, 0, 1, 0, 0, 0, 3, 0, 0, 0, 0, 0, 0, 0, 0, 0, 0, 0, 0, 0, 0, 0, 0, 0, 0, 0, 0, 0, 0, 0, 0, 0, 0, 0, 0, 0, 0, 0, 0, 0, 0, 0, 0, 0, 0, 0, 0, 0, 0, 0, 0]	0.0012009090297182068
[0, 0, 0, 0, 0, 0, 0, 0, 0, 0, 0, 0, 0, 0, 0, 0, 0, 0, 0, 0, 0, 0, 0, 0, 0, 0, 0, 0, 0, 0, 0, 0, 0, 0, 0, 0, 0, 0, 0, 0, 0, 24, 7, 25, 10, 30, 20, 20, 7, 8, 23, 28, 16, 9, 23, 30, 20, 24, 10, 28, 16, 23, 24, 28, 9, 10, 23, 8, 28, 16, 8, 9, 32, 10, 25, 7, 24, 25, 28, 20, 8]	[54, 0, 0, 0, 0, 0, 0, 3, 4, 3, 4, 0, 0, 0, 0, 0, 3, 0, 0, 0, 4, 0, 0, 4, 4, 3, 0, 0, 5, 0, 2, 0, 1, 0, 0, 0, 0, 0, 0, 0, 0, 0, 0, 0, 0, 0, 0, 0, 0, 0, 0, 0, 0, 0, 0, 0, 0, 0, 0, 0, 0, 0, 0, 0, 0, 0, 0, 0, 0, 0, 0, 0, 0, 0, 0, 0, 0, 0, 0, 0, 0]	0.0012009090297182068
[0, 0, 0, 0, 0, 0, 0, 0, 0, 0, 0, 0, 0, 0, 0, 0, 0, 0, 0, 0, 0, 0, 0, 0, 0, 0, 0, 0, 0, 0, 0, 0, 0, 0, 0, 0, 0, 0, 0, 0, 0, 24, 16, 25, 10, 30, 20, 20, 16, 8, 23, 28, 16, 9, 23, 37, 20, 24, 10, 37, 37, 23, 24, 37, 9, 10, 23, 8, 28, 16, 8, 9, 32, 10, 25, 37, 24, 25, 28, 20, 8]	[54, 0, 0, 0, 0, 0, 0, 0, 4, 3, 4, 0, 0, 0, 0, 0, 4, 0, 0, 0, 4, 0, 0, 4, 4, 3, 0, 0, 3, 0, 1, 0, 1, 0, 0, 0, 0, 5, 0, 0, 0, 0, 0, 0, 0, 0, 0, 0, 0, 0, 0, 0, 0, 0, 0, 0, 0, 0, 0, 0, 0, 0, 0, 0, 0, 0, 0, 0, 0, 0, 0, 0, 0, 0, 0, 0, 0, 0, 0, 0, 0]	0.001200784454240999
[0, 0, 0, 0, 0, 0, 0, 0, 0, 0, 0, 0, 0, 0, 0, 0, 0, 0, 0, 0, 0, 0, 0, 0, 0, 0, 0, 0, 0, 0, 0, 0, 0, 0, 0, 0, 0, 0, 0, 0, 0, 24, 16, 25, 10, 30, 20, 20, 16, 8, 23, 28, 16, 9, 23, 37, 20, 24, 10, 37, 37, 23, 24, 37, 9, 10, 23, 8, 28, 16, 8, 9, 32, 10, 25, 37, 24, 25, 28, 20, 8]	[54, 0, 0, 0, 0, 0, 0, 0, 4, 3, 4, 0, 0, 0, 0, 0, 4, 0, 0, 0, 4, 0, 0, 4, 4, 3, 0, 0, 3, 0, 1, 0, 1, 0, 0, 0, 0, 5, 0, 0, 0, 0, 0, 0, 0, 0, 0, 0, 0, 0, 0, 0, 0, 0, 0, 0, 0, 0, 0, 0, 0, 0, 0, 0, 0, 0, 0, 0, 0, 0, 0, 0, 0, 0, 0, 0, 0, 0, 0, 0, 0]	0.001200784454240999
[0, 0, 0, 0, 0, 0, 0, 0, 0, 0, 0, 0, 0, 0, 0, 0, 0, 0, 0, 0, 0, 0, 0, 0, 0, 0, 0, 0, 0, 0, 0, 0, 0, 0, 0, 0, 0, 0, 0, 0, 0, 24, 16, 25, 10, 30, 20, 20, 16, 8, 23, 28, 16, 9, 23, 37, 20, 24, 10, 37, 37, 23, 24, 37, 9, 10, 23, 8, 28, 16, 8, 9, 32, 10, 25, 37, 24, 25, 28, 20, 8]	[54, 0, 0, 0, 0, 0, 0, 0, 4, 3, 4, 0, 0, 0, 0, 0, 4, 0, 0, 0, 4, 0, 0, 4, 4, 3, 0, 0, 3, 0, 1, 0, 1, 0, 0, 0, 0, 5, 0, 0, 0, 0, 0, 0, 0, 0, 0, 0, 0, 0, 0, 0, 0, 0, 0, 0, 0, 0, 0, 0, 0, 0, 0, 0, 0, 0, 0, 0, 0, 0, 0, 0, 0, 0, 0, 0, 0, 0, 0, 0, 0]	0.001200784454240999
[0, 0, 0, 0, 0, 0, 0, 0, 0, 0, 0, 0, 0, 0, 0, 0, 0, 0, 0, 0, 0, 0, 0, 0, 0, 0, 0, 0, 0, 0, 0, 0, 0, 0, 0, 0, 0, 0, 0, 0, 0, 24, 16, 25, 10, 30, 20, 20, 16, 8, 23, 28, 16, 9, 23, 37, 20, 24, 10, 37, 37, 23, 24, 37, 9, 10, 23, 8, 28, 16, 8, 9, 32, 10, 25, 37, 24, 25, 28, 20, 8]	[54, 0, 0, 0, 0, 0, 0, 0, 4, 3, 4, 0, 0, 0, 0, 0, 4, 0, 0, 0, 4, 0, 0, 4, 4, 3, 0, 0, 3, 0, 1, 0, 1, 0, 0, 0, 0, 5, 0, 0, 0, 0, 0, 0, 0, 0, 0, 0, 0, 0, 0, 0, 0, 0, 0, 0, 0, 0, 0, 0, 0, 0, 0, 0, 0, 0, 0, 0, 0, 0, 0, 0, 0, 0, 0, 0, 0, 0, 0, 0, 0]	0.001200784454240999
[0, 0, 0, 0, 0, 0, 0, 0, 0, 0, 0, 0, 0, 0, 0, 0, 0, 0, 0, 0, 0, 0, 0, 0, 0, 0, 0, 0, 0, 0, 0, 0, 0, 0, 0, 0, 0, 0, 0, 0, 0, 24, 16, 25, 10, 30, 20, 20, 16, 8, 23, 28, 16, 9, 23, 37, 20, 24, 10, 37, 37, 23, 24, 37, 9, 10, 23, 8, 28, 16, 8, 9, 32, 10, 25, 37, 24, 25, 28, 20, 8]	[54, 0, 0, 0, 0, 0, 0, 0, 4, 3, 4, 0, 0, 0, 0, 0, 4, 0, 0, 0, 4, 0, 0, 4, 4, 3, 0, 0, 3, 0, 1, 0, 1, 0, 0, 0, 0, 5, 0, 0, 0, 0, 0, 0, 0, 0, 0, 0, 0, 0, 0, 0, 0, 0, 0, 0, 0, 0, 0, 0, 0, 0, 0, 0, 0, 0, 0, 0, 0, 0, 0, 0, 0, 0, 0, 0, 0, 0, 0, 0, 0]	0.001200784454240999
[0, 0, 0, 0, 0, 0, 0, 0, 0, 0, 0, 0, 0, 0, 0, 0, 0, 0, 0, 0, 0, 0, 0, 0, 0, 0, 0, 0, 0, 0, 0, 0, 0, 0, 0, 0, 0, 0, 0, 0, 0, 24, 16, 25, 31, 30, 20, 20, 16, 4, 23, 28, 16, 9, 23, 37, 20, 24, 31, 37, 37, 23, 24, 31, 9, 24, 23, 4, 28, 16, 4, 9, 32, 31, 25, 37, 24, 25, 28, 20, 4]	[54, 0, 0, 0, 4, 0, 0, 0, 0, 3, 0, 0, 0, 0, 0, 0, 4, 0, 0, 0, 4, 0, 0, 4, 5, 3, 0, 0, 3, 0, 1, 4, 1, 0, 0, 0, 0, 4, 0, 0, 0, 0, 0, 0, 0, 0, 0, 0, 0, 0, 0, 0, 0, 0, 0, 0, 0, 0, 0, 0, 0, 0, 0, 0, 0, 0, 0, 0, 0, 0, 0, 0, 0, 0, 0, 0, 0, 0, 0, 0, 0]	0.001200511849921182
[0, 0, 0, 0, 0, 0, 0, 0, 0, 0, 0, 0, 0, 0, 0, 0, 0, 0, 0, 0, 0, 0, 0, 0, 0, 0, 0, 0, 0, 0, 0, 0, 0, 0, 0, 0, 0, 0, 0, 0, 0, 24, 16, 25, 31, 30, 20, 20, 16, 4, 23, 28, 16, 9, 23, 37, 20, 24, 31, 37, 37, 23, 24, 31, 9, 24, 23, 4, 28, 16, 4, 9, 32, 31, 25, 37, 24, 25, 28, 20, 4]	[54, 0, 0, 0, 4, 0, 0, 0, 0, 3, 0, 0, 0, 0, 0, 0, 4, 0, 0, 0, 4, 0, 0, 4, 5, 3, 0, 0, 3, 0, 1, 4, 1, 0, 0, 0, 0, 4, 0, 0, 0, 0, 0, 0, 0, 0, 0, 0, 0, 0, 0, 0, 0, 0, 0, 0, 0, 0, 0, 0, 0, 0, 0, 0, 0, 0, 0, 0, 0, 0, 0, 0, 0, 0, 0, 0, 0, 0, 0, 0, 0]	0.001200511849921182
[0, 0, 0, 0, 0, 0, 0, 0, 0, 0, 0, 0, 0, 0, 0, 0, 0, 0, 0, 0, 0, 0, 0, 0, 0, 0, 0, 0, 0, 0, 0, 0, 0, 0, 0, 0, 0, 0, 0, 0, 0, 24, 16, 25, 31, 30, 20, 20, 16, 4, 23, 28, 16, 9, 23, 37, 20, 24, 31, 37, 37, 23, 24, 31, 9, 24, 23, 4, 28, 16, 4, 9, 32, 31, 25, 37, 24, 25, 28, 20, 4]	[54, 0, 0, 0, 4, 0, 0, 0, 0, 3, 0, 0, 0, 0, 0, 0, 4, 0, 0, 0, 4, 0, 0, 4, 5, 3, 0, 0, 3, 0, 1, 4, 1, 0, 0, 0, 0, 4, 0, 0, 0, 0, 0, 0, 0, 0, 0, 0, 0, 0, 0, 0, 0, 0, 0, 0, 0, 0, 0, 0, 0, 0, 0, 0, 0, 0, 0, 0, 0, 0, 0, 0, 0, 0, 0, 0, 0, 0, 0, 0, 0]	0.001200511849921182
[0, 0, 0, 0, 0, 0, 0, 0, 0, 0, 0, 0, 0, 0, 0, 0, 0, 0, 0, 0, 0, 0, 0, 0, 0, 0, 0, 0, 0, 0, 0, 0, 0, 0, 0, 0, 0, 0, 0, 0, 0, 24, 16, 25, 31, 30, 20, 20, 16, 4, 23, 28, 16, 9, 23, 37, 20, 24, 31, 37, 37, 23, 24, 31, 9, 24, 23, 4, 28, 16, 4, 9, 32, 31, 25, 37, 24, 25, 28, 20, 4]	[54, 0, 0, 0, 4, 0, 0, 0, 0, 3, 0, 0, 0, 0, 0, 0, 4, 0, 0, 0, 4, 0, 0, 4, 5, 3, 0, 0, 3, 0, 1, 4, 1, 0, 0, 0, 0, 4, 0, 0, 0, 0, 0, 0, 0, 0, 0, 0, 0, 0, 0, 0, 0, 0, 0, 0, 0, 0, 0, 0, 0, 0, 0, 0, 0, 0, 0, 0, 0, 0, 0, 0, 0, 0, 0, 0, 0, 0, 0, 0, 0]	0.001200511849921182
[0, 0, 0, 0, 0, 0, 0, 0, 0, 0, 0, 0, 0, 0, 0, 0, 0, 0, 0, 0, 0, 0, 0, 0, 0, 0, 0, 0, 0, 0, 0, 0, 0, 0, 0, 0, 0, 0, 0, 0, 0, 24, 16, 25, 31, 30, 20, 20, 16, 4, 23, 28, 16, 9, 23, 37, 20, 24, 31, 37, 37, 23, 24, 31, 9, 24, 23, 4, 28, 16, 4, 9, 32, 31, 25, 37, 24, 25, 28, 20, 4]	[54, 0, 0, 0, 4, 0, 0, 0, 0, 3, 0, 0, 0, 0, 0, 0, 4, 0, 0, 0, 4, 0, 0, 4, 5, 3, 0, 0, 3, 0, 1, 4, 1, 0, 0, 0, 0, 4, 0, 0, 0, 0, 0, 0, 0, 0, 0, 0, 0, 0, 0, 0, 0, 0, 0, 0, 0, 0, 0, 0, 0, 0, 0, 0, 0, 0, 0, 0, 0, 0, 0, 0, 0, 0, 0, 0, 0, 0, 0, 0, 0]	0.001200511849921182
[0, 0, 0, 0, 0, 0, 0, 0, 0, 0, 0, 0, 0, 0, 0, 0, 0, 0, 0, 0, 0, 0, 0, 0, 0, 0, 0, 0, 0, 0, 0, 0, 0, 0, 0, 0, 0, 0, 0, 0, 0, 24, 16, 25, 31, 30, 20, 20, 16, 4, 23, 28, 16, 9, 23, 37, 20, 24, 31, 37, 37, 23, 24, 31, 9, 24, 23, 4, 28, 16, 4, 9, 32, 31, 25, 37, 24, 25, 28, 20, 4]	[54, 0, 0, 0, 4, 0, 0, 0, 0, 3, 0, 0, 0, 0, 0, 0, 4, 0, 0, 0, 4, 0, 0, 4, 5, 3, 0, 0, 3, 0, 1, 4, 1, 0, 0, 0, 0, 4, 0, 0, 0, 0, 0, 0, 0, 0, 0, 0, 0, 0, 0, 0, 0, 0, 0, 0, 0, 0, 0, 0, 0, 0, 0, 0, 0, 0, 0, 0, 0, 0, 0, 0, 0, 0, 0, 0, 0, 0, 0, 0, 0]	0.001200511849921182
[0, 0, 0, 0, 0, 0, 0, 0, 0, 0, 0, 0, 0, 0, 0, 0, 0, 0, 0, 0, 0, 0, 0, 0, 0, 0, 0, 0, 0, 0, 0, 0, 0, 0, 0, 0, 0, 0, 0, 0, 0, 24, 16, 25, 31, 30, 20, 20, 16, 4, 23, 28, 16, 9, 23, 37, 20, 24, 31, 37, 37, 23, 24, 31, 9, 24, 23, 4, 28, 16, 4, 9, 32, 31, 25, 37, 24, 25, 28, 20, 4]	[54, 0, 0, 0, 4, 0, 0, 0, 0, 3, 0, 0, 0, 0, 0, 0, 4, 0, 0, 0, 4, 0, 0, 4, 5, 3, 0, 0, 3, 0, 1, 4, 1, 0, 0, 0, 0, 4, 0, 0, 0, 0, 0, 0, 0, 0, 0, 0, 0, 0, 0, 0, 0, 0, 0, 0, 0, 0, 0, 0, 0, 0, 0, 0, 0, 0, 0, 0, 0, 0, 0, 0, 0, 0, 0, 0, 0, 0, 0, 0, 0]	0.001200511849921182
[0, 0, 0, 0, 0, 0, 0, 0, 0, 0, 0, 0, 0, 0, 0, 0, 0, 0, 0, 0, 0, 0, 0, 0, 0, 0, 0, 0, 0, 0, 0, 0, 0, 0, 0, 0, 0, 0, 0, 0, 0, 24, 32, 25, 10, 30, 20, 20, 14, 4, 23, 28, 16, 9, 23, 30, 20, 24, 10, 28, 16, 23, 24, 31, 9, 10, 23, 4, 28, 16, 4, 9, 32, 10, 25, 14, 24, 25, 28, 20, 4]	[54, 0, 0, 0, 4, 0, 0, 0, 0, 3, 4, 0, 0, 0, 2, 0, 3, 0, 0, 0, 4, 0, 0, 4, 4, 3, 0, 0, 4, 0, 2, 1, 2, 0, 0, 0, 0, 0, 0, 0, 0, 0, 0, 0, 0, 0, 0, 0, 0, 0, 0, 0, 0, 0, 0, 0, 0, 0, 0, 0, 0, 0, 0, 0, 0, 0, 0, 0, 0, 0, 0, 0, 0, 0, 0, 0, 0, 0, 0, 0, 0]	0.001000909029718207
[0, 0, 0, 0, 0, 0, 0, 0, 0, 0, 0, 0, 0, 0, 0, 0, 0, 0, 0, 0, 0, 0, 0, 0, 0, 0, 0, 0, 0, 0, 0, 0, 0, 0, 0, 0, 0, 0, 0, 0, 0, 24, 32, 25, 10, 30, 20, 20, 16, 4, 23, 28, 16, 9, 23, 37, 20, 24, 10, 37, 37, 23, 24, 31, 9, 10, 23, 4, 28, 16, 4, 9, 32, 10, 25, 37, 24, 25, 28, 20, 4]	[54, 0, 0, 0, 4, 0, 0, 0, 0, 3, 4, 0, 0, 0, 0, 0, 3, 0, 0, 0, 4, 0, 0, 4, 4, 3, 0, 0, 3, 0, 1, 1, 2, 0, 0, 0, 0, 4, 0, 0, 0, 0, 0, 0, 0, 0, 0, 0, 0, 0, 0, 0, 0, 0, 0, 0, 0, 0, 0, 0, 0, 0, 0, 0, 0, 0, 0, 0, 0, 0, 0, 0, 0, 0, 0, 0, 0, 0, 0, 0, 0]	0.0010008595423429503
[0, 0, 0, 0, 0, 0, 0, 0, 0, 0, 0, 0, 0, 0, 0, 0, 0, 0, 0, 0, 0, 0, 0, 0, 0, 0, 0, 0, 0, 0, 0, 0, 0, 0, 0, 0, 0, 0, 0, 0, 0, 24, 32, 25, 10, 30, 20, 20, 14, 4, 23, 28, 16, 9, 23, 37, 20, 24, 10, 37, 37, 23, 24, 31, 9, 10, 23, 4, 28, 16, 4, 9, 32, 10, 25, 37, 24, 25, 28, 20, 4]	[54, 0, 0, 0, 4, 0, 0, 0, 0, 3, 4, 0, 0, 0, 1, 0, 2, 0, 0, 0, 4, 0, 0, 4, 4, 3, 0, 0, 3, 0, 1, 1, 2, 0, 0, 0, 0, 4, 0, 0, 0, 0, 0, 0, 0, 0, 0, 0, 0, 0, 0, 0, 0, 0, 0, 0, 0, 0, 0, 0, 0, 0, 0, 0, 0, 0, 0, 0, 0, 0, 0, 0, 0, 0, 0, 0, 0, 0, 0, 0, 0]	0.0010008595423429503
[0, 0, 0, 0, 0, 0, 0, 0, 0, 0, 0, 0, 0, 0, 0, 0, 0, 0, 0, 0, 0, 0, 0, 0, 0, 0, 0, 0, 0, 0, 0, 0, 0, 0, 0, 0, 0, 0, 0, 0, 0, 24, 32, 25, 10, 30, 20, 20, 14, 4, 23, 28, 16, 9, 23, 37, 20, 24, 10, 37, 37, 23, 24, 31, 9, 10, 23, 4, 28, 16, 4, 9, 32, 10, 25, 37, 24, 25, 28, 20, 4]	[54, 0, 0, 0, 4, 0, 0, 0, 0, 3, 4, 0, 0, 0, 1, 0, 2, 0, 0, 0, 4, 0, 0, 4, 4, 3, 0, 0, 3, 0, 1, 1, 2, 0, 0, 0, 0, 4, 0, 0, 0, 0, 0, 0, 0, 0, 0, 0, 0, 0, 0, 0, 0, 0, 0, 0, 0, 0, 0, 0, 0, 0, 0, 0, 0, 0, 0, 0, 0, 0, 0, 0, 0, 0, 0, 0, 0, 0, 0, 0, 0]	0.0010008595423429503
[0, 0, 0, 0, 0, 0, 0, 0, 0, 0, 0, 0, 0, 0, 0, 0, 0, 0, 0, 0, 0, 0, 0, 0, 0, 0, 0, 0, 0, 0, 0, 0, 0, 0, 0, 0, 0, 0, 0, 0, 0, 24, 32, 25, 31, 30, 20, 20, 14, 4, 23, 28, 16, 9, 23, 37, 20, 24, 31, 37, 37, 23, 24, 31, 9, 10, 23, 4, 28, 16, 4, 9, 32, 31, 25, 37, 24, 25, 28, 20, 4]	[54, 0, 0, 0, 4, 0, 0, 0, 0, 3, 1, 0, 0, 0, 1, 0, 2, 0, 0, 0, 4, 0, 0, 4, 4, 3, 0, 0, 3, 0, 1, 4, 2, 0, 0, 0, 0, 4, 0, 0, 0, 0, 0, 0, 0, 0, 0, 0, 0, 0, 0, 0, 0, 0, 0, 0, 0, 0, 0, 0, 0, 0, 0, 0, 0, 0, 0, 0, 0, 0, 0, 0, 0, 0, 0, 0, 0, 0, 0, 0, 0]	0.0010008595423429503
[0, 0, 0, 0, 0, 0, 0, 0, 0, 0, 0, 0, 0, 0, 0, 0, 0, 0, 0, 0, 0, 0, 0, 0, 0, 0, 0, 0, 0, 0, 0, 0, 0, 0, 0, 0, 0, 0, 0, 0, 0, 24, 32, 25, 31, 30, 20, 20, 16, 4, 23, 28, 16, 9, 23, 37, 20, 24, 31, 37, 37, 23, 24, 31, 9, 10, 23, 4, 28, 16, 4, 9, 32, 31, 25, 37, 24, 25, 28, 20, 4]	[54, 0, 0, 0, 4, 0, 0, 0, 0, 3, 1, 0, 0, 0, 0, 0, 3, 0, 0, 0, 4, 0, 0, 4, 4, 3, 0, 0, 3, 0, 1, 4, 2, 0, 0, 0, 0, 4, 0, 0, 0, 0, 0, 0, 0, 0, 0, 0, 0, 0, 0, 0, 0, 0, 0, 0, 0, 0, 0, 0, 0, 0, 0, 0, 0, 0, 0, 0, 0, 0, 0, 0, 0, 0, 0, 0, 0, 0, 0, 0, 0]	0.0010008595423429503
[0, 0, 0, 0, 0, 0, 0, 0, 0, 0, 0, 0, 0, 0, 0, 0, 0, 0, 0, 0, 0, 0, 0, 0, 0, 0, 0, 0, 0, 0, 0, 0, 0, 0, 0, 0, 0, 0, 0, 0, 0, 24, 32, 25, 10, 30, 20, 20, 16, 4, 23, 28, 16, 9, 23, 37, 20, 24, 10, 37, 37, 23, 24, 31, 9, 10, 23, 4, 28, 16, 4, 9, 32, 10, 25, 37, 24, 25, 28, 20, 4]	[54, 0, 0, 0, 4, 0, 0, 0, 0, 3, 4, 0, 0, 0, 0, 0, 3, 0, 0, 0, 4, 0, 0, 4, 4, 3, 0, 0, 3, 0, 1, 1, 2, 0, 0, 0, 0, 4, 0, 0, 0, 0, 0, 0, 0, 0, 0, 0, 0, 0, 0, 0, 0, 0, 0, 0, 0, 0, 0, 0, 0, 0, 0, 0, 0, 0, 0, 0, 0, 0, 0, 0, 0, 0, 0, 0, 0, 0, 0, 0, 0]	0.0010008595423429503
[0, 0, 0, 0, 0, 0, 0, 0, 0, 0, 0, 0, 0, 0, 0, 0, 0, 0, 0, 0, 0, 0, 0, 0, 0, 0, 0, 0, 0, 0, 0, 0, 0, 0, 0, 0, 0, 0, 0, 0, 0, 24, 32, 25, 31, 30, 20, 20, 16, 4, 23, 28, 16, 9, 23, 37, 20, 24, 31, 37, 37, 23, 24, 31, 9, 10, 23, 4, 28, 16, 4, 9, 32, 31, 25, 37, 24, 25, 28, 20, 4]	[54, 0, 0, 0, 4, 0, 0, 0, 0, 3, 1, 0, 0, 0, 0, 0, 3, 0, 0, 0, 4, 0, 0, 4, 4, 3, 0, 0, 3, 0, 1, 4, 2, 0, 0, 0, 0, 4, 0, 0, 0, 0, 0, 0, 0, 0, 0, 0, 0, 0, 0, 0, 0, 0, 0, 0, 0, 0, 0, 0, 0, 0, 0, 0, 0, 0, 0, 0, 0, 0, 0, 0, 0, 0, 0, 0, 0, 0, 0, 0, 0]	0.0010008595423429503
[0, 0, 0, 0, 0, 0, 0, 0, 0, 0, 0, 0, 0, 0, 0, 0, 0, 0, 0, 0, 0, 0, 0, 0, 0, 0, 0, 0, 0, 0, 0, 0, 0, 0, 0, 0, 0, 0, 0, 0, 0, 24, 32, 25, 10, 30, 20, 20, 16, 4, 23, 28, 16, 9, 23, 37, 20, 24, 10, 37, 37, 23, 24, 31, 9, 10, 23, 4, 28, 16, 4, 9, 32, 10, 25, 37, 24, 25, 28, 20, 4]	[54, 0, 0, 0, 4, 0, 0, 0, 0, 3, 4, 0, 0, 0, 0, 0, 3, 0, 0, 0, 4, 0, 0, 4, 4, 3, 0, 0, 3, 0, 1, 1, 2, 0, 0, 0, 0, 4, 0, 0, 0, 0, 0, 0, 0, 0, 0, 0, 0, 0, 0, 0, 0, 0, 0, 0, 0, 0, 0, 0, 0, 0, 0, 0, 0, 0, 0, 0, 0, 0, 0, 0, 0, 0, 0, 0, 0, 0, 0, 0, 0]	0.0010008595423429503
[0, 0, 0, 0, 0, 0, 0, 0, 0, 0, 0, 0, 0, 0, 0, 0, 0, 0, 0, 0, 0, 0, 0, 0, 0, 0, 0, 0, 0, 0, 0, 0, 0, 0, 0, 0, 0, 0, 0, 0, 0, 24, 32, 25, 10, 30, 20, 20, 16, 4, 23, 28, 16, 9, 23, 37, 20, 24, 10, 37, 37, 23, 24, 31, 9, 10, 23, 4, 28, 16, 4, 9, 32, 10, 25, 37, 24, 25, 28, 20, 4]	[54, 0, 0, 0, 4, 0, 0, 0, 0, 3, 4, 0, 0, 0, 0, 0, 3, 0, 0, 0, 4, 0, 0, 4, 4, 3, 0, 0, 3, 0, 1, 1, 2, 0, 0, 0, 0, 4, 0, 0, 0, 0, 0, 0, 0, 0, 0, 0, 0, 0, 0, 0, 0, 0, 0, 0, 0, 0, 0, 0, 0, 0, 0, 0, 0, 0, 0, 0, 0, 0, 0, 0, 0, 0, 0, 0, 0, 0, 0, 0, 0]	0.0010008595423429503
[0, 0, 0, 0, 0, 0, 0, 0, 0, 0, 0, 0, 0, 0, 0, 0, 0, 0, 0, 0, 0, 0, 0, 0, 0, 0, 0, 0, 0, 0, 0, 0, 0, 0, 0, 0, 0, 0, 0, 0, 0, 24, 32, 25, 31, 30, 20, 20, 14, 4, 23, 28, 16, 9, 23, 37, 20, 24, 31, 37, 37, 23, 24, 31, 9, 10, 23, 4, 28, 16, 4, 9, 32, 31, 25, 37, 24, 25, 28, 20, 4]	[54, 0, 0, 0, 4, 0, 0, 0, 0, 3, 1, 0, 0, 0, 1, 0, 2, 0, 0, 0, 4, 0, 0, 4, 4, 3, 0, 0, 3, 0, 1, 4, 2, 0, 0, 0, 0, 4, 0, 0, 0, 0, 0, 0, 0, 0, 0, 0, 0, 0, 0, 0, 0, 0, 0, 0, 0, 0, 0, 0, 0, 0, 0, 0, 0, 0, 0, 0, 0, 0, 0, 0, 0, 0, 0, 0, 0, 0, 0, 0, 0]	0.0010008595423429503
[0, 0, 0, 0, 0, 0, 0, 0, 0, 0, 0, 0, 0, 0, 0, 0, 0, 0, 0, 0, 0, 0, 0, 0, 0, 0, 0, 0, 0, 0, 0, 0, 0, 0, 0, 0, 0, 0, 0, 0, 0, 24, 32, 25, 31, 30, 20, 20, 14, 4, 23, 28, 16, 9, 23, 37, 20, 24, 31, 37, 37, 23, 24, 31, 9, 10, 23, 4, 28, 16, 4, 9, 32, 31, 25, 37, 24, 25, 28, 20, 4]	[54, 0, 0, 0, 4, 0, 0, 0, 0, 3, 1, 0, 0, 0, 1, 0, 2, 0, 0, 0, 4, 0, 0, 4, 4, 3, 0, 0, 3, 0, 1, 4, 2, 0, 0, 0, 0, 4, 0, 0, 0, 0, 0, 0, 0, 0, 0, 0, 0, 0, 0, 0, 0, 0, 0, 0, 0, 0, 0, 0, 0, 0, 0, 0, 0, 0, 0, 0, 0, 0, 0, 0, 0, 0, 0, 0, 0, 0, 0, 0, 0]	0.0010008595423429503
[0, 0, 0, 0, 0, 0, 0, 0, 0, 0, 0, 0, 0, 0, 0, 0, 0, 0, 0, 0, 0, 0, 0, 0, 0, 0, 0, 0, 0, 0, 0, 0, 0, 0, 0, 0, 0, 0, 0, 0, 0, 24, 32, 25, 31, 30, 20, 20, 16, 4, 23, 28, 16, 9, 23, 37, 20, 24, 31, 37, 37, 23, 24, 31, 9, 10, 23, 4, 28, 16, 4, 9, 32, 31, 25, 37, 24, 25, 28, 20, 4]	[54, 0, 0, 0, 4, 0, 0, 0, 0, 3, 1, 0, 0, 0, 0, 0, 3, 0, 0, 0, 4, 0, 0, 4, 4, 3, 0, 0, 3, 0, 1, 4, 2, 0, 0, 0, 0, 4, 0, 0, 0, 0, 0, 0, 0, 0, 0, 0, 0, 0, 0, 0, 0, 0, 0, 0, 0, 0, 0, 0, 0, 0, 0, 0, 0, 0, 0, 0, 0, 0, 0, 0, 0, 0, 0, 0, 0, 0, 0, 0, 0]	0.0010008595423429503
[0, 0, 0, 0, 0, 0, 0, 0, 0, 0, 0, 0, 0, 0, 0, 0, 0, 0, 0, 0, 0, 0, 0, 0, 0, 0, 0, 0, 0, 0, 0, 0, 0, 0, 0, 0, 0, 0, 0, 0, 0, 24, 32, 25, 31, 30, 20, 20, 16, 4, 23, 28, 16, 9, 23, 37, 20, 24, 31, 37, 37, 23, 24, 31, 9, 10, 23, 4, 28, 16, 4, 9, 32, 31, 25, 37, 24, 25, 28, 20, 4]	[54, 0, 0, 0, 4, 0, 0, 0, 0, 3, 1, 0, 0, 0, 0, 0, 3, 0, 0, 0, 4, 0, 0, 4, 4, 3, 0, 0, 3, 0, 1, 4, 2, 0, 0, 0, 0, 4, 0, 0, 0, 0, 0, 0, 0, 0, 0, 0, 0, 0, 0, 0, 0, 0, 0, 0, 0, 0, 0, 0, 0, 0, 0, 0, 0, 0, 0, 0, 0, 0, 0, 0, 0, 0, 0, 0, 0, 0, 0, 0, 0]	0.0010008595423429503
[0, 0, 0, 0, 0, 0, 0, 0, 0, 0, 0, 0, 0, 0, 0, 0, 0, 0, 0, 0, 0, 0, 0, 0, 0, 0, 0, 0, 0, 0, 0, 0, 0, 0, 0, 0, 0, 0, 0, 0, 0, 24, 32, 25, 10, 30, 20, 20, 16, 4, 23, 28, 16, 9, 23, 37, 20, 24, 10, 37, 37, 23, 24, 31, 9, 10, 23, 4, 28, 16, 4, 9, 32, 10, 25, 37, 24, 25, 28, 20, 4]	[54, 0, 0, 0, 4, 0, 0, 0, 0, 3, 4, 0, 0, 0, 0, 0, 3, 0, 0, 0, 4, 0, 0, 4, 4, 3, 0, 0, 3, 0, 1, 1, 2, 0, 0, 0, 0, 4, 0, 0, 0, 0, 0, 0, 0, 0, 0, 0, 0, 0, 0, 0, 0, 0, 0, 0, 0, 0, 0, 0, 0, 0, 0, 0, 0, 0, 0, 0, 0, 0, 0, 0, 0, 0, 0, 0, 0, 0, 0, 0, 0]	0.0010008595423429503
[0, 0, 0, 0, 0, 0, 0, 0, 0, 0, 0, 0, 0, 0, 0, 0, 0, 0, 0, 0, 0, 0, 0, 0, 0, 0, 0, 0, 0, 0, 0, 0, 0, 0, 0, 0, 0, 0, 0, 0, 0, 24, 14, 25, 10, 30, 20, 20, 14, 4, 23, 28, 16, 9, 23, 37, 20, 24, 10, 37, 37, 23, 24, 31, 9, 10, 23, 4, 28, 16, 4, 9, 32, 10, 25, 37, 24, 25, 28, 20, 4]	[54, 0, 0, 0, 4, 0, 0, 0, 0, 3, 4, 0, 0, 0, 2, 0, 2, 0, 0, 0, 4, 0, 0, 4, 4, 3, 0, 0, 3, 0, 1, 1, 1, 0, 0, 0, 0, 4, 0, 0, 0, 0, 0, 0, 0, 0, 0, 0, 0, 0, 0, 0, 0, 0, 0, 0, 0, 0, 0, 0, 0, 0, 0, 0, 0, 0, 0, 0, 0, 0, 0, 0, 0, 0, 0, 0, 0, 0, 0, 0, 0]	0.0010008595423429503
[0, 0, 0, 0, 0, 0, 0, 0, 0, 0, 0, 0, 0, 0, 0, 0, 0, 0, 0, 0, 0, 0, 0, 0, 0, 0, 0, 0, 0, 0, 0, 0, 0, 0, 0, 0, 0, 0, 0, 0, 0, 24, 32, 25, 31, 30, 20, 20, 16, 4, 23, 28, 16, 9, 23, 37, 20, 24, 31, 37, 37, 23, 24, 31, 9, 10, 23, 4, 28, 16, 4, 9, 32, 31, 25, 37, 24, 25, 28, 20, 4]	[54, 0, 0, 0, 4, 0, 0, 0, 0, 3, 1, 0, 0, 0, 0, 0, 3, 0, 0, 0, 4, 0, 0, 4, 4, 3, 0, 0, 3, 0, 1, 4, 2, 0, 0, 0, 0, 4, 0, 0, 0, 0, 0, 0, 0, 0, 0, 0, 0, 0, 0, 0, 0, 0, 0, 0, 0, 0, 0, 0, 0, 0, 0, 0, 0, 0, 0, 0, 0, 0, 0, 0, 0, 0, 0, 0, 0, 0, 0, 0, 0]	0.0010008595423429503
[0, 0, 0, 0, 0, 0, 0, 0, 0, 0, 0, 0, 0, 0, 0, 0, 0, 0, 0, 0, 0, 0, 0, 0, 0, 0, 0, 0, 0, 0, 0, 0, 0, 0, 0, 0, 0, 0, 0, 0, 0, 24, 32, 25, 31, 30, 20, 20, 16, 4, 23, 28, 16, 9, 23, 37, 20, 24, 31, 37, 37, 23, 24, 31, 9, 10, 23, 4, 28, 16, 4, 9, 32, 31, 25, 37, 24, 25, 28, 20, 4]	[54, 0, 0, 0, 4, 0, 0, 0, 0, 3, 1, 0, 0, 0, 0, 0, 3, 0, 0, 0, 4, 0, 0, 4, 4, 3, 0, 0, 3, 0, 1, 4, 2, 0, 0, 0, 0, 4, 0, 0, 0, 0, 0, 0, 0, 0, 0, 0, 0, 0, 0, 0, 0, 0, 0, 0, 0, 0, 0, 0, 0, 0, 0, 0, 0, 0, 0, 0, 0, 0, 0, 0, 0, 0, 0, 0, 0, 0, 0, 0, 0]	0.0010008595423429503
[0, 0, 0, 0, 0, 0, 0, 0, 0, 0, 0, 0, 0, 0, 0, 0, 0, 0, 0, 0, 0, 0, 0, 0, 0, 0, 0, 0, 0, 0, 0, 0, 0, 0, 0, 0, 0, 0, 0, 0, 0, 24, 14, 25, 10, 30, 20, 20, 14, 4, 23, 28, 16, 9, 23, 37, 20, 24, 10, 37, 37, 23, 24, 31, 9, 10, 23, 4, 28, 16, 4, 9, 32, 10, 25, 37, 24, 25, 28, 20, 4]	[54, 0, 0, 0, 4, 0, 0, 0, 0, 3, 4, 0, 0, 0, 2, 0, 2, 0, 0, 0, 4, 0, 0, 4, 4, 3, 0, 0, 3, 0, 1, 1, 1, 0, 0, 0, 0, 4, 0, 0, 0, 0, 0, 0, 0, 0, 0, 0, 0, 0, 0, 0, 0, 0, 0, 0, 0, 0, 0, 0, 0, 0, 0, 0, 0, 0, 0, 0, 0, 0, 0, 0, 0, 0, 0, 0, 0, 0, 0, 0, 0]	0.0010008595423429503
[0, 0, 0, 0, 0, 0, 0, 0, 0, 0, 0, 0, 0, 0, 0, 0, 0, 0, 0, 0, 0, 0, 0, 0, 0, 0, 0, 0, 0, 0, 0, 0, 0, 0, 0, 0, 0, 0, 0, 0, 0, 24, 32, 25, 31, 30, 20, 20, 16, 4, 23, 28, 16, 9, 23, 37, 20, 24, 31, 37, 37, 23, 24, 31, 9, 10, 23, 4, 28, 16, 4, 9, 32, 31, 25, 37, 24, 25, 28, 20, 4]	[54, 0, 0, 0, 4, 0, 0, 0, 0, 3, 1, 0, 0, 0, 0, 0, 3, 0, 0, 0, 4, 0, 0, 4, 4, 3, 0, 0, 3, 0, 1, 4, 2, 0, 0, 0, 0, 4, 0, 0, 0, 0, 0, 0, 0, 0, 0, 0, 0, 0, 0, 0, 0, 0, 0, 0, 0, 0, 0, 0, 0, 0, 0, 0, 0, 0, 0, 0, 0, 0, 0, 0, 0, 0, 0, 0, 0, 0, 0, 0, 0]	0.0010008595423429503
[0, 0, 0, 0, 0, 0, 0, 0, 0, 0, 0, 0, 0, 0, 0, 0, 0, 0, 0, 0, 0, 0, 0, 0, 0, 0, 0, 0, 0, 0, 0, 0, 0, 0, 0, 0, 0, 0, 0, 0, 0, 24, 32, 25, 31, 30, 20, 20, 16, 4, 23, 28, 16, 9, 23, 37, 20, 24, 31, 37, 37, 23, 24, 31, 9, 10, 23, 4, 28, 16, 4, 9, 32, 31, 25, 37, 24, 25, 28, 20, 4]	[54, 0, 0, 0, 4, 0, 0, 0, 0, 3, 1, 0, 0, 0, 0, 0, 3, 0, 0, 0, 4, 0, 0, 4, 4, 3, 0, 0, 3, 0, 1, 4, 2, 0, 0, 0, 0, 4, 0, 0, 0, 0, 0, 0, 0, 0, 0, 0, 0, 0, 0, 0, 0, 0, 0, 0, 0, 0, 0, 0, 0, 0, 0, 0, 0, 0, 0, 0, 0, 0, 0, 0, 0, 0, 0, 0, 0, 0, 0, 0, 0]	0.0010008595423429503
[0, 0, 0, 0, 0, 0, 0, 0, 0, 0, 0, 0, 0, 0, 0, 0, 0, 0, 0, 0, 0, 0, 0, 0, 0, 0, 0, 0, 0, 0, 0, 0, 0, 0, 0, 0, 0, 0, 0, 0, 0, 24, 32, 25, 10, 30, 20, 20, 14, 4, 23, 28, 16, 9, 23, 37, 20, 24, 10, 37, 37, 23, 24, 31, 9, 10, 23, 4, 28, 16, 4, 9, 32, 10, 25, 37, 24, 25, 28, 20, 4]	[54, 0, 0, 0, 4, 0, 0, 0, 0, 3, 4, 0, 0, 0, 1, 0, 2, 0, 0, 0, 4, 0, 0, 4, 4, 3, 0, 0, 3, 0, 1, 1, 2, 0, 0, 0, 0, 4, 0, 0, 0, 0, 0, 0, 0, 0, 0, 0, 0, 0, 0, 0, 0, 0, 0, 0, 0, 0, 0, 0, 0, 0, 0, 0, 0, 0, 0, 0, 0, 0, 0, 0, 0, 0, 0, 0, 0, 0, 0, 0, 0]	0.0010008595423429503
[0, 0, 0, 0, 0, 0, 0, 0, 0, 0, 0, 0, 0, 0, 0, 0, 0, 0, 0, 0, 0, 0, 0, 0, 0, 0, 0, 0, 0, 0, 0, 0, 0, 0, 0, 0, 0, 0, 0, 0, 0, 24, 32, 25, 31, 30, 20, 20, 14, 4, 23, 28, 16, 9, 23, 37, 20, 24, 31, 37, 37, 23, 24, 31, 9, 10, 23, 4, 28, 16, 4, 9, 32, 31, 25, 37, 24, 25, 28, 20, 4]	[54, 0, 0, 0, 4, 0, 0, 0, 0, 3, 1, 0, 0, 0, 1, 0, 2, 0, 0, 0, 4, 0, 0, 4, 4, 3, 0, 0, 3, 0, 1, 4, 2, 0, 0, 0, 0, 4, 0, 0, 0, 0, 0, 0, 0, 0, 0, 0, 0, 0, 0, 0, 0, 0, 0, 0, 0, 0, 0, 0, 0, 0, 0, 0, 0, 0, 0, 0, 0, 0, 0, 0, 0, 0, 0, 0, 0, 0, 0, 0, 0]	0.0010008595423429503
