['./data/small/layer/uu-dem4_r25_1.json', './data/small/layer/uu-dem1_r25_1.json', './data/small/layer/uu-dem2_r25_1.json', './data/small/hop/uu-dem8_r25_1_0.json', './data/small/hop/uu-dem2_r25_1_0.json', './data/small/hop/uu-dem1_r25_1_0.json']
GEN 0 time 1617139051
0.0014971158080736228
0.001433914949804524
0.0013159515896146933
0.001244100886614889
0.0012540401397715568
0.0011544644615164722
GEN 1 time 1617139053
0.0014584555404298799
0.001305213236732858
0.0013159515896146933
0.0012409805874176918
0.0011333260901367887
0.0011544644615164722
GEN 2 time 1617139055
0.0014584555404298799
0.001305213236732858
0.0013159515896146933
0.001212231573771233
0.0011333260901367887
0.0011544644615164722
GEN 3 time 1617139057
0.0014584555404298799
0.001242004591752547
0.0013159515896146933
0.001212231573771233
0.0011333260901367887
0.0011544644615164722
GEN 4 time 1617139059
0.0014584555404298799
0.001242004591752547
0.001211576836695427
0.001212231573771233
0.0011333260901367887
0.0011544644615164722
GEN 5 time 1617139061
0.0014584555404298799
0.001242004591752547
0.001211576836695427
0.0010768489051936891
0.0010698339383958162
0.0011544644615164722
GEN 6 time 1617139062
0.0014584555404298799
0.001242004591752547
0.001211576836695427
0.0010768489051936891
0.0010698339383958162
0.0011544644615164722
GEN 7 time 1617139064
0.0014584555404298799
0.0012152876080902808
0.001211576836695427
0.0010768489051936891
0.0010698339383958162
0.0011544644615164722
GEN 8 time 1617139066
0.0014584555404298799
0.0012152876080902808
0.001211576836695427
0.0010768489051936891
0.001048534420005926
0.0011544644615164722
GEN 9 time 1617139068
0.0014584555404298799
0.0012152876080902808
0.001211576836695427
0.0010768489051936891
0.001048534420005926
0.0011544644615164722
GEN 10 time 1617139070
0.0014584555404298799
0.0012152876080902808
0.001211576836695427
0.0010306952109775532
0.0010210377553879668
0.0011544644615164722
GEN 11 time 1617139072
0.0014584555404298799
0.0012152876080902808
0.0011774485052093698
0.0010306952109775532
0.0010210377553879668
0.001074046274681849
GEN 12 time 1617139074
0.0014584555404298799
0.0012152876080902808
0.0011774485052093698
0.0010306952109775532
0.0010210377553879668
0.001074046274681849
GEN 13 time 1617139075
0.0014584555404298799
0.0012152876080902808
0.0011774485052093698
0.0010306952109775532
0.0010210377553879668
0.001074046274681849
GEN 14 time 1617139077
0.0014584555404298799
0.0011512795533306461
0.0011774485052093698
0.001026005525978902
0.0008730411803116211
0.001074046274681849
GEN 15 time 1617139079
0.0014584555404298799
0.0011512795533306461
0.0011774485052093698
0.001026005525978902
0.0008730411803116211
0.001074046274681849
GEN 16 time 1617139081
0.0014584555404298799
0.0011512795533306461
0.0011774485052093698
0.001026005525978902
0.0008730411803116211
0.0010671156467483007
GEN 17 time 1617139083
0.0014584555404298799
0.0011512795533306461
0.0011774485052093698
0.001026005525978902
0.0008730411803116211
0.0010671156467483007
GEN 18 time 1617139085
0.0014584555404298799
0.0011512795533306461
0.0011714334893155446
0.001026005525978902
0.0008730411803116211
0.0010617046652898572
GEN 19 time 1617139087
0.0014584555404298799
0.0011512795533306461
0.0011714334893155446
0.001026005525978902
0.0008730411803116211
0.0010617046652898572
GEN 20 time 1617139088
0.0014584555404298799
0.0011512795533306461
0.0011714334893155446
0.001026005525978902
0.0008730411803116211
0.0010531975046112725
GEN 21 time 1617139090
0.0014584555404298799
0.0011512795533306461
0.0011714334893155446
0.001026005525978902
0.0008730411803116211
0.0010531975046112725
GEN 22 time 1617139092
0.0014584555404298799
0.0011512795533306461
0.0011714334893155446
0.001026005525978902
0.0008730411803116211
0.0010531975046112725
GEN 23 time 1617139094
0.0014584555404298799
0.0011512795533306461
0.0011714334893155446
0.001026005525978902
0.0008730411803116211
0.0010531975046112725
GEN 24 time 1617139096
0.0014584555404298799
0.0011512795533306461
0.0011714334893155446
0.001026005525978902
0.0008730411803116211
0.0010531975046112725
GEN 25 time 1617139098
0.0014584555404298799
0.0011512795533306461
0.0011714334893155446
0.001026005525978902
0.0008730411803116211
0.001051396498255105
GEN 26 time 1617139100
0.0014584555404298799
0.0011512795533306461
0.0011714334893155446
0.001026005525978902
0.0008730411803116211
0.001051396498255105
GEN 27 time 1617139102
0.0014584555404298799
0.0011512795533306461
0.0011714334893155446
0.001026005525978902
0.0008730411803116211
0.0010138818636856069
GEN 28 time 1617139103
0.0014584555404298799
0.0011512795533306461
0.0011714334893155446
0.001026005525978902
0.0008730411803116211
0.0010138818636856069
GEN 29 time 1617139105
0.0014584555404298799
0.0011512795533306461
0.0011714334893155446
0.0010239679147474425
0.0008730411803116211
0.0010138818636856069
GEN 30 time 1617139107
0.0014584555404298799
0.0011512795533306461
0.0011714334893155446
0.0010239679147474425
0.0008730411803116211
0.0010138818636856069
GEN 31 time 1617139109
0.0014584555404298799
0.0011512795533306461
0.0011714334893155446
0.0010239679147474425
0.0008730411803116211
0.0010138818636856069
GEN 32 time 1617139111
0.0014584555404298799
0.0011512795533306461
0.0011714334893155446
0.0010239679147474425
0.0008730411803116211
0.0010076136117714986
GEN 33 time 1617139113
0.0014584555404298799
0.0011512795533306461
0.0011714334893155446
0.0010239679147474425
0.0008730411803116211
0.0010076136117714986
GEN 34 time 1617139115
0.0014584555404298799
0.0011512795533306461
0.0011714334893155446
0.0010239679147474425
0.0008730411803116211
0.0010076136117714986
GEN 35 time 1617139116
0.0014584555404298799
0.0011512795533306461
0.0011714334893155446
0.0010239679147474425
0.0008730411803116211
0.0010076136117714986
GEN 36 time 1617139118
0.0014584555404298799
0.0011512795533306461
0.0011714334893155446
0.0010239679147474425
0.0008730411803116211
0.0010076136117714986
GEN 37 time 1617139120
0.0014584555404298799
0.0011512795533306461
0.0011714334893155446
0.0010239679147474425
0.0008730411803116211
0.0010076136117714986
GEN 38 time 1617139122
0.0014584555404298799
0.0011512795533306461
0.0011714334893155446
0.001001964904375634
0.0008730411803116211
0.0010076136117714986
GEN 39 time 1617139124
0.0014584555404298799
0.0011512795533306461
0.0011714334893155446
0.001001964904375634
0.0008730411803116211
0.0009881421523830285
GEN 40 time 1617139126
0.0014584555404298799
0.0011512795533306461
0.0011714334893155446
0.001001964904375634
0.0008730411803116211
0.0009881421523830285
GEN 41 time 1617139128
0.0014584555404298799
0.0011512795533306461
0.0011714334893155446
0.001001964904375634
0.0008730411803116211
0.000954444461516472
GEN 42 time 1617139129
0.0014584555404298799
0.0011512795533306461
0.0011714334893155446
0.001001964904375634
0.0008730411803116211
0.000954444461516472
GEN 43 time 1617139131
0.0014584555404298799
0.0011512795533306461
0.0011714334893155446
0.001001964904375634
0.0008730411803116211
0.000954444461516472
GEN 44 time 1617139133
0.0014584555404298799
0.0011512795533306461
0.0011714334893155446
0.001001964904375634
0.0008730411803116211
0.000954444461516472
GEN 45 time 1617139135
0.0014584555404298799
0.0011512795533306461
0.0011714334893155446
0.001001964904375634
0.0008730411803116211
0.000954444461516472
GEN 46 time 1617139137
0.0014584555404298799
0.0011512795533306461
0.0011714334893155446
0.001001964904375634
0.0008730411803116211
0.000954444461516472
GEN 47 time 1617139139
0.0014584555404298799
0.0011512795533306461
0.0011714334893155446
0.001001964904375634
0.0008730411803116211
0.000954444461516472
GEN 48 time 1617139140
0.0014584555404298799
0.0011512795533306461
0.0011714334893155446
0.001001964904375634
0.0008730411803116211
0.000954444461516472
GEN 49 time 1617139142
0.0014584555404298799
0.0011512795533306461
0.0011714334893155446
0.001001964904375634
0.0008730411803116211
0.000954444461516472
GEN 50 time 1617139144
0.0014584555404298799
0.0011512795533306461
0.0011714334893155446
0.001001964904375634
0.0008730411803116211
0.000954444461516472
GEN 51 time 1617139146
0.0014584555404298799
0.0011512795533306461
0.0011714334893155446
0.001001964904375634
0.0008730411803116211
0.000954444461516472
GEN 52 time 1617139148
0.0014584555404298799
0.0011512795533306461
0.0011714334893155446
0.001001964904375634
0.0008730411803116211
0.000954444461516472
GEN 53 time 1617139150
0.0014584555404298799
0.0011512795533306461
0.0011714334893155446
0.001001964904375634
0.0008730411803116211
0.000954444461516472
GEN 54 time 1617139152
0.0014584555404298799
0.0011512795533306461
0.0011714334893155446
0.001001964904375634
0.0008730411803116211
0.000954444461516472
GEN 55 time 1617139154
0.0014584555404298799
0.0011512795533306461
0.0011714334893155446
0.001001964904375634
0.0008730411803116211
0.000954444461516472
GEN 56 time 1617139156
0.0014584555404298799
0.0011512795533306461
0.0011714334893155446
0.001001964904375634
0.0008730411803116211
0.000954444461516472
GEN 57 time 1617139157
0.0014584555404298799
0.0011512795533306461
0.0011714334893155446
0.001001964904375634
0.0008730411803116211
0.000954444461516472
GEN 58 time 1617139159
0.0014584555404298799
0.0011512795533306461
0.0011714334893155446
0.001001964904375634
0.0008730411803116211
0.000954444461516472
GEN 59 time 1617139161
0.0014584555404298799
0.0011512795533306461
0.0011714334893155446
0.001001964904375634
0.0008730411803116211
0.000954444461516472
GEN 60 time 1617139163
0.0014584555404298799
0.0011512795533306461
0.0011714334893155446
0.001001964904375634
0.0008730411803116211
0.000954444461516472
GEN 61 time 1617139165
0.0014584555404298799
0.0011512795533306461
0.0011714334893155446
0.001001964904375634
0.0008730411803116211
0.000954444461516472
GEN 62 time 1617139167
0.0014584555404298799
0.0011512795533306461
0.0011714334893155446
0.001001964904375634
0.0008730411803116211
0.000954444461516472
GEN 63 time 1617139169
0.0014584555404298799
0.0011512795533306461
0.0011714334893155446
0.001001964904375634
0.0008730411803116211
0.000954444461516472
GEN 64 time 1617139170
0.0014584555404298799
0.0011512795533306461
0.0011714334893155446
0.001001964904375634
0.0008730411803116211
0.000954444461516472
GEN 65 time 1617139172
0.0014584555404298799
0.0011512795533306461
0.0011714334893155446
0.001001964904375634
0.0008730411803116211
0.000954444461516472
GEN 66 time 1617139174
0.0014584555404298799
0.0011512795533306461
0.0011714334893155446
0.001001964904375634
0.0008730411803116211
0.000954444461516472
GEN 67 time 1617139176
0.0014584555404298799
0.0011512795533306461
0.0011714334893155446
0.001001964904375634
0.0008730411803116211
0.000954444461516472
GEN 68 time 1617139178
0.0014584555404298799
0.0011512795533306461
0.0011714334893155446
0.001001964904375634
0.0008730411803116211
0.000954444461516472
GEN 69 time 1617139180
0.0014584555404298799
0.0011512795533306461
0.0011714334893155446
0.001001964904375634
0.0008730411803116211
0.000954444461516472
GEN 70 time 1617139182
0.0014584555404298799
0.0011512795533306461
0.0011714334893155446
0.001001964904375634
0.0008730411803116211
0.000954444461516472
GEN 71 time 1617139184
0.0014584555404298799
0.0011512795533306461
0.0011714334893155446
0.0009712376007952087
0.0008730411803116211
0.000954444461516472
GEN 72 time 1617139185
0.0014584555404298799
0.0011512795533306461
0.0011714334893155446
0.0009712376007952087
0.0008730411803116211
0.000954444461516472
GEN 73 time 1617139187
0.0014584555404298799
0.0011512795533306461
0.0011714334893155446
0.0009712376007952087
0.0008730411803116211
0.000954444461516472
GEN 74 time 1617139189
0.0014584555404298799
0.0011512795533306461
0.0011714334893155446
0.0009712376007952087
0.0008730411803116211
0.000954444461516472
GEN 75 time 1617139191
0.0014584555404298799
0.0011512795533306461
0.0011714334893155446
0.0009712376007952087
0.0008730411803116211
0.000954444461516472
GEN 76 time 1617139193
0.0014584555404298799
0.0011512795533306461
0.0011714334893155446
0.0009712376007952087
0.0008730411803116211
0.000954444461516472
GEN 77 time 1617139195
0.0014584555404298799
0.0011512795533306461
0.0011714334893155446
0.0009712376007952087
0.0008730411803116211
0.000954444461516472
GEN 78 time 1617139197
0.0014584555404298799
0.0011512795533306461
0.0011714334893155446
0.0009712376007952087
0.0008730411803116211
0.000954444461516472
GEN 79 time 1617139198
0.0014584555404298799
0.0011512795533306461
0.0011714334893155446
0.0009712376007952087
0.0008730411803116211
0.000954444461516472
GEN 80 time 1617139200
0.0014584555404298799
0.0011512795533306461
0.0011714334893155446
0.0009712376007952087
0.0008730411803116211
0.000954444461516472
GEN 81 time 1617139202
0.0014584555404298799
0.0011512795533306461
0.0011714334893155446
0.0009712376007952087
0.0008730411803116211
0.000954444461516472
GEN 82 time 1617139204
0.0014584555404298799
0.0011512795533306461
0.0011714334893155446
0.0009712376007952087
0.0008730411803116211
0.000954444461516472
GEN 83 time 1617139206
0.0014584555404298799
0.0011512795533306461
0.0011714334893155446
0.0009712376007952087
0.0008730411803116211
0.000954444461516472
GEN 84 time 1617139208
0.0014584555404298799
0.0011512795533306461
0.0011714334893155446
0.0009712376007952087
0.0008730411803116211
0.000954444461516472
GEN 85 time 1617139210
0.0014584555404298799
0.0011512795533306461
0.0011714334893155446
0.0009712376007952087
0.0008730411803116211
0.000954444461516472
GEN 86 time 1617139212
0.0014584555404298799
0.0011512795533306461
0.0011714334893155446
0.0009712376007952087
0.0008730411803116211
0.000954444461516472
GEN 87 time 1617139213
0.0014584555404298799
0.0011512795533306461
0.0011714334893155446
0.0009712376007952087
0.0008650828967145267
0.000954444461516472
GEN 88 time 1617139215
0.0014584555404298799
0.0011512795533306461
0.0011714334893155446
0.0009712376007952087
0.0008650828967145267
0.000954444461516472
GEN 89 time 1617139217
0.0014584555404298799
0.0011512795533306461
0.0011714334893155446
0.0009712376007952087
0.0008650828967145267
0.000954444461516472
GEN 90 time 1617139219
0.0014584555404298799
0.0011512795533306461
0.0011714334893155446
0.0009712376007952087
0.0008650828967145267
0.000954444461516472
GEN 91 time 1617139221
0.0014584555404298799
0.0011512795533306461
0.0011714334893155446
0.0009712376007952087
0.0008650828967145267
0.000954444461516472
GEN 92 time 1617139223
0.0014584555404298799
0.0011512795533306461
0.0011714334893155446
0.0009712376007952087
0.0008650828967145267
0.000954444461516472
GEN 93 time 1617139225
0.0014584555404298799
0.0011512795533306461
0.0011714334893155446
0.0009712376007952087
0.0008650828967145267
0.000954444461516472
GEN 94 time 1617139226
0.0014584555404298799
0.0011512795533306461
0.0011714334893155446
0.0009712376007952087
0.0008650828967145267
0.000954444461516472
GEN 95 time 1617139228
0.0014584555404298799
0.0011512795533306461
0.0011714334893155446
0.0009712376007952087
0.0008650828967145267
0.000954444461516472
GEN 96 time 1617139230
0.0014584555404298799
0.0011512795533306461
0.0011714334893155446
0.0009712376007952087
0.0008650828967145267
0.000954444461516472
GEN 97 time 1617139232
0.0014584555404298799
0.0011512795533306461
0.0011714334893155446
0.0009712376007952087
0.0008650828967145267
0.000954444461516472
GEN 98 time 1617139234
0.0014584555404298799
0.0011512795533306461
0.0011714334893155446
0.0009712376007952087
0.0008650828967145267
0.000954444461516472
GEN 99 time 1617139236
0.0014584555404298799
0.0011512795533306461
0.0011714334893155446
0.0009712376007952087
0.0008650828967145267
0.000954444461516472
GEN 100 time 1617139238
0.0014584555404298799
0.0011512795533306461
0.0011714334893155446
0.0009712376007952087
0.0008650828967145267
0.000954444461516472
GEN 101 time 1617139239
0.0014584555404298799
0.0011512795533306461
0.0011714334893155446
0.0009712376007952087
0.0008650828967145267
0.000954444461516472
GEN 102 time 1617139241
0.0014584555404298799
0.0011512795533306461
0.0011714334893155446
0.0009712376007952087
0.0008650828967145267
0.000954444461516472
GEN 103 time 1617139243
0.0014584555404298799
0.0011512795533306461
0.0011714334893155446
0.0009712376007952087
0.0008650828967145267
0.000954444461516472
GEN 104 time 1617139245
0.0014584555404298799
0.0011512795533306461
0.0011714334893155446
0.0009712376007952087
0.0008650828967145267
0.000954444461516472
GEN 105 time 1617139247
0.0014584555404298799
0.0011512795533306461
0.0011714334893155446
0.0009712376007952087
0.0008650828967145267
0.000954444461516472
GEN 106 time 1617139249
0.0014584555404298799
0.0011512795533306461
0.0011714334893155446
0.0009712376007952087
0.0008650828967145267
0.000954444461516472
GEN 107 time 1617139251
0.0014584555404298799
0.0011512795533306461
0.0011714334893155446
0.0009712376007952087
0.0008650828967145267
0.000954444461516472
GEN 108 time 1617139252
0.0014584555404298799
0.0011512795533306461
0.0011714334893155446
0.0009712376007952087
0.0008650828967145267
0.000954444461516472
GEN 109 time 1617139254
0.0014584555404298799
0.0011512795533306461
0.0011714334893155446
0.0009712376007952087
0.0008650828967145267
0.000954444461516472
GEN 110 time 1617139256
0.0014584555404298799
0.0011512795533306461
0.0011714334893155446
0.0009712376007952087
0.0008650828967145267
0.000954444461516472
GEN 111 time 1617139258
0.0014584555404298799
0.0011512795533306461
0.0011714334893155446
0.0009712376007952087
0.0008650828967145267
0.000954444461516472
GEN 112 time 1617139260
0.0014584555404298799
0.0011512795533306461
0.0011714334893155446
0.0009712376007952087
0.0008650828967145267
0.000954444461516472
GEN 113 time 1617139262
0.0014584555404298799
0.0011512795533306461
0.0011714334893155446
0.0009712376007952087
0.0008650828967145267
0.000954444461516472
GEN 114 time 1617139264
0.0014584555404298799
0.0011512795533306461
0.0011714334893155446
0.0009712376007952087
0.0008650828967145267
0.000954444461516472
GEN 115 time 1617139266
0.0014584555404298799
0.0011512795533306461
0.0011714334893155446
0.0009712376007952087
0.0008650828967145267
0.000954444461516472
GEN 116 time 1617139267
0.0014584555404298799
0.0011512795533306461
0.0011714334893155446
0.0009712376007952087
0.0008650828967145267
0.000954444461516472
GEN 117 time 1617139269
0.0014584555404298799
0.0011512795533306461
0.0011714334893155446
0.0009712376007952087
0.0008622745368628325
0.000954444461516472
GEN 118 time 1617139271
0.0014584555404298799
0.0011512795533306461
0.0011714334893155446
0.0009712376007952087
0.0008622745368628325
0.000954444461516472
GEN 119 time 1617139273
0.0014584555404298799
0.0011512795533306461
0.0011714334893155446
0.0009712376007952087
0.0008622745368628325
0.000954444461516472
GEN 120 time 1617139275
0.0014584555404298799
0.0011512795533306461
0.0011714334893155446
0.0009712376007952087
0.0008622745368628325
0.000954444461516472
GEN 121 time 1617139277
0.0014584555404298799
0.0011512795533306461
0.0011714334893155446
0.0009712376007952087
0.0008622745368628325
0.0008948967213675701
GEN 122 time 1617139279
0.0014584555404298799
0.0011512795533306461
0.0011714334893155446
0.0009712376007952087
0.0008622745368628325
0.0008794736383552051
GEN 123 time 1617139281
0.0014584555404298799
0.0011512795533306461
0.0011714334893155446
0.0009712376007952087
0.0008622745368628325
0.0008740262746818491
GEN 124 time 1617139282
0.0014584555404298799
0.0011512795533306461
0.0011714334893155446
0.0009712376007952087
0.0008622745368628325
0.0008740262746818491
GEN 125 time 1617139284
0.0014584555404298799
0.0011512795533306461
0.0011714334893155446
0.0009712376007952087
0.0008622745368628325
0.0008740262746818491
GEN 126 time 1617139286
0.0014584555404298799
0.0011512795533306461
0.0011714334893155446
0.0009712376007952087
0.0008622745368628325
0.0008740262746818491
GEN 127 time 1617139288
0.0014584555404298799
0.0011512795533306461
0.0011714334893155446
0.0009712376007952087
0.0008622745368628325
0.0008740262746818491
GEN 128 time 1617139290
0.0014584555404298799
0.0011512795533306461
0.0011714334893155446
0.0009712376007952087
0.0008622745368628325
0.0008740262746818491
GEN 129 time 1617139292
0.0014584555404298799
0.0011512795533306461
0.0011714334893155446
0.0009712376007952087
0.0008622745368628325
0.0008740262746818491
GEN 130 time 1617139294
0.0014584555404298799
0.0011512795533306461
0.0011714334893155446
0.0009712376007952087
0.0008622745368628325
0.0008740262746818491
GEN 131 time 1617139295
0.0014584555404298799
0.0011512795533306461
0.0011714334893155446
0.0009712376007952087
0.0008622745368628325
0.0008740262746818491
GEN 132 time 1617139297
0.0014584555404298799
0.0011512795533306461
0.0011714334893155446
0.0009712376007952087
0.0008622745368628325
0.0008740262746818491
GEN 133 time 1617139299
0.0014584555404298799
0.0011512795533306461
0.0011714334893155446
0.0009712376007952087
0.0008622745368628325
0.0008740262746818491
GEN 134 time 1617139301
0.0014584555404298799
0.0011512795533306461
0.0011714334893155446
0.0009712376007952087
0.0008622745368628325
0.0008740262746818491
GEN 135 time 1617139303
0.0014584555404298799
0.0011512795533306461
0.0011714334893155446
0.0009712376007952087
0.0008622745368628325
0.0008740262746818491
GEN 136 time 1617139305
0.0014584555404298799
0.0011512795533306461
0.0011714334893155446
0.0009712376007952087
0.0008622745368628325
0.0008740262746818491
GEN 137 time 1617139307
0.0014584555404298799
0.0011512795533306461
0.0011714334893155446
0.0009712376007952087
0.0008622745368628325
0.0008740262746818491
GEN 138 time 1617139308
0.0014584555404298799
0.0011512795533306461
0.0011714334893155446
0.0009712376007952087
0.0008592403303560503
0.0008740262746818491
GEN 139 time 1617139310
0.0014584555404298799
0.0011512795533306461
0.0011714334893155446
0.0009712376007952087
0.0008592403303560503
0.0008740262746818491
GEN 140 time 1617139312
0.0014584555404298799
0.0011512795533306461
0.0011714334893155446
0.0009712376007952087
0.0008592403303560503
0.0008740262746818491
GEN 141 time 1617139314
0.0014584555404298799
0.0011512795533306461
0.0011714334893155446
0.0009712376007952087
0.0008592403303560503
0.0008740262746818491
GEN 142 time 1617139316
0.0014584555404298799
0.0011512795533306461
0.0011714334893155446
0.0009712376007952087
0.0008592403303560503
0.0008740262746818491
GEN 143 time 1617139318
0.0014584555404298799
0.0011512795533306461
0.0011714334893155446
0.0009712376007952087
0.0008592403303560503
0.0008740262746818491
GEN 144 time 1617139320
0.0014584555404298799
0.0011512795533306461
0.0011714334893155446
0.0009712376007952087
0.0008592403303560503
0.0008740262746818491
GEN 145 time 1617139322
0.0014584555404298799
0.0011512795533306461
0.0011714334893155446
0.0009712376007952087
0.0008592403303560503
0.0008740262746818491
GEN 146 time 1617139323
0.0014584555404298799
0.0011512795533306461
0.0011714334893155446
0.0009712376007952087
0.0008592403303560503
0.0008740262746818491
GEN 147 time 1617139325
0.0014584555404298799
0.0011512795533306461
0.0011714334893155446
0.0009712376007952087
0.0008592403303560503
0.0008740262746818491
GEN 148 time 1617139327
0.0014584555404298799
0.0011512795533306461
0.0011714334893155446
0.0009712376007952087
0.0008592403303560503
0.0008740262746818491
GEN 149 time 1617139329
0.0014584555404298799
0.0011512795533306461
0.0011714334893155446
0.0009712376007952087
0.0008592403303560503
0.0008740262746818491
GEN 150 time 1617139331
0.0014584555404298799
0.0011512795533306461
0.0011714334893155446
0.0009712376007952087
0.0008592403303560503
0.0008740262746818491
GEN 151 time 1617139333
0.0014584555404298799
0.0011512795533306461
0.0011714334893155446
0.0009712376007952087
0.0008592403303560503
0.0008740262746818491
GEN 152 time 1617139335
0.0014584555404298799
0.0011512795533306461
0.0011714334893155446
0.0009712376007952087
0.0008592403303560503
0.0008740262746818491
GEN 153 time 1617139337
0.0014584555404298799
0.0011512795533306461
0.0011714334893155446
0.0009712376007952087
0.0008592403303560503
0.0008740262746818491
GEN 154 time 1617139338
0.0014584555404298799
0.0011512795533306461
0.0011714334893155446
0.0009712376007952087
0.0008592403303560503
0.0008740262746818491
GEN 155 time 1617139340
0.0014584555404298799
0.0011512795533306461
0.0011714334893155446
0.0009712376007952087
0.0008592403303560503
0.0008740262746818491
GEN 156 time 1617139342
0.0014584555404298799
0.0011512795533306461
0.0011714334893155446
0.0009712376007952087
0.0008541133191592677
0.0008740262746818491
GEN 157 time 1617139344
0.0014584555404298799
0.0011512795533306461
0.0011714334893155446
0.0009712376007952087
0.0008541133191592677
0.0008740262746818491
GEN 158 time 1617139346
0.0014584555404298799
0.0011512795533306461
0.0011714334893155446
0.0009712376007952087
0.0008541133191592677
0.0008740262746818491
GEN 159 time 1617139348
0.0014584555404298799
0.0011512795533306461
0.0011714334893155446
0.0009712376007952087
0.0008541133191592677
0.0008740262746818491
GEN 160 time 1617139350
0.0014584555404298799
0.0011512795533306461
0.0011714334893155446
0.0009712376007952087
0.0008541133191592677
0.0008740262746818491
GEN 161 time 1617139351
0.0014584555404298799
0.0011512795533306461
0.0011714334893155446
0.0009712376007952087
0.0008541133191592677
0.0008740262746818491
GEN 162 time 1617139353
0.0014584555404298799
0.0011512795533306461
0.0011714334893155446
0.0009712376007952087
0.0008541133191592677
0.0008740262746818491
GEN 163 time 1617139355
0.0014584555404298799
0.0011512795533306461
0.0011714334893155446
0.0009712376007952087
0.0008541133191592677
0.0008740262746818491
GEN 164 time 1617139357
0.0014584555404298799
0.0011512795533306461
0.0011714334893155446
0.0009712376007952087
0.0008541133191592677
0.0008740262746818491
GEN 165 time 1617139359
0.0014584555404298799
0.0011512795533306461
0.0011714334893155446
0.0009712376007952087
0.0008541133191592677
0.0008740262746818491
GEN 166 time 1617139361
0.0014584555404298799
0.0011512795533306461
0.0011714334893155446
0.0009712376007952087
0.0008541133191592677
0.0008740262746818491
GEN 167 time 1617139363
0.0014584555404298799
0.0011512795533306461
0.0011714334893155446
0.0009712376007952087
0.0008541133191592677
0.0008740262746818491
GEN 168 time 1617139364
0.0014584555404298799
0.0011512795533306461
0.0011714334893155446
0.0009712376007952087
0.0008541133191592677
0.0008740262746818491
GEN 169 time 1617139366
0.0014584555404298799
0.0011512795533306461
0.0011714334893155446
0.0009712376007952087
0.0008541133191592677
0.0008656499637219213
GEN 170 time 1617139368
0.0014584555404298799
0.0011512795533306461
0.0011714334893155446
0.0009712376007952087
0.0008541133191592677
0.0008656499637219213
GEN 171 time 1617139370
0.0014584555404298799
0.0011512795533306461
0.0011714334893155446
0.0009712376007952087
0.0008541133191592677
0.0008656499637219213
GEN 172 time 1617139372
0.0014584555404298799
0.0011512795533306461
0.0011714334893155446
0.0009712376007952087
0.0008541133191592677
0.0008656499637219213
GEN 173 time 1617139374
0.0014584555404298799
0.0011512795533306461
0.0011714334893155446
0.0009712376007952087
0.0008541133191592677
0.0008656499637219213
GEN 174 time 1617139376
0.0014584555404298799
0.0011512795533306461
0.0011714334893155446
0.0009712376007952087
0.0008541133191592677
0.0008656499637219213
GEN 175 time 1617139377
0.0014584555404298799
0.0011512795533306461
0.0011714334893155446
0.0009712376007952087
0.0008541133191592677
0.0008656499637219213
GEN 176 time 1617139379
0.0014584555404298799
0.0011512795533306461
0.0011714334893155446
0.0009712376007952087
0.0008541133191592677
0.0008656499637219213
GEN 177 time 1617139381
0.0014584555404298799
0.0011512795533306461
0.0011714334893155446
0.0009712376007952087
0.0008541133191592677
0.0008656499637219213
GEN 178 time 1617139383
0.0014584555404298799
0.0011512795533306461
0.0011714334893155446
0.0009712376007952087
0.0008541133191592677
0.0008656499637219213
GEN 179 time 1617139385
0.0014584555404298799
0.0011512795533306461
0.0011714334893155446
0.0009712376007952087
0.0008541133191592677
0.0008656499637219213
GEN 180 time 1617139387
0.0014584555404298799
0.0011512795533306461
0.0011714334893155446
0.0009712376007952087
0.0008541133191592677
0.0008656499637219213
GEN 181 time 1617139389
0.0014584555404298799
0.0011512795533306461
0.0011714334893155446
0.0009712376007952087
0.0008541133191592677
0.0008656499637219213
GEN 182 time 1617139391
0.0014584555404298799
0.0011512795533306461
0.0011714334893155446
0.0009712376007952087
0.0008541133191592677
0.0008656499637219213
GEN 183 time 1617139392
0.0014584555404298799
0.0011512795533306461
0.0011714334893155446
0.0009712376007952087
0.0008541133191592677
0.0008656499637219213
GEN 184 time 1617139394
0.0014584555404298799
0.0011512795533306461
0.0011714334893155446
0.0009712376007952087
0.0008541133191592677
0.0008656499637219213
GEN 185 time 1617139396
0.0014584555404298799
0.0011512795533306461
0.0011714334893155446
0.0009712376007952087
0.0008541133191592677
0.0008656499637219213
GEN 186 time 1617139398
0.0014584555404298799
0.0011512795533306461
0.0011714334893155446
0.0009712376007952087
0.0008541133191592677
0.0008656499637219213
GEN 187 time 1617139400
0.0014584555404298799
0.0011512795533306461
0.0011714334893155446
0.0009712376007952087
0.0008541133191592677
0.0008656499637219213
GEN 188 time 1617139402
0.0014584555404298799
0.0011512795533306461
0.0011714334893155446
0.0009712376007952087
0.0008541133191592677
0.0008656499637219213
GEN 189 time 1617139404
0.0014584555404298799
0.0011512795533306461
0.0011714334893155446
0.0009712376007952087
0.0008541133191592677
0.0008656499637219213
GEN 190 time 1617139405
0.0014584555404298799
0.0011512795533306461
0.0011714334893155446
0.0009712376007952087
0.0008541133191592677
0.0008656499637219213
GEN 191 time 1617139407
0.0014584555404298799
0.0011512795533306461
0.0011714334893155446
0.0009712376007952087
0.0008541133191592677
0.0008656499637219213
GEN 192 time 1617139409
0.0014584555404298799
0.0011512795533306461
0.0011714334893155446
0.0009712376007952087
0.0008541133191592677
0.0008656499637219213
GEN 193 time 1617139411
0.0014584555404298799
0.0011512795533306461
0.0011714334893155446
0.0009712376007952087
0.0008541133191592677
0.0008656499637219213
GEN 194 time 1617139413
0.0014584555404298799
0.0011512795533306461
0.0011714334893155446
0.0009712376007952087
0.0008541133191592677
0.0008656499637219213
GEN 195 time 1617139415
0.0014584555404298799
0.0011512795533306461
0.0011714334893155446
0.0009712376007952087
0.0008541133191592677
0.0008656499637219213
GEN 196 time 1617139417
0.0014584555404298799
0.0011512795533306461
0.0011714334893155446
0.0009712376007952087
0.0008541133191592677
0.0008656499637219213
GEN 197 time 1617139419
0.0014584555404298799
0.0011512795533306461
0.0011714334893155446
0.0009712376007952087
0.0008529947617621242
0.0008656499637219213
GEN 198 time 1617139420
0.0014584555404298799
0.0011512795533306461
0.0011714334893155446
0.0009712376007952087
0.0008529947617621242
0.0008656499637219213
GEN 199 time 1617139422
0.0014584555404298799
0.0011512795533306461
0.0011714334893155446
0.0009712376007952087
0.0008529947617621242
0.0008656499637219213
