['./data/small/layer/uu-dem2_r25_1.json', './data/small/layer/uu-dem7_r25_1.json', './data/small/layer/uu-dem8_r25_1.json', './data/small/hop/uu-dem4_r25_1_0.json']
GEN 0 time 1610027582
0.001561085432213952
0.0023368348238357903
0.0019331241698611365
0.0012082383248617717
GEN 1 time 1610027584
0.001561085432213952
0.0023368348238357903
0.0019331241698611365
0.0012082383248617717
GEN 2 time 1610027585
0.001561085432213952
0.0023368348238357903
0.0019331241698611365
0.0012082383248617717
GEN 3 time 1610027586
0.0014965331292468968
0.0023368348238357903
0.0019331241698611365
0.0012046089669289963
GEN 4 time 1610027588
0.0014965331292468968
0.0023368348238357903
0.0019331241698611365
0.0012046089669289963
GEN 5 time 1610027590
0.0014965331292468968
0.0023368348238357903
0.0019331241698611365
0.0012024411283769836
GEN 6 time 1610027591
0.0014747944620447592
0.0023368348238357903
0.0019331241698611365
0.0012024411283769836
GEN 7 time 1610027593
0.0014747944620447592
0.0023368348238357903
0.0019331241698611365
0.0012024411283769836
GEN 8 time 1610027594
0.0014747944620447592
0.0023368348238357903
0.0019331241698611365
0.0010945331609226712
GEN 9 time 1610027596
0.0013534573802287822
0.0023368348238357903
0.0019331241698611365
0.0010559808636219981
GEN 10 time 1610027597
0.0013534573802287822
0.0023368348238357903
0.0019331241698611365
0.0010559808636219981
GEN 11 time 1610027599
0.0013534573802287822
0.0023368348238357903
0.0019331241698611365
0.0010559808636219981
GEN 12 time 1610027600
0.0013534573802287822
0.0023368348238357903
0.0019331241698611365
0.0010307462077168662
GEN 13 time 1610027602
0.0013534573802287822
0.0023368348238357903
0.0019331241698611365
0.0010276166598665992
GEN 14 time 1610027604
0.0013534573802287822
0.0023368348238357903
0.0019331241698611365
0.0010247731064903232
GEN 15 time 1610027605
0.0013534573802287822
0.0023368348238357903
0.0019331241698611365
0.0010247731064903232
GEN 16 time 1610027607
0.0013534573802287822
0.0023368348238357903
0.0019331241698611365
0.0010247731064903232
GEN 17 time 1610027609
0.0013534573802287822
0.0023368348238357903
0.0019331241698611365
0.0010247731064903232
GEN 18 time 1610027610
0.0013534573802287822
0.0023368348238357903
0.0019331241698611365
0.0010247731064903232
GEN 19 time 1610027612
0.0013534573802287822
0.0023368348238357903
0.0019331241698611365
0.0010247731064903232
GEN 20 time 1610027614
0.001288360942333272
0.0023368348238357903
0.0019331241698611365
0.0010247731064903232
GEN 21 time 1610027615
0.001288360942333272
0.0023368348238357903
0.0019331241698611365
0.0010247731064903232
GEN 22 time 1610027617
0.001288360942333272
0.0023368348238357903
0.0019331241698611365
0.001021287634394935
GEN 23 time 1610027619
0.001288360942333272
0.0023368348238357903
0.0019331241698611365
0.0010160298146044274
GEN 24 time 1610027620
0.001288360942333272
0.0023368348238357903
0.0019331241698611365
0.0010160298146044274
GEN 25 time 1610027622
0.001288360942333272
0.0023368348238357903
0.0019331241698611365
0.0010160298146044274
GEN 26 time 1610027624
0.001288360942333272
0.0023368348238357903
0.0019331241698611365
0.0010160298146044274
GEN 27 time 1610027625
0.001288360942333272
0.0023368348238357903
0.0019331241698611365
0.0010160298146044274
GEN 28 time 1610027627
0.001288360942333272
0.0023368348238357903
0.0019331241698611365
0.0010160298146044274
GEN 29 time 1610027629
0.001288360942333272
0.0023368348238357903
0.0019331241698611365
0.0010160298146044274
GEN 30 time 1610027630
0.001288360942333272
0.0023368348238357903
0.0019331241698611365
0.0010160298146044274
GEN 31 time 1610027632
0.001288360942333272
0.0023368348238357903
0.0019331241698611365
0.001014373141225515
GEN 32 time 1610027634
0.001288360942333272
0.0023368348238357903
0.0019331241698611365
0.001014373141225515
GEN 33 time 1610027635
0.001288360942333272
0.0023368348238357903
0.0019331241698611365
0.001014373141225515
GEN 34 time 1610027637
0.0012560922036427829
0.0023368348238357903
0.0019331241698611365
0.001014373141225515
GEN 35 time 1610027639
0.0012560922036427829
0.0023368348238357903
0.0019331241698611365
0.001014373141225515
GEN 36 time 1610027640
0.0012560922036427829
0.0023368348238357903
0.0019331241698611365
0.001014373141225515
GEN 37 time 1610027642
0.0012560922036427829
0.0023368348238357903
0.0019331241698611365
0.001014373141225515
GEN 38 time 1610027644
0.0012560922036427829
0.0023368348238357903
0.0019331241698611365
0.001014373141225515
GEN 39 time 1610027645
0.0012560922036427829
0.0023368348238357903
0.0019331241698611365
0.001014373141225515
GEN 40 time 1610027647
0.0012560922036427829
0.0023368348238357903
0.0019331241698611365
0.001014373141225515
GEN 41 time 1610027649
0.0012560922036427829
0.0023368348238357903
0.0019331241698611365
0.001014373141225515
GEN 42 time 1610027650
0.0012560922036427829
0.0023368348238357903
0.0019331241698611365
0.001014373141225515
GEN 43 time 1610027652
0.0011714334893155446
0.0023368348238357903
0.0019331241698611365
0.001014373141225515
GEN 44 time 1610027654
0.0011714334893155446
0.0023368348238357903
0.0019331241698611365
0.001014373141225515
GEN 45 time 1610027655
0.0011714334893155446
0.0023368348238357903
0.0019331241698611365
0.001014373141225515
GEN 46 time 1610027657
0.0011714334893155446
0.0023368348238357903
0.0019331241698611365
0.0010124454010504566
GEN 47 time 1610027659
0.0011714334893155446
0.0023368348238357903
0.0019331241698611365
0.0010124454010504566
GEN 48 time 1610027660
0.0011714334893155446
0.0023368348238357903
0.0019331241698611365
0.0010124454010504566
GEN 49 time 1610027662
0.0011714334893155446
0.0023368348238357903
0.0019331241698611365
0.0010124454010504566
GEN 50 time 1610027664
0.0011714334893155446
0.0023368348238357903
0.0019331241698611365
0.0010124454010504566
GEN 51 time 1610027665
0.0011714334893155446
0.0023368348238357903
0.0019331241698611365
0.0010124454010504566
GEN 52 time 1610027667
0.0011714334893155446
0.0023368348238357903
0.0019331241698611365
0.0010124454010504566
GEN 53 time 1610027669
0.0011714334893155446
0.0023368348238357903
0.0019331241698611365
0.0010124454010504566
GEN 54 time 1610027670
0.0011714334893155446
0.0023368348238357903
0.0019331241698611365
0.0010124454010504566
GEN 55 time 1610027672
0.0011714334893155446
0.0023368348238357903
0.0019331241698611365
0.0010124454010504566
GEN 56 time 1610027674
0.0011714334893155446
0.0023368348238357903
0.0019331241698611365
0.0010124454010504566
GEN 57 time 1610027675
0.0011714334893155446
0.0023368348238357903
0.0019331241698611365
0.0010124454010504566
GEN 58 time 1610027677
0.0011714334893155446
0.0023368348238357903
0.0019331241698611365
0.0010124454010504566
GEN 59 time 1610027679
0.0011714334893155446
0.0023368348238357903
0.0019331241698611365
0.0010124454010504566
GEN 60 time 1610027680
0.0011714334893155446
0.0023368348238357903
0.0019331241698611365
0.0010124454010504566
GEN 61 time 1610027682
0.0011714334893155446
0.0023368348238357903
0.0019331241698611365
0.0010124454010504566
GEN 62 time 1610027684
0.0011714334893155446
0.0023368348238357903
0.0019331241698611365
0.0010124454010504566
GEN 63 time 1610027685
0.0011714334893155446
0.0023368348238357903
0.0019331241698611365
0.0010124454010504566
GEN 64 time 1610027687
0.0011714334893155446
0.0023368348238357903
0.0019331241698611365
0.0010009749788315436
GEN 65 time 1610027689
0.0011714334893155446
0.0023368348238357903
0.0019331241698611365
0.0008888317002639582
GEN 66 time 1610027690
0.0011714334893155446
0.0023368348238357903
0.0019331241698611365
0.0008888317002639582
GEN 67 time 1610027692
0.0011714334893155446
0.0023368348238357903
0.0019331241698611365
0.0008888317002639582
GEN 68 time 1610027694
0.0011714334893155446
0.0023368348238357903
0.0019331241698611365
0.0008888317002639582
GEN 69 time 1610027695
0.0011714334893155446
0.0023368348238357903
0.0019331241698611365
0.0008888317002639582
GEN 70 time 1610027697
0.0011714334893155446
0.0023368348238357903
0.0019331241698611365
0.0008888317002639582
GEN 71 time 1610027699
0.0011714334893155446
0.0023368348238357903
0.0019331241698611365
0.0008888317002639582
GEN 72 time 1610027700
0.0011714334893155446
0.0023368348238357903
0.0019331241698611365
0.0008888317002639582
GEN 73 time 1610027702
0.0011714334893155446
0.0023368348238357903
0.0019331241698611365
0.0008888317002639582
GEN 74 time 1610027704
0.0011714334893155446
0.0023368348238357903
0.0019331241698611365
0.0008888317002639582
GEN 75 time 1610027705
0.0011714334893155446
0.0023368348238357903
0.0019331241698611365
0.0008888317002639582
GEN 76 time 1610027707
0.0011714334893155446
0.0023368348238357903
0.0019331241698611365
0.0008888317002639582
GEN 77 time 1610027709
0.0011714334893155446
0.0023368348238357903
0.0019331241698611365
0.0008888317002639582
GEN 78 time 1610027710
0.0011714334893155446
0.0023368348238357903
0.0019331241698611365
0.0008888317002639582
GEN 79 time 1610027712
0.0011714334893155446
0.0023368348238357903
0.0019331241698611365
0.0008888317002639582
GEN 80 time 1610027714
0.0011714334893155446
0.0023368348238357903
0.0019331241698611365
0.0008888317002639582
GEN 81 time 1610027715
0.0011714334893155446
0.0023368348238357903
0.0019331241698611365
0.0008888317002639582
GEN 82 time 1610027717
0.0011714334893155446
0.0023368348238357903
0.0019331241698611365
0.0008888317002639582
GEN 83 time 1610027719
0.0011714334893155446
0.0023368348238357903
0.0019331241698611365
0.0008888317002639582
GEN 84 time 1610027720
0.0011714334893155446
0.0023368348238357903
0.0019331241698611365
0.0008888317002639582
GEN 85 time 1610027722
0.0011714334893155446
0.0023368348238357903
0.0019331241698611365
0.0008888317002639582
GEN 86 time 1610027724
0.0011714334893155446
0.0023368348238357903
0.0019331241698611365
0.0008888317002639582
GEN 87 time 1610027725
0.0011714334893155446
0.0023368348238357903
0.0019331241698611365
0.0008888317002639582
GEN 88 time 1610027727
0.0011714334893155446
0.0023368348238357903
0.0019331241698611365
0.0008888317002639582
GEN 89 time 1610027729
0.0011714334893155446
0.0023368348238357903
0.0019331241698611365
0.0008888317002639582
GEN 90 time 1610027730
0.0011714334893155446
0.0023368348238357903
0.0019331241698611365
0.0008888317002639582
GEN 91 time 1610027732
0.0011714334893155446
0.0023368348238357903
0.0019331241698611365
0.0008888317002639582
GEN 92 time 1610027734
0.0011714334893155446
0.0023368348238357903
0.0019331241698611365
0.0008873552342335033
GEN 93 time 1610027736
0.0011714334893155446
0.0023368348238357903
0.0019331241698611365
0.0008873552342335033
GEN 94 time 1610027737
0.0011714334893155446
0.0023368348238357903
0.0019331241698611365
0.0008873552342335033
GEN 95 time 1610027739
0.0011714334893155446
0.0023368348238357903
0.0019331241698611365
0.0008873552342335033
GEN 96 time 1610027741
0.0011714334893155446
0.0023368348238357903
0.0019331241698611365
0.0008873552342335033
GEN 97 time 1610027742
0.0011714334893155446
0.0023368348238357903
0.0019331241698611365
0.0008873552342335033
GEN 98 time 1610027744
0.0011714334893155446
0.0023368348238357903
0.0019331241698611365
0.0008873552342335033
GEN 99 time 1610027746
0.0011714334893155446
0.0023368348238357903
0.0019331241698611365
0.0008873552342335033
GEN 100 time 1610027747
0.0011714334893155446
0.0023368348238357903
0.0019331241698611365
0.0008873552342335033
GEN 101 time 1610027749
0.0011714334893155446
0.0023368348238357903
0.0019331241698611365
0.0008873552342335033
GEN 102 time 1610027751
0.0011714334893155446
0.0023368348238357903
0.0019331241698611365
0.0008873552342335033
GEN 103 time 1610027752
0.0011714334893155446
0.0023368348238357903
0.0019331241698611365
0.0008873552342335033
GEN 104 time 1610027754
0.0011714334893155446
0.0023368348238357903
0.0019331241698611365
0.0008873552342335033
GEN 105 time 1610027756
0.0011714334893155446
0.0023368348238357903
0.0019331241698611365
0.0008873552342335033
GEN 106 time 1610027757
0.0011714334893155446
0.0023368348238357903
0.0019331241698611365
0.0008873552342335033
GEN 107 time 1610027759
0.0011714334893155446
0.0023368348238357903
0.0019331241698611365
0.0008873552342335033
GEN 108 time 1610027761
0.0011714334893155446
0.0023368348238357903
0.0019331241698611365
0.0008873552342335033
GEN 109 time 1610027762
0.0011714334893155446
0.0023368348238357903
0.0019331241698611365
0.0008873552342335033
GEN 110 time 1610027764
0.0011714334893155446
0.0023368348238357903
0.0019331241698611365
0.0008873552342335033
GEN 111 time 1610027766
0.0011714334893155446
0.0023368348238357903
0.0019331241698611365
0.0008873552342335033
GEN 112 time 1610027767
0.0011714334893155446
0.0023368348238357903
0.0019331241698611365
0.0008873552342335033
GEN 113 time 1610027769
0.0011714334893155446
0.0023368348238357903
0.0019331241698611365
0.0008873552342335033
GEN 114 time 1610027771
0.0011714334893155446
0.0023368348238357903
0.0019331241698611365
0.0008873552342335033
GEN 115 time 1610027772
0.0011714334893155446
0.0023368348238357903
0.0019331241698611365
0.0008873552342335033
GEN 116 time 1610027774
0.0011714334893155446
0.0023368348238357903
0.0019331241698611365
0.0008873552342335033
GEN 117 time 1610027776
0.0011714334893155446
0.0023368348238357903
0.0019331241698611365
0.0008873552342335033
GEN 118 time 1610027777
0.0011714334893155446
0.0023368348238357903
0.0019331241698611365
0.0008873552342335033
GEN 119 time 1610027779
0.0011714334893155446
0.0023368348238357903
0.0019331241698611365
0.0008873552342335033
GEN 120 time 1610027781
0.0011714334893155446
0.0023368348238357903
0.0019331241698611365
0.0008873552342335033
GEN 121 time 1610027782
0.0011714334893155446
0.0023368348238357903
0.0019331241698611365
0.0008873552342335033
GEN 122 time 1610027784
0.0011714334893155446
0.0023368348238357903
0.0019331241698611365
0.0008873552342335033
GEN 123 time 1610027786
0.0011714334893155446
0.0023368348238357903
0.0019331241698611365
0.0008698921934919838
GEN 124 time 1610027787
0.0011714334893155446
0.0023368348238357903
0.0019331241698611365
0.0008698921934919838
GEN 125 time 1610027789
0.0011714334893155446
0.0023368348238357903
0.0019331241698611365
0.0008698921934919838
GEN 126 time 1610027791
0.0011714334893155446
0.0023368348238357903
0.0019331241698611365
0.0008698921934919838
GEN 127 time 1610027792
0.0011714334893155446
0.0023368348238357903
0.0019331241698611365
0.0008698921934919838
GEN 128 time 1610027794
0.0011714334893155446
0.0023368348238357903
0.0019331241698611365
0.0008698921934919838
GEN 129 time 1610027796
0.0011714334893155446
0.0023368348238357903
0.0019331241698611365
0.0008698921934919838
GEN 130 time 1610027797
0.0011714334893155446
0.0023368348238357903
0.0019331241698611365
0.0008698921934919838
GEN 131 time 1610027799
0.0011714334893155446
0.0023368348238357903
0.0019331241698611365
0.0008698921934919838
GEN 132 time 1610027800
0.0011714334893155446
0.0023368348238357903
0.0019331241698611365
0.0008698921934919838
GEN 133 time 1610027802
0.0011714334893155446
0.0023368348238357903
0.0019331241698611365
0.0008698921934919838
GEN 134 time 1610027804
0.0011714334893155446
0.0023368348238357903
0.0019331241698611365
0.0008698921934919838
GEN 135 time 1610027805
0.0011714334893155446
0.0023368348238357903
0.0019331241698611365
0.0008698921934919838
GEN 136 time 1610027807
0.0011714334893155446
0.0023368348238357903
0.0019331241698611365
0.0008698921934919838
GEN 137 time 1610027808
0.0011714334893155446
0.0023368348238357903
0.0019331241698611365
0.0008698921934919838
GEN 138 time 1610027810
0.0011714334893155446
0.0023368348238357903
0.0019331241698611365
0.0008698921934919838
GEN 139 time 1610027812
0.0011714334893155446
0.0023368348238357903
0.0019331241698611365
0.0008698921934919838
GEN 140 time 1610027814
0.0011714334893155446
0.0023368348238357903
0.0019331241698611365
0.0008698921934919838
GEN 141 time 1610027815
0.0011714334893155446
0.0023368348238357903
0.0019331241698611365
0.0008698921934919838
GEN 142 time 1610027817
0.0011714334893155446
0.0023368348238357903
0.0019331241698611365
0.0008698921934919838
GEN 143 time 1610027819
0.0011714334893155446
0.0023368348238357903
0.0019331241698611365
0.0008698921934919838
GEN 144 time 1610027820
0.0011714334893155446
0.0023368348238357903
0.0019331241698611365
0.0008698921934919838
GEN 145 time 1610027822
0.0011714334893155446
0.0023368348238357903
0.0019331241698611365
0.0008698921934919838
GEN 146 time 1610027824
0.0011714334893155446
0.0023368348238357903
0.0019331241698611365
0.0008698921934919838
GEN 147 time 1610027825
0.0011714334893155446
0.0023368348238357903
0.0019331241698611365
0.0008698921934919838
GEN 148 time 1610027827
0.0011714334893155446
0.0023368348238357903
0.0019331241698611365
0.0008698921934919838
GEN 149 time 1610027829
0.0011714334893155446
0.0023368348238357903
0.0019331241698611365
0.0008698921934919838
GEN 150 time 1610027830
0.0011714334893155446
0.0023368348238357903
0.0019331241698611365
0.0008698921934919838
GEN 151 time 1610027832
0.0011714334893155446
0.0023368348238357903
0.0019331241698611365
0.0008698921934919838
GEN 152 time 1610027834
0.0011714334893155446
0.0023368348238357903
0.0019331241698611365
0.0008698921934919838
GEN 153 time 1610027836
0.0011714334893155446
0.0023368348238357903
0.0019331241698611365
0.0008698921934919838
GEN 154 time 1610027837
0.0011714334893155446
0.0023368348238357903
0.0019331241698611365
0.0008698921934919838
GEN 155 time 1610027839
0.0011714334893155446
0.0023368348238357903
0.0019331241698611365
0.0008698921934919838
GEN 156 time 1610027841
0.0011714334893155446
0.0023368348238357903
0.0019331241698611365
0.0008698921934919838
GEN 157 time 1610027842
0.0011714334893155446
0.0023368348238357903
0.0019331241698611365
0.0008698921934919838
GEN 158 time 1610027844
0.0011714334893155446
0.0023368348238357903
0.0019331241698611365
0.0008698921934919838
GEN 159 time 1610027846
0.0011714334893155446
0.0023368348238357903
0.0019331241698611365
0.0008698921934919838
GEN 160 time 1610027847
0.0011714334893155446
0.0023368348238357903
0.0019331241698611365
0.0008698921934919838
GEN 161 time 1610027849
0.0011714334893155446
0.0023368348238357903
0.0019331241698611365
0.0008698921934919838
GEN 162 time 1610027851
0.0011714334893155446
0.0023368348238357903
0.0019331241698611365
0.0008698921934919838
GEN 163 time 1610027852
0.0011714334893155446
0.0023368348238357903
0.0019331241698611365
0.0008698921934919838
GEN 164 time 1610027854
0.0011714334893155446
0.0023368348238357903
0.0019331241698611365
0.0008698921934919838
GEN 165 time 1610027856
0.0011714334893155446
0.0023368348238357903
0.0019331241698611365
0.0008698921934919838
GEN 166 time 1610027857
0.0011714334893155446
0.0023368348238357903
0.0019331241698611365
0.0008698921934919838
GEN 167 time 1610027859
0.0011714334893155446
0.0023368348238357903
0.0019331241698611365
0.0008698921934919838
GEN 168 time 1610027861
0.0011714334893155446
0.0023368348238357903
0.0019331241698611365
0.0008698921934919838
GEN 169 time 1610027862
0.0011714334893155446
0.0023368348238357903
0.0019331241698611365
0.0008698921934919838
GEN 170 time 1610027864
0.0011714334893155446
0.0023368348238357903
0.0019331241698611365
0.0008698921934919838
GEN 171 time 1610027866
0.0011714334893155446
0.0023368348238357903
0.0019331241698611365
0.0008698921934919838
GEN 172 time 1610027868
0.0011714334893155446
0.0023368348238357903
0.0019331241698611365
0.0008698921934919838
GEN 173 time 1610027869
0.0011714334893155446
0.0023368348238357903
0.0019331241698611365
0.0008698921934919838
GEN 174 time 1610027871
0.0011714334893155446
0.0023368348238357903
0.0019331241698611365
0.0008698921934919838
GEN 175 time 1610027873
0.0011714334893155446
0.0023368348238357903
0.0019331241698611365
0.0008698921934919838
GEN 176 time 1610027874
0.0011714334893155446
0.0023368348238357903
0.0019331241698611365
0.0008615087985145071
GEN 177 time 1610027876
0.0011714334893155446
0.0023368348238357903
0.0019331241698611365
0.0008615087985145071
GEN 178 time 1610027878
0.0011714334893155446
0.0023368348238357903
0.0019331241698611365
0.0008615087985145071
GEN 179 time 1610027879
0.0011714334893155446
0.0023368348238357903
0.0019331241698611365
0.0008615087985145071
GEN 180 time 1610027881
0.0011714334893155446
0.0023368348238357903
0.0019331241698611365
0.0008615087985145071
GEN 181 time 1610027883
0.0011714334893155446
0.0023368348238357903
0.0019331241698611365
0.0008615087985145071
GEN 182 time 1610027884
0.0011714334893155446
0.0023368348238357903
0.0019331241698611365
0.0008615087985145071
GEN 183 time 1610027886
0.0011714334893155446
0.0023368348238357903
0.0019331241698611365
0.0008615087985145071
GEN 184 time 1610027888
0.0011714334893155446
0.0023368348238357903
0.0019331241698611365
0.0008615087985145071
GEN 185 time 1610027890
0.0011714334893155446
0.0023368348238357903
0.0019331241698611365
0.0008615087985145071
GEN 186 time 1610027891
0.0011714334893155446
0.0023368348238357903
0.0019331241698611365
0.0008615087985145071
GEN 187 time 1610027893
0.0011714334893155446
0.0023368348238357903
0.0019331241698611365
0.0008615087985145071
GEN 188 time 1610027895
0.0011714334893155446
0.0023368348238357903
0.0019331241698611365
0.0008615087985145071
GEN 189 time 1610027896
0.0011714334893155446
0.0023368348238357903
0.0019331241698611365
0.0008615087985145071
GEN 190 time 1610027898
0.0011714334893155446
0.0023368348238357903
0.0019331241698611365
0.0008615087985145071
GEN 191 time 1610027900
0.0011714334893155446
0.0023368348238357903
0.0019331241698611365
0.0008615087985145071
GEN 192 time 1610027901
0.0011714334893155446
0.0023368348238357903
0.0019331241698611365
0.0008615087985145071
GEN 193 time 1610027903
0.0011714334893155446
0.0023368348238357903
0.0019331241698611365
0.0008615087985145071
GEN 194 time 1610027905
0.0011714334893155446
0.0023368348238357903
0.0019331241698611365
0.0008615087985145071
GEN 195 time 1610027906
0.0011714334893155446
0.0023368348238357903
0.0019331241698611365
0.0008615087985145071
GEN 196 time 1610027908
0.0011714334893155446
0.0023368348238357903
0.0019331241698611365
0.0008615087985145071
GEN 197 time 1610027910
0.0011714334893155446
0.0023368348238357903
0.0019331241698611365
0.0008615087985145071
GEN 198 time 1610027912
0.0011714334893155446
0.0023368348238357903
0.0019331241698611365
0.0008615087985145071
GEN 199 time 1610027913
0.0011714334893155446
0.0023368348238357903
0.0019331241698611365
0.0008615087985145071
