['./data/small/layer/uu-dem1_r25_1.json', './data/small/layer/uu-dem4_r25_1.json', './data/small/layer/uu-dem7_r25_1.json', './data/small/hop/uu-dem10_r25_1_0.json']
GEN 0 time 1610040033
0.0016571391963555908
0.0016645867073912172
0.0023368348238357903
0.0016327681822404093
GEN 1 time 1610040035
0.0016571391963555908
0.0015532725531838558
0.0023368348238357903
0.0016327681822404093
GEN 2 time 1610040037
0.0016571391963555908
0.0015532725531838558
0.0023368348238357903
0.0016327681822404093
GEN 3 time 1610040039
0.0016054674761236088
0.0015532725531838558
0.0023368348238357903
0.0016327681822404093
GEN 4 time 1610040041
0.0016054674761236088
0.0015532725531838558
0.0023368348238357903
0.0016327681822404093
GEN 5 time 1610040043
0.0016054674761236088
0.0015532725531838558
0.0023368348238357903
0.0016155424416517334
GEN 6 time 1610040045
0.0014555776769893962
0.001517686651654076
0.0023368348238357903
0.001605219196118891
GEN 7 time 1610040047
0.0014555776769893962
0.0014855053265408816
0.0023368348238357903
0.001605219196118891
GEN 8 time 1610040049
0.0014555776769893962
0.0014855053265408816
0.0023368348238357903
0.001605219196118891
GEN 9 time 1610040051
0.0014555776769893962
0.0014584555404298799
0.0023368348238357903
0.001605219196118891
GEN 10 time 1610040053
0.0014555776769893962
0.0014584555404298799
0.0023368348238357903
0.001605219196118891
GEN 11 time 1610040054
0.0014555776769893962
0.0014584555404298799
0.0023368348238357903
0.00149061857621783
GEN 12 time 1610040056
0.0014555776769893962
0.0014584555404298799
0.0023368348238357903
0.00149061857621783
GEN 13 time 1610040058
0.0014555776769893962
0.0014584555404298799
0.0023368348238357903
0.00149061857621783
GEN 14 time 1610040060
0.0014555776769893962
0.0014584555404298799
0.0023368348238357903
0.00149061857621783
GEN 15 time 1610040062
0.0014555776769893962
0.0014584555404298799
0.0023368348238357903
0.00149061857621783
GEN 16 time 1610040064
0.0014555776769893962
0.0014584555404298799
0.0023368348238357903
0.00149061857621783
GEN 17 time 1610040066
0.0014555776769893962
0.0014584555404298799
0.0023368348238357903
0.00149061857621783
GEN 18 time 1610040068
0.0014054937486709719
0.0014584555404298799
0.0023368348238357903
0.00149061857621783
GEN 19 time 1610040070
0.0014054937486709719
0.0014584555404298799
0.0023368348238357903
0.00149061857621783
GEN 20 time 1610040072
0.0014054937486709719
0.0014584555404298799
0.0023368348238357903
0.00149061857621783
GEN 21 time 1610040074
0.0014054937486709719
0.0014584555404298799
0.0023368348238357903
0.00149061857621783
GEN 22 time 1610040076
0.0014054937486709719
0.0014584555404298799
0.0023368348238357903
0.00149061857621783
GEN 23 time 1610040078
0.0014054937486709719
0.0014584555404298799
0.0023368348238357903
0.0014710859110334809
GEN 24 time 1610040080
0.0014054937486709719
0.0014584555404298799
0.0023368348238357903
0.0014710859110334809
GEN 25 time 1610040082
0.0014054937486709719
0.0014584555404298799
0.0023368348238357903
0.0014710859110334809
GEN 26 time 1610040084
0.0014054937486709719
0.0014584555404298799
0.0023368348238357903
0.0014710859110334809
GEN 27 time 1610040086
0.0014054937486709719
0.0014584555404298799
0.0023368348238357903
0.0014653260339170943
GEN 28 time 1610040088
0.0014054937486709719
0.0014584555404298799
0.0023368348238357903
0.0014653260339170943
GEN 29 time 1610040090
0.0014054937486709719
0.0014584555404298799
0.0023368348238357903
0.0014653260339170943
GEN 30 time 1610040092
0.0014054937486709719
0.0014584555404298799
0.0023368348238357903
0.0014653260339170943
GEN 31 time 1610040093
0.0014054937486709719
0.0014584555404298799
0.0023368348238357903
0.0014653260339170943
GEN 32 time 1610040095
0.0014054937486709719
0.0014584555404298799
0.0023368348238357903
0.0014653260339170943
GEN 33 time 1610040097
0.0014054937486709719
0.0014584555404298799
0.0023368348238357903
0.0014653260339170943
GEN 34 time 1610040099
0.0014054937486709719
0.0014584555404298799
0.0023368348238357903
0.0014457601348281802
GEN 35 time 1610040101
0.0014054937486709719
0.0014584555404298799
0.0023368348238357903
0.0014457601348281802
GEN 36 time 1610040103
0.0013331764947978337
0.0014584555404298799
0.0023368348238357903
0.0014457601348281802
GEN 37 time 1610040105
0.0013331764947978337
0.0014584555404298799
0.0023368348238357903
0.0014457601348281802
GEN 38 time 1610040107
0.0013331764947978337
0.0014584555404298799
0.0023368348238357903
0.0014457601348281802
GEN 39 time 1610040109
0.0013331764947978337
0.0014584555404298799
0.0023368348238357903
0.0014457601348281802
GEN 40 time 1610040111
0.0013331764947978337
0.0014584555404298799
0.0023368348238357903
0.0014457601348281802
GEN 41 time 1610040113
0.0013331764947978337
0.0014584555404298799
0.0023368348238357903
0.0014457601348281802
GEN 42 time 1610040115
0.0013331764947978337
0.0014584555404298799
0.0023368348238357903
0.0014457601348281802
GEN 43 time 1610040117
0.0013331764947978337
0.0014584555404298799
0.0023368348238357903
0.0014457601348281802
GEN 44 time 1610040119
0.0013331764947978337
0.0014584555404298799
0.0023368348238357903
0.0014457601348281802
GEN 45 time 1610040121
0.0013331764947978337
0.0014584555404298799
0.0023368348238357903
0.0014457601348281802
GEN 46 time 1610040123
0.0013331764947978337
0.0014584555404298799
0.0023368348238357903
0.0014457601348281802
GEN 47 time 1610040125
0.0013331764947978337
0.0014584555404298799
0.0023368348238357903
0.0014457601348281802
GEN 48 time 1610040127
0.0013331764947978337
0.0014584555404298799
0.0023368348238357903
0.0014457601348281802
GEN 49 time 1610040129
0.0013331764947978337
0.0014584555404298799
0.0023368348238357903
0.0014457601348281802
GEN 50 time 1610040131
0.0013331764947978337
0.0014584555404298799
0.0023368348238357903
0.0014457601348281802
GEN 51 time 1610040133
0.0013331764947978337
0.0014584555404298799
0.0023368348238357903
0.0014161886219887932
GEN 52 time 1610040135
0.0013331764947978337
0.0014584555404298799
0.0023368348238357903
0.0014161886219887932
GEN 53 time 1610040137
0.0013331764947978337
0.0014584555404298799
0.0023368348238357903
0.0014161886219887932
GEN 54 time 1610040139
0.0013331764947978337
0.0014584555404298799
0.0023368348238357903
0.0014161886219887932
GEN 55 time 1610040141
0.0013331764947978337
0.0014584555404298799
0.0023368348238357903
0.0014161886219887932
GEN 56 time 1610040143
0.0013331764947978337
0.0014584555404298799
0.0023368348238357903
0.0014161886219887932
GEN 57 time 1610040145
0.0013331764947978337
0.0014584555404298799
0.0023368348238357903
0.001297958600042267
GEN 58 time 1610040147
0.0013331764947978337
0.0014584555404298799
0.0023368348238357903
0.001297958600042267
GEN 59 time 1610040149
0.0013331764947978337
0.0014584555404298799
0.0023368348238357903
0.001297958600042267
GEN 60 time 1610040151
0.0013331764947978337
0.0014584555404298799
0.0023368348238357903
0.001297958600042267
GEN 61 time 1610040153
0.0013331764947978337
0.0014584555404298799
0.0023368348238357903
0.001297958600042267
GEN 62 time 1610040155
0.0013331764947978337
0.0014584555404298799
0.0023368348238357903
0.001297958600042267
GEN 63 time 1610040157
0.0013331764947978337
0.0014584555404298799
0.0023368348238357903
0.001297958600042267
GEN 64 time 1610040159
0.0013331764947978337
0.0014584555404298799
0.0023368348238357903
0.001297958600042267
GEN 65 time 1610040161
0.0013331764947978337
0.0014584555404298799
0.0023368348238357903
0.0012905985762178295
GEN 66 time 1610040163
0.0013331764947978337
0.0014584555404298799
0.0023368348238357903
0.0012905985762178295
GEN 67 time 1610040165
0.0013331764947978337
0.0014584555404298799
0.0023368348238357903
0.0012905985762178295
GEN 68 time 1610040167
0.0013331764947978337
0.0014584555404298799
0.0023368348238357903
0.0012905985762178295
GEN 69 time 1610040169
0.0013331764947978337
0.0014584555404298799
0.0023368348238357903
0.0012905985762178295
GEN 70 time 1610040171
0.0013331764947978337
0.0014584555404298799
0.0023368348238357903
0.0012905985762178295
GEN 71 time 1610040173
0.0013331764947978337
0.0014584555404298799
0.0023368348238357903
0.0012905985762178295
GEN 72 time 1610040175
0.0013331764947978337
0.0014584555404298799
0.0023368348238357903
0.0012905985762178295
GEN 73 time 1610040177
0.0013331764947978337
0.0014584555404298799
0.0023368348238357903
0.0012905985762178295
GEN 74 time 1610040179
0.0013331764947978337
0.0014584555404298799
0.0023368348238357903
0.0012905985762178295
GEN 75 time 1610040181
0.0013331764947978337
0.0014584555404298799
0.0023368348238357903
0.0012905985762178295
GEN 76 time 1610040183
0.0013331764947978337
0.0014584555404298799
0.0023368348238357903
0.0012905985762178295
GEN 77 time 1610040184
0.0013331764947978337
0.0014584555404298799
0.0023368348238357903
0.0012905985762178295
GEN 78 time 1610040186
0.0013331764947978337
0.0014584555404298799
0.0023368348238357903
0.0012905985762178295
GEN 79 time 1610040188
0.0013331764947978337
0.0014584555404298799
0.0023368348238357903
0.0012905985762178295
GEN 80 time 1610040190
0.0013331764947978337
0.0014584555404298799
0.0023368348238357903
0.0012905985762178295
GEN 81 time 1610040192
0.0013331764947978337
0.0014584555404298799
0.0023368348238357903
0.0012905985762178295
GEN 82 time 1610040194
0.0013331764947978337
0.0014584555404298799
0.0023368348238357903
0.0012905985762178295
GEN 83 time 1610040196
0.0013331764947978337
0.0014584555404298799
0.0023368348238357903
0.0012905985762178295
GEN 84 time 1610040198
0.0013331764947978337
0.0014584555404298799
0.0023368348238357903
0.0012781291756398653
GEN 85 time 1610040200
0.0013331764947978337
0.0014584555404298799
0.0023368348238357903
0.0012781291756398653
GEN 86 time 1610040202
0.0013331764947978337
0.0014584555404298799
0.0023368348238357903
0.0012781291756398653
GEN 87 time 1610040204
0.0013331764947978337
0.0014584555404298799
0.0023368348238357903
0.0012781291756398653
GEN 88 time 1610040206
0.0013331764947978337
0.0014584555404298799
0.0023368348238357903
0.001265306033917094
GEN 89 time 1610040208
0.0013331764947978337
0.0014584555404298799
0.0023368348238357903
0.001265306033917094
GEN 90 time 1610040210
0.0013331764947978337
0.0014584555404298799
0.0023368348238357903
0.001265306033917094
GEN 91 time 1610040212
0.0013331764947978337
0.0014584555404298799
0.0023368348238357903
0.001265306033917094
GEN 92 time 1610040214
0.0013331764947978337
0.0014584555404298799
0.0023368348238357903
0.001265306033917094
GEN 93 time 1610040216
0.0013331764947978337
0.0014584555404298799
0.0023368348238357903
0.001265306033917094
GEN 94 time 1610040218
0.0013331764947978337
0.0014584555404298799
0.0023368348238357903
0.001265306033917094
GEN 95 time 1610040220
0.0013331764947978337
0.0014584555404298799
0.0023368348238357903
0.001265306033917094
GEN 96 time 1610040222
0.0013331764947978337
0.0014584555404298799
0.0023368348238357903
0.001265306033917094
GEN 97 time 1610040224
0.0013331764947978337
0.0014584555404298799
0.0023368348238357903
0.001265306033917094
GEN 98 time 1610040226
0.0013331764947978337
0.0014584555404298799
0.0023368348238357903
0.001265306033917094
GEN 99 time 1610040228
0.0013331764947978337
0.0014584555404298799
0.0023368348238357903
0.001265306033917094
GEN 100 time 1610040230
0.0013331764947978337
0.0014584555404298799
0.0023368348238357903
0.001265306033917094
GEN 101 time 1610040232
0.0013331764947978337
0.0014584555404298799
0.0023368348238357903
0.001265306033917094
GEN 102 time 1610040234
0.0013331764947978337
0.0014584555404298799
0.0023368348238357903
0.001265306033917094
GEN 103 time 1610040236
0.0013331764947978337
0.0014584555404298799
0.0023368348238357903
0.001265306033917094
GEN 104 time 1610040238
0.0013331764947978337
0.0014584555404298799
0.0023368348238357903
0.001265306033917094
GEN 105 time 1610040240
0.0013331764947978337
0.0014584555404298799
0.0023368348238357903
0.001265306033917094
GEN 106 time 1610040242
0.0013331764947978337
0.0014584555404298799
0.0023368348238357903
0.001265306033917094
GEN 107 time 1610040244
0.0013331764947978337
0.0014584555404298799
0.0023368348238357903
0.001265306033917094
GEN 108 time 1610040246
0.0013331764947978337
0.0014584555404298799
0.0023368348238357903
0.001265306033917094
GEN 109 time 1610040248
0.0013331764947978337
0.0014584555404298799
0.0023368348238357903
0.001265306033917094
GEN 110 time 1610040250
0.0013331764947978337
0.0014584555404298799
0.0023368348238357903
0.001265306033917094
GEN 111 time 1610040252
0.0013331764947978337
0.0014584555404298799
0.0023368348238357903
0.001265306033917094
GEN 112 time 1610040254
0.0013331764947978337
0.0014584555404298799
0.0023368348238357903
0.001265306033917094
GEN 113 time 1610040256
0.0013331764947978337
0.0014584555404298799
0.0023368348238357903
0.001265306033917094
GEN 114 time 1610040258
0.0013331764947978337
0.0014584555404298799
0.0023368348238357903
0.001265306033917094
GEN 115 time 1610040260
0.0013331764947978337
0.0014584555404298799
0.0023368348238357903
0.001265306033917094
GEN 116 time 1610040262
0.0013331764947978337
0.0014584555404298799
0.0023368348238357903
0.001265306033917094
GEN 117 time 1610040264
0.0013331764947978337
0.0014584555404298799
0.0023368348238357903
0.001265306033917094
GEN 118 time 1610040266
0.0013331764947978337
0.0014584555404298799
0.0023368348238357903
0.001265306033917094
GEN 119 time 1610040268
0.0013331764947978337
0.0014584555404298799
0.0023368348238357903
0.001265306033917094
GEN 120 time 1610040270
0.0013331764947978337
0.0014584555404298799
0.0023368348238357903
0.001265306033917094
GEN 121 time 1610040272
0.0013331764947978337
0.0014584555404298799
0.0023368348238357903
0.001265306033917094
GEN 122 time 1610040274
0.0013331764947978337
0.0014584555404298799
0.0023368348238357903
0.001265306033917094
GEN 123 time 1610040276
0.0013331764947978337
0.0014584555404298799
0.0023368348238357903
0.001265306033917094
GEN 124 time 1610040278
0.0013331764947978337
0.0014584555404298799
0.0023368348238357903
0.001265306033917094
GEN 125 time 1610040280
0.0013331764947978337
0.0014584555404298799
0.0023368348238357903
0.001265306033917094
GEN 126 time 1610040282
0.0013331764947978337
0.0014584555404298799
0.0023368348238357903
0.001265306033917094
GEN 127 time 1610040284
0.0013331764947978337
0.0014584555404298799
0.0023368348238357903
0.001265306033917094
GEN 128 time 1610040286
0.0013331764947978337
0.0014584555404298799
0.0023368348238357903
0.001265306033917094
GEN 129 time 1610040288
0.0013331764947978337
0.0014584555404298799
0.0023368348238357903
0.001265306033917094
GEN 130 time 1610040290
0.0013331764947978337
0.0014584555404298799
0.0023368348238357903
0.001265306033917094
GEN 131 time 1610040292
0.0013331764947978337
0.0014584555404298799
0.0023368348238357903
0.001265306033917094
GEN 132 time 1610040294
0.0013331764947978337
0.0014584555404298799
0.0023368348238357903
0.001265306033917094
GEN 133 time 1610040296
0.0013331764947978337
0.0014584555404298799
0.0023368348238357903
0.001265306033917094
GEN 134 time 1610040298
0.0013331764947978337
0.0014584555404298799
0.0023368348238357903
0.001265306033917094
GEN 135 time 1610040300
0.0013089946016198453
0.0014584555404298799
0.0023368348238357903
0.001265306033917094
GEN 136 time 1610040302
0.0013089946016198453
0.0014584555404298799
0.0023368348238357903
0.001265306033917094
GEN 137 time 1610040304
0.0013089946016198453
0.0014584555404298799
0.0023368348238357903
0.001265306033917094
GEN 138 time 1610040306
0.0013089946016198453
0.0014584555404298799
0.0023368348238357903
0.001265306033917094
GEN 139 time 1610040308
0.0013089946016198453
0.0014584555404298799
0.0023368348238357903
0.001265306033917094
GEN 140 time 1610040310
0.0013089946016198453
0.0014584555404298799
0.0023368348238357903
0.001265306033917094
GEN 141 time 1610040312
0.0013089946016198453
0.0014584555404298799
0.0023368348238357903
0.001265306033917094
GEN 142 time 1610040314
0.0013089946016198453
0.0014584555404298799
0.0023368348238357903
0.001265306033917094
GEN 143 time 1610040316
0.0013089946016198453
0.0014584555404298799
0.0023368348238357903
0.001265306033917094
GEN 144 time 1610040318
0.0013089946016198453
0.0014584555404298799
0.0023368348238357903
0.001265306033917094
GEN 145 time 1610040320
0.0013089946016198453
0.0014584555404298799
0.0023368348238357903
0.001265306033917094
GEN 146 time 1610040322
0.0013089946016198453
0.0014584555404298799
0.0023368348238357903
0.001265306033917094
GEN 147 time 1610040324
0.0013089946016198453
0.0014584555404298799
0.0023368348238357903
0.001265306033917094
GEN 148 time 1610040326
0.0013089946016198453
0.0014584555404298799
0.0023368348238357903
0.001265306033917094
GEN 149 time 1610040328
0.0013089946016198453
0.0014584555404298799
0.0023368348238357903
0.001265306033917094
GEN 150 time 1610040330
0.0013089946016198453
0.0014584555404298799
0.0023368348238357903
0.001265306033917094
GEN 151 time 1610040332
0.0013089946016198453
0.0014584555404298799
0.0023368348238357903
0.001265306033917094
GEN 152 time 1610040334
0.0013089946016198453
0.0014584555404298799
0.0023368348238357903
0.001265306033917094
GEN 153 time 1610040336
0.0013089946016198453
0.0014584555404298799
0.0023368348238357903
0.001265306033917094
GEN 154 time 1610040338
0.0013089946016198453
0.0014584555404298799
0.0023368348238357903
0.001265306033917094
GEN 155 time 1610040340
0.0013089946016198453
0.0014584555404298799
0.0023368348238357903
0.001265306033917094
GEN 156 time 1610040342
0.0013089946016198453
0.0014584555404298799
0.0023368348238357903
0.001265306033917094
GEN 157 time 1610040344
0.0013089946016198453
0.0014584555404298799
0.0023368348238357903
0.001265306033917094
GEN 158 time 1610040346
0.0013089946016198453
0.0014584555404298799
0.0023368348238357903
0.001265306033917094
GEN 159 time 1610040348
0.0013089946016198453
0.0014584555404298799
0.0023368348238357903
0.001265306033917094
GEN 160 time 1610040350
0.0013089946016198453
0.0014584555404298799
0.0023368348238357903
0.001265306033917094
GEN 161 time 1610040352
0.0013089946016198453
0.0014584555404298799
0.0023368348238357903
0.001265306033917094
GEN 162 time 1610040354
0.0013089946016198453
0.0014584555404298799
0.0023368348238357903
0.001265306033917094
GEN 163 time 1610040356
0.0013089946016198453
0.0014584555404298799
0.0023368348238357903
0.001265306033917094
GEN 164 time 1610040358
0.0013089946016198453
0.0014584555404298799
0.0023368348238357903
0.001265306033917094
GEN 165 time 1610040360
0.0013089946016198453
0.0014584555404298799
0.0023368348238357903
0.001265306033917094
GEN 166 time 1610040362
0.0013089946016198453
0.0014584555404298799
0.0023368348238357903
0.001265306033917094
GEN 167 time 1610040364
0.0013089946016198453
0.0014584555404298799
0.0023368348238357903
0.001265306033917094
GEN 168 time 1610040366
0.0013089946016198453
0.0014584555404298799
0.0023368348238357903
0.001265306033917094
GEN 169 time 1610040368
0.0013089946016198453
0.0014584555404298799
0.0023368348238357903
0.001265306033917094
GEN 170 time 1610040370
0.0013089946016198453
0.0014584555404298799
0.0023368348238357903
0.001265306033917094
GEN 171 time 1610040372
0.0013089946016198453
0.0014584555404298799
0.0023368348238357903
0.001265306033917094
GEN 172 time 1610040374
0.0013089946016198453
0.0014584555404298799
0.0023368348238357903
0.001265306033917094
GEN 173 time 1610040376
0.0013089946016198453
0.0014584555404298799
0.0023368348238357903
0.001265306033917094
GEN 174 time 1610040378
0.0013089946016198453
0.0014584555404298799
0.0023368348238357903
0.001265306033917094
GEN 175 time 1610040380
0.0013089946016198453
0.0014584555404298799
0.0023368348238357903
0.001265306033917094
GEN 176 time 1610040382
0.0013089946016198453
0.0014584555404298799
0.0023368348238357903
0.001265306033917094
GEN 177 time 1610040384
0.0013089946016198453
0.0014584555404298799
0.0023368348238357903
0.001265306033917094
GEN 178 time 1610040386
0.0013089946016198453
0.0014584555404298799
0.0023368348238357903
0.001265306033917094
GEN 179 time 1610040388
0.0013089946016198453
0.0014584555404298799
0.0023368348238357903
0.001265306033917094
GEN 180 time 1610040390
0.0013089946016198453
0.0014584555404298799
0.0023368348238357903
0.001265306033917094
GEN 181 time 1610040392
0.0013089946016198453
0.0014584555404298799
0.0023368348238357903
0.001265306033917094
GEN 182 time 1610040394
0.0013089946016198453
0.0014584555404298799
0.0023368348238357903
0.001265306033917094
GEN 183 time 1610040396
0.0013089946016198453
0.0014584555404298799
0.0023368348238357903
0.001265306033917094
GEN 184 time 1610040398
0.0013089946016198453
0.0014584555404298799
0.0023368348238357903
0.001265306033917094
GEN 185 time 1610040400
0.0013089946016198453
0.0014584555404298799
0.0023368348238357903
0.001265306033917094
GEN 186 time 1610040402
0.0013089946016198453
0.0014584555404298799
0.0023368348238357903
0.001265306033917094
GEN 187 time 1610040404
0.0013089946016198453
0.0014584555404298799
0.0023368348238357903
0.001265306033917094
GEN 188 time 1610040406
0.0013089946016198453
0.0014584555404298799
0.0023368348238357903
0.001265306033917094
GEN 189 time 1610040408
0.0013089946016198453
0.0014584555404298799
0.0023368348238357903
0.001265306033917094
GEN 190 time 1610040410
0.0013089946016198453
0.0014584555404298799
0.0023368348238357903
0.001265306033917094
GEN 191 time 1610040412
0.0013089946016198453
0.0014584555404298799
0.0023368348238357903
0.001265306033917094
GEN 192 time 1610040414
0.0013089946016198453
0.0014584555404298799
0.0023368348238357903
0.001265306033917094
GEN 193 time 1610040416
0.0013089946016198453
0.0014584555404298799
0.0023368348238357903
0.001265306033917094
GEN 194 time 1610040418
0.0013089946016198453
0.0014584555404298799
0.0023368348238357903
0.001265306033917094
GEN 195 time 1610040420
0.0013089946016198453
0.0014584555404298799
0.0023368348238357903
0.001265306033917094
GEN 196 time 1610040422
0.0013089946016198453
0.0014584555404298799
0.0023368348238357903
0.001265306033917094
GEN 197 time 1610040424
0.0013089946016198453
0.0014584555404298799
0.0023368348238357903
0.001265306033917094
GEN 198 time 1610040426
0.0013089946016198453
0.0014584555404298799
0.0023368348238357903
0.001265306033917094
GEN 199 time 1610040428
0.0013089946016198453
0.0014584555404298799
0.0023368348238357903
0.001265306033917094
