['./data/small/layer/ga-dem2_r25_1.json', './data/small/hop/ga-dem2_r25_1_0.json', './data/small/hop/ga-dem5_r25_1_0.json', './data/small/hop/ga-dem10_r25_1_0.json']
GEN 0 time 1599649317
0.002610621479018842
0.002645157075243331
0.003266486470757061
0.0028773576465120194
GEN 1 time 1599649323
0.002000399527311251
0.002476376985969359
0.003266486470757061
0.0026880993387368036
GEN 2 time 1599649329
0.001832093413345962
0.002476376985969359
0.003266486470757061
0.002277297646512019
GEN 3 time 1599649335
0.001832093413345962
0.002476376985969359
0.003066466470757061
0.002277297646512019
GEN 4 time 1599649341
0.001832093413345962
0.002476376985969359
0.003066466470757061
0.002277297646512019
GEN 5 time 1599649348
0.001832093413345962
0.002476376985969359
0.0028213431642629535
0.002277297646512019
GEN 6 time 1599649355
0.0016320734133459622
0.002476376985969359
0.0028213431642629535
0.002277297646512019
GEN 7 time 1599649363
0.0016320734133459622
0.002476376985969359
0.0024397651365010526
0.002277297646512019
GEN 8 time 1599649371
0.0016320734133459622
0.002476376985969359
0.0024397651365010526
0.002277297646512019
GEN 9 time 1599649379
0.0016320734133459622
0.002476376985969359
0.0024397651365010526
0.002277297646512019
GEN 10 time 1599649386
0.0016320734133459622
0.002476376985969359
0.0024397651365010526
0.002277297646512019
GEN 11 time 1599649393
0.0016320734133459622
0.002476157576660301
0.0024397651365010526
0.002277297646512019
GEN 12 time 1599649402
0.0016320734133459622
0.002476157576660301
0.0024397651365010526
0.002277297646512019
GEN 13 time 1599649410
0.0014031454094714495
0.002476157576660301
0.0024397651365010526
0.002277297646512019
GEN 14 time 1599649418
0.0014031454094714495
0.0020761175766603013
0.0022799383432158954
0.002277297646512019
GEN 15 time 1599649425
0.0014031454094714495
0.0020761175766603013
0.0022128943631561392
0.001877257646512019
GEN 16 time 1599649432
0.0014031454094714495
0.0020761175766603013
0.0022128943631561392
0.001877257646512019
GEN 17 time 1599649440
0.0014003395273112513
0.0020761175766603013
0.0022128943631561392
0.001877257646512019
GEN 18 time 1599649447
0.0014003395273112513
0.0020761175766603013
0.0022128943631561392
0.001877257646512019
GEN 19 time 1599649454
0.0014003395273112513
0.0020761175766603013
0.0022128943631561392
0.001877257646512019
GEN 20 time 1599649460
0.0014003395273112513
0.0020761175766603013
0.0022128943631561392
0.001877257646512019
GEN 21 time 1599649468
0.0014003395273112513
0.0020761175766603013
0.0022128943631561392
0.001877257646512019
GEN 22 time 1599649475
0.0014003395273112513
0.0020761175766603013
0.0022128943631561392
0.001877257646512019
GEN 23 time 1599649483
0.0014003395273112513
0.0020381666992912825
0.0022128943631561392
0.001877257646512019
GEN 24 time 1599649491
0.0014003395273112513
0.0020381666992912825
0.0022128943631561392
0.001877257646512019
GEN 25 time 1599649499
0.0014003395273112513
0.0020381666992912825
0.0022128943631561392
0.001877257646512019
GEN 26 time 1599649506
0.0014003395273112513
0.0020381666992912825
0.0022128943631561392
0.001877257646512019
GEN 27 time 1599649513
0.0014003395273112513
0.001863620874253502
0.0022128943631561392
0.001877257646512019
GEN 28 time 1599649520
0.0014003395273112513
0.001863620874253502
0.0022128943631561392
0.001877257646512019
GEN 29 time 1599649527
0.0014003395273112513
0.001863620874253502
0.0022128943631561392
0.001877257646512019
GEN 30 time 1599649535
0.0014003395273112513
0.001863620874253502
0.0020128743631561393
0.001877257646512019
GEN 31 time 1599649542
0.0014003395273112513
0.001863620874253502
0.0020128743631561393
0.001877257646512019
GEN 32 time 1599649550
0.0014003395273112513
0.001863620874253502
0.0020128743631561393
0.001877257646512019
GEN 33 time 1599649556
0.0014003395273112513
0.001863620874253502
0.0020128743631561393
0.001877257646512019
GEN 34 time 1599649563
0.0014003395273112513
0.001863620874253502
0.0020128743631561393
0.001677237646512019
GEN 35 time 1599649571
0.0014003395273112513
0.001863620874253502
0.0020128743631561393
0.001677237646512019
GEN 36 time 1599649577
0.0014003395273112513
0.001863620874253502
0.0020128743631561393
0.001677237646512019
GEN 37 time 1599649584
0.0014003395273112513
0.001863620874253502
0.0020128743631561393
0.001677237646512019
GEN 38 time 1599649591
0.0014003395273112513
0.001863620874253502
0.0020128743631561393
0.001677237646512019
GEN 39 time 1599649598
0.0014003395273112513
0.001863620874253502
0.0020128743631561393
0.001677237646512019
GEN 40 time 1599649606
0.0014003395273112513
0.001863620874253502
0.0020128743631561393
0.001677237646512019
GEN 41 time 1599649613
0.0014003395273112513
0.001863620874253502
0.0020128743631561393
0.001677237646512019
GEN 42 time 1599649621
0.0014003395273112513
0.001863620874253502
0.0020128743631561393
0.001677237646512019
GEN 43 time 1599649630
0.0014003395273112513
0.001863620874253502
0.0020128743631561393
0.001677237646512019
GEN 44 time 1599649636
0.0014003395273112513
0.001863620874253502
0.0020128743631561393
0.001677237646512019
GEN 45 time 1599649644
0.0014003395273112513
0.001863620874253502
0.0020128743631561393
0.001677237646512019
GEN 46 time 1599649651
0.0014003395273112513
0.001863620874253502
0.0020128743631561393
0.001677237646512019
GEN 47 time 1599649659
0.0014003395273112513
0.001863620874253502
0.0020128743631561393
0.001677237646512019
GEN 48 time 1599649665
0.0014003395273112513
0.001863620874253502
0.0020128743631561393
0.001677237646512019
GEN 49 time 1599649673
0.0014003395273112513
0.001863620874253502
0.0020128743631561393
0.001677237646512019
GEN 50 time 1599649681
0.0014003395273112513
0.001863620874253502
0.0018587002231999499
0.001677237646512019
GEN 51 time 1599649687
0.0014003395273112513
0.001863620874253502
0.0018587002231999499
0.001677237646512019
GEN 52 time 1599649694
0.0014003395273112513
0.001863620874253502
0.0018587002231999499
0.001677237646512019
GEN 53 time 1599649700
0.0014003395273112513
0.001863620874253502
0.0018587002231999499
0.001677237646512019
GEN 54 time 1599649708
0.0014003395273112513
0.001863620874253502
0.0018587002231999499
0.001677237646512019
GEN 55 time 1599649715
0.0014003395273112513
0.001863620874253502
0.0018587002231999499
0.001677237646512019
GEN 56 time 1599649722
0.0014003395273112513
0.001863620874253502
0.0018587002231999499
0.001677237646512019
GEN 57 time 1599649728
0.0014003395273112513
0.001863620874253502
0.0018587002231999499
0.001677237646512019
GEN 58 time 1599649735
0.0014003395273112513
0.001863620874253502
0.0018587002231999499
0.001677237646512019
GEN 59 time 1599649742
0.0014003395273112513
0.001863620874253502
0.0018587002231999499
0.001677237646512019
GEN 60 time 1599649749
0.0014003395273112513
0.001863620874253502
0.0018587002231999499
0.001677237646512019
GEN 61 time 1599649756
0.0014003395273112513
0.001863620874253502
0.0018587002231999499
0.001677237646512019
GEN 62 time 1599649763
0.0014003395273112513
0.001863620874253502
0.0018587002231999499
0.001677237646512019
GEN 63 time 1599649771
0.0014003395273112513
0.001863620874253502
0.0018587002231999499
0.001677237646512019
GEN 64 time 1599649779
0.0014003395273112513
0.001863620874253502
0.0018587002231999499
0.001677237646512019
GEN 65 time 1599649786
0.0014003395273112513
0.001863620874253502
0.0018587002231999499
0.001677237646512019
GEN 66 time 1599649794
0.0014003395273112513
0.001863620874253502
0.0018587002231999499
0.001677237646512019
GEN 67 time 1599649800
0.0014003395273112513
0.001863620874253502
0.0018587002231999499
0.001677237646512019
GEN 68 time 1599649807
0.0014003395273112513
0.001863620874253502
0.0018587002231999499
0.001677237646512019
GEN 69 time 1599649814
0.0014003395273112513
0.001863620874253502
0.0018587002231999499
0.0016699151921109317
GEN 70 time 1599649820
0.0014003395273112513
0.001863620874253502
0.0018144853090188338
0.0016699151921109317
GEN 71 time 1599649827
0.0014003395273112513
0.001863620874253502
0.0016144653090188338
0.0016699151921109317
GEN 72 time 1599649834
0.0014003395273112513
0.001863620874253502
0.0016144653090188338
0.0016699151921109317
GEN 73 time 1599649841
0.0014003395273112513
0.001863620874253502
0.0016144653090188338
0.0016699151921109317
GEN 74 time 1599649849
0.0014003395273112513
0.001863620874253502
0.0016144653090188338
0.0016699151921109317
GEN 75 time 1599649856
0.0014003395273112513
0.001863620874253502
0.0016144653090188338
0.0016699151921109317
GEN 76 time 1599649864
0.0014003395273112513
0.001863620874253502
0.0016144653090188338
0.0016699151921109317
GEN 77 time 1599649872
0.0014003395273112513
0.001863620874253502
0.0014964216576700442
0.0016699151921109317
GEN 78 time 1599649879
0.0014003395273112513
0.001863620874253502
0.0014964216576700442
0.0016699151921109317
GEN 79 time 1599649885
0.0014003395273112513
0.001863620874253502
0.0014964216576700442
0.0016699151921109317
GEN 80 time 1599649893
0.0014003395273112513
0.001863620874253502
0.0014964216576700442
0.0016699151921109317
GEN 81 time 1599649900
0.0014003395273112513
0.001863620874253502
0.0014964216576700442
0.0016699151921109317
GEN 82 time 1599649908
0.0014003395273112513
0.001863620874253502
0.0014964216576700442
0.0016699151921109317
GEN 83 time 1599649915
0.0014003395273112513
0.001863620874253502
0.0014964216576700442
0.0016699151921109317
GEN 84 time 1599649923
0.0014003395273112513
0.001863620874253502
0.0014964216576700442
0.0016699151921109317
GEN 85 time 1599649929
0.0014003395273112513
0.001863620874253502
0.0014964216576700442
0.0016699151921109317
GEN 86 time 1599649936
0.0014003395273112513
0.001863620874253502
0.0014798583432158955
0.0016699151921109317
GEN 87 time 1599649943
0.001232033413345962
0.001863620874253502
0.0014798583432158955
0.0016699151921109317
GEN 88 time 1599649950
0.001232033413345962
0.001863620874253502
0.0014798583432158955
0.0016699151921109317
GEN 89 time 1599649957
0.001232033413345962
0.001863620874253502
0.0014798583432158955
0.0016699151921109317
GEN 90 time 1599649965
0.001232033413345962
0.001863620874253502
0.0014798583432158955
0.0016699151921109317
GEN 91 time 1599649972
0.001232033413345962
0.001863620874253502
0.0014798583432158955
0.0016699151921109317
GEN 92 time 1599649980
0.001232033413345962
0.001863620874253502
0.0014798583432158955
0.0016699151921109317
GEN 93 time 1599649987
0.001232033413345962
0.001863620874253502
0.0014798583432158955
0.0016695514807907555
GEN 94 time 1599649996
0.001232033413345962
0.001863620874253502
0.0014798583432158955
0.0016695514807907555
GEN 95 time 1599650004
0.001232033413345962
0.001863620874253502
0.0014798583432158955
0.0016695514807907555
GEN 96 time 1599650012
0.001232033413345962
0.001863620874253502
0.0014798583432158955
0.0016695514807907555
GEN 97 time 1599650020
0.001232033413345962
0.001863620874253502
0.0014798583432158955
0.0016666752554285644
GEN 98 time 1599650028
0.001232033413345962
0.001863620874253502
0.0014798583432158955
0.0016666752554285644
GEN 99 time 1599650035
0.001232033413345962
0.001863620874253502
0.0014798583432158955
0.0016666752554285644
GEN 100 time 1599650043
0.001232033413345962
0.001863620874253502
0.0014798583432158955
0.0016666752554285644
GEN 101 time 1599650051
0.001232033413345962
0.001863620874253502
0.0014798583432158955
0.0016666752554285644
GEN 102 time 1599650059
0.001232033413345962
0.001863620874253502
0.0014798583432158955
0.0016666752554285644
GEN 103 time 1599650067
0.001232033413345962
0.001863620874253502
0.0014798583432158955
0.0016666752554285644
GEN 104 time 1599650075
0.001210397509660899
0.001863620874253502
0.0014798583432158955
0.0016666752554285644
GEN 105 time 1599650082
0.001210397509660899
0.001863620874253502
0.0014798583432158955
0.0016666752554285644
GEN 106 time 1599650090
0.001210397509660899
0.001863620874253502
0.0014798583432158955
0.0016666752554285644
GEN 107 time 1599650099
0.001210397509660899
0.001863620874253502
0.0014798583432158955
0.0016666752554285644
GEN 108 time 1599650107
0.001210397509660899
0.001863620874253502
0.0014798583432158955
0.0016666752554285644
GEN 109 time 1599650115
0.001210397509660899
0.001863620874253502
0.0014798583432158955
0.0016666752554285644
GEN 110 time 1599650122
0.001210397509660899
0.001863620874253502
0.0014798583432158955
0.0016666752554285644
GEN 111 time 1599650131
0.001210397509660899
0.001863620874253502
0.0014798583432158955
0.0016666752554285644
GEN 112 time 1599650138
0.001210397509660899
0.001863620874253502
0.0014798583432158955
0.0016666752554285644
GEN 113 time 1599650145
0.001210397509660899
0.001863620874253502
0.0014798583432158955
0.0016666752554285644
GEN 114 time 1599650153
0.001210397509660899
0.001863620874253502
0.0014798583432158955
0.0016666752554285644
GEN 115 time 1599650160
0.001210397509660899
0.001863620874253502
0.0014798583432158955
0.0016666752554285644
GEN 116 time 1599650168
0.001210397509660899
0.001863620874253502
0.0014798583432158955
0.0016666752554285644
GEN 117 time 1599650176
0.001210397509660899
0.001863620874253502
0.0014798583432158955
0.0016666752554285644
GEN 118 time 1599650183
0.001210397509660899
0.001863620874253502
0.0014798583432158955
0.0016666752554285644
GEN 119 time 1599650190
0.001210397509660899
0.001863620874253502
0.0014798583432158955
0.0016666752554285644
GEN 120 time 1599650199
0.001210397509660899
0.001863620874253502
0.0014798583432158955
0.0016666752554285644
GEN 121 time 1599650206
0.001210397509660899
0.001863620874253502
0.0014798583432158955
0.0016666752554285644
GEN 122 time 1599650215
0.001210397509660899
0.001863620874253502
0.0014798583432158955
0.0016666752554285644
GEN 123 time 1599650223
0.001210397509660899
0.001863620874253502
0.0014798583432158955
0.0016666752554285644
GEN 124 time 1599650230
0.001210397509660899
0.001863620874253502
0.0014798583432158955
0.0016666752554285644
GEN 125 time 1599650238
0.0012072324292600742
0.001863620874253502
0.0014798583432158955
0.0016666752554285644
GEN 126 time 1599650246
0.0012072324292600742
0.001863620874253502
0.0014798583432158955
0.0016666752554285644
GEN 127 time 1599650254
0.0012072324292600742
0.001863620874253502
0.0014798583432158955
0.0016666752554285644
GEN 128 time 1599650262
0.0012072324292600742
0.001863620874253502
0.0014798583432158955
0.0016666752554285644
GEN 129 time 1599650270
0.0012007335008401784
0.001863620874253502
0.0014798583432158955
0.0016666752554285644
GEN 130 time 1599650279
0.0012007335008401784
0.001863620874253502
0.0014798583432158955
0.0016666752554285644
GEN 131 time 1599650288
0.0012007335008401784
0.001863620874253502
0.0014798583432158955
0.0016666752554285644
GEN 132 time 1599650296
0.0012007335008401784
0.001863620874253502
0.0014798583432158955
0.0016666752554285644
GEN 133 time 1599650303
0.0012007335008401784
0.001863620874253502
0.0014798583432158955
0.0016666752554285644
GEN 134 time 1599650310
0.0012007335008401784
0.001863620874253502
0.0014798583432158955
0.0016666752554285644
GEN 135 time 1599650318
0.0012007335008401784
0.001863620874253502
0.0014798583432158955
0.0016666752554285644
GEN 136 time 1599650326
0.0012007335008401784
0.001863620874253502
0.0014798583432158955
0.0016666752554285644
GEN 137 time 1599650335
0.0010113255088695931
0.001863620874253502
0.0014798583432158955
0.0016666752554285644
GEN 138 time 1599650342
0.0010113255088695931
0.001863620874253502
0.0014798583432158955
0.0016666752554285644
GEN 139 time 1599650350
0.0010113255088695931
0.001863620874253502
0.0014798583432158955
0.0016666752554285644
GEN 140 time 1599650357
0.0010113255088695931
0.001863620874253502
0.0014798583432158955
0.0016666752554285644
GEN 141 time 1599650365
0.0010113255088695931
0.001863620874253502
0.0014798583432158955
0.0016666752554285644
GEN 142 time 1599650372
0.0010113255088695931
0.001863620874253502
0.0014798583432158955
0.0016666752554285644
GEN 143 time 1599650380
0.0010113255088695931
0.001863620874253502
0.0014798583432158955
0.0016666752554285644
GEN 144 time 1599650387
0.0010113255088695931
0.001863620874253502
0.0014798583432158955
0.0016666752554285644
GEN 145 time 1599650395
0.0010113255088695931
0.001863620874253502
0.0014798583432158955
0.0016666752554285644
GEN 146 time 1599650403
0.0010113255088695931
0.001863620874253502
0.0014798583432158955
0.0016666752554285644
GEN 147 time 1599650410
0.0010113255088695931
0.001863620874253502
0.0014798583432158955
0.0016666752554285644
GEN 148 time 1599650417
0.0010113255088695931
0.001863620874253502
0.0014798583432158955
0.0016666752554285644
GEN 149 time 1599650425
0.0010113255088695931
0.001863620874253502
0.0014798583432158955
0.0016666752554285644
GEN 150 time 1599650432
0.0010113255088695931
0.001863620874253502
0.0014798583432158955
0.0016666752554285644
GEN 151 time 1599650439
0.0010113255088695931
0.001863620874253502
0.0014798583432158955
0.0016666752554285644
GEN 152 time 1599650446
0.0010113255088695931
0.001863620874253502
0.0014798583432158955
0.0016666752554285644
GEN 153 time 1599650453
0.0010113255088695931
0.001863620874253502
0.0014798583432158955
0.0016666752554285644
GEN 154 time 1599650460
0.0010113255088695931
0.0016991733915016549
0.0014798583432158955
0.0016666752554285644
GEN 155 time 1599650468
0.0010113255088695931
0.0016991733915016549
0.0014798583432158955
0.0016666752554285644
GEN 156 time 1599650476
0.0010113255088695931
0.0016991733915016549
0.0014798583432158955
0.0016666752554285644
GEN 157 time 1599650485
0.0010113255088695931
0.0016991733915016549
0.0014798583432158955
0.0016666752554285644
GEN 158 time 1599650492
0.0010113255088695931
0.0016991733915016549
0.0014798583432158955
0.0016666752554285644
GEN 159 time 1599650499
0.0010113255088695931
0.0016991733915016549
0.0014798583432158955
0.0016666752554285644
GEN 160 time 1599650506
0.0010113255088695931
0.0016991733915016549
0.0014798583432158955
0.0016666752554285644
GEN 161 time 1599650514
0.0010113255088695931
0.0016991733915016549
0.0014798583432158955
0.0016666752554285644
GEN 162 time 1599650523
0.0010113255088695931
0.0016991733915016549
0.0014798583432158955
0.0016666752554285644
GEN 163 time 1599650530
0.0010113255088695931
0.0016991733915016549
0.0014798583432158955
0.0016666752554285644
GEN 164 time 1599650537
0.0010113255088695931
0.0016991733915016549
0.0014798583432158955
0.0016666752554285644
GEN 165 time 1599650544
0.0010113255088695931
0.0016991733915016549
0.0014798583432158955
0.0016666752554285644
GEN 166 time 1599650550
0.0010113255088695931
0.0016991733915016549
0.0014798583432158955
0.0016666752554285644
GEN 167 time 1599650556
0.0010113255088695931
0.0016991733915016549
0.0014798583432158955
0.0016666752554285644
GEN 168 time 1599650562
0.0010113255088695931
0.0016991733915016549
0.0014798583432158955
0.0016666752554285644
GEN 169 time 1599650569
0.0010113255088695931
0.0016991733915016549
0.0014798583432158955
0.0016666752554285644
GEN 170 time 1599650575
0.0010113255088695931
0.0016991733915016549
0.0014798583432158955
0.0016666752554285644
GEN 171 time 1599650581
0.0010113255088695931
0.0016991733915016549
0.0014798583432158955
0.0016666752554285644
GEN 172 time 1599650588
0.0010113255088695931
0.0016991733915016549
0.0014798583432158955
0.0016666752554285644
GEN 173 time 1599650594
0.0010113255088695931
0.0016991733915016549
0.0014798583432158955
0.0016666752554285644
GEN 174 time 1599650600
0.0010113255088695931
0.0016991733915016549
0.0014798583432158955
0.0016666752554285644
GEN 175 time 1599650607
0.0010113255088695931
0.0016991733915016549
0.0014798583432158955
0.0016666752554285644
GEN 176 time 1599650613
0.0010113255088695931
0.0016991733915016549
0.0014798583432158955
0.0016666752554285644
GEN 177 time 1599650619
0.0010113255088695931
0.0016991733915016549
0.0014798583432158955
0.0016666752554285644
GEN 178 time 1599650626
0.0010113255088695931
0.0016991733915016549
0.0014798583432158955
0.0016666752554285644
GEN 179 time 1599650632
0.0010113255088695931
0.0016991733915016549
0.0014798583432158955
0.0016666752554285644
GEN 180 time 1599650638
0.0010113255088695931
0.0016991733915016549
0.0014798583432158955
0.0016666752554285644
GEN 181 time 1599650644
0.0010113255088695931
0.0016991733915016549
0.0014798583432158955
0.0016666752554285644
GEN 182 time 1599650650
0.0010113255088695931
0.0016991733915016549
0.0014798583432158955
0.0016666752554285644
GEN 183 time 1599650656
0.0010066570168573488
0.0016991733915016549
0.0014798583432158955
0.0016666752554285644
GEN 184 time 1599650663
0.0010066570168573488
0.0016991733915016549
0.0014798583432158955
0.0016666752554285644
GEN 185 time 1599650669
0.0010066570168573488
0.0016991733915016549
0.0014798583432158955
0.0016666752554285644
GEN 186 time 1599650676
0.0010066570168573488
0.0016991733915016549
0.0014798583432158955
0.0016666752554285644
GEN 187 time 1599650682
0.0010066570168573488
0.0016991733915016549
0.0014798583432158955
0.0016666752554285644
GEN 188 time 1599650689
0.0010066570168573488
0.0016991733915016549
0.0014798583432158955
0.0016666752554285644
GEN 189 time 1599650695
0.0010066570168573488
0.0016991733915016549
0.0014798583432158955
0.0016666752554285644
GEN 190 time 1599650701
0.0010066570168573488
0.0016991733915016549
0.0014798583432158955
0.0016666752554285644
GEN 191 time 1599650708
0.0010066570168573488
0.0016991733915016549
0.0014798583432158955
0.0016666752554285644
GEN 192 time 1599650714
0.0010066570168573488
0.0016991733915016549
0.0014798583432158955
0.0016666752554285644
GEN 193 time 1599650721
0.0010066570168573488
0.0016991733915016549
0.0014798583432158955
0.0016666752554285644
GEN 194 time 1599650727
0.0010066570168573488
0.0016991733915016549
0.0014798583432158955
0.0016666752554285644
GEN 195 time 1599650734
0.0010066570168573488
0.0016991733915016549
0.0014798583432158955
0.0016666752554285644
GEN 196 time 1599650740
0.0010066570168573488
0.0016991733915016549
0.0014798583432158955
0.0016666752554285644
GEN 197 time 1599650747
0.0010066570168573488
0.0016991733915016549
0.0014798583432158955
0.0016666752554285644
GEN 198 time 1599650753
0.0010066570168573488
0.0016991733915016549
0.0014798583432158955
0.0016666752554285644
GEN 199 time 1599650759
0.0010066570168573488
0.0016991733915016549
0.0014798583432158955
0.0016666752554285644
