['./data/small/layer/uu-dem5_r50_1.json', './data/small/hop/uu-dem8_r50_1_0.json', './data/small/hop/uu-dem9_r50_1_0.json', './data/small/hop/uu-dem5_r50_1_0.json']
GEN 0 time 1599722813
0.0027034571272860383
0.003661902362188056
0.0027801089584797755
0.003145860036297231
GEN 1 time 1599722825
0.0027034571272860383
0.003441252099278331
0.0027801089584797755
0.003145860036297231
GEN 2 time 1599722838
0.0027034571272860383
0.003441252099278331
0.0027801089584797755
0.003145860036297231
GEN 3 time 1599722851
0.0027034571272860383
0.0032202935644005124
0.0027801089584797755
0.0029202513806134076
GEN 4 time 1599722863
0.0027034571272860383
0.0032202935644005124
0.0027801089584797755
0.0029202513806134076
GEN 5 time 1599722876
0.0027034571272860383
0.0032202935644005124
0.0027801089584797755
0.002644478174080005
GEN 6 time 1599722889
0.0027034571272860383
0.0030412120992783305
0.0027801089584797755
0.002644478174080005
GEN 7 time 1599722903
0.0027034571272860383
0.0030412120992783305
0.0027648489281352925
0.002644478174080005
GEN 8 time 1599722916
0.0027034571272860383
0.0030412120992783305
0.0027648489281352925
0.002644478174080005
GEN 9 time 1599722929
0.0027034571272860383
0.0030412120992783305
0.0027648489281352925
0.002644478174080005
GEN 10 time 1599722943
0.0027034571272860383
0.0030412120992783305
0.0027342923120821736
0.002644478174080005
GEN 11 time 1599722955
0.0027034571272860383
0.0030412120992783305
0.0027342923120821736
0.002644478174080005
GEN 12 time 1599722968
0.0027034571272860383
0.0030412120992783305
0.0027342923120821736
0.002644478174080005
GEN 13 time 1599722982
0.0027034571272860383
0.002910086446123083
0.002625984474671177
0.002644478174080005
GEN 14 time 1599722995
0.0027034571272860383
0.002910086446123083
0.002625984474671177
0.002644478174080005
GEN 15 time 1599723008
0.0027034571272860383
0.002910086446123083
0.002625984474671177
0.002644478174080005
GEN 16 time 1599723022
0.0027034571272860383
0.002910086446123083
0.002625984474671177
0.002644478174080005
GEN 17 time 1599723035
0.0027034571272860383
0.002910086446123083
0.002625984474671177
0.002644478174080005
GEN 18 time 1599723049
0.0027034571272860383
0.002910086446123083
0.002625984474671177
0.002644478174080005
GEN 19 time 1599723062
0.0027034571272860383
0.00280565241672272
0.0024585023801010405
0.0026247842324478815
GEN 20 time 1599723075
0.0027034571272860383
0.00280565241672272
0.0024585023801010405
0.0026247842324478815
GEN 21 time 1599723089
0.0027034571272860383
0.00280565241672272
0.0024585023801010405
0.0026247842324478815
GEN 22 time 1599723102
0.0027034571272860383
0.00280565241672272
0.0024585023801010405
0.0026247842324478815
GEN 23 time 1599723115
0.0027034571272860383
0.00280565241672272
0.0024585023801010405
0.0026247842324478815
GEN 24 time 1599723127
0.0027034571272860383
0.00280565241672272
0.0024585023801010405
0.0026247842324478815
GEN 25 time 1599723141
0.0027034571272860383
0.00280565241672272
0.0024585023801010405
0.0026247842324478815
GEN 26 time 1599723154
0.0027034571272860383
0.00280565241672272
0.0024585023801010405
0.0026247842324478815
GEN 27 time 1599723167
0.0027034571272860383
0.00280565241672272
0.0024585023801010405
0.0026247842324478815
GEN 28 time 1599723180
0.0027034571272860383
0.00280565241672272
0.0024585023801010405
0.0026247842324478815
GEN 29 time 1599723194
0.0027034571272860383
0.00280565241672272
0.0024585023801010405
0.0026247842324478815
GEN 30 time 1599723207
0.0027034571272860383
0.00280565241672272
0.0024585023801010405
0.0026247842324478815
GEN 31 time 1599723220
0.0027034571272860383
0.00280565241672272
0.0024585023801010405
0.0026247842324478815
GEN 32 time 1599723233
0.0027034571272860383
0.00280565241672272
0.0024585023801010405
0.0026247842324478815
GEN 33 time 1599723247
0.0027034571272860383
0.00280565241672272
0.0024585023801010405
0.0026247842324478815
GEN 34 time 1599723260
0.0027034571272860383
0.00280565241672272
0.002425964474671177
0.0026247842324478815
GEN 35 time 1599723274
0.0027034571272860383
0.00280565241672272
0.002425964474671177
0.0026247842324478815
GEN 36 time 1599723288
0.0027034571272860383
0.00280565241672272
0.002425964474671177
0.0026247842324478815
GEN 37 time 1599723301
0.0027034571272860383
0.00280565241672272
0.002425964474671177
0.0026247842324478815
GEN 38 time 1599723315
0.0027034571272860383
0.00280565241672272
0.002425964474671177
0.0026247842324478815
GEN 39 time 1599723328
0.0027034571272860383
0.00280565241672272
0.002425964474671177
0.0026247842324478815
GEN 40 time 1599723341
0.0027034571272860383
0.00280565241672272
0.002425964474671177
0.0026247842324478815
GEN 41 time 1599723355
0.0027034571272860383
0.00280565241672272
0.002425964474671177
0.0026247842324478815
GEN 42 time 1599723368
0.0027034571272860383
0.00280565241672272
0.002425964474671177
0.0026247842324478815
GEN 43 time 1599723382
0.0027034571272860383
0.00280565241672272
0.002425964474671177
0.0026247842324478815
GEN 44 time 1599723396
0.0027034571272860383
0.00280565241672272
0.002425964474671177
0.0026247842324478815
GEN 45 time 1599723408
0.0027034571272860383
0.00280565241672272
0.002425964474671177
0.0026247842324478815
GEN 46 time 1599723422
0.0027034571272860383
0.00280565241672272
0.002425964474671177
0.0026247842324478815
GEN 47 time 1599723436
0.0027034571272860383
0.00280565241672272
0.002425964474671177
0.0026247842324478815
GEN 48 time 1599723448
0.0027034571272860383
0.00280565241672272
0.002425964474671177
0.0026247842324478815
GEN 49 time 1599723462
0.0027034571272860383
0.00280565241672272
0.002425964474671177
0.0026247842324478815
GEN 50 time 1599723476
0.0027034571272860383
0.00280565241672272
0.002425964474671177
0.0026247842324478815
GEN 51 time 1599723489
0.0027034571272860383
0.00280565241672272
0.002425964474671177
0.0026247842324478815
GEN 52 time 1599723503
0.0027034571272860383
0.00280565241672272
0.002425964474671177
0.0026247842324478815
GEN 53 time 1599723516
0.0027034571272860383
0.00280565241672272
0.002425964474671177
0.0026247842324478815
GEN 54 time 1599723529
0.0027034571272860383
0.00280565241672272
0.002425964474671177
0.0026247842324478815
GEN 55 time 1599723543
0.0027034571272860383
0.00280565241672272
0.002425964474671177
0.0026247842324478815
GEN 56 time 1599723557
0.0027034571272860383
0.00280565241672272
0.002425964474671177
0.0026247842324478815
GEN 57 time 1599723570
0.0027034571272860383
0.00280565241672272
0.002425964474671177
0.0026247842324478815
GEN 58 time 1599723584
0.0027034571272860383
0.00280565241672272
0.002425964474671177
0.002615430661648573
GEN 59 time 1599723597
0.0027034571272860383
0.00280565241672272
0.0024233247358872666
0.002615430661648573
GEN 60 time 1599723611
0.0027034571272860383
0.00280565241672272
0.0024233247358872666
0.002615430661648573
GEN 61 time 1599723624
0.0027034571272860383
0.00280565241672272
0.0024233247358872666
0.002615430661648573
GEN 62 time 1599723637
0.0027034571272860383
0.00280565241672272
0.0024233247358872666
0.002615430661648573
GEN 63 time 1599723650
0.0027034571272860383
0.00280565241672272
0.0024233247358872666
0.002615430661648573
GEN 64 time 1599723663
0.0027034571272860383
0.00280565241672272
0.0024233247358872666
0.002615430661648573
GEN 65 time 1599723677
0.0027034571272860383
0.00280565241672272
0.0024233247358872666
0.002615430661648573
GEN 66 time 1599723690
0.0027034571272860383
0.00280565241672272
0.0024233247358872666
0.002615430661648573
GEN 67 time 1599723704
0.0027034571272860383
0.00280565241672272
0.0024233247358872666
0.002615430661648573
GEN 68 time 1599723718
0.0027034571272860383
0.00280565241672272
0.0024233247358872666
0.002615430661648573
GEN 69 time 1599723731
0.0027034571272860383
0.00280565241672272
0.0024233247358872666
0.002615430661648573
GEN 70 time 1599723745
0.0027034571272860383
0.00280565241672272
0.0024233247358872666
0.002615430661648573
GEN 71 time 1599723758
0.0027034571272860383
0.00280565241672272
0.0024233247358872666
0.002615430661648573
GEN 72 time 1599723772
0.0027034571272860383
0.00280565241672272
0.0024233247358872666
0.002615430661648573
GEN 73 time 1599723785
0.0027034571272860383
0.00280565241672272
0.0024233247358872666
0.002615430661648573
GEN 74 time 1599723798
0.0027034571272860383
0.00280565241672272
0.002164553638145117
0.002615430661648573
GEN 75 time 1599723811
0.0027034571272860383
0.00280565241672272
0.002164553638145117
0.002615430661648573
GEN 76 time 1599723824
0.0027034571272860383
0.00280565241672272
0.002164553638145117
0.002615430661648573
GEN 77 time 1599723838
0.0027034571272860383
0.00280565241672272
0.002164553638145117
0.002615430661648573
GEN 78 time 1599723852
0.0027034571272860383
0.00280565241672272
0.002164553638145117
0.002615430661648573
GEN 79 time 1599723865
0.0027034571272860383
0.00280565241672272
0.002164553638145117
0.002615430661648573
GEN 80 time 1599723878
0.0027034571272860383
0.00280565241672272
0.002164553638145117
0.002615430661648573
GEN 81 time 1599723892
0.0027034571272860383
0.00280565241672272
0.002164553638145117
0.002615430661648573
GEN 82 time 1599723905
0.0027034571272860383
0.00280565241672272
0.002164553638145117
0.002615430661648573
GEN 83 time 1599723918
0.0027034571272860383
0.00280565241672272
0.002164553638145117
0.002615430661648573
GEN 84 time 1599723933
0.0027034571272860383
0.00280565241672272
0.002164553638145117
0.002615430661648573
GEN 85 time 1599723945
0.0027034571272860383
0.00280565241672272
0.002164553638145117
0.0025557619780400696
GEN 86 time 1599723959
0.0027034571272860383
0.00280565241672272
0.002164553638145117
0.0025557619780400696
GEN 87 time 1599723973
0.0027034571272860383
0.00280565241672272
0.002164553638145117
0.0025557619780400696
GEN 88 time 1599723986
0.0027034571272860383
0.00280565241672272
0.002164553638145117
0.0025557619780400696
GEN 89 time 1599724000
0.0027034571272860383
0.00280565241672272
0.002164553638145117
0.0025557619780400696
GEN 90 time 1599724013
0.0027034571272860383
0.00280565241672272
0.002164553638145117
0.0025557619780400696
GEN 91 time 1599724027
0.0027034571272860383
0.00280565241672272
0.002164553638145117
0.0025557619780400696
GEN 92 time 1599724040
0.0027034571272860383
0.00280565241672272
0.002164553638145117
0.0025557619780400696
GEN 93 time 1599724053
0.0027034571272860383
0.00280565241672272
0.002164553638145117
0.0025557619780400696
GEN 94 time 1599724066
0.0027034571272860383
0.00280565241672272
0.002164553638145117
0.0025557619780400696
GEN 95 time 1599724080
0.0027034571272860383
0.00280565241672272
0.002164553638145117
0.0025557619780400696
GEN 96 time 1599724094
0.0027034571272860383
0.00280565241672272
0.002164553638145117
0.0025557619780400696
GEN 97 time 1599724107
0.0027034571272860383
0.00280565241672272
0.002164553638145117
0.0025557619780400696
GEN 98 time 1599724121
0.0027034571272860383
0.00280565241672272
0.002164553638145117
0.0025557619780400696
GEN 99 time 1599724134
0.0027034571272860383
0.00280565241672272
0.002164553638145117
0.0025557619780400696
GEN 100 time 1599724147
0.0027034571272860383
0.00280565241672272
0.002164553638145117
0.0025557619780400696
GEN 101 time 1599724160
0.0027034571272860383
0.00280565241672272
0.002164553638145117
0.0025557619780400696
GEN 102 time 1599724174
0.0027034571272860383
0.00280565241672272
0.002164553638145117
0.0024154106616485725
GEN 103 time 1599724188
0.0027034571272860383
0.00280565241672272
0.002164553638145117
0.0024154106616485725
GEN 104 time 1599724201
0.0027034571272860383
0.00280565241672272
0.002164553638145117
0.002215390661648573
GEN 105 time 1599724214
0.0027034571272860383
0.00280565241672272
0.002164553638145117
0.002215390661648573
GEN 106 time 1599724227
0.0027034571272860383
0.00280565241672272
0.002164553638145117
0.002215390661648573
GEN 107 time 1599724241
0.0027034571272860383
0.00280565241672272
0.002164553638145117
0.002215390661648573
GEN 108 time 1599724254
0.0027034571272860383
0.00280565241672272
0.002164553638145117
0.002215390661648573
GEN 109 time 1599724267
0.0027034571272860383
0.00280565241672272
0.002164553638145117
0.002215390661648573
GEN 110 time 1599724280
0.0027034571272860383
0.00280565241672272
0.002164553638145117
0.002215390661648573
GEN 111 time 1599724293
0.0027034571272860383
0.00280565241672272
0.002164553638145117
0.002215390661648573
GEN 112 time 1599724307
0.0027034571272860383
0.00280565241672272
0.002164553638145117
0.002215390661648573
GEN 113 time 1599724321
0.0027034571272860383
0.00280565241672272
0.002164553638145117
0.002215390661648573
GEN 114 time 1599724335
0.0027034571272860383
0.00280565241672272
0.002164553638145117
0.002215390661648573
GEN 115 time 1599724348
0.0027034571272860383
0.00280565241672272
0.002164553638145117
0.002215390661648573
GEN 116 time 1599724361
0.0027034571272860383
0.00280565241672272
0.002164553638145117
0.002215390661648573
GEN 117 time 1599724375
0.0027034571272860383
0.00280565241672272
0.002164553638145117
0.002215390661648573
GEN 118 time 1599724388
0.0027034571272860383
0.00280565241672272
0.002164553638145117
0.002215390661648573
GEN 119 time 1599724401
0.0027034571272860383
0.00280565241672272
0.002164553638145117
0.002215390661648573
GEN 120 time 1599724415
0.0027034571272860383
0.00280565241672272
0.002164553638145117
0.002215390661648573
GEN 121 time 1599724428
0.0027034571272860383
0.00280565241672272
0.002164553638145117
0.002215390661648573
GEN 122 time 1599724442
0.0027034571272860383
0.00280565241672272
0.002164553638145117
0.002215390661648573
GEN 123 time 1599724456
0.0027034571272860383
0.00280565241672272
0.002164553638145117
0.0021180477888056116
GEN 124 time 1599724470
0.0027034571272860383
0.00280565241672272
0.002164553638145117
0.0021180477888056116
GEN 125 time 1599724483
0.0027034571272860383
0.00280565241672272
0.002164553638145117
0.0021180477888056116
GEN 126 time 1599724497
0.0027034571272860383
0.00280565241672272
0.002164553638145117
0.0021180477888056116
GEN 127 time 1599724510
0.0027034571272860383
0.00280565241672272
0.002164553638145117
0.0021180477888056116
GEN 128 time 1599724524
0.0027034571272860383
0.00280565241672272
0.002164553638145117
0.0021180477888056116
GEN 129 time 1599724538
0.0027034571272860383
0.00280565241672272
0.002164553638145117
0.0021180477888056116
GEN 130 time 1599724552
0.0027034571272860383
0.00280565241672272
0.002164553638145117
0.0021180477888056116
GEN 131 time 1599724565
0.0027034571272860383
0.00280565241672272
0.002164553638145117
0.0021180477888056116
GEN 132 time 1599724579
0.0027034571272860383
0.00280565241672272
0.002164553638145117
0.0021180477888056116
GEN 133 time 1599724592
0.0027034571272860383
0.00280565241672272
0.002164553638145117
0.0021180477888056116
GEN 134 time 1599724606
0.0027034571272860383
0.00280565241672272
0.002164553638145117
0.0021180477888056116
GEN 135 time 1599724620
0.0027034571272860383
0.00280565241672272
0.002164553638145117
0.0021180477888056116
GEN 136 time 1599724633
0.0027034571272860383
0.00280565241672272
0.002164553638145117
0.0021180477888056116
GEN 137 time 1599724647
0.0027034571272860383
0.00280565241672272
0.002164553638145117
0.0021180477888056116
GEN 138 time 1599724660
0.0027034571272860383
0.00280565241672272
0.002164553638145117
0.0021180477888056116
GEN 139 time 1599724673
0.0027034571272860383
0.00280565241672272
0.002164553638145117
0.0021180477888056116
GEN 140 time 1599724687
0.0027034571272860383
0.00280565241672272
0.002164553638145117
0.0021180477888056116
GEN 141 time 1599724700
0.0027034571272860383
0.00280565241672272
0.002164553638145117
0.0021180477888056116
GEN 142 time 1599724714
0.0027034571272860383
0.00280565241672272
0.002164553638145117
0.002074766084269107
GEN 143 time 1599724729
0.0027034571272860383
0.00280565241672272
0.002164553638145117
0.002074766084269107
GEN 144 time 1599724743
0.0027034571272860383
0.00280565241672272
0.002164553638145117
0.002074766084269107
GEN 145 time 1599724757
0.0027034571272860383
0.00280565241672272
0.002164553638145117
0.002074766084269107
GEN 146 time 1599724770
0.0027034571272860383
0.00280565241672272
0.002164553638145117
0.002074766084269107
GEN 147 time 1599724783
0.0027034571272860383
0.00280565241672272
0.002164553638145117
0.002074766084269107
GEN 148 time 1599724797
0.0027034571272860383
0.00280565241672272
0.002164553638145117
0.002074766084269107
GEN 149 time 1599724810
0.0027034571272860383
0.00280565241672272
0.002164553638145117
0.002074766084269107
GEN 150 time 1599724824
0.0027034571272860383
0.00280565241672272
0.002164553638145117
0.002074766084269107
GEN 151 time 1599724838
0.0027034571272860383
0.00280565241672272
0.002164553638145117
0.002074766084269107
GEN 152 time 1599724852
0.0027034571272860383
0.00280565241672272
0.002164553638145117
0.002074766084269107
GEN 153 time 1599724866
0.0027034571272860383
0.00280565241672272
0.002164553638145117
0.002074766084269107
GEN 154 time 1599724879
0.0027034571272860383
0.00280565241672272
0.002164553638145117
0.002074766084269107
GEN 155 time 1599724892
0.0027034571272860383
0.00280565241672272
0.002164553638145117
0.002074766084269107
GEN 156 time 1599724904
0.0027034571272860383
0.00280565241672272
0.002164553638145117
0.002074766084269107
GEN 157 time 1599724917
0.0027034571272860383
0.00280565241672272
0.002164553638145117
0.002074766084269107
GEN 158 time 1599724930
0.0027034571272860383
0.00280565241672272
0.002164553638145117
0.002074766084269107
GEN 159 time 1599724943
0.0027034571272860383
0.00280565241672272
0.002164553638145117
0.002074766084269107
GEN 160 time 1599724956
0.0027034571272860383
0.00280565241672272
0.002164553638145117
0.002074766084269107
GEN 161 time 1599724969
0.0027034571272860383
0.00280565241672272
0.002164553638145117
0.002074766084269107
GEN 162 time 1599724982
0.0027034571272860383
0.00280565241672272
0.002164553638145117
0.002074766084269107
GEN 163 time 1599724994
0.0027034571272860383
0.00280565241672272
0.002164553638145117
0.002074766084269107
GEN 164 time 1599725007
0.0027034571272860383
0.00280565241672272
0.002164553638145117
0.002074766084269107
GEN 165 time 1599725020
0.0027034571272860383
0.00280565241672272
0.002164553638145117
0.002074766084269107
GEN 166 time 1599725032
0.0027034571272860383
0.00280565241672272
0.002164553638145117
0.002074766084269107
GEN 167 time 1599725045
0.0027034571272860383
0.00280565241672272
0.002164553638145117
0.002074766084269107
GEN 168 time 1599725058
0.0027034571272860383
0.00280565241672272
0.002164553638145117
0.0020686686994705735
GEN 169 time 1599725071
0.0027034571272860383
0.00280565241672272
0.002164553638145117
0.0020686686994705735
GEN 170 time 1599725084
0.0027034571272860383
0.00280565241672272
0.002164553638145117
0.0020686686994705735
GEN 171 time 1599725098
0.0027034571272860383
0.00280565241672272
0.002164553638145117
0.0020686686994705735
GEN 172 time 1599725110
0.0027034571272860383
0.00280565241672272
0.002164553638145117
0.0020686686994705735
GEN 173 time 1599725123
0.0027034571272860383
0.00280565241672272
0.002164553638145117
0.0020686686994705735
GEN 174 time 1599725136
0.0027034571272860383
0.00280565241672272
0.002164553638145117
0.0020686686994705735
GEN 175 time 1599725149
0.0027034571272860383
0.00280565241672272
0.002164553638145117
0.0020686686994705735
GEN 176 time 1599725161
0.0027034571272860383
0.00280565241672272
0.002164553638145117
0.0020686686994705735
GEN 177 time 1599725174
0.0027034571272860383
0.00280565241672272
0.002164553638145117
0.0020686686994705735
GEN 178 time 1599725187
0.0027034571272860383
0.00280565241672272
0.002164553638145117
0.0020686686994705735
GEN 179 time 1599725199
0.0027034571272860383
0.00280565241672272
0.002164553638145117
0.0020686686994705735
GEN 180 time 1599725213
0.0027034571272860383
0.00280565241672272
0.002164553638145117
0.0020686686994705735
GEN 181 time 1599725226
0.0027034571272860383
0.00280565241672272
0.002164553638145117
0.0020686686994705735
GEN 182 time 1599725239
0.0027034571272860383
0.00280565241672272
0.002164553638145117
0.0020686686994705735
GEN 183 time 1599725252
0.0027034571272860383
0.00280565241672272
0.0021562035993190885
0.0020686686994705735
GEN 184 time 1599725265
0.0027034571272860383
0.00280565241672272
0.0021562035993190885
0.0020686686994705735
GEN 185 time 1599725278
0.0027034571272860383
0.00280565241672272
0.0021562035993190885
0.0020686686994705735
GEN 186 time 1599725291
0.0027034571272860383
0.00280565241672272
0.0021562035993190885
0.0020686686994705735
GEN 187 time 1599725304
0.0027034571272860383
0.00280565241672272
0.0021562035993190885
0.0020686686994705735
GEN 188 time 1599725316
0.0027034571272860383
0.00280565241672272
0.0021562035993190885
0.0020686686994705735
GEN 189 time 1599725329
0.0027034571272860383
0.00280565241672272
0.0021562035993190885
0.0020686686994705735
GEN 190 time 1599725342
0.0027034571272860383
0.00280565241672272
0.0021562035993190885
0.0020686686994705735
GEN 191 time 1599725355
0.0027034571272860383
0.00280565241672272
0.0021562035993190885
0.0020686686994705735
GEN 192 time 1599725367
0.0027034571272860383
0.00280565241672272
0.0021562035993190885
0.0020686686994705735
GEN 193 time 1599725380
0.0027034571272860383
0.00280565241672272
0.0021562035993190885
0.0020686686994705735
GEN 194 time 1599725392
0.0027034571272860383
0.00280565241672272
0.0021562035993190885
0.0020686686994705735
GEN 195 time 1599725405
0.0027034571272860383
0.00280565241672272
0.0021562035993190885
0.0020686686994705735
GEN 196 time 1599725418
0.0027034571272860383
0.00280565241672272
0.0021562035993190885
0.0020686686994705735
GEN 197 time 1599725431
0.0027034571272860383
0.00280565241672272
0.0021562035993190885
0.0020686686994705735
GEN 198 time 1599725443
0.0027034571272860383
0.00280565241672272
0.0021562035993190885
0.0020686686994705735
GEN 199 time 1599725456
0.0027034571272860383
0.00280565241672272
0.0021562035993190885
0.0020686686994705735
