['./data/small/layer/uu-dem8_r25_1.json', './data/small/layer/uu-dem9_r25_1.json', './data/small/layer/uu-dem6_r25_1.json', './data/small/hop/uu-dem5_r25_1_0.json', './data/small/hop/uu-dem4_r25_1_0.json', './data/small/hop/uu-dem9_r25_1_0.json']
GEN 0 time 1599177750
0.0019331241698611365
0.002403530622305964
0.0019675015642996083
0.0023028058444607667
0.0020172261389345553
0.002671904102068334
GEN 1 time 1599177752
0.0019331241698611365
0.0020283388035092823
0.0019675015642996083
0.0023028058444607667
0.0020172261389345553
0.0024640812798510142
GEN 2 time 1599177755
0.0019331241698611365
0.0020283388035092823
0.0019675015642996083
0.0023028058444607667
0.0020172261389345553
0.0024640812798510142
GEN 3 time 1599177758
0.0019331241698611365
0.0020283388035092823
0.0019675015642996083
0.0023028058444607667
0.0018616087985145072
0.0024640812798510142
GEN 4 time 1599177762
0.0019331241698611365
0.0020207091383460784
0.0019675015642996083
0.0023028058444607667
0.0018616087985145072
0.0024640812798510142
GEN 5 time 1599177765
0.0019331241698611365
0.0020207091383460784
0.0019675015642996083
0.0023028058444607667
0.0018616087985145072
0.0024640812798510142
GEN 6 time 1599177769
0.0019331241698611365
0.002000750810671921
0.0017721808784815357
0.0020364809495579768
0.0018616087985145072
0.0024640812798510142
GEN 7 time 1599177773
0.0019331241698611365
0.002000750810671921
0.0017721808784815357
0.0020364809495579768
0.0018616087985145072
0.0024640812798510142
GEN 8 time 1599177777
0.0019331241698611365
0.002000750810671921
0.0017721808784815357
0.0020364809495579768
0.0018616087985145072
0.002294646354466548
GEN 9 time 1599177781
0.0019331241698611365
0.002000750810671921
0.0017484773311283294
0.0020364809495579768
0.0018616087985145072
0.002294646354466548
GEN 10 time 1599177785
0.0019331241698611365
0.0018266509095459789
0.001596963160098174
0.0020364809495579768
0.0018616087985145072
0.002294646354466548
GEN 11 time 1599177789
0.0019331241698611365
0.0018266509095459789
0.001596963160098174
0.0020364809495579768
0.0018616087985145072
0.002251591326616379
GEN 12 time 1599177793
0.0019331241698611365
0.0018266509095459789
0.001596963160098174
0.0019027658444607668
0.0018616087985145072
0.002251591326616379
GEN 13 time 1599177798
0.0019331241698611365
0.0018266509095459789
0.001596963160098174
0.0019027658444607668
0.0017605678364032097
0.002251591326616379
GEN 14 time 1599177801
0.0019331241698611365
0.0018266509095459789
0.001596963160098174
0.0019027658444607668
0.0017605678364032097
0.002251591326616379
GEN 15 time 1599177805
0.0019331241698611365
0.0018266509095459789
0.001596963160098174
0.0019027658444607668
0.0017605678364032097
0.002251591326616379
GEN 16 time 1599177809
0.0019331241698611365
0.0018266509095459789
0.001596963160098174
0.0019027658444607668
0.0017605678364032097
0.002092057805694502
GEN 17 time 1599177814
0.0019331241698611365
0.0018266509095459789
0.001596963160098174
0.0018561064175517939
0.0017605678364032097
0.002092057805694502
GEN 18 time 1599177818
0.0019331241698611365
0.0018266509095459789
0.001596963160098174
0.0018561064175517939
0.0017605678364032097
0.002092057805694502
GEN 19 time 1599177822
0.0019331241698611365
0.0018266509095459789
0.001596963160098174
0.0018561064175517939
0.0017605678364032097
0.002092057805694502
GEN 20 time 1599177826
0.0019331241698611365
0.0018266509095459789
0.001596963160098174
0.0018561064175517939
0.0017605678364032097
0.002092057805694502
GEN 21 time 1599177830
0.0019331241698611365
0.0018266509095459789
0.001596963160098174
0.0018561064175517939
0.0017605678364032097
0.002092057805694502
GEN 22 time 1599177834
0.0019331241698611365
0.0018266509095459789
0.001596963160098174
0.0018561064175517939
0.0017605678364032097
0.002092057805694502
GEN 23 time 1599177839
0.0019331241698611365
0.0018266509095459789
0.001596963160098174
0.0017165454782080065
0.0017149439123802677
0.002092057805694502
GEN 24 time 1599177843
0.0019331241698611365
0.0018266509095459789
0.001596963160098174
0.0017165454782080065
0.0017149439123802677
0.002092057805694502
GEN 25 time 1599177847
0.0019331241698611365
0.0018266509095459789
0.001596963160098174
0.0017165454782080065
0.0017149439123802677
0.002092057805694502
GEN 26 time 1599177852
0.0019331241698611365
0.0018266509095459789
0.001596963160098174
0.0017165454782080065
0.0017149439123802677
0.002092057805694502
GEN 27 time 1599177856
0.0019331241698611365
0.0018266509095459789
0.001596963160098174
0.0016364409495579768
0.0017149439123802677
0.002092057805694502
GEN 28 time 1599177860
0.0019331241698611365
0.0018266509095459789
0.001596963160098174
0.0016364409495579768
0.0017149439123802677
0.002092057805694502
GEN 29 time 1599177864
0.0019331241698611365
0.0018266509095459789
0.001596963160098174
0.0016364409495579768
0.0017149439123802677
0.002092057805694502
GEN 30 time 1599177869
0.0019331241698611365
0.0018266509095459789
0.001596963160098174
0.0015322167372452352
0.0016873438010097709
0.002092057805694502
GEN 31 time 1599177873
0.0019331241698611365
0.0018266509095459789
0.001596963160098174
0.0015322167372452352
0.0016873438010097709
0.002092057805694502
GEN 32 time 1599177877
0.0019331241698611365
0.0018266509095459789
0.001596963160098174
0.0015322167372452352
0.0016873438010097709
0.002092057805694502
GEN 33 time 1599177881
0.0019331241698611365
0.0018266509095459789
0.001596963160098174
0.0015322167372452352
0.0016873438010097709
0.002092057805694502
GEN 34 time 1599177885
0.0019331241698611365
0.0018266509095459789
0.001596963160098174
0.0015322167372452352
0.0016873438010097709
0.002092057805694502
GEN 35 time 1599177889
0.0019331241698611365
0.0018266509095459789
0.001596963160098174
0.0015322167372452352
0.0016873438010097709
0.002092057805694502
GEN 36 time 1599177893
0.0019331241698611365
0.0018266509095459789
0.001596963160098174
0.0015322167372452352
0.0016873438010097709
0.002092057805694502
GEN 37 time 1599177898
0.0019331241698611365
0.0018266509095459789
0.001596963160098174
0.0015322167372452352
0.0016873438010097709
0.002092057805694502
GEN 38 time 1599177902
0.0019331241698611365
0.0018266509095459789
0.001596963160098174
0.0015322167372452352
0.0016859320134868514
0.002092057805694502
GEN 39 time 1599177907
0.0019331241698611365
0.0018266509095459789
0.001596963160098174
0.0015322167372452352
0.0016859320134868514
0.002092057805694502
GEN 40 time 1599177911
0.0019331241698611365
0.0018266509095459789
0.001596963160098174
0.0015322167372452352
0.0016859320134868514
0.002092057805694502
GEN 41 time 1599177915
0.0019331241698611365
0.0018266509095459789
0.001596963160098174
0.0015322167372452352
0.0016859320134868514
0.002092057805694502
GEN 42 time 1599177919
0.0019331241698611365
0.0018266509095459789
0.001596963160098174
0.0015322167372452352
0.0016859320134868514
0.002092057805694502
GEN 43 time 1599177923
0.0019331241698611365
0.0018266509095459789
0.001596963160098174
0.0015322167372452352
0.0016859320134868514
0.002092057805694502
GEN 44 time 1599177928
0.0019331241698611365
0.0018266509095459789
0.001596963160098174
0.0015322167372452352
0.0016859320134868514
0.002092057805694502
GEN 45 time 1599177932
0.0019331241698611365
0.0018266509095459789
0.001596963160098174
0.0015322167372452352
0.0016859320134868514
0.002092057805694502
GEN 46 time 1599177936
0.0019331241698611365
0.0018266509095459789
0.001596963160098174
0.0015322167372452352
0.0016859320134868514
0.002092057805694502
GEN 47 time 1599177940
0.0019331241698611365
0.0018266509095459789
0.001596963160098174
0.0015322167372452352
0.0016859320134868514
0.002092057805694502
GEN 48 time 1599177945
0.0019331241698611365
0.0018266509095459789
0.001596963160098174
0.0015322167372452352
0.0016859320134868514
0.002092057805694502
GEN 49 time 1599177949
0.0019331241698611365
0.0018266509095459789
0.001596963160098174
0.0015322167372452352
0.0016859320134868514
0.002092057805694502
GEN 50 time 1599177953
0.0019331241698611365
0.0018266509095459789
0.001596963160098174
0.0015322167372452352
0.0016859320134868514
0.002092057805694502
GEN 51 time 1599177957
0.0019331241698611365
0.0018266509095459789
0.001596963160098174
0.0015322167372452352
0.0016859320134868514
0.002092057805694502
GEN 52 time 1599177962
0.0019331241698611365
0.0018266509095459789
0.001596963160098174
0.0015322167372452352
0.0016859320134868514
0.002092057805694502
GEN 53 time 1599177966
0.0019331241698611365
0.0018266509095459789
0.001596963160098174
0.0015322167372452352
0.0016859320134868514
0.002092057805694502
GEN 54 time 1599177970
0.0019331241698611365
0.0018266509095459789
0.001596963160098174
0.0015322167372452352
0.0016859320134868514
0.002092057805694502
GEN 55 time 1599177975
0.0019331241698611365
0.0018266509095459789
0.001596963160098174
0.0015322167372452352
0.0016859320134868514
0.002092057805694502
GEN 56 time 1599177979
0.0019331241698611365
0.0018266509095459789
0.001596963160098174
0.0015322167372452352
0.0016859320134868514
0.002092057805694502
GEN 57 time 1599177984
0.0019331241698611365
0.0018266509095459789
0.001596963160098174
0.0015322167372452352
0.0016859320134868514
0.002092057805694502
GEN 58 time 1599177988
0.0019331241698611365
0.0018266509095459789
0.001596963160098174
0.0015322167372452352
0.0016859320134868514
0.002092057805694502
GEN 59 time 1599177993
0.0019331241698611365
0.0018266509095459789
0.001596963160098174
0.0015322167372452352
0.0016859320134868514
0.002092057805694502
GEN 60 time 1599177997
0.0019331241698611365
0.0018266509095459789
0.001596963160098174
0.0015322167372452352
0.0016859320134868514
0.002092057805694502
GEN 61 time 1599178002
0.0019331241698611365
0.0018266509095459789
0.001596963160098174
0.0015322167372452352
0.0016859320134868514
0.002092057805694502
GEN 62 time 1599178006
0.0019331241698611365
0.0018266509095459789
0.001596963160098174
0.0015322167372452352
0.0016859320134868514
0.002092057805694502
GEN 63 time 1599178011
0.0019331241698611365
0.0018266509095459789
0.001596963160098174
0.0015322167372452352
0.0016859320134868514
0.002092057805694502
GEN 64 time 1599178015
0.0019331241698611365
0.0018266509095459789
0.001596963160098174
0.0015322167372452352
0.0016859320134868514
0.002092057805694502
GEN 65 time 1599178020
0.0019331241698611365
0.0018266509095459789
0.001596963160098174
0.0015322167372452352
0.0016859320134868514
0.002092057805694502
GEN 66 time 1599178025
0.0019331241698611365
0.0018266509095459789
0.001596963160098174
0.0015322167372452352
0.0016859320134868514
0.002092057805694502
GEN 67 time 1599178029
0.0019331241698611365
0.0018266509095459789
0.001596963160098174
0.0015322167372452352
0.0016859320134868514
0.002092057805694502
GEN 68 time 1599178034
0.0019331241698611365
0.0018266509095459789
0.001596963160098174
0.0015322167372452352
0.0016859320134868514
0.002092057805694502
GEN 69 time 1599178038
0.0019331241698611365
0.0018266509095459789
0.001596963160098174
0.0015322167372452352
0.0016859320134868514
0.002092057805694502
GEN 70 time 1599178043
0.0019331241698611365
0.0018266509095459789
0.001596963160098174
0.0015322167372452352
0.0016859320134868514
0.002092057805694502
GEN 71 time 1599178048
0.0019331241698611365
0.0018266509095459789
0.001596963160098174
0.0015322167372452352
0.0016859320134868514
0.002092057805694502
GEN 72 time 1599178052
0.0019331241698611365
0.0018266509095459789
0.001596963160098174
0.0015322167372452352
0.0016859320134868514
0.002092057805694502
GEN 73 time 1599178057
0.0019331241698611365
0.0018266509095459789
0.001596963160098174
0.0015293323317674282
0.0016859320134868514
0.002092057805694502
GEN 74 time 1599178061
0.0019331241698611365
0.0018266509095459789
0.001596963160098174
0.0015293323317674282
0.0016859320134868514
0.002092057805694502
GEN 75 time 1599178066
0.0019331241698611365
0.0018266509095459789
0.001596963160098174
0.0015293323317674282
0.0016859320134868514
0.002092057805694502
GEN 76 time 1599178070
0.0019331241698611365
0.0018266509095459789
0.001596963160098174
0.0015293323317674282
0.0016859320134868514
0.002092057805694502
GEN 77 time 1599178075
0.0019331241698611365
0.0018266509095459789
0.001596963160098174
0.0015293323317674282
0.0016859320134868514
0.002092057805694502
GEN 78 time 1599178080
0.0019331241698611365
0.0018266509095459789
0.001596963160098174
0.0015293323317674282
0.0016859320134868514
0.002092057805694502
GEN 79 time 1599178084
0.0019331241698611365
0.0018266509095459789
0.001596963160098174
0.0015293323317674282
0.0016615887985145072
0.002092057805694502
GEN 80 time 1599178089
0.0019331241698611365
0.0018266509095459789
0.001596963160098174
0.0015293323317674282
0.0016615887985145072
0.002092057805694502
GEN 81 time 1599178094
0.0019331241698611365
0.0018266509095459789
0.001596963160098174
0.0015293323317674282
0.0016615887985145072
0.00205890353609556
GEN 82 time 1599178099
0.0019331241698611365
0.0018266509095459789
0.001596963160098174
0.0015293323317674282
0.0016615887985145072
0.00205890353609556
GEN 83 time 1599178103
0.0019331241698611365
0.0018266509095459789
0.001596963160098174
0.0015293323317674282
0.0016615887985145072
0.00205890353609556
GEN 84 time 1599178108
0.0019331241698611365
0.0018266509095459789
0.001596963160098174
0.0015293323317674282
0.0016615887985145072
0.00205890353609556
GEN 85 time 1599178113
0.0019331241698611365
0.0018266509095459789
0.001596963160098174
0.0015293323317674282
0.0016615887985145072
0.00205890353609556
GEN 86 time 1599178117
0.0019331241698611365
0.0018266509095459789
0.001596963160098174
0.0015293323317674282
0.0016615887985145072
0.00205890353609556
GEN 87 time 1599178122
0.0019331241698611365
0.0018266509095459789
0.001596963160098174
0.0015293323317674282
0.0016615887985145072
0.00205890353609556
GEN 88 time 1599178127
0.0019331241698611365
0.0018266509095459789
0.001596963160098174
0.0015293323317674282
0.0016615887985145072
0.00205890353609556
GEN 89 time 1599178131
0.0019331241698611365
0.0018266509095459789
0.001596963160098174
0.0015293323317674282
0.0016615887985145072
0.00205890353609556
GEN 90 time 1599178136
0.0019331241698611365
0.0018266509095459789
0.001596963160098174
0.0015293323317674282
0.0016615887985145072
0.00205890353609556
GEN 91 time 1599178141
0.0019331241698611365
0.0018266509095459789
0.001596963160098174
0.0015293323317674282
0.0016615887985145072
0.00205890353609556
GEN 92 time 1599178145
0.0019331241698611365
0.0018266509095459789
0.001596963160098174
0.0015293323317674282
0.0016615887985145072
0.00205890353609556
GEN 93 time 1599178150
0.0019331241698611365
0.0018266509095459789
0.001596963160098174
0.0015293323317674282
0.0016615887985145072
0.002046648363029541
GEN 94 time 1599178155
0.0019331241698611365
0.0018266509095459789
0.001596963160098174
0.0015293323317674282
0.0016615887985145072
0.002046648363029541
GEN 95 time 1599178161
0.0019331241698611365
0.0018266509095459789
0.001596963160098174
0.0015293323317674282
0.0016615887985145072
0.002046648363029541
GEN 96 time 1599178165
0.0019331241698611365
0.0018266509095459789
0.001596963160098174
0.0015293323317674282
0.0016615887985145072
0.002046648363029541
GEN 97 time 1599178170
0.0019331241698611365
0.0018266509095459789
0.001596963160098174
0.0015293323317674282
0.0016615887985145072
0.002046648363029541
GEN 98 time 1599178176
0.0019331241698611365
0.0018266509095459789
0.001596963160098174
0.0015293323317674282
0.0016615887985145072
0.002046648363029541
GEN 99 time 1599178180
0.0019331241698611365
0.0018266509095459789
0.001596963160098174
0.0015293323317674282
0.0016615887985145072
0.002046648363029541
GEN 100 time 1599178186
0.0019331241698611365
0.0018266509095459789
0.001596963160098174
0.0015293323317674282
0.0016615887985145072
0.002046648363029541
GEN 101 time 1599178191
0.0019331241698611365
0.0018266509095459789
0.001596963160098174
0.0015293323317674282
0.0016615887985145072
0.002046648363029541
GEN 102 time 1599178195
0.0019331241698611365
0.0018266509095459789
0.001596963160098174
0.0015293323317674282
0.0016615887985145072
0.002046648363029541
GEN 103 time 1599178200
0.0019331241698611365
0.0018266509095459789
0.001596963160098174
0.0015293323317674282
0.0016615887985145072
0.002046648363029541
GEN 104 time 1599178204
0.0019331241698611365
0.0018266509095459789
0.001596963160098174
0.0015293323317674282
0.0016615887985145072
0.002046648363029541
GEN 105 time 1599178209
0.0019331241698611365
0.0018266509095459789
0.001596963160098174
0.0015293323317674282
0.0016615887985145072
0.002046648363029541
GEN 106 time 1599178213
0.0019331241698611365
0.0018266509095459789
0.001596963160098174
0.0015293323317674282
0.0016615887985145072
0.002046648363029541
GEN 107 time 1599178217
0.0019331241698611365
0.0018266509095459789
0.001596963160098174
0.0015293323317674282
0.0016615887985145072
0.002046648363029541
GEN 108 time 1599178221
0.0019331241698611365
0.0018266509095459789
0.001596963160098174
0.0015293323317674282
0.0016615887985145072
0.002046648363029541
GEN 109 time 1599178225
0.0019331241698611365
0.0018266509095459789
0.001596963160098174
0.0015293323317674282
0.0016615887985145072
0.002046648363029541
GEN 110 time 1599178229
0.0019331241698611365
0.0018266509095459789
0.001596963160098174
0.0015293323317674282
0.0016615887985145072
0.002046648363029541
GEN 111 time 1599178234
0.0019331241698611365
0.0018266509095459789
0.001596963160098174
0.0015293323317674282
0.0016171861389345553
0.002046648363029541
GEN 112 time 1599178238
0.0019331241698611365
0.0018266509095459789
0.001596963160098174
0.0015293323317674282
0.0016171861389345553
0.002046648363029541
GEN 113 time 1599178242
0.0019331241698611365
0.0018266509095459789
0.001596963160098174
0.0015293323317674282
0.0016171861389345553
0.002046648363029541
GEN 114 time 1599178246
0.0019331241698611365
0.0018266509095459789
0.001596963160098174
0.0015293323317674282
0.0016171861389345553
0.002046648363029541
GEN 115 time 1599178251
0.0019331241698611365
0.0018266509095459789
0.001596963160098174
0.0015293323317674282
0.0016171861389345553
0.002046648363029541
GEN 116 time 1599178255
0.0019331241698611365
0.0018266509095459789
0.001596963160098174
0.0015293323317674282
0.0016171861389345553
0.002046648363029541
GEN 117 time 1599178260
0.0019331241698611365
0.0018266509095459789
0.001596963160098174
0.0015293323317674282
0.0016171861389345553
0.002046648363029541
GEN 118 time 1599178265
0.0019331241698611365
0.0018266509095459789
0.001596963160098174
0.0015293323317674282
0.0016171861389345553
0.002046648363029541
GEN 119 time 1599178269
0.0019331241698611365
0.0018266509095459789
0.001596963160098174
0.0015293323317674282
0.0016171861389345553
0.002046648363029541
GEN 120 time 1599178274
0.0019331241698611365
0.0018266509095459789
0.001596963160098174
0.0015293323317674282
0.0016171861389345553
0.002046648363029541
GEN 121 time 1599178278
0.0019331241698611365
0.0018266509095459789
0.001596963160098174
0.0015293323317674282
0.0016171861389345553
0.002046648363029541
GEN 122 time 1599178283
0.0019331241698611365
0.0018266509095459789
0.001596963160098174
0.0015293323317674282
0.0016171861389345553
0.002046648363029541
GEN 123 time 1599178288
0.0019331241698611365
0.0018266509095459789
0.001596963160098174
0.0015293323317674282
0.0016171861389345553
0.002046648363029541
GEN 124 time 1599178292
0.0019331241698611365
0.0018266509095459789
0.001596963160098174
0.0015293323317674282
0.0016171861389345553
0.002046648363029541
GEN 125 time 1599178296
0.0019331241698611365
0.0018266509095459789
0.001596963160098174
0.0015293323317674282
0.0016171861389345553
0.002046648363029541
GEN 126 time 1599178300
0.0019331241698611365
0.0018266509095459789
0.001596963160098174
0.0015293323317674282
0.0016171861389345553
0.002046648363029541
GEN 127 time 1599178305
0.0019331241698611365
0.0018266509095459789
0.001596963160098174
0.0015293323317674282
0.0016171861389345553
0.002046648363029541
GEN 128 time 1599178310
0.0019331241698611365
0.0018266509095459789
0.001596963160098174
0.0015293323317674282
0.0016171861389345553
0.002046648363029541
GEN 129 time 1599178314
0.0019331241698611365
0.0018266509095459789
0.001596963160098174
0.0015293323317674282
0.0016171861389345553
0.002046648363029541
GEN 130 time 1599178318
0.0019331241698611365
0.0018266509095459789
0.001596963160098174
0.0015293323317674282
0.0016171861389345553
0.002046648363029541
GEN 131 time 1599178322
0.0019331241698611365
0.0018266509095459789
0.001596963160098174
0.0015293323317674282
0.0016171861389345553
0.002046648363029541
GEN 132 time 1599178326
0.0019331241698611365
0.0018266509095459789
0.001596963160098174
0.0015293323317674282
0.0016171861389345553
0.002046648363029541
GEN 133 time 1599178330
0.0019331241698611365
0.0018266509095459789
0.001596963160098174
0.0015293323317674282
0.0016171861389345553
0.002046648363029541
GEN 134 time 1599178335
0.0019331241698611365
0.0018266509095459789
0.001596963160098174
0.0015293323317674282
0.0016171861389345553
0.002046648363029541
GEN 135 time 1599178339
0.0019331241698611365
0.0018266509095459789
0.001596963160098174
0.0015293323317674282
0.0016171861389345553
0.002046648363029541
GEN 136 time 1599178343
0.0019331241698611365
0.0018266509095459789
0.001596963160098174
0.0015293323317674282
0.0016171861389345553
0.002046648363029541
GEN 137 time 1599178347
0.0019331241698611365
0.0018266509095459789
0.001596963160098174
0.0015293323317674282
0.0016171861389345553
0.002046648363029541
GEN 138 time 1599178351
0.0019331241698611365
0.0018266509095459789
0.001596963160098174
0.0015293323317674282
0.0016171861389345553
0.002046648363029541
GEN 139 time 1599178355
0.0019331241698611365
0.0018266509095459789
0.001596963160098174
0.0015293323317674282
0.0016171861389345553
0.002046648363029541
GEN 140 time 1599178359
0.0019331241698611365
0.0018266509095459789
0.001596963160098174
0.0015293323317674282
0.0016171861389345553
0.002046648363029541
GEN 141 time 1599178363
0.0019331241698611365
0.0018266509095459789
0.001596963160098174
0.0015293323317674282
0.0016171861389345553
0.002046648363029541
GEN 142 time 1599178367
0.0019331241698611365
0.0018266509095459789
0.001596963160098174
0.0015293323317674282
0.0016171861389345553
0.002046648363029541
GEN 143 time 1599178371
0.0019331241698611365
0.0018266509095459789
0.001596963160098174
0.0015293323317674282
0.0016171861389345553
0.002046648363029541
GEN 144 time 1599178375
0.0019331241698611365
0.0018266509095459789
0.001596963160098174
0.0015293323317674282
0.0016171861389345553
0.002046648363029541
GEN 145 time 1599178379
0.0019331241698611365
0.0018266509095459789
0.001596963160098174
0.0015293323317674282
0.0016171861389345553
0.002046648363029541
GEN 146 time 1599178383
0.0019331241698611365
0.0018266509095459789
0.001596963160098174
0.0015293323317674282
0.0016171861389345553
0.002046648363029541
GEN 147 time 1599178387
0.0019331241698611365
0.0018266509095459789
0.001596963160098174
0.0015293323317674282
0.0016171861389345553
0.002046648363029541
GEN 148 time 1599178391
0.0019331241698611365
0.0018266509095459789
0.001596963160098174
0.0015293323317674282
0.0016171861389345553
0.002046648363029541
GEN 149 time 1599178396
0.0019331241698611365
0.0018266509095459789
0.001596963160098174
0.0015293323317674282
0.0016171861389345553
0.002046648363029541
GEN 150 time 1599178400
0.0019331241698611365
0.0018266509095459789
0.001596963160098174
0.0015293323317674282
0.0016171861389345553
0.002046648363029541
GEN 151 time 1599178404
0.0019331241698611365
0.0018266509095459789
0.001596963160098174
0.0015293323317674282
0.0016171861389345553
0.002046648363029541
GEN 152 time 1599178408
0.0019331241698611365
0.0018266509095459789
0.001596963160098174
0.0015293323317674282
0.0016171861389345553
0.002046648363029541
GEN 153 time 1599178412
0.0019331241698611365
0.0018266509095459789
0.001596963160098174
0.0015293323317674282
0.0016171861389345553
0.002046648363029541
GEN 154 time 1599178416
0.0019331241698611365
0.0018266509095459789
0.001596963160098174
0.0015293323317674282
0.0016171861389345553
0.002046648363029541
GEN 155 time 1599178420
0.0019331241698611365
0.0018266509095459789
0.001596963160098174
0.0015293323317674282
0.0016171861389345553
0.002046648363029541
GEN 156 time 1599178425
0.0019331241698611365
0.0018266509095459789
0.001596963160098174
0.0015293323317674282
0.0016171861389345553
0.002046648363029541
GEN 157 time 1599178429
0.0019331241698611365
0.0018266509095459789
0.001596963160098174
0.0015293323317674282
0.0016171861389345553
0.002046648363029541
GEN 158 time 1599178433
0.0019331241698611365
0.0018266509095459789
0.001596963160098174
0.0015293323317674282
0.0016171861389345553
0.002046648363029541
GEN 159 time 1599178437
0.0019331241698611365
0.0018266509095459789
0.001596963160098174
0.0015293323317674282
0.0016171861389345553
0.002046648363029541
GEN 160 time 1599178441
0.0019331241698611365
0.0018266509095459789
0.001596963160098174
0.0015293323317674282
0.0016171861389345553
0.002046648363029541
GEN 161 time 1599178445
0.0019331241698611365
0.0018266509095459789
0.001596963160098174
0.0015293323317674282
0.0016171861389345553
0.002046648363029541
GEN 162 time 1599178449
0.0019331241698611365
0.0018266509095459789
0.001596963160098174
0.0015293323317674282
0.0016171861389345553
0.002046648363029541
GEN 163 time 1599178453
0.0019331241698611365
0.0018266509095459789
0.001596963160098174
0.0015293323317674282
0.0016171861389345553
0.002046648363029541
GEN 164 time 1599178457
0.0019331241698611365
0.0018266509095459789
0.001596963160098174
0.0015293323317674282
0.0016171861389345553
0.002046648363029541
GEN 165 time 1599178461
0.0019331241698611365
0.0018266509095459789
0.001596963160098174
0.0015293323317674282
0.0016171861389345553
0.002046648363029541
GEN 166 time 1599178466
0.0019331241698611365
0.0018266509095459789
0.001596963160098174
0.0015293323317674282
0.0016171861389345553
0.002046648363029541
GEN 167 time 1599178470
0.0019331241698611365
0.0018266509095459789
0.001596963160098174
0.0015293323317674282
0.0016171861389345553
0.002046648363029541
GEN 168 time 1599178473
0.0019331241698611365
0.0018266509095459789
0.001596963160098174
0.0015293323317674282
0.0016171861389345553
0.002046648363029541
GEN 169 time 1599178477
0.0019331241698611365
0.0018266509095459789
0.001596963160098174
0.0015293323317674282
0.0016171861389345553
0.002046648363029541
GEN 170 time 1599178482
0.0019331241698611365
0.0018266509095459789
0.001596963160098174
0.0015293323317674282
0.0016171861389345553
0.002046648363029541
GEN 171 time 1599178486
0.0019331241698611365
0.0018266509095459789
0.001596963160098174
0.0015293323317674282
0.0016171861389345553
0.002046648363029541
GEN 172 time 1599178489
0.0019331241698611365
0.0018266509095459789
0.001596963160098174
0.0015293323317674282
0.0016171861389345553
0.002046648363029541
GEN 173 time 1599178493
0.0019331241698611365
0.0018266509095459789
0.001596963160098174
0.0015293323317674282
0.0016171861389345553
0.002046648363029541
GEN 174 time 1599178497
0.0019331241698611365
0.0018266509095459789
0.001596963160098174
0.0015293323317674282
0.0016171861389345553
0.002046648363029541
GEN 175 time 1599178501
0.0019331241698611365
0.0018266509095459789
0.001596963160098174
0.0015293323317674282
0.0016171861389345553
0.002046648363029541
GEN 176 time 1599178505
0.0019331241698611365
0.0018266509095459789
0.001596963160098174
0.0015293323317674282
0.0016171861389345553
0.002046648363029541
GEN 177 time 1599178509
0.0019331241698611365
0.0018266509095459789
0.001596963160098174
0.0015293323317674282
0.0016171861389345553
0.002046648363029541
GEN 178 time 1599178514
0.0019331241698611365
0.0018266509095459789
0.001596963160098174
0.0015293323317674282
0.0016171861389345553
0.002046648363029541
GEN 179 time 1599178518
0.0019331241698611365
0.0018266509095459789
0.001596963160098174
0.0015293323317674282
0.0016171861389345553
0.002046648363029541
GEN 180 time 1599178522
0.0019331241698611365
0.0018266509095459789
0.001596963160098174
0.0015293323317674282
0.0016171861389345553
0.002046648363029541
GEN 181 time 1599178526
0.0019331241698611365
0.0018266509095459789
0.001596963160098174
0.0015293323317674282
0.0016171861389345553
0.002046648363029541
GEN 182 time 1599178530
0.0019331241698611365
0.0018266509095459789
0.001596963160098174
0.0015293323317674282
0.0016171861389345553
0.002046648363029541
GEN 183 time 1599178534
0.0019331241698611365
0.0018266509095459789
0.001596963160098174
0.0015293323317674282
0.0016171861389345553
0.002046648363029541
GEN 184 time 1599178538
0.0019331241698611365
0.0018266509095459789
0.001596963160098174
0.0015293323317674282
0.0016171861389345553
0.002046648363029541
GEN 185 time 1599178542
0.0019331241698611365
0.0018266509095459789
0.001596963160098174
0.0015293323317674282
0.0016171861389345553
0.002046648363029541
GEN 186 time 1599178547
0.0019331241698611365
0.0018266509095459789
0.001596963160098174
0.0015293323317674282
0.0016171861389345553
0.002046648363029541
GEN 187 time 1599178551
0.0019331241698611365
0.0018266509095459789
0.001596963160098174
0.0015293323317674282
0.0016171861389345553
0.002046648363029541
GEN 188 time 1599178555
0.0019331241698611365
0.0018266509095459789
0.001596963160098174
0.0015293323317674282
0.0016171861389345553
0.002046648363029541
GEN 189 time 1599178560
0.0019331241698611365
0.0018266509095459789
0.001596963160098174
0.0015293323317674282
0.0016171861389345553
0.002046648363029541
GEN 190 time 1599178564
0.0019331241698611365
0.0018266509095459789
0.001596963160098174
0.0015293323317674282
0.0016171861389345553
0.002046648363029541
GEN 191 time 1599178569
0.0019331241698611365
0.0018266509095459789
0.001596963160098174
0.0015293323317674282
0.0016171861389345553
0.002046648363029541
GEN 192 time 1599178573
0.0019331241698611365
0.0018266509095459789
0.001596963160098174
0.0015293323317674282
0.0016171861389345553
0.002046648363029541
GEN 193 time 1599178577
0.0019331241698611365
0.0018266509095459789
0.001596963160098174
0.0015293323317674282
0.0016171861389345553
0.002046648363029541
GEN 194 time 1599178582
0.0019331241698611365
0.0018266509095459789
0.001596963160098174
0.0015293323317674282
0.0016171861389345553
0.002046648363029541
GEN 195 time 1599178586
0.0019331241698611365
0.0018266509095459789
0.001596963160098174
0.0015293323317674282
0.0016171861389345553
0.002046648363029541
GEN 196 time 1599178590
0.0019331241698611365
0.0018266509095459789
0.001596963160098174
0.0015293323317674282
0.0016171861389345553
0.002046648363029541
GEN 197 time 1599178594
0.0019331241698611365
0.0018266509095459789
0.001596963160098174
0.0015293323317674282
0.0016171861389345553
0.002046648363029541
GEN 198 time 1599178598
0.0019331241698611365
0.0018266509095459789
0.001596963160098174
0.0015293323317674282
0.0016171861389345553
0.002046648363029541
GEN 199 time 1599178603
0.0019331241698611365
0.0018266509095459789
0.001596963160098174
0.0015293323317674282
0.0016171861389345553
0.002046648363029541
