['./data/small/layer/uu-dem9_r25_1.json', './data/small/layer/uu-dem8_r25_1.json', './data/small/layer/uu-dem10_r25_1.json', './data/small/hop/uu-dem5_r25_1_0.json', './data/small/hop/uu-dem9_r25_1_0.json', './data/small/hop/uu-dem4_r25_1_0.json']
GEN 0 time 1617208674
0.002415199161076119
0.0019331241698611365
0.002829090410062039
0.001143488498866294
0.0014182797692637976
0.0012274688135001338
GEN 1 time 1617208675
0.002415199161076119
0.0019331241698611365
0.002632505556032948
0.001143488498866294
0.0014182797692637976
0.0012166674704850544
GEN 2 time 1617208676
0.002000750810671921
0.0019331241698611365
0.002632505556032948
0.001143488498866294
0.0014182797692637976
0.0010986779685350384
GEN 3 time 1617208678
0.002000750810671921
0.0019331241698611365
0.002632505556032948
0.001143488498866294
0.0014182797692637976
0.0010088493134466935
GEN 4 time 1617208679
0.002000750810671921
0.0019331241698611365
0.0018251400286090525
0.001143488498866294
0.0014182797692637976
0.0010088493134466935
GEN 5 time 1617208681
0.002000750810671921
0.0019331241698611365
0.0018251400286090525
0.001143488498866294
0.0014182797692637976
0.0010088493134466935
GEN 6 time 1617208682
0.002000750810671921
0.0019331241698611365
0.0018251400286090525
0.001106900160619208
0.0014182797692637976
0.0010088493134466935
GEN 7 time 1617208683
0.002000750810671921
0.0019331241698611365
0.0018251400286090525
0.001106900160619208
0.0012875205606147954
0.0010088493134466935
GEN 8 time 1617208685
0.002000750810671921
0.0019331241698611365
0.0018251400286090525
0.001106900160619208
0.0012875205606147954
0.0010088493134466935
GEN 9 time 1617208686
0.002000750810671921
0.0019331241698611365
0.0018251400286090525
0.001106900160619208
0.0012875205606147954
0.0010088493134466935
GEN 10 time 1617208688
0.002000750810671921
0.0019331241698611365
0.0018251400286090525
0.001106900160619208
0.0012875205606147954
0.0010088493134466935
GEN 11 time 1617208689
0.0018283188035092825
0.0019331241698611365
0.0018251400286090525
0.001106900160619208
0.0012875205606147954
0.0010088493134466935
GEN 12 time 1617208690
0.0018283188035092825
0.0019331241698611365
0.0018251400286090525
0.001106900160619208
0.0012875205606147954
0.0009408563148460238
GEN 13 time 1617208692
0.0018283188035092825
0.0019331241698611365
0.0018251400286090525
0.001106900160619208
0.0012875205606147954
0.0009408563148460238
GEN 14 time 1617208694
0.0018283188035092825
0.0019331241698611365
0.0018251400286090525
0.001106900160619208
0.0012875205606147954
0.0009408563148460238
GEN 15 time 1617208695
0.0018283188035092825
0.0019331241698611365
0.0018122043816207161
0.001106900160619208
0.0012875205606147954
0.0009408563148460238
GEN 16 time 1617208697
0.0018283188035092825
0.0019331241698611365
0.0018122043816207161
0.001106900160619208
0.0012875205606147954
0.0009408563148460238
GEN 17 time 1617208699
0.0018283188035092825
0.0019331241698611365
0.0018122043816207161
0.001106900160619208
0.0012875205606147954
0.0009408563148460238
GEN 18 time 1617208700
0.0018283188035092825
0.0019331241698611365
0.0018122043816207161
0.001106900160619208
0.0012875205606147954
0.0009408563148460238
GEN 19 time 1617208702
0.0018283188035092825
0.0019331241698611365
0.0018122043816207161
0.001106900160619208
0.0012875205606147954
0.0009408563148460238
GEN 20 time 1617208703
0.0018283188035092825
0.0019331241698611365
0.0018122043816207161
0.001106900160619208
0.0012875205606147954
0.0009408563148460238
GEN 21 time 1617208704
0.0018283188035092825
0.0019331241698611365
0.0018122043816207161
0.001106900160619208
0.0012875205606147954
0.0009408563148460238
GEN 22 time 1617208706
0.0018283188035092825
0.0019331241698611365
0.0018122043816207161
0.001106900160619208
0.0012688283042921493
0.0009408563148460238
GEN 23 time 1617208707
0.0018283188035092825
0.0019331241698611365
0.0018122043816207161
0.001106900160619208
0.0012688283042921493
0.0009148639123802676
GEN 24 time 1617208709
0.0018283188035092825
0.0019331241698611365
0.0018122043816207161
0.001106900160619208
0.0012688283042921493
0.0009148639123802676
GEN 25 time 1617208710
0.0018283188035092825
0.0019331241698611365
0.0018122043816207161
0.001106900160619208
0.0012688283042921493
0.0009148639123802676
GEN 26 time 1617208712
0.0018283188035092825
0.0019331241698611365
0.0018122043816207161
0.001106900160619208
0.0012688283042921493
0.0009148639123802676
GEN 27 time 1617208713
0.0018283188035092825
0.0019331241698611365
0.0018122043816207161
0.001106900160619208
0.0012688283042921493
0.0008965433681677168
GEN 28 time 1617208715
0.0018283188035092825
0.0019331241698611365
0.0018122043816207161
0.001106900160619208
0.0012688283042921493
0.0008965433681677168
GEN 29 time 1617208716
0.0018283188035092825
0.0019331241698611365
0.0018122043816207161
0.001106900160619208
0.001239731348532648
0.0008965433681677168
GEN 30 time 1617208718
0.0018283188035092825
0.0019331241698611365
0.0018122043816207161
0.001106900160619208
0.001239731348532648
0.0008965433681677168
GEN 31 time 1617208719
0.0018266509095459789
0.0019331241698611365
0.0018122043816207161
0.001106900160619208
0.001239731348532648
0.0008666473484158942
GEN 32 time 1617208721
0.0018266509095459789
0.0019331241698611365
0.0016074198541744253
0.001106900160619208
0.001239731348532648
0.0008666473484158942
GEN 33 time 1617208722
0.0018266509095459789
0.0019331241698611365
0.0016074198541744253
0.001106900160619208
0.001239731348532648
0.0008349404177999946
GEN 34 time 1617208724
0.0018266509095459789
0.0019331241698611365
0.0016074198541744253
0.001106900160619208
0.001239731348532648
0.0008349404177999946
GEN 35 time 1617208725
0.0018266509095459789
0.0019331241698611365
0.0016074198541744253
0.001106900160619208
0.001239731348532648
0.0008349404177999946
GEN 36 time 1617208727
0.0018266509095459789
0.0019331241698611365
0.0016074198541744253
0.0010868699774607303
0.001239731348532648
0.0008349404177999946
GEN 37 time 1617208728
0.0018266509095459789
0.0019331241698611365
0.0016074198541744253
0.0010868699774607303
0.001239731348532648
0.0008349404177999946
GEN 38 time 1617208730
0.0018266509095459789
0.0019331241698611365
0.0016074198541744253
0.0010868699774607303
0.001239731348532648
0.0008349404177999946
GEN 39 time 1617208731
0.0018266509095459789
0.0019331241698611365
0.0016074198541744253
0.0010868699774607303
0.001239731348532648
0.0008349404177999946
GEN 40 time 1617208733
0.0018266509095459789
0.0019331241698611365
0.0016074198541744253
0.0010868699774607303
0.001239731348532648
0.0008349404177999946
GEN 41 time 1617208734
0.0018266509095459789
0.0019331241698611365
0.0016074198541744253
0.0010868699774607303
0.001239731348532648
0.0008349404177999946
GEN 42 time 1617208736
0.0018266509095459789
0.0019331241698611365
0.0016074198541744253
0.0010868699774607303
0.0012040140865311076
0.0008349404177999946
GEN 43 time 1617208737
0.0018266509095459789
0.0019331241698611365
0.0016074198541744253
0.0010868699774607303
0.0012040140865311076
0.0008237425460701055
GEN 44 time 1617208739
0.0018266509095459789
0.0019331241698611365
0.0016074198541744253
0.0010868699774607303
0.0012040140865311076
0.0008237425460701055
GEN 45 time 1617208741
0.0018266509095459789
0.0019331241698611365
0.0016074198541744253
0.0010868699774607303
0.0012040140865311076
0.0008237425460701055
GEN 46 time 1617208742
0.0018266509095459789
0.0019331241698611365
0.0016074198541744253
0.0010868699774607303
0.0012040140865311076
0.0008237425460701055
GEN 47 time 1617208744
0.0018266509095459789
0.0019331241698611365
0.0016074198541744253
0.0010868699774607303
0.0012040140865311076
0.0008237425460701055
GEN 48 time 1617208745
0.0018266509095459789
0.0019331241698611365
0.0016074198541744253
0.0010868699774607303
0.0012040140865311076
0.0008237425460701055
GEN 49 time 1617208747
0.0018266509095459789
0.0019331241698611365
0.0016074198541744253
0.0010868699774607303
0.0012040140865311076
0.0008237425460701055
GEN 50 time 1617208748
0.0018266509095459789
0.0019331241698611365
0.0016074198541744253
0.0010746371973202613
0.0012040140865311076
0.0008237425460701055
GEN 51 time 1617208750
0.0018266509095459789
0.0019331241698611365
0.0016074198541744253
0.0010746371973202613
0.0012040140865311076
0.0008237425460701055
GEN 52 time 1617208751
0.0018266509095459789
0.0019331241698611365
0.0016074198541744253
0.0010746371973202613
0.0012040140865311076
0.0008237425460701055
GEN 53 time 1617208753
0.0018266509095459789
0.0019331241698611365
0.0016074198541744253
0.0010746371973202613
0.0012040140865311076
0.0008237425460701055
GEN 54 time 1617208754
0.0018266509095459789
0.0019331241698611365
0.0016074198541744253
0.0010746371973202613
0.0012040140865311076
0.0008237425460701055
GEN 55 time 1617208756
0.0018266509095459789
0.0019331241698611365
0.0016074198541744253
0.0010746371973202613
0.0012040140865311076
0.0008237425460701055
GEN 56 time 1617208758
0.0018266509095459789
0.0019331241698611365
0.0016074198541744253
0.001052771686465652
0.0012040140865311076
0.0008237425460701055
GEN 57 time 1617208759
0.0018266509095459789
0.0019331241698611365
0.0016074198541744253
0.001052771686465652
0.0012040140865311076
0.0008237425460701055
GEN 58 time 1617208761
0.0018266509095459789
0.0019331241698611365
0.0016074198541744253
0.001052771686465652
0.0012040140865311076
0.0008237425460701055
GEN 59 time 1617208762
0.0018266509095459789
0.0019331241698611365
0.0016074198541744253
0.001052771686465652
0.0012040140865311076
0.0008237425460701055
GEN 60 time 1617208764
0.0018266509095459789
0.0019331241698611365
0.0016074198541744253
0.001052771686465652
0.0012040140865311076
0.0008160098146044275
GEN 61 time 1617208765
0.0018266509095459789
0.0019331241698611365
0.0016074198541744253
0.001052771686465652
0.0012040140865311076
0.0008160098146044275
GEN 62 time 1617208767
0.0018266509095459789
0.0019331241698611365
0.0016074198541744253
0.001052771686465652
0.0012040140865311076
0.0008160098146044275
GEN 63 time 1617208768
0.0018266509095459789
0.0019331241698611365
0.0016074198541744253
0.001052771686465652
0.0012040140865311076
0.0008160098146044275
GEN 64 time 1617208770
0.0018266509095459789
0.0019331241698611365
0.0016074198541744253
0.001052771686465652
0.0012040140865311076
0.0008160098146044275
GEN 65 time 1617208771
0.0018266509095459789
0.0019331241698611365
0.0016074198541744253
0.0010513544527705543
0.0012040140865311076
0.0008160098146044275
GEN 66 time 1617208773
0.0018266509095459789
0.0019331241698611365
0.0016074198541744253
0.0010280102906100555
0.0012040140865311076
0.0008160098146044275
GEN 67 time 1617208774
0.0018266509095459789
0.0019331241698611365
0.0016074198541744253
0.0010280102906100555
0.0012040140865311076
0.0008160098146044275
GEN 68 time 1617208776
0.0018266509095459789
0.0019331241698611365
0.0016074198541744253
0.0010280102906100555
0.0012040140865311076
0.0008160098146044275
GEN 69 time 1617208777
0.0018266509095459789
0.0019331241698611365
0.0016074198541744253
0.0010280102906100555
0.0012040140865311076
0.0008160098146044275
GEN 70 time 1617208779
0.0018266509095459789
0.0019331241698611365
0.0016074198541744253
0.0010280102906100555
0.0012040140865311076
0.0008160098146044275
GEN 71 time 1617208781
0.0018266509095459789
0.0019331241698611365
0.0016074198541744253
0.0010280102906100555
0.0012040140865311076
0.0008160098146044275
GEN 72 time 1617208782
0.0018266509095459789
0.0019331241698611365
0.0016074198541744253
0.000943468498866294
0.0012040140865311076
0.0008160098146044275
GEN 73 time 1617208784
0.0018266509095459789
0.0019331241698611365
0.0016074198541744253
0.000943468498866294
0.0012040140865311076
0.0008160098146044275
GEN 74 time 1617208786
0.0018266509095459789
0.0019331241698611365
0.0016074198541744253
0.000943468498866294
0.0012040140865311076
0.0008160098146044275
GEN 75 time 1617208787
0.0018266509095459789
0.0019331241698611365
0.0016074198541744253
0.000943468498866294
0.0012040140865311076
0.0008160098146044275
GEN 76 time 1617208789
0.0018266509095459789
0.0019331241698611365
0.0016074198541744253
0.000943468498866294
0.0012040140865311076
0.0008072427303854368
GEN 77 time 1617208790
0.0018266509095459789
0.0019331241698611365
0.0016074198541744253
0.000943468498866294
0.0012040140865311076
0.0008072427303854368
GEN 78 time 1617208792
0.0018266509095459789
0.0019331241698611365
0.0016074198541744253
0.000943468498866294
0.0012040140865311076
0.0008072427303854368
GEN 79 time 1617208793
0.0018266509095459789
0.0019331241698611365
0.0016074198541744253
0.000943468498866294
0.0012040140865311076
0.0008072427303854368
GEN 80 time 1617208795
0.0018266509095459789
0.0019331241698611365
0.0016074198541744253
0.000943468498866294
0.0012040140865311076
0.0008072427303854368
GEN 81 time 1617208796
0.0018266509095459789
0.0019331241698611365
0.0016074198541744253
0.000943468498866294
0.0012040140865311076
0.0008072427303854368
GEN 82 time 1617208798
0.0018266509095459789
0.0019331241698611365
0.0016074198541744253
0.000943468498866294
0.0012040140865311076
0.0008072427303854368
GEN 83 time 1617208799
0.0018266509095459789
0.0019331241698611365
0.0016074198541744253
0.000943468498866294
0.0012040140865311076
0.0008072427303854368
GEN 84 time 1617208801
0.0018266509095459789
0.0019331241698611365
0.0016074198541744253
0.000943468498866294
0.0012040140865311076
0.0008072427303854368
GEN 85 time 1617208803
0.0018266509095459789
0.0019331241698611365
0.0016074198541744253
0.000943468498866294
0.0012040140865311076
0.0008014466345126516
GEN 86 time 1617208804
0.0018266509095459789
0.0019331241698611365
0.0016074198541744253
0.000943468498866294
0.0012040140865311076
0.0008014466345126516
GEN 87 time 1617208806
0.0018266509095459789
0.0019331241698611365
0.0016074198541744253
0.000943468498866294
0.0012040140865311076
0.0008014466345126516
GEN 88 time 1617208807
0.0018266509095459789
0.0019331241698611365
0.0016074198541744253
0.000943468498866294
0.0012040140865311076
0.0008014466345126516
GEN 89 time 1617208809
0.0018266509095459789
0.0019331241698611365
0.0016074198541744253
0.000943468498866294
0.0012040140865311076
0.0008014466345126516
GEN 90 time 1617208810
0.0018266509095459789
0.0019331241698611365
0.0016074198541744253
0.000943468498866294
0.0012040140865311076
0.0008014466345126516
GEN 91 time 1617208812
0.0018266509095459789
0.0019331241698611365
0.0016074198541744253
0.000943468498866294
0.0012040140865311076
0.0008009549788315436
GEN 92 time 1617208813
0.0018266509095459789
0.0019331241698611365
0.0016074198541744253
0.000943468498866294
0.0012040140865311076
0.0008009549788315436
GEN 93 time 1617208815
0.0018266509095459789
0.0019331241698611365
0.0016074198541744253
0.000943468498866294
0.0012040140865311076
0.0007864853737264208
GEN 94 time 1617208816
0.0018266509095459789
0.0019331241698611365
0.0016074198541744253
0.000943468498866294
0.0012040140865311076
0.0007864853737264208
GEN 95 time 1617208818
0.0018266509095459789
0.0019331241698611365
0.0016074198541744253
0.000943468498866294
0.0012040140865311076
0.0007864853737264208
GEN 96 time 1617208819
0.0018266509095459789
0.0019331241698611365
0.0016074198541744253
0.000943468498866294
0.0012040140865311076
0.0007864853737264208
GEN 97 time 1617208821
0.0018266509095459789
0.0019331241698611365
0.0016074198541744253
0.000943468498866294
0.0012040140865311076
0.0007864853737264208
GEN 98 time 1617208823
0.0018266509095459789
0.0019331241698611365
0.0016074198541744253
0.000943468498866294
0.0010832674836415283
0.0007864853737264208
GEN 99 time 1617208824
0.0018266509095459789
0.0019331241698611365
0.0016074198541744253
0.000943468498866294
0.0010832674836415283
0.0007864853737264208
GEN 100 time 1617208826
0.0018266509095459789
0.0019331241698611365
0.0016074198541744253
0.000943468498866294
0.0010832674836415283
0.0007864853737264208
GEN 101 time 1617208827
0.0018266509095459789
0.0019331241698611365
0.0016074198541744253
0.000943468498866294
0.0010832674836415283
0.0007864853737264208
GEN 102 time 1617208829
0.0018266509095459789
0.0019331241698611365
0.0016074198541744253
0.000943468498866294
0.0010832674836415283
0.0007864853737264208
GEN 103 time 1617208830
0.0018266509095459789
0.0019331241698611365
0.0016074198541744253
0.000943468498866294
0.0010832674836415283
0.0007864853737264208
GEN 104 time 1617208832
0.0018266509095459789
0.0019331241698611365
0.0016074198541744253
0.000943468498866294
0.0010832674836415283
0.0007864853737264208
GEN 105 time 1617208833
0.0018266509095459789
0.0019331241698611365
0.0016074198541744253
0.000943468498866294
0.0010832674836415283
0.0007864853737264208
GEN 106 time 1617208835
0.0018266509095459789
0.0019331241698611365
0.0016074198541744253
0.000943468498866294
0.0010832674836415283
0.0007864853737264208
GEN 107 time 1617208836
0.0018266509095459789
0.0019331241698611365
0.0016074198541744253
0.000943468498866294
0.0010832674836415283
0.0007864853737264208
GEN 108 time 1617208838
0.0018266509095459789
0.0019331241698611365
0.0016074198541744253
0.000943468498866294
0.0010832674836415283
0.0007864853737264208
GEN 109 time 1617208839
0.0018266509095459789
0.0019331241698611365
0.0016074198541744253
0.000943468498866294
0.0010832674836415283
0.0007864853737264208
GEN 110 time 1617208841
0.0018266509095459789
0.0019331241698611365
0.0016074198541744253
0.000943468498866294
0.0010832674836415283
0.0007864853737264208
GEN 111 time 1617208843
0.0018266509095459789
0.0019331241698611365
0.0016074198541744253
0.000943468498866294
0.0010832674836415283
0.0007864853737264208
GEN 112 time 1617208844
0.0018266509095459789
0.0019331241698611365
0.0016074198541744253
0.000943468498866294
0.0010832674836415283
0.0007864853737264208
GEN 113 time 1617208846
0.0018266509095459789
0.0019331241698611365
0.0016074198541744253
0.000943468498866294
0.0010832674836415283
0.0007864853737264208
GEN 114 time 1617208847
0.0018266509095459789
0.0019331241698611365
0.0016074198541744253
0.000943468498866294
0.0010832674836415283
0.0007864853737264208
GEN 115 time 1617208849
0.0018266509095459789
0.0019331241698611365
0.0016074198541744253
0.000943468498866294
0.0010832674836415283
0.0007864853737264208
GEN 116 time 1617208850
0.0018266509095459789
0.0019331241698611365
0.0016074198541744253
0.000943468498866294
0.0010722016224909703
0.0007864853737264208
GEN 117 time 1617208852
0.0018266509095459789
0.0019331241698611365
0.0016074198541744253
0.000943468498866294
0.0010722016224909703
0.0007864853737264208
GEN 118 time 1617208853
0.0018266509095459789
0.0019331241698611365
0.0016074198541744253
0.000943468498866294
0.0010722016224909703
0.0007864853737264208
GEN 119 time 1617208855
0.0018266509095459789
0.0019331241698611365
0.0016074198541744253
0.000943468498866294
0.0010722016224909703
0.0007864853737264208
GEN 120 time 1617208857
0.0018266509095459789
0.0019331241698611365
0.0016074198541744253
0.000943468498866294
0.0010722016224909703
0.0007864853737264208
GEN 121 time 1617208858
0.0018266509095459789
0.0019331241698611365
0.0016074198541744253
0.000943468498866294
0.0010722016224909703
0.0007864853737264208
GEN 122 time 1617208860
0.0018266509095459789
0.0019331241698611365
0.0016074198541744253
0.000943468498866294
0.0010722016224909703
0.0007864853737264208
GEN 123 time 1617208861
0.0018266509095459789
0.0019331241698611365
0.0016074198541744253
0.000943468498866294
0.0010722016224909703
0.0007864853737264208
GEN 124 time 1617208863
0.0018266509095459789
0.0019331241698611365
0.0016074198541744253
0.000943468498866294
0.0010722016224909703
0.0007864853737264208
GEN 125 time 1617208864
0.0018266509095459789
0.0019331241698611365
0.0016074198541744253
0.000943468498866294
0.0010722016224909703
0.0007864853737264208
GEN 126 time 1617208866
0.0018266509095459789
0.0019331241698611365
0.0016074198541744253
0.000943468498866294
0.0010722016224909703
0.0007864853737264208
GEN 127 time 1617208867
0.0018266509095459789
0.0019331241698611365
0.0016074198541744253
0.000943468498866294
0.0010722016224909703
0.0007864853737264208
GEN 128 time 1617208869
0.0018266509095459789
0.0019331241698611365
0.0016074198541744253
0.000943468498866294
0.0010722016224909703
0.0007864853737264208
GEN 129 time 1617208870
0.0018266509095459789
0.0019331241698611365
0.0016074198541744253
0.000943468498866294
0.0010719337479632414
0.0007864853737264208
GEN 130 time 1617208872
0.0018266509095459789
0.0019331241698611365
0.0016074198541744253
0.000943468498866294
0.0010719337479632414
0.0007864853737264208
GEN 131 time 1617208874
0.0018266509095459789
0.0019331241698611365
0.0016074198541744253
0.000943468498866294
0.0010719337479632414
0.0007864853737264208
GEN 132 time 1617208875
0.0018266509095459789
0.0019331241698611365
0.0016074198541744253
0.000943468498866294
0.0010719337479632414
0.0007864853737264208
GEN 133 time 1617208877
0.0018266509095459789
0.0019331241698611365
0.0016074198541744253
0.000943468498866294
0.0010719337479632414
0.0007864853737264208
GEN 134 time 1617208878
0.0018266509095459789
0.0019331241698611365
0.0016074198541744253
0.000943468498866294
0.0010719337479632414
0.0007864853737264208
GEN 135 time 1617208880
0.0018266509095459789
0.0019331241698611365
0.0016074198541744253
0.000943468498866294
0.0010719337479632414
0.0007864853737264208
GEN 136 time 1617208881
0.0018266509095459789
0.0019331241698611365
0.0016074198541744253
0.000943468498866294
0.0010719337479632414
0.0007864853737264208
GEN 137 time 1617208883
0.0018266509095459789
0.0019331241698611365
0.0016074198541744253
0.000943468498866294
0.0010719337479632414
0.0007864853737264208
GEN 138 time 1617208884
0.0018266509095459789
0.0019331241698611365
0.0016074198541744253
0.000943468498866294
0.0010719337479632414
0.0007864853737264208
GEN 139 time 1617208886
0.0018266509095459789
0.0019331241698611365
0.0016074198541744253
0.000943468498866294
0.0010719337479632414
0.0007864853737264208
GEN 140 time 1617208887
0.0018266509095459789
0.0019331241698611365
0.0016074198541744253
0.000943468498866294
0.0010719337479632414
0.0007864853737264208
GEN 141 time 1617208889
0.0018266509095459789
0.0019331241698611365
0.0016074198541744253
0.000943468498866294
0.0010719337479632414
0.0007864853737264208
GEN 142 time 1617208891
0.0018266509095459789
0.0019331241698611365
0.0016074198541744253
0.000943468498866294
0.0010719337479632414
0.0007864853737264208
GEN 143 time 1617208892
0.0018266509095459789
0.0019331241698611365
0.0016074198541744253
0.000943468498866294
0.0010719337479632414
0.0007864853737264208
GEN 144 time 1617208894
0.0018266509095459789
0.0019331241698611365
0.0016074198541744253
0.000943468498866294
0.0010719337479632414
0.0007864853737264208
GEN 145 time 1617208895
0.0018266509095459789
0.0019331241698611365
0.0016074198541744253
0.000943468498866294
0.0010719337479632414
0.0007864853737264208
GEN 146 time 1617208897
0.0018266509095459789
0.0019331241698611365
0.0016074198541744253
0.000943468498866294
0.0010719337479632414
0.0007864853737264208
GEN 147 time 1617208898
0.0018266509095459789
0.0019331241698611365
0.0016074198541744253
0.000943468498866294
0.0010719337479632414
0.0007864853737264208
GEN 148 time 1617208900
0.0018266509095459789
0.0019331241698611365
0.0016074198541744253
0.000943468498866294
0.0010719337479632414
0.0007864853737264208
GEN 149 time 1617208901
0.0018266509095459789
0.0019331241698611365
0.0016074198541744253
0.000943468498866294
0.0010719337479632414
0.0007864853737264208
GEN 150 time 1617208903
0.0018266509095459789
0.0019331241698611365
0.0016074198541744253
0.000943468498866294
0.0010719337479632414
0.0007864853737264208
GEN 151 time 1617208904
0.0018266509095459789
0.0019331241698611365
0.0016074198541744253
0.000943468498866294
0.0010719337479632414
0.0007864853737264208
GEN 152 time 1617208906
0.0018266509095459789
0.0019331241698611365
0.0016074198541744253
0.000943468498866294
0.0010719337479632414
0.0007864853737264208
GEN 153 time 1617208908
0.0018266509095459789
0.0019331241698611365
0.0016074198541744253
0.000943468498866294
0.0010719337479632414
0.0007864853737264208
GEN 154 time 1617208909
0.0018266509095459789
0.0019331241698611365
0.0016074198541744253
0.000943468498866294
0.0010719337479632414
0.0007864853737264208
GEN 155 time 1617208911
0.0018266509095459789
0.0019331241698611365
0.0016074198541744253
0.000943468498866294
0.0010719337479632414
0.0007864853737264208
GEN 156 time 1617208912
0.0018266509095459789
0.0019331241698611365
0.0016074198541744253
0.000943468498866294
0.0010719337479632414
0.0007821889556475792
GEN 157 time 1617208914
0.0018266509095459789
0.0019331241698611365
0.0016074198541744253
0.000943468498866294
0.0010719337479632414
0.0007821889556475792
GEN 158 time 1617208915
0.0018266509095459789
0.0019331241698611365
0.0016074198541744253
0.000943468498866294
0.0010719337479632414
0.0007821889556475792
GEN 159 time 1617208917
0.0018266509095459789
0.0019331241698611365
0.0016074198541744253
0.000943468498866294
0.0010719337479632414
0.0007821889556475792
GEN 160 time 1617208918
0.0018266509095459789
0.0019331241698611365
0.0016074198541744253
0.000943468498866294
0.0010719337479632414
0.0007821889556475792
GEN 161 time 1617208920
0.0018266509095459789
0.0019331241698611365
0.0016074198541744253
0.000943468498866294
0.0010719337479632414
0.0007821889556475792
GEN 162 time 1617208922
0.0018266509095459789
0.0019331241698611365
0.0016074198541744253
0.000943468498866294
0.0010719337479632414
0.0007821889556475792
GEN 163 time 1617208923
0.0018266509095459789
0.0019331241698611365
0.0016074198541744253
0.000943468498866294
0.0010719337479632414
0.0007821889556475792
GEN 164 time 1617208925
0.0018266509095459789
0.0019331241698611365
0.0016074198541744253
0.000943468498866294
0.0010719337479632414
0.0007821889556475792
GEN 165 time 1617208926
0.0018266509095459789
0.0019331241698611365
0.0016074198541744253
0.000943468498866294
0.0010719337479632414
0.0007821889556475792
GEN 166 time 1617208928
0.0018266509095459789
0.0019331241698611365
0.0016074198541744253
0.000943468498866294
0.0010719337479632414
0.0007821889556475792
GEN 167 time 1617208929
0.0018266509095459789
0.0019331241698611365
0.0016074198541744253
0.000943468498866294
0.0010719337479632414
0.0007821889556475792
GEN 168 time 1617208931
0.0018266509095459789
0.0019331241698611365
0.0016074198541744253
0.000943468498866294
0.0010719337479632414
0.0007821889556475792
GEN 169 time 1617208932
0.0018266509095459789
0.0019331241698611365
0.0016074198541744253
0.000943468498866294
0.0010719337479632414
0.0007821889556475792
GEN 170 time 1617208934
0.0018266509095459789
0.0019331241698611365
0.0016074198541744253
0.000943468498866294
0.0010719337479632414
0.0007821889556475792
GEN 171 time 1617208936
0.0018266509095459789
0.0019331241698611365
0.0016074198541744253
0.000943468498866294
0.0010719337479632414
0.0007821889556475792
GEN 172 time 1617208937
0.0018266509095459789
0.0019331241698611365
0.0016074198541744253
0.000943468498866294
0.0010719337479632414
0.0007821889556475792
GEN 173 time 1617208939
0.0018266509095459789
0.0019331241698611365
0.0016074198541744253
0.000943468498866294
0.0010719337479632414
0.0007821889556475792
GEN 174 time 1617208940
0.0018266509095459789
0.0019331241698611365
0.0016074198541744253
0.000943468498866294
0.0010719337479632414
0.0007821889556475792
GEN 175 time 1617208942
0.0018266509095459789
0.0019331241698611365
0.0016074198541744253
0.000943468498866294
0.0010719337479632414
0.0007821889556475792
GEN 176 time 1617208943
0.0018266509095459789
0.0019331241698611365
0.0016074198541744253
0.000943468498866294
0.0010719337479632414
0.0007821889556475792
GEN 177 time 1617208945
0.0018266509095459789
0.0019331241698611365
0.0016074198541744253
0.000943468498866294
0.0010719337479632414
0.0007821889556475792
GEN 178 time 1617208947
0.0018266509095459789
0.0019331241698611365
0.0016074198541744253
0.000943468498866294
0.0010719337479632414
0.0007821889556475792
GEN 179 time 1617208948
0.0018266509095459789
0.0019331241698611365
0.0016074198541744253
0.000943468498866294
0.0010719337479632414
0.0007821889556475792
GEN 180 time 1617208950
0.0018266509095459789
0.0019331241698611365
0.0016074198541744253
0.000943468498866294
0.0010719337479632414
0.0007821889556475792
GEN 181 time 1617208951
0.0018266509095459789
0.0019331241698611365
0.0016074198541744253
0.000943468498866294
0.0010719337479632414
0.0007821889556475792
GEN 182 time 1617208953
0.0018266509095459789
0.0019331241698611365
0.0016074198541744253
0.000943468498866294
0.0010719337479632414
0.0007821889556475792
GEN 183 time 1617208954
0.0018266509095459789
0.0019331241698611365
0.0016074198541744253
0.000943468498866294
0.0010719337479632414
0.0007821889556475792
GEN 184 time 1617208956
0.0018266509095459789
0.0019331241698611365
0.0016074198541744253
0.000943468498866294
0.0010719337479632414
0.0007821889556475792
GEN 185 time 1617208957
0.0018266509095459789
0.0019331241698611365
0.0016074198541744253
0.000943468498866294
0.0010719337479632414
0.0007821889556475792
GEN 186 time 1617208959
0.0018266509095459789
0.0019331241698611365
0.0016074198541744253
0.000943468498866294
0.0010719337479632414
0.0007821889556475792
GEN 187 time 1617208961
0.0018266509095459789
0.0019331241698611365
0.0016074198541744253
0.000943468498866294
0.0010719337479632414
0.0007821889556475792
GEN 188 time 1617208962
0.0018266509095459789
0.0019331241698611365
0.0016074198541744253
0.000943468498866294
0.0010719337479632414
0.0007821889556475792
GEN 189 time 1617208964
0.0018266509095459789
0.0019331241698611365
0.0016074198541744253
0.000943468498866294
0.0010719337479632414
0.0007821889556475792
GEN 190 time 1617208965
0.0018266509095459789
0.0019331241698611365
0.0016074198541744253
0.000943468498866294
0.0010719337479632414
0.0007821889556475792
GEN 191 time 1617208967
0.0018266509095459789
0.0019331241698611365
0.0016074198541744253
0.000943468498866294
0.0010719337479632414
0.0007821889556475792
GEN 192 time 1617208968
0.0018266509095459789
0.0019331241698611365
0.0016074198541744253
0.000943468498866294
0.0010719337479632414
0.0007821889556475792
GEN 193 time 1617208970
0.0018266509095459789
0.0019331241698611365
0.0016074198541744253
0.000943468498866294
0.0010719337479632414
0.0007821889556475792
GEN 194 time 1617208971
0.0018266509095459789
0.0019331241698611365
0.0016074198541744253
0.000943468498866294
0.0010719337479632414
0.0007821889556475792
GEN 195 time 1617208973
0.0018266509095459789
0.0019331241698611365
0.0016074198541744253
0.000943468498866294
0.0010719337479632414
0.0007821889556475792
GEN 196 time 1617208974
0.0018266509095459789
0.0019331241698611365
0.0016074198541744253
0.000943468498866294
0.0010719337479632414
0.0007821889556475792
GEN 197 time 1617208976
0.0018266509095459789
0.0019331241698611365
0.0016074198541744253
0.000943468498866294
0.0010719337479632414
0.0007821889556475792
GEN 198 time 1617208978
0.0018266509095459789
0.0019331241698611365
0.0016074198541744253
0.000943468498866294
0.0010719337479632414
0.0007821889556475792
GEN 199 time 1617208979
0.0018266509095459789
0.0019331241698611365
0.0016074198541744253
0.000943468498866294
0.0010719337479632414
0.0007821889556475792
