['./data/small/layer/uu-dem4_r25_1.json', './data/small/layer/uu-dem3_r25_1.json', './data/small/layer/uu-dem8_r25_1.json', './data/small/hop/uu-dem3_r25_1_0.json', './data/small/hop/uu-dem4_r25_1_0.json', './data/small/hop/uu-dem8_r25_1_0.json']
GEN 0 time 1599151553
0.0016645867073912172
0.0017058410808370235
0.0019331241698611365
0.0023250949265291986
0.0017149439123802677
0.002012311573771233
GEN 1 time 1599151556
0.0016024868973426416
0.0017058410808370235
0.0019331241698611365
0.0021893640607822088
0.0017149439123802677
0.002012311573771233
GEN 2 time 1599151559
0.0016024868973426416
0.0017058410808370235
0.0019331241698611365
0.0021893640607822088
0.0017149439123802677
0.002012311573771233
GEN 3 time 1599151563
0.0016024868973426416
0.0017058410808370235
0.0019331241698611365
0.0021893640607822088
0.0017149439123802677
0.002012311573771233
GEN 4 time 1599151566
0.0014584555404298799
0.0017058410808370235
0.0019331241698611365
0.002125074926529199
0.0017149439123802677
0.001957332301986345
GEN 5 time 1599151570
0.0014584555404298799
0.0017058410808370235
0.0019331241698611365
0.002125074926529199
0.0017149439123802677
0.001957332301986345
GEN 6 time 1599151574
0.0014584555404298799
0.0017058410808370235
0.0019331241698611365
0.002125074926529199
0.0017149439123802677
0.001957332301986345
GEN 7 time 1599151577
0.0014584555404298799
0.0017058410808370235
0.0019331241698611365
0.002049834555090211
0.0017149439123802677
0.001957332301986345
GEN 8 time 1599151581
0.0014584555404298799
0.0017058410808370235
0.0019331241698611365
0.002049834555090211
0.0017149439123802677
0.001957332301986345
GEN 9 time 1599151586
0.0014584555404298799
0.0017058410808370235
0.0019331241698611365
0.002049834555090211
0.0017075791021552212
0.001957332301986345
GEN 10 time 1599151590
0.0014584555404298799
0.0017058410808370235
0.0019331241698611365
0.002049834555090211
0.0017075791021552212
0.001957332301986345
GEN 11 time 1599151594
0.0014584555404298799
0.0017058410808370235
0.0019331241698611365
0.002049834555090211
0.0017075791021552212
0.001957332301986345
GEN 12 time 1599151598
0.0014584555404298799
0.0017058410808370235
0.0019331241698611365
0.0019177167847905501
0.0017075791021552212
0.001957332301986345
GEN 13 time 1599151603
0.0014584555404298799
0.0017058410808370235
0.0019331241698611365
0.0019177167847905501
0.0017075791021552212
0.001957332301986345
GEN 14 time 1599151607
0.0014584555404298799
0.0017058410808370235
0.0019331241698611365
0.0019177167847905501
0.0017075791021552212
0.001957332301986345
GEN 15 time 1599151611
0.0014584555404298799
0.0017058410808370235
0.0019331241698611365
0.0019177167847905501
0.0017075791021552212
0.0019296267321661825
GEN 16 time 1599151615
0.0014584555404298799
0.0017058410808370235
0.0019331241698611365
0.0019177167847905501
0.0017075791021552212
0.0018224952854204233
GEN 17 time 1599151619
0.0014584555404298799
0.0017058410808370235
0.0019331241698611365
0.0019177167847905501
0.0017075791021552212
0.0018224952854204233
GEN 18 time 1599151624
0.0014584555404298799
0.0017058410808370235
0.0019331241698611365
0.0019177167847905501
0.0017075791021552212
0.0018224952854204233
GEN 19 time 1599151628
0.0014584555404298799
0.0017058410808370235
0.0019331241698611365
0.0019177167847905501
0.0017075791021552212
0.0018224952854204233
GEN 20 time 1599151633
0.0014584555404298799
0.0017058410808370235
0.0019331241698611365
0.0019177167847905501
0.0017075791021552212
0.0018224952854204233
GEN 21 time 1599151637
0.0014584555404298799
0.0017058410808370235
0.0019331241698611365
0.0019177167847905501
0.0017075791021552212
0.0018224952854204233
GEN 22 time 1599151641
0.0014584555404298799
0.0017058410808370235
0.0019331241698611365
0.0019177167847905501
0.0017075791021552212
0.0018224952854204233
GEN 23 time 1599151646
0.0014584555404298799
0.0017058410808370235
0.0019331241698611365
0.0019177167847905501
0.0017075791021552212
0.0018224952854204233
GEN 24 time 1599151650
0.0014584555404298799
0.0017058410808370235
0.0019331241698611365
0.0019177167847905501
0.0017075791021552212
0.0018224952854204233
GEN 25 time 1599151655
0.0014584555404298799
0.0017058410808370235
0.0019331241698611365
0.0019177167847905501
0.0017075791021552212
0.0018025643150509818
GEN 26 time 1599151659
0.0014584555404298799
0.0017058410808370235
0.0019331241698611365
0.0019177167847905501
0.0017075791021552212
0.0018025643150509818
GEN 27 time 1599151663
0.0014584555404298799
0.0017058410808370235
0.0019331241698611365
0.0019177167847905501
0.0017075791021552212
0.0018025643150509818
GEN 28 time 1599151667
0.0014584555404298799
0.0017058410808370235
0.0019331241698611365
0.0017449312534063368
0.0017075791021552212
0.0018025643150509818
GEN 29 time 1599151672
0.0014584555404298799
0.0017058410808370235
0.0019331241698611365
0.0017449312534063368
0.0016873438010097709
0.0018025643150509818
GEN 30 time 1599151676
0.0014584555404298799
0.0017058410808370235
0.0019331241698611365
0.0017449312534063368
0.0016873438010097709
0.0017573123019863452
GEN 31 time 1599151680
0.0014584555404298799
0.0017058410808370235
0.0019331241698611365
0.0017449312534063368
0.0016873438010097709
0.0017573123019863452
GEN 32 time 1599151684
0.0014584555404298799
0.0017058410808370235
0.0019331241698611365
0.0017449312534063368
0.0016873438010097709
0.0017573123019863452
GEN 33 time 1599151689
0.0014584555404298799
0.0017058410808370235
0.0019331241698611365
0.0017449312534063368
0.0016873438010097709
0.0017573123019863452
GEN 34 time 1599151693
0.0014584555404298799
0.0017058410808370235
0.0019331241698611365
0.0017449312534063368
0.0016873438010097709
0.0017573123019863452
GEN 35 time 1599151698
0.0014584555404298799
0.0017058410808370235
0.0019331241698611365
0.0017449312534063368
0.0016873438010097709
0.0017573123019863452
GEN 36 time 1599151702
0.0014584555404298799
0.0017058410808370235
0.0019331241698611365
0.0017449312534063368
0.0016873438010097709
0.0017573123019863452
GEN 37 time 1599151706
0.0014584555404298799
0.0017058410808370235
0.0019331241698611365
0.0017449312534063368
0.0016873438010097709
0.0017573123019863452
GEN 38 time 1599151710
0.0014584555404298799
0.0017058410808370235
0.0019331241698611365
0.0017449312534063368
0.0016873438010097709
0.0017573123019863452
GEN 39 time 1599151714
0.0014584555404298799
0.0017058410808370235
0.0019331241698611365
0.0017449312534063368
0.0016873438010097709
0.0017573123019863452
GEN 40 time 1599151718
0.0014584555404298799
0.0017058410808370235
0.0019331241698611365
0.0017449312534063368
0.0016873438010097709
0.0017573123019863452
GEN 41 time 1599151723
0.0014584555404298799
0.0017058410808370235
0.0019331241698611365
0.0017449312534063368
0.0016873438010097709
0.0017573123019863452
GEN 42 time 1599151727
0.0014584555404298799
0.0017058410808370235
0.0019331241698611365
0.0017449312534063368
0.0016873438010097709
0.0017573123019863452
GEN 43 time 1599151731
0.0014584555404298799
0.0017058410808370235
0.0019331241698611365
0.0017449312534063368
0.0016873438010097709
0.0017573123019863452
GEN 44 time 1599151735
0.0014584555404298799
0.0017058410808370235
0.0019331241698611365
0.0017449312534063368
0.0016873438010097709
0.0017573123019863452
GEN 45 time 1599151739
0.0014584555404298799
0.0017058410808370235
0.0019331241698611365
0.0017449312534063368
0.0016873438010097709
0.0017573123019863452
GEN 46 time 1599151743
0.0014584555404298799
0.0017058410808370235
0.0019331241698611365
0.0017449312534063368
0.0016873438010097709
0.0017573123019863452
GEN 47 time 1599151747
0.0014584555404298799
0.0017058410808370235
0.0019331241698611365
0.0017449312534063368
0.0016873438010097709
0.0017573123019863452
GEN 48 time 1599151751
0.0014584555404298799
0.0017058410808370235
0.0019331241698611365
0.0017449312534063368
0.0016873438010097709
0.0017262849891591455
GEN 49 time 1599151755
0.0014584555404298799
0.0017058410808370235
0.0019331241698611365
0.0017449312534063368
0.0016873438010097709
0.0017262849891591455
GEN 50 time 1599151760
0.0014584555404298799
0.0017058410808370235
0.0019331241698611365
0.0017449312534063368
0.0016873438010097709
0.0017262849891591455
GEN 51 time 1599151764
0.0014584555404298799
0.0017058410808370235
0.0019331241698611365
0.0017449312534063368
0.0016873438010097709
0.0017262849891591455
GEN 52 time 1599151768
0.0014584555404298799
0.0017058410808370235
0.0019331241698611365
0.0017449312534063368
0.0016873438010097709
0.0017262849891591455
GEN 53 time 1599151772
0.0014584555404298799
0.0017058410808370235
0.0019331241698611365
0.0017449312534063368
0.0016873438010097709
0.0017262849891591455
GEN 54 time 1599151776
0.0014584555404298799
0.0017058410808370235
0.0019331241698611365
0.0017449312534063368
0.0016873438010097709
0.0017262849891591455
GEN 55 time 1599151780
0.0014584555404298799
0.0017058410808370235
0.0019331241698611365
0.0017449312534063368
0.0016622823295279958
0.0017262849891591455
GEN 56 time 1599151784
0.0014584555404298799
0.0017058410808370235
0.0019331241698611365
0.0017449312534063368
0.0016622823295279958
0.001655453285745629
GEN 57 time 1599151788
0.0014584555404298799
0.0017058410808370235
0.0019331241698611365
0.0017449312534063368
0.0016622823295279958
0.001655453285745629
GEN 58 time 1599151792
0.0014584555404298799
0.0017058410808370235
0.0019331241698611365
0.0017449312534063368
0.0016622823295279958
0.001655453285745629
GEN 59 time 1599151796
0.0014584555404298799
0.0017058410808370235
0.0019331241698611365
0.0017449312534063368
0.0016622823295279958
0.001655453285745629
GEN 60 time 1599151800
0.0014584555404298799
0.0017058410808370235
0.0019331241698611365
0.0017449312534063368
0.0016565449470523112
0.001655453285745629
GEN 61 time 1599151805
0.0014584555404298799
0.0017058410808370235
0.0019331241698611365
0.0017449312534063368
0.0016565449470523112
0.001655453285745629
GEN 62 time 1599151809
0.0014584555404298799
0.0017058410808370235
0.0019331241698611365
0.0017449312534063368
0.0016565449470523112
0.001655453285745629
GEN 63 time 1599151813
0.0014584555404298799
0.0017058410808370235
0.0019331241698611365
0.0017449312534063368
0.0016565449470523112
0.001655453285745629
GEN 64 time 1599151817
0.0014584555404298799
0.0017058410808370235
0.0019331241698611365
0.0017449312534063368
0.0016565449470523112
0.001655453285745629
GEN 65 time 1599151821
0.0014584555404298799
0.0017058410808370235
0.0019331241698611365
0.0017449312534063368
0.0016565449470523112
0.001655453285745629
GEN 66 time 1599151825
0.0014584555404298799
0.0017058410808370235
0.0019331241698611365
0.0017449312534063368
0.0016565449470523112
0.001655453285745629
GEN 67 time 1599151830
0.0014584555404298799
0.0017058410808370235
0.0019331241698611365
0.0017250349265291987
0.0016565449470523112
0.001655453285745629
GEN 68 time 1599151834
0.0014584555404298799
0.0017058410808370235
0.0019331241698611365
0.0017250349265291987
0.0016565449470523112
0.001655453285745629
GEN 69 time 1599151838
0.0014584555404298799
0.0017058410808370235
0.0019331241698611365
0.0017250349265291987
0.0016565449470523112
0.001655453285745629
GEN 70 time 1599151842
0.0014584555404298799
0.0017058410808370235
0.0019331241698611365
0.0017250349265291987
0.0016565449470523112
0.001655453285745629
GEN 71 time 1599151847
0.0014584555404298799
0.0017058410808370235
0.0019331241698611365
0.0017250349265291987
0.0016565449470523112
0.001655453285745629
GEN 72 time 1599151851
0.0014584555404298799
0.0017058410808370235
0.0019331241698611365
0.0017250349265291987
0.0016565449470523112
0.001655453285745629
GEN 73 time 1599151855
0.0014584555404298799
0.0017058410808370235
0.0019331241698611365
0.0017250349265291987
0.0016565449470523112
0.001655453285745629
GEN 74 time 1599151859
0.0014584555404298799
0.0017058410808370235
0.0019331241698611365
0.0017250349265291987
0.0016565449470523112
0.001655453285745629
GEN 75 time 1599151864
0.0014584555404298799
0.0017058410808370235
0.0019331241698611365
0.0017250349265291987
0.0016565449470523112
0.001655453285745629
GEN 76 time 1599151868
0.0014584555404298799
0.0017058410808370235
0.0019331241698611365
0.0017250349265291987
0.0016565449470523112
0.001655453285745629
GEN 77 time 1599151872
0.0014584555404298799
0.0017058410808370235
0.0019331241698611365
0.0017250349265291987
0.0016565449470523112
0.001655453285745629
GEN 78 time 1599151876
0.0014584555404298799
0.0017058410808370235
0.0019331241698611365
0.0017250349265291987
0.0016565449470523112
0.001655453285745629
GEN 79 time 1599151881
0.0014584555404298799
0.0017058410808370235
0.0019331241698611365
0.0017250349265291987
0.0016565449470523112
0.001655453285745629
GEN 80 time 1599151885
0.0014584555404298799
0.0017058410808370235
0.0019331241698611365
0.0017250349265291987
0.0016565449470523112
0.001655453285745629
GEN 81 time 1599151889
0.0014584555404298799
0.0017058410808370235
0.0019331241698611365
0.0017250349265291987
0.0016565449470523112
0.001655453285745629
GEN 82 time 1599151893
0.0014584555404298799
0.0017058410808370235
0.0019331241698611365
0.0017250349265291987
0.0016565449470523112
0.001655453285745629
GEN 83 time 1599151897
0.0014584555404298799
0.0017058410808370235
0.0019331241698611365
0.0017250349265291987
0.0016565449470523112
0.001655453285745629
GEN 84 time 1599151902
0.0014584555404298799
0.0017058410808370235
0.0019331241698611365
0.0017250349265291987
0.0016565449470523112
0.001655453285745629
GEN 85 time 1599151906
0.0014584555404298799
0.0017058410808370235
0.0019331241698611365
0.0017250349265291987
0.0016565449470523112
0.001655453285745629
GEN 86 time 1599151910
0.0014584555404298799
0.0017058410808370235
0.0019331241698611365
0.0017250349265291987
0.0016565449470523112
0.001655453285745629
GEN 87 time 1599151914
0.0014584555404298799
0.0017058410808370235
0.0019331241698611365
0.0017250349265291987
0.0016565449470523112
0.001655453285745629
GEN 88 time 1599151918
0.0014584555404298799
0.0017058410808370235
0.0019331241698611365
0.0017250349265291987
0.0016565449470523112
0.001655453285745629
GEN 89 time 1599151922
0.0014584555404298799
0.0017058410808370235
0.0019331241698611365
0.0017250349265291987
0.0016565449470523112
0.001655453285745629
GEN 90 time 1599151927
0.0014584555404298799
0.0017058410808370235
0.0019331241698611365
0.0017250349265291987
0.0016565449470523112
0.001655453285745629
GEN 91 time 1599151931
0.0014584555404298799
0.0017058410808370235
0.0019331241698611365
0.0017250349265291987
0.0016565449470523112
0.001655453285745629
GEN 92 time 1599151935
0.0014584555404298799
0.0017058410808370235
0.0019331241698611365
0.0017250349265291987
0.0016565449470523112
0.001655453285745629
GEN 93 time 1599151939
0.0014584555404298799
0.0017058410808370235
0.0019331241698611365
0.0017250349265291987
0.0016565449470523112
0.001655453285745629
GEN 94 time 1599151943
0.0014584555404298799
0.0017058410808370235
0.0019331241698611365
0.0017250349265291987
0.0016565449470523112
0.001655453285745629
GEN 95 time 1599151948
0.0014584555404298799
0.0017058410808370235
0.0019331241698611365
0.0017250349265291987
0.0016565449470523112
0.001655453285745629
GEN 96 time 1599151952
0.0014584555404298799
0.0017058410808370235
0.0019331241698611365
0.0017250349265291987
0.0016565449470523112
0.001655453285745629
GEN 97 time 1599151956
0.0014584555404298799
0.0017058410808370235
0.0019331241698611365
0.0017250349265291987
0.0016565449470523112
0.001655453285745629
GEN 98 time 1599151960
0.0014584555404298799
0.0017058410808370235
0.0019331241698611365
0.0017250349265291987
0.0016565449470523112
0.001655453285745629
GEN 99 time 1599151964
0.0014584555404298799
0.0017058410808370235
0.0019331241698611365
0.0017250349265291987
0.0016125054010504565
0.001655453285745629
GEN 100 time 1599151968
0.0014584555404298799
0.0017058410808370235
0.0019331241698611365
0.0017250349265291987
0.0016125054010504565
0.001655453285745629
GEN 101 time 1599151973
0.0014584555404298799
0.0017058410808370235
0.0019331241698611365
0.0017250349265291987
0.0016125054010504565
0.001655453285745629
GEN 102 time 1599151977
0.0014584555404298799
0.0017058410808370235
0.0019331241698611365
0.0017250349265291987
0.0016125054010504565
0.001655453285745629
GEN 103 time 1599151981
0.0014584555404298799
0.0017058410808370235
0.0019331241698611365
0.0017250349265291987
0.0016125054010504565
0.001655453285745629
GEN 104 time 1599151985
0.0014584555404298799
0.0017058410808370235
0.0019331241698611365
0.0017250349265291987
0.0016125054010504565
0.001655453285745629
GEN 105 time 1599151989
0.0014584555404298799
0.0017058410808370235
0.0019331241698611365
0.0017250349265291987
0.0016125054010504565
0.001655453285745629
GEN 106 time 1599151993
0.0014584555404298799
0.0017058410808370235
0.0019331241698611365
0.0017250349265291987
0.0016125054010504565
0.001655453285745629
GEN 107 time 1599151997
0.0014584555404298799
0.0017058410808370235
0.0019331241698611365
0.0017250349265291987
0.0016125054010504565
0.001655453285745629
GEN 108 time 1599152002
0.0014584555404298799
0.0017058410808370235
0.0019331241698611365
0.0017250349265291987
0.0016125054010504565
0.001655453285745629
GEN 109 time 1599152006
0.0014584555404298799
0.0017058410808370235
0.0019331241698611365
0.0017250349265291987
0.0016125054010504565
0.001655453285745629
GEN 110 time 1599152010
0.0014584555404298799
0.0017058410808370235
0.0019331241698611365
0.0017250349265291987
0.0016125054010504565
0.001655453285745629
GEN 111 time 1599152014
0.0014584555404298799
0.0017058410808370235
0.0019331241698611365
0.0017250349265291987
0.0016125054010504565
0.001655453285745629
GEN 112 time 1599152018
0.0014584555404298799
0.0017058410808370235
0.0019331241698611365
0.0017250349265291987
0.0016125054010504565
0.001655453285745629
GEN 113 time 1599152023
0.0014584555404298799
0.0017058410808370235
0.0019331241698611365
0.0017250349265291987
0.0016125054010504565
0.001655453285745629
GEN 114 time 1599152027
0.0014584555404298799
0.0017058410808370235
0.0019331241698611365
0.0017250349265291987
0.0016125054010504565
0.001655453285745629
GEN 115 time 1599152031
0.0014584555404298799
0.0017058410808370235
0.0019331241698611365
0.0017250349265291987
0.0016125054010504565
0.001655453285745629
GEN 116 time 1599152035
0.0014584555404298799
0.0017058410808370235
0.0019331241698611365
0.0017250349265291987
0.0016125054010504565
0.001612271573771233
GEN 117 time 1599152039
0.0014584555404298799
0.0017058410808370235
0.0019331241698611365
0.0017250349265291987
0.0016125054010504565
0.001612271573771233
GEN 118 time 1599152044
0.0014584555404298799
0.0017058410808370235
0.0019331241698611365
0.0017250349265291987
0.0016125054010504565
0.001612271573771233
GEN 119 time 1599152048
0.0014584555404298799
0.0017058410808370235
0.0019331241698611365
0.0017250349265291987
0.0016125054010504565
0.001612271573771233
GEN 120 time 1599152052
0.0014584555404298799
0.0017058410808370235
0.0019331241698611365
0.0017250349265291987
0.0016125054010504565
0.001612271573771233
GEN 121 time 1599152056
0.0014584555404298799
0.0017058410808370235
0.0019331241698611365
0.0017250349265291987
0.0016125054010504565
0.001612271573771233
GEN 122 time 1599152061
0.0014584555404298799
0.0017058410808370235
0.0019331241698611365
0.0017250349265291987
0.0016125054010504565
0.001612271573771233
GEN 123 time 1599152065
0.0014584555404298799
0.0017058410808370235
0.0019331241698611365
0.0017250349265291987
0.0016125054010504565
0.001612271573771233
GEN 124 time 1599152069
0.0014584555404298799
0.0017058410808370235
0.0019331241698611365
0.0017250349265291987
0.0016125054010504565
0.001612271573771233
GEN 125 time 1599152073
0.0014584555404298799
0.0017058410808370235
0.0019331241698611365
0.0017250349265291987
0.0016125054010504565
0.001612271573771233
GEN 126 time 1599152077
0.0014584555404298799
0.0017058410808370235
0.0019331241698611365
0.0017250349265291987
0.0016125054010504565
0.001612271573771233
GEN 127 time 1599152081
0.0014584555404298799
0.0017058410808370235
0.0019331241698611365
0.0017250349265291987
0.0016125054010504565
0.001612271573771233
GEN 128 time 1599152085
0.0014584555404298799
0.0017058410808370235
0.0019331241698611365
0.0017250349265291987
0.0016125054010504565
0.001612271573771233
GEN 129 time 1599152090
0.0014584555404298799
0.0017058410808370235
0.0019331241698611365
0.0017250349265291987
0.0016125054010504565
0.001612271573771233
GEN 130 time 1599152094
0.0014584555404298799
0.0017058410808370235
0.0019331241698611365
0.0017250349265291987
0.0016125054010504565
0.001612271573771233
GEN 131 time 1599152098
0.0014584555404298799
0.0017058410808370235
0.0019331241698611365
0.0017250349265291987
0.0016125054010504565
0.001612271573771233
GEN 132 time 1599152102
0.0014584555404298799
0.0017058410808370235
0.0019331241698611365
0.0017250349265291987
0.0016125054010504565
0.001612271573771233
GEN 133 time 1599152107
0.0014584555404298799
0.0017058410808370235
0.0019331241698611365
0.0017250349265291987
0.0016125054010504565
0.001612271573771233
GEN 134 time 1599152111
0.0014584555404298799
0.0017058410808370235
0.0019331241698611365
0.0017250349265291987
0.0016125054010504565
0.001612271573771233
GEN 135 time 1599152115
0.0014584555404298799
0.0017058410808370235
0.0019331241698611365
0.0017250349265291987
0.0016125054010504565
0.001612271573771233
GEN 136 time 1599152119
0.0014584555404298799
0.0017058410808370235
0.0019331241698611365
0.0017250349265291987
0.0016125054010504565
0.001612271573771233
GEN 137 time 1599152123
0.0014584555404298799
0.0017058410808370235
0.0019331241698611365
0.0017250349265291987
0.0016125054010504565
0.001612271573771233
GEN 138 time 1599152127
0.0014584555404298799
0.0017058410808370235
0.0019331241698611365
0.0017250349265291987
0.0016125054010504565
0.001612271573771233
GEN 139 time 1599152131
0.0014584555404298799
0.0017058410808370235
0.0019331241698611365
0.0017250349265291987
0.0016125054010504565
0.001612271573771233
GEN 140 time 1599152136
0.0014584555404298799
0.0017058410808370235
0.0019331241698611365
0.0017250349265291987
0.0016125054010504565
0.001612271573771233
GEN 141 time 1599152140
0.0014584555404298799
0.0017058410808370235
0.0019331241698611365
0.0017250349265291987
0.0016125054010504565
0.001612271573771233
GEN 142 time 1599152144
0.0014584555404298799
0.0017058410808370235
0.0019331241698611365
0.0017250349265291987
0.0016125054010504565
0.001612271573771233
GEN 143 time 1599152148
0.0014584555404298799
0.0017058410808370235
0.0019331241698611365
0.0017250349265291987
0.0016125054010504565
0.001612271573771233
GEN 144 time 1599152152
0.0014584555404298799
0.0017058410808370235
0.0019331241698611365
0.0017250349265291987
0.0016125054010504565
0.001612271573771233
GEN 145 time 1599152157
0.0014584555404298799
0.0017058410808370235
0.0019331241698611365
0.0017250349265291987
0.0016125054010504565
0.001612271573771233
GEN 146 time 1599152161
0.0014584555404298799
0.0017058410808370235
0.0019331241698611365
0.0017250349265291987
0.0016125054010504565
0.001612271573771233
GEN 147 time 1599152166
0.0014584555404298799
0.0017058410808370235
0.0019331241698611365
0.0017250349265291987
0.0016125054010504565
0.001612271573771233
GEN 148 time 1599152170
0.0014584555404298799
0.0017058410808370235
0.0019331241698611365
0.0017250349265291987
0.0016125054010504565
0.001612271573771233
GEN 149 time 1599152174
0.0014584555404298799
0.0017058410808370235
0.0019331241698611365
0.0017250349265291987
0.0016125054010504565
0.001612271573771233
GEN 150 time 1599152179
0.0014584555404298799
0.0017058410808370235
0.0019331241698611365
0.0017250349265291987
0.0016125054010504565
0.00147622455487767
GEN 151 time 1599152183
0.0014584555404298799
0.0017058410808370235
0.0019331241698611365
0.0017250349265291987
0.0016125054010504565
0.00147622455487767
GEN 152 time 1599152187
0.0014584555404298799
0.0017058410808370235
0.0019331241698611365
0.0017250349265291987
0.0016125054010504565
0.00147622455487767
GEN 153 time 1599152192
0.0014584555404298799
0.0017058410808370235
0.0019331241698611365
0.0017250349265291987
0.0016125054010504565
0.00147622455487767
GEN 154 time 1599152196
0.0014584555404298799
0.0017058410808370235
0.0019331241698611365
0.0017250349265291987
0.0016125054010504565
0.00147622455487767
GEN 155 time 1599152201
0.0014584555404298799
0.0017058410808370235
0.0019331241698611365
0.0017250349265291987
0.0016125054010504565
0.00147622455487767
GEN 156 time 1599152205
0.0014584555404298799
0.0017058410808370235
0.0019331241698611365
0.0017250349265291987
0.0016125054010504565
0.00147622455487767
GEN 157 time 1599152209
0.0014584555404298799
0.0017058410808370235
0.0019331241698611365
0.0017250349265291987
0.0016125054010504565
0.00147622455487767
GEN 158 time 1599152214
0.0014584555404298799
0.0017058410808370235
0.0019331241698611365
0.0017250349265291987
0.0016125054010504565
0.00147622455487767
GEN 159 time 1599152218
0.0014584555404298799
0.0017058410808370235
0.0019331241698611365
0.0017250349265291987
0.0016125054010504565
0.00147622455487767
GEN 160 time 1599152222
0.0014584555404298799
0.0017058410808370235
0.0019331241698611365
0.0017250349265291987
0.0016125054010504565
0.00147622455487767
GEN 161 time 1599152226
0.0014584555404298799
0.0017058410808370235
0.0019331241698611365
0.0017250349265291987
0.0016125054010504565
0.00147622455487767
GEN 162 time 1599152231
0.0014584555404298799
0.0017058410808370235
0.0019331241698611365
0.0017250349265291987
0.0016125054010504565
0.00147622455487767
GEN 163 time 1599152235
0.0014584555404298799
0.0017058410808370235
0.0019331241698611365
0.0017250349265291987
0.0016125054010504565
0.00147622455487767
GEN 164 time 1599152239
0.0014584555404298799
0.0017058410808370235
0.0019331241698611365
0.0017250349265291987
0.0016125054010504565
0.00147622455487767
GEN 165 time 1599152244
0.0014584555404298799
0.0017058410808370235
0.0019331241698611365
0.0017250349265291987
0.0016125054010504565
0.00147622455487767
GEN 166 time 1599152248
0.0014584555404298799
0.0017058410808370235
0.0019331241698611365
0.0017250349265291987
0.0016125054010504565
0.00147622455487767
GEN 167 time 1599152252
0.0014584555404298799
0.0017058410808370235
0.0019331241698611365
0.0017250349265291987
0.0016125054010504565
0.00147622455487767
GEN 168 time 1599152256
0.0014584555404298799
0.0017058410808370235
0.0019331241698611365
0.0017250349265291987
0.0016125054010504565
0.00147622455487767
GEN 169 time 1599152261
0.0014584555404298799
0.0017058410808370235
0.0019331241698611365
0.0017250349265291987
0.0015918042749231605
0.001412251573771233
GEN 170 time 1599152265
0.0014584555404298799
0.0017058410808370235
0.0019331241698611365
0.0017250349265291987
0.0015918042749231605
0.001412251573771233
GEN 171 time 1599152269
0.0014584555404298799
0.0017058410808370235
0.0019331241698611365
0.0017250349265291987
0.0015918042749231605
0.001412251573771233
GEN 172 time 1599152274
0.0014584555404298799
0.0017058410808370235
0.0019331241698611365
0.0017250349265291987
0.0015918042749231605
0.001412251573771233
GEN 173 time 1599152278
0.0014584555404298799
0.0017058410808370235
0.0019331241698611365
0.0017250349265291987
0.0015918042749231605
0.001412251573771233
GEN 174 time 1599152282
0.0014584555404298799
0.0017058410808370235
0.0019331241698611365
0.0017250349265291987
0.0015918042749231605
0.001412251573771233
GEN 175 time 1599152286
0.0014584555404298799
0.0017058410808370235
0.0019331241698611365
0.0017250349265291987
0.0015918042749231605
0.001412251573771233
GEN 176 time 1599152290
0.0014584555404298799
0.0017058410808370235
0.0019331241698611365
0.0017250349265291987
0.0015918042749231605
0.001412251573771233
GEN 177 time 1599152295
0.0014584555404298799
0.0017058410808370235
0.0019331241698611365
0.0017250349265291987
0.0015918042749231605
0.001412251573771233
GEN 178 time 1599152299
0.0014584555404298799
0.0017058410808370235
0.0019331241698611365
0.0017250349265291987
0.0015918042749231605
0.001412251573771233
GEN 179 time 1599152303
0.0014584555404298799
0.0017058410808370235
0.0019331241698611365
0.0017250349265291987
0.0014650481422075748
0.001412251573771233
GEN 180 time 1599152307
0.0014584555404298799
0.0017058410808370235
0.0019331241698611365
0.0017250349265291987
0.0014650481422075748
0.001412251573771233
GEN 181 time 1599152311
0.0014584555404298799
0.0017058410808370235
0.0019331241698611365
0.0017250349265291987
0.0014650481422075748
0.001412251573771233
GEN 182 time 1599152316
0.0014584555404298799
0.0017058410808370235
0.0019331241698611365
0.0017250349265291987
0.0014650481422075748
0.001412251573771233
GEN 183 time 1599152320
0.0014584555404298799
0.0017058410808370235
0.0019331241698611365
0.0017250349265291987
0.0014650481422075748
0.001412251573771233
GEN 184 time 1599152324
0.0014584555404298799
0.0017058410808370235
0.0019331241698611365
0.0017250349265291987
0.0014650481422075748
0.001412251573771233
GEN 185 time 1599152329
0.0014584555404298799
0.0017058410808370235
0.0019331241698611365
0.0016184204999931256
0.0014650481422075748
0.001412251573771233
GEN 186 time 1599152333
0.0014584555404298799
0.0017058410808370235
0.0019331241698611365
0.0016184204999931256
0.0014650481422075748
0.001412251573771233
GEN 187 time 1599152338
0.0014584555404298799
0.0017058410808370235
0.0019331241698611365
0.0016184204999931256
0.0014650481422075748
0.001412251573771233
GEN 188 time 1599152342
0.0014584555404298799
0.0017058410808370235
0.0019331241698611365
0.0016184204999931256
0.0014650481422075748
0.001412251573771233
GEN 189 time 1599152346
0.0014584555404298799
0.0017058410808370235
0.0019331241698611365
0.0016184204999931256
0.0014650481422075748
0.001412251573771233
GEN 190 time 1599152351
0.0014584555404298799
0.0017058410808370235
0.0019331241698611365
0.0016184204999931256
0.0014650481422075748
0.001412251573771233
GEN 191 time 1599152355
0.0014584555404298799
0.0017058410808370235
0.0019331241698611365
0.0016184204999931256
0.0014650481422075748
0.001412251573771233
GEN 192 time 1599152359
0.0014584555404298799
0.0017058410808370235
0.0019331241698611365
0.0016184204999931256
0.0014650481422075748
0.001412251573771233
GEN 193 time 1599152364
0.0014584555404298799
0.0017058410808370235
0.0019331241698611365
0.0016184204999931256
0.0014650481422075748
0.001412251573771233
GEN 194 time 1599152368
0.0014584555404298799
0.0017058410808370235
0.0019331241698611365
0.0016184204999931256
0.0014650481422075748
0.001412251573771233
GEN 195 time 1599152373
0.0014584555404298799
0.0017058410808370235
0.0019331241698611365
0.0016184204999931256
0.0014650481422075748
0.001412251573771233
GEN 196 time 1599152377
0.0014584555404298799
0.0017058410808370235
0.0019331241698611365
0.0016184204999931256
0.0014650481422075748
0.001412251573771233
GEN 197 time 1599152381
0.0014584555404298799
0.0017058410808370235
0.0019331241698611365
0.0016184204999931256
0.0014650481422075748
0.001412251573771233
GEN 198 time 1599152386
0.0014584555404298799
0.0017058410808370235
0.0019331241698611365
0.0016184204999931256
0.0014650481422075748
0.001412251573771233
GEN 199 time 1599152390
0.0014584555404298799
0.0017058410808370235
0.0019331241698611365
0.0016184204999931256
0.0014650481422075748
0.001412251573771233
