['./data/layer/ga-dem4_r50_1.json', './data/layer/ga-dem4_r25_1.json', './data/layer/ga-dem7_r25_1.json', './data/hop/ga-dem4_r25_1_0.json']
GEN 0 time 1581325514
0.0028008612132468472
inf
inf
0.002600975802262161
GEN 1 time 1581325518
0.002400841952937419
0.002400975802262161
0.003200651901998931
0.0026005353425769357
GEN 2 time 1581325523
0.0022015221570293587
0.002400975802262161
0.003200651901998931
0.0024005353425769357
GEN 3 time 1581325528
0.0022015221570293587
0.002400802541947639
0.003200651901998931
0.002200792331520091
GEN 4 time 1581325534
0.002001276731324367
0.0022009267490833637
0.003200651901998931
0.002200792331520091
GEN 5 time 1581325540
0.002000841952937419
0.0022009267490833637
0.0026008289989410504
0.0018009326603738312
GEN 6 time 1581325546
0.002000841952937419
0.0022009267490833637
0.002400859209544184
0.0018009326603738312
GEN 7 time 1581325552
0.002000841952937419
0.0022009267490833637
0.002400859209544184
0.0018009326603738312
GEN 8 time 1581325558
0.002000841952937419
0.0022009267490833637
0.0024008289989410504
0.0018009326603738312
GEN 9 time 1581325564
0.002000841952937419
0.0022009267490833637
0.0024008289989410504
0.0018009326603738312
GEN 10 time 1581325570
0.002000841952937419
0.002000969243708581
0.0020007484245606116
0.0018009326603738312
GEN 11 time 1581325576
0.002000841952937419
0.002000969243708581
0.0020007484245606116
0.0018009326603738312
GEN 12 time 1581325582
0.002000841952937419
0.002000802541947639
0.0020007484245606116
0.0018009326603738312
GEN 13 time 1581325589
0.001800841952937419
0.0014009267490833635
0.0020007484245606116
0.0018009326603738312
GEN 14 time 1581325595
0.0016018251472785252
0.0014009267490833635
0.0016008289989410502
0.0018009326603738312
GEN 15 time 1581325602
0.0016018251472785252
0.0014009267490833635
0.0016008289989410502
0.0018009326603738312
GEN 16 time 1581325610
0.0014019583583640533
0.0014009267490833635
0.0016005868340065999
0.0018009326603738312
GEN 17 time 1581325617
0.0014019583583640533
0.0014009267490833635
0.0016005868340065999
0.0018009326603738312
GEN 18 time 1581325625
0.0014019583583640533
0.0014009267490833635
0.0016005868340065999
0.0018009326603738312
GEN 19 time 1581325633
0.0014019583583640533
0.0014009267490833635
0.0016005868340065999
0.0018009267490833635
GEN 20 time 1581325641
0.0014014822226081434
0.0014009267490833635
0.0016005868340065999
0.0018009267490833635
GEN 21 time 1581325649
0.0014014822226081434
0.0014009267490833635
0.0016005868340065999
0.0018009267490833635
GEN 22 time 1581325657
0.0014014822226081434
0.0014009267490833635
0.0016005868340065999
0.0018009267490833635
GEN 23 time 1581325665
0.0014014822226081434
0.0014009267490833635
0.0016005868340065999
0.001800571530554033
GEN 24 time 1581325673
0.0014014822226081434
0.0014009267490833635
0.0016005868340065999
0.001800571530554033
GEN 25 time 1581325681
0.0014014822226081434
0.0014009267490833635
0.0016005868340065999
0.001800571530554033
GEN 26 time 1581325688
0.0014014822226081434
0.0014009267490833635
0.0016005868340065999
0.001800571530554033
GEN 27 time 1581325696
0.0014014822226081434
0.0014009267490833635
0.0016005868340065999
0.001800571530554033
GEN 28 time 1581325703
0.0014014822226081434
0.0014009267490833635
0.001400787354025937
0.001800571530554033
GEN 29 time 1581325711
0.0014014822226081434
0.0014009267490833635
0.001400787354025937
0.001800571530554033
GEN 30 time 1581325719
0.0014014822226081434
0.0014009267490833635
0.001400787354025937
0.001800571530554033
GEN 31 time 1581325726
0.0014014822226081434
0.0014009267490833635
0.001400787354025937
0.001800571530554033
GEN 32 time 1581325734
0.0014014822226081434
0.0014009267490833635
0.001400787354025937
0.001800571530554033
GEN 33 time 1581325742
0.0014014822226081434
0.0014009267490833635
0.0014007710045589286
0.001800571530554033
GEN 34 time 1581325749
0.0014014822226081434
0.0014009267490833635
0.0014007710045589286
0.001800571530554033
GEN 35 time 1581325757
0.0014014822226081434
0.0014009267490833635
0.0014007710045589286
0.001800571530554033
GEN 36 time 1581325765
0.0014014822226081434
0.0014009267490833635
0.0014007710045589286
0.001800571530554033
GEN 37 time 1581325772
0.0014014822226081434
0.0014008834508903872
0.0014007710045589286
0.001800571530554033
GEN 38 time 1581325780
0.0014014822226081434
0.0014008834508903872
0.0014007710045589286
0.001800571530554033
GEN 39 time 1581325788
0.0014014822226081434
0.0014008834508903872
0.0014005022919838244
0.001800571530554033
GEN 40 time 1581325796
0.0014014822226081434
0.0014008834508903872
0.0014005022919838244
0.001800571530554033
GEN 41 time 1581325803
0.0014014822226081434
0.0014008834508903872
0.0014005022919838244
0.001800571530554033
GEN 42 time 1581325810
0.0014014822226081434
0.0014008834508903872
0.0014005022919838244
0.001800571530554033
GEN 43 time 1581325818
0.0014014822226081434
0.0014008834508903872
0.0014005022919838244
0.001800571530554033
GEN 44 time 1581325825
0.0014014822226081434
0.0014008834508903872
0.0014005022919838244
0.001800571530554033
GEN 45 time 1581325833
0.0014014822226081434
0.0014008834508903872
0.0014005022919838244
0.001800571530554033
GEN 46 time 1581325840
0.0014014822226081434
0.0014008834508903872
0.0014005022919838244
0.001800571530554033
GEN 47 time 1581325848
0.0014014822226081434
0.0014008834508903872
0.0014005022919838244
0.001800571530554033
GEN 48 time 1581325855
0.0014014822226081434
0.0014008834508903872
0.0014005022919838244
0.001800571530554033
GEN 49 time 1581325863
0.0014014822226081434
0.0014008834508903872
0.0014005022919838244
0.001800571530554033
GEN 50 time 1581325870
0.0014014822226081434
0.0014008834508903872
0.0014005022919838244
0.001800571530554033
GEN 51 time 1581325877
0.0014014822226081434
0.0014008834508903872
0.0014005022919838244
0.001800571530554033
GEN 52 time 1581325885
0.0014014822226081434
0.0014008834508903872
0.0014005022919838244
0.001800571530554033
GEN 53 time 1581325892
0.0014014822226081434
0.0014008834508903872
0.0014005022919838244
0.001800571530554033
GEN 54 time 1581325900
0.0014014822226081434
0.0014008834508903872
0.0014005022919838244
0.001800571530554033
GEN 55 time 1581325907
0.0014014822226081434
0.0012008333169738858
0.0014005022919838244
0.001800571530554033
GEN 56 time 1581325915
0.0014014822226081434
0.0012008333169738858
0.0014005022919838244
0.001800571530554033
GEN 57 time 1581325922
0.0014014822226081434
0.0012008333169738858
0.0014005022919838244
0.001800571530554033
GEN 58 time 1581325930
0.0014014822226081434
0.0012008333169738858
0.0014005022919838244
0.0016009326603738314
GEN 59 time 1581325937
0.0014014822226081434
0.0012008333169738858
0.0014005022919838244
0.0016009326603738314
GEN 60 time 1581325945
0.0014014822226081434
0.0012008333169738858
0.0014005022919838244
0.0016009326603738314
GEN 61 time 1581325953
0.0014014822226081434
0.0012008333169738858
0.0014005022919838244
0.001600833316973886
GEN 62 time 1581325961
0.0014014822226081434
0.0012008333169738858
0.0014005022919838244
0.001600833316973886
GEN 63 time 1581325969
0.0014014822226081434
0.0012008333169738858
0.0014005022919838244
0.001600833316973886
GEN 64 time 1581325977
0.0014014822226081434
0.0012008333169738858
0.0014005022919838244
0.001600833316973886
GEN 65 time 1581325985
0.0014014822226081434
0.0010008870260620837
0.0014005022919838244
0.001600833316973886
GEN 66 time 1581325993
0.0014014822226081434
0.0010008870260620837
0.0014005022919838244
0.001600833316973886
GEN 67 time 1581326002
0.0014014822226081434
0.0010008870260620837
0.0014005022919838244
0.001600833316973886
GEN 68 time 1581326010
0.0014014822226081434
0.0010008870260620837
0.0014005022919838244
0.001600833316973886
GEN 69 time 1581326019
0.0014014822226081434
0.0010008870260620837
0.0014005022919838244
0.001600833316973886
GEN 70 time 1581326027
0.0014014822226081434
0.0010008870260620837
0.0014005022919838244
0.001600833316973886
GEN 71 time 1581326036
0.0014014822226081434
0.0010008870260620837
0.0014005022919838244
0.001600833316973886
GEN 72 time 1581326044
0.0014014822226081434
0.0010008870260620837
0.0014005022919838244
0.001600833316973886
GEN 73 time 1581326053
0.0014014822226081434
0.001000833316973886
0.0014005022919838244
0.001600833316973886
GEN 74 time 1581326061
0.0014014822226081434
0.001000833316973886
0.0014005022919838244
0.001600833316973886
GEN 75 time 1581326070
0.0014014822226081434
0.001000833316973886
0.0014005022919838244
0.001600833316973886
GEN 76 time 1581326079
0.0014014822226081434
0.001000833316973886
0.0014005022919838244
0.001600833316973886
GEN 77 time 1581326087
0.0014014822226081434
0.001000833316973886
0.0014005022919838244
0.001600833316973886
GEN 78 time 1581326096
0.0014014822226081434
0.001000833316973886
0.0014005022919838244
0.001600833316973886
GEN 79 time 1581326105
0.0014014822226081434
0.001000833316973886
0.0014005022919838244
0.001600833316973886
GEN 80 time 1581326113
0.0014014822226081434
0.001000833316973886
0.0014005022919838244
0.001600833316973886
GEN 81 time 1581326122
0.0014014822226081434
0.001000833316973886
0.0014005022919838244
0.001600833316973886
GEN 82 time 1581326130
0.0014014822226081434
0.001000833316973886
0.0014005022919838244
0.001600833316973886
GEN 83 time 1581326139
0.0014014822226081434
0.001000833316973886
0.0014005022919838244
0.001600833316973886
GEN 84 time 1581326147
0.0014014822226081434
0.001000833316973886
0.0014005022919838244
0.001600833316973886
GEN 85 time 1581326156
0.0014014822226081434
0.001000833316973886
0.0014005022919838244
0.001600833316973886
GEN 86 time 1581326164
0.0014014822226081434
0.001000833316973886
0.0014005022919838244
0.001600833316973886
GEN 87 time 1581326173
0.0014014822226081434
0.001000833316973886
0.0014005022919838244
0.001600833316973886
GEN 88 time 1581326181
0.0014014822226081434
0.001000833316973886
0.0014005022919838244
0.001600833316973886
GEN 89 time 1581326188
0.0014014822226081434
0.001000833316973886
0.0014005022919838244
0.001600833316973886
GEN 90 time 1581326196
0.0014014822226081434
0.001000833316973886
0.0014005022919838244
0.001600833316973886
GEN 91 time 1581326204
0.0014014822226081434
0.001000833316973886
0.0014005022919838244
0.001600833316973886
GEN 92 time 1581326212
0.0014014822226081434
0.001000833316973886
0.0014005022919838244
0.001600833316973886
GEN 93 time 1581326220
0.0014014822226081434
0.001000833316973886
0.0014005022919838244
0.001600833316973886
GEN 94 time 1581326228
0.0014014822226081434
0.001000833316973886
0.0014005022919838244
0.001600833316973886
GEN 95 time 1581326235
0.0014014822226081434
0.001000833316973886
0.0014005022919838244
0.001600833316973886
GEN 96 time 1581326243
0.0014014822226081434
0.001000833316973886
0.0014005022919838244
0.001600833316973886
GEN 97 time 1581326250
0.0014014822226081434
0.001000833316973886
0.0014005022919838244
0.001600833316973886
GEN 98 time 1581326257
0.0014014822226081434
0.001000833316973886
0.0014005022919838244
0.001600833316973886
GEN 99 time 1581326265
0.0014014822226081434
0.001000833316973886
0.0014005022919838244
0.001600833316973886
