['./data/layer/ga-dem9_r50_1.json', './data/hop/ga-dem9_r50_1_40.json', './data/hop/ga-dem9_r50_1_0.json', './data/hop/ga-dem9_r25_1_40.json']
GEN 0 time 1581269242
0.002400638764857823
0.006401370177955467
0.0028009689569146834
0.009600864899014721
GEN 1 time 1581269251
0.002001413291225456
0.006401370177955467
0.002800638764857823
0.009600864899014721
GEN 2 time 1581269262
0.0020005808804120545
0.006401370177955467
0.002800638764857823
0.009600864899014721
GEN 3 time 1581269272
0.0020005808804120545
0.006001775622161226
0.002800638764857823
0.009600864899014721
GEN 4 time 1581269284
0.0020005808804120545
0.006001775622161226
0.0022013660807283834
0.00820086489901472
GEN 5 time 1581269295
0.0020005808804120545
0.006001366080728383
0.0022013660807283834
0.00820086489901472
GEN 6 time 1581269307
0.0020005808804120545
0.0060009166121618085
0.0022013660807283834
0.00820086489901472
GEN 7 time 1581269318
0.0020005808804120545
0.0060009166121618085
0.0022013660807283834
0.00820086489901472
GEN 8 time 1581269329
0.0016005808804120548
0.0060009166121618085
0.0022013660807283834
0.00820086489901472
GEN 9 time 1581269340
0.0016005808804120548
0.005801415733737533
0.0022013660807283834
0.00820086489901472
GEN 10 time 1581269352
0.0016005808804120548
0.005401775622161226
0.0020016032750474148
0.00820086489901472
GEN 11 time 1581269363
0.0016005808804120548
0.005401775622161226
0.0020016032750474148
0.00820086489901472
GEN 12 time 1581269374
0.0016005808804120548
0.0054015399369267735
0.0020016032750474148
0.00820086489901472
GEN 13 time 1581269385
0.0016005808804120548
0.004601905588568682
0.0020016032750474148
0.00820086489901472
GEN 14 time 1581269396
0.0016005808804120548
0.004601370177955467
0.00200128490726609
0.00820086489901472
GEN 15 time 1581269408
0.0016005808804120548
0.004601370177955467
0.0020005808804120545
0.00820086489901472
GEN 16 time 1581269420
0.0016005808804120548
0.004601370177955467
0.0020005808804120545
0.00820086489901472
GEN 17 time 1581269431
0.0016005808804120548
0.004601370177955467
0.0020005808804120545
0.00820086489901472
GEN 18 time 1581269443
0.0016005808804120548
0.004601370177955467
0.0020005808804120545
0.00820086489901472
GEN 19 time 1581269454
0.0016005808804120548
0.004601370177955467
0.0020005808804120545
0.007600864899014721
GEN 20 time 1581269466
0.0016005808804120548
0.004601370177955467
0.0020005808804120545
0.007600864899014721
GEN 21 time 1581269478
0.0016005808804120548
0.004600990605822374
0.0020005808804120545
0.007600864899014721
GEN 22 time 1581269490
0.0016005808804120548
0.004600990605822374
0.0020005808804120545
0.0064009793136224884
GEN 23 time 1581269501
0.0016005808804120548
0.004600990605822374
0.0020005808804120545
0.0064009793136224884
GEN 24 time 1581269513
0.0016005808804120548
0.004600990605822374
0.0020005808804120545
0.0064009793136224884
GEN 25 time 1581269524
0.0016005808804120548
0.004600990605822374
0.0020005808804120545
0.0064009793136224884
GEN 26 time 1581269536
0.0016005808804120548
0.004600990605822374
0.0020005808804120545
0.0064009793136224884
GEN 27 time 1581269548
0.0016005808804120548
0.004600990605822374
0.0020005808804120545
0.0064009793136224884
GEN 28 time 1581269559
0.0016005808804120548
0.004600990605822374
0.0020005808804120545
0.0064009793136224884
GEN 29 time 1581269571
0.0016005808804120548
0.004600990605822374
0.0020005808804120545
0.0064009793136224884
GEN 30 time 1581269582
0.0016005808804120548
0.004600990605822374
0.0020005808804120545
0.0064009793136224884
GEN 31 time 1581269594
0.0016005808804120548
0.004600990605822374
0.0020005808804120545
0.0064009793136224884
GEN 32 time 1581269605
0.0016005808804120548
0.004600990605822374
0.0018019055885686818
0.0064009793136224884
GEN 33 time 1581269616
0.0016005808804120548
0.004600990605822374
0.0018019055885686818
0.0064009793136224884
GEN 34 time 1581269628
0.0016005808804120548
0.004600580880412055
0.0018019055885686818
0.0064009793136224884
GEN 35 time 1581269639
0.0016005808804120548
0.004600580880412055
0.0018019055885686818
0.0064009793136224884
GEN 36 time 1581269650
0.0016005808804120548
0.004600580880412055
0.0018019055885686818
0.0064009793136224884
GEN 37 time 1581269661
0.0016005808804120548
0.004600580880412055
0.0018019055885686818
0.005000736650335359
GEN 38 time 1581269672
0.0016005808804120548
0.004600580880412055
0.0018019055885686818
0.005000736650335359
GEN 39 time 1581269684
0.0016005808804120548
0.004600580880412055
0.0018019055885686818
0.005000736650335359
GEN 40 time 1581269695
0.0016005808804120548
0.004600580880412055
0.0018019055885686818
0.005000736650335359
GEN 41 time 1581269706
0.0016005808804120548
0.004600580880412055
0.0018013397328422616
0.005000736650335359
GEN 42 time 1581269718
0.0016005808804120548
0.004600580880412055
0.0018013397328422616
0.005000736650335359
GEN 43 time 1581269729
0.0016005808804120548
0.004600580880412055
0.0018004943796108071
0.005000736650335359
GEN 44 time 1581269741
0.0016005808804120548
0.004600580880412055
0.0018004943796108071
0.005000736650335359
GEN 45 time 1581269752
0.0016005808804120548
0.004600580880412055
0.0018004943796108071
0.005000736650335359
GEN 46 time 1581269764
0.0016005808804120548
0.004600580880412055
0.0018004943796108071
0.005000736650335359
GEN 47 time 1581269775
0.0016005808804120548
0.004600580880412055
0.0018004943796108071
0.005000736650335359
GEN 48 time 1581269787
0.0016005808804120548
0.004600580880412055
0.0018004943796108071
0.005000736650335359
GEN 49 time 1581269798
0.0016005808804120548
0.004600580880412055
0.0018004943796108071
0.005000736650335359
GEN 50 time 1581269810
0.0016005808804120548
0.004600580880412055
0.0018004943796108071
0.005000736650335359
GEN 51 time 1581269821
0.0016005808804120548
0.004600580880412055
0.0018004943796108071
0.005000736650335359
GEN 52 time 1581269832
0.0016005808804120548
0.004600580880412055
0.0018004943796108071
0.005000736650335359
GEN 53 time 1581269844
0.0016005808804120548
0.004600580880412055
0.0018004943796108071
0.005000736650335359
GEN 54 time 1581269855
0.0016005808804120548
0.004600580880412055
0.0018004943796108071
0.005000736650335359
GEN 55 time 1581269866
0.0016005808804120548
0.004600580880412055
0.0016019354523766033
0.005000736650335359
GEN 56 time 1581269878
0.0016005808804120548
0.004600580880412055
0.0016019354523766033
0.005000736650335359
GEN 57 time 1581269889
0.0016005808804120548
0.004600580880412055
0.0016019354523766033
0.005000736650335359
GEN 58 time 1581269900
0.0016005808804120548
0.004201935452376604
0.0016019354523766033
0.005000736650335359
GEN 59 time 1581269911
0.0016005808804120548
0.004201935452376604
0.0016019354523766033
0.005000736650335359
GEN 60 time 1581269922
0.0016005808804120548
0.004201935452376604
0.0016017971371133503
0.005000736650335359
GEN 61 time 1581269933
0.0016005808804120548
0.004201935452376604
0.0016017971371133503
0.005000736650335359
GEN 62 time 1581269944
0.0016005808804120548
0.004201935452376604
0.0016017971371133503
0.004600736650335359
GEN 63 time 1581269955
0.0016005808804120548
0.004201935452376604
0.0016013701779554665
0.004600736650335359
GEN 64 time 1581269965
0.0016005808804120548
0.004201935452376604
0.0016013701779554665
0.004600736650335359
GEN 65 time 1581269976
0.0016005808804120548
0.004201935452376604
0.0016005808804120548
0.004600736650335359
GEN 66 time 1581269987
0.0016005808804120548
0.004201935452376604
0.0016005808804120548
0.004600736650335359
GEN 67 time 1581269998
0.0016005808804120548
0.004201935452376604
0.0016005808804120548
0.004600736650335359
GEN 68 time 1581270009
0.0016005808804120548
0.004201935452376604
0.0016005808804120548
0.004600736650335359
GEN 69 time 1581270020
0.0016005808804120548
0.004201339732842262
0.0016005808804120548
0.004600736650335359
GEN 70 time 1581270032
0.0016005808804120548
0.004201339732842262
0.0016005808804120548
0.004600736650335359
GEN 71 time 1581270042
0.0016005808804120548
0.004201339732842262
0.0016005808804120548
0.004600736650335359
GEN 72 time 1581270053
0.0016005808804120548
0.004201339732842262
0.0016005808804120548
0.004600736650335359
GEN 73 time 1581270064
0.0016005808804120548
0.004201339732842262
0.0016005808804120548
0.004600736650335359
GEN 74 time 1581270075
0.0016005808804120548
0.004201339732842262
0.0016005808804120548
0.004600736650335359
GEN 75 time 1581270086
0.0016005808804120548
0.004201339732842262
0.0016005808804120548
0.004600736650335359
GEN 76 time 1581270097
0.0016005808804120548
0.004201339732842262
0.0016005808804120548
0.004600736650335359
GEN 77 time 1581270107
0.0016005808804120548
0.004201339732842262
0.0016005808804120548
0.004600736650335359
GEN 78 time 1581270118
0.0016005808804120548
0.004201339732842262
0.0016005808804120548
0.004600736650335359
GEN 79 time 1581270129
0.0016005808804120548
0.004201339732842262
0.0016005808804120548
0.004600736650335359
GEN 80 time 1581270140
0.0016005808804120548
0.004201339732842262
0.0016005808804120548
0.004600736650335359
GEN 81 time 1581270151
0.0016005808804120548
0.004201339732842262
0.0016005808804120548
0.004600736650335359
GEN 82 time 1581270162
0.0016005808804120548
0.004201339732842262
0.0016005808804120548
0.004600736650335359
GEN 83 time 1581270173
0.0016005808804120548
0.004201339732842262
0.0016005808804120548
0.004600736650335359
GEN 84 time 1581270184
0.0016005808804120548
0.004201339732842262
0.0016005808804120548
0.004600736650335359
GEN 85 time 1581270195
0.0016005808804120548
0.0040013960209502215
0.0016005808804120548
0.004600736650335359
GEN 86 time 1581270206
0.0016005808804120548
0.0040013960209502215
0.0016005808804120548
0.004600736650335359
GEN 87 time 1581270217
0.0016005808804120548
0.0040013960209502215
0.0016005808804120548
0.004600736650335359
GEN 88 time 1581270228
0.0016005808804120548
0.0040013960209502215
0.0016005808804120548
0.004600736650335359
GEN 89 time 1581270239
0.0016005808804120548
0.0040013960209502215
0.0016005808804120548
0.004600736650335359
GEN 90 time 1581270249
0.0016005808804120548
0.0040013960209502215
0.0016005808804120548
0.004600736650335359
GEN 91 time 1581270260
0.0016005808804120548
0.0040013960209502215
0.0016005808804120548
0.004600736650335359
GEN 92 time 1581270271
0.0016005808804120548
0.0040013960209502215
0.0016005808804120548
0.004600736650335359
GEN 93 time 1581270282
0.0016005808804120548
0.0040013960209502215
0.0016005808804120548
0.004600736650335359
GEN 94 time 1581270293
0.0016005808804120548
0.0040013960209502215
0.0016005808804120548
0.004600736650335359
GEN 95 time 1581270303
0.0016005808804120548
0.0040013960209502215
0.0016005808804120548
0.004600736650335359
GEN 96 time 1581270314
0.0016005808804120548
0.0040013960209502215
0.0016005808804120548
0.004600736650335359
GEN 97 time 1581270324
0.0016005808804120548
0.0040013960209502215
0.0016005808804120548
0.004600736650335359
GEN 98 time 1581270335
0.0016005808804120548
0.0040013960209502215
0.0016005808804120548
0.004600736650335359
GEN 99 time 1581270345
0.0016005808804120548
0.0040013960209502215
0.0016005808804120548
0.004600736650335359
