['./data/layer/ga-dem6_r50_1.json', './data/layer/ga-dem6_r25_1.json', './data/layer/ga-dem5_r25_1.json', './data/hop/ga-dem6_r25_1_0.json']
GEN 0 time 1581326843
0.0022019812974413307
0.0020009214528560436
0.002400856455468695
0.002800882042103688
GEN 1 time 1581326847
0.002201492624176345
0.0020009214528560436
0.002400856455468695
0.002800882042103688
GEN 2 time 1581326852
0.0018010961746008222
0.002000611137842152
0.0022009639530196938
0.002800882042103688
GEN 3 time 1581326857
0.0018010961746008222
0.002000611137842152
0.0022009639530196938
0.00280054707273865
GEN 4 time 1581326863
0.0018010961746008222
0.002000611137842152
0.002200598499350706
0.00280054707273865
GEN 5 time 1581326869
0.0018010961746008222
0.002000611137842152
0.0014009961780463206
0.00280054707273865
GEN 6 time 1581326875
0.0018010961746008222
0.002000611137842152
0.0014009961780463206
0.00280054707273865
GEN 7 time 1581326882
0.0018010961746008222
0.002000611137842152
0.0014009961780463206
0.00280054707273865
GEN 8 time 1581326888
0.0018010961746008222
0.002000611137842152
0.0014009961780463206
0.002200644286512729
GEN 9 time 1581326895
0.0018010961746008222
0.0018009433053158008
0.0014009961780463206
0.002200644286512729
GEN 10 time 1581326902
0.0018010961746008222
0.0018009433053158008
0.0014009961780463206
0.002200644286512729
GEN 11 time 1581326908
0.0018010961746008222
0.0018009433053158008
0.0014009961780463206
0.002200644286512729
GEN 12 time 1581326915
0.0018010961746008222
0.0016009214528560436
0.0014009961780463206
0.002200644286512729
GEN 13 time 1581326922
0.0018010961746008222
0.0016009214528560436
0.0014009961780463206
0.002200644286512729
GEN 14 time 1581326929
0.0018010961746008222
0.0016009214528560436
0.0014009961780463206
0.002200644286512729
GEN 15 time 1581326936
0.0018010961746008222
0.0016009214528560436
0.0014009961780463206
0.002200644286512729
GEN 16 time 1581326943
0.0018010961746008222
0.0016009214528560436
0.0014009961780463206
0.0020009259763815916
GEN 17 time 1581326951
0.0018010961746008222
0.0016009214528560436
0.0014009961780463206
0.0020009259763815916
GEN 18 time 1581326958
0.0018010961746008222
0.0016009214528560436
0.0014009961780463206
0.0020009259763815916
GEN 19 time 1581326965
0.0018010961746008222
0.0016009214528560436
0.0014007030899970791
0.0020009259763815916
GEN 20 time 1581326972
0.0018010961746008222
0.0016009214528560436
0.0014007030899970791
0.0020009259763815916
GEN 21 time 1581326979
0.0018010961746008222
0.0016009214528560436
0.0014007030899970791
0.0020009259763815916
GEN 22 time 1581326987
0.0018010961746008222
0.0016009214528560436
0.0014007030899970791
0.0020009259763815916
GEN 23 time 1581326994
0.0018010961746008222
0.0016009214528560436
0.0014007030899970791
0.0020009259763815916
GEN 24 time 1581327002
0.0018010961746008222
0.0016009214528560436
0.0014007030899970791
0.0020009259763815916
GEN 25 time 1581327009
0.0018010961746008222
0.0016009214528560436
0.0014007030899970791
0.0020009259763815916
GEN 26 time 1581327016
0.0016019920939654509
0.0016009093702771984
0.0014007030899970791
0.0020009259763815916
GEN 27 time 1581327024
0.0016019920939654509
0.0016008479476610736
0.0014007030899970791
0.0020009259763815916
GEN 28 time 1581327031
0.0016019920939654509
0.0016008479476610736
0.0014007030899970791
0.0020009259763815916
GEN 29 time 1581327039
0.0016019920939654509
0.0016008479476610736
0.0014007030899970791
0.0020009259763815916
GEN 30 time 1581327047
0.0016019920939654509
0.0014009093702771983
0.0014007030899970791
0.0020009259763815916
GEN 31 time 1581327055
0.0016019920939654509
0.0014009093702771983
0.0014007030899970791
0.0020009259763815916
GEN 32 time 1581327062
0.0016019920939654509
0.0014009093702771983
0.0014007030899970791
0.0020009259763815916
GEN 33 time 1581327070
0.0016019191609113455
0.0014009093702771983
0.0014007030899970791
0.0020009259763815916
GEN 34 time 1581327077
0.0016019191609113455
0.0014009093702771983
0.0014007030899970791
0.0020009259763815916
GEN 35 time 1581327085
0.0016019191609113455
0.0014009093702771983
0.0014007030899970791
0.0020009259763815916
GEN 36 time 1581327092
0.0016019191609113455
0.0014009093702771983
0.0014007030899970791
0.0020009259763815916
GEN 37 time 1581327100
0.0016019191609113455
0.0014009093702771983
0.0014007030899970791
0.0020009259763815916
GEN 38 time 1581327107
0.0016019191609113455
0.0014009093702771983
0.0014007030899970791
0.0020009259763815916
GEN 39 time 1581327115
0.0016019191609113455
0.0014009093702771983
0.0014007030899970791
0.0020009259763815916
GEN 40 time 1581327122
0.0016019191609113455
0.0014009093702771983
0.0014007030899970791
0.0020009259763815916
GEN 41 time 1581327130
0.0016019191609113455
0.0014009093702771983
0.0014007030899970791
0.0020009259763815916
GEN 42 time 1581327138
0.0016019191609113455
0.0014009093702771983
0.0014007030899970791
0.0020009259763815916
GEN 43 time 1581327145
0.0016019191609113455
0.0014009093702771983
0.0014007030899970791
0.0020009259763815916
GEN 44 time 1581327153
0.0016019191609113455
0.0014009093702771983
0.0014007030899970791
0.0020009259763815916
GEN 45 time 1581327160
0.0016019191609113455
0.0014009093702771983
0.0014007030899970791
0.0020009259763815916
GEN 46 time 1581327168
0.0016019191609113455
0.0014009093702771983
0.0014007030899970791
0.0020009259763815916
GEN 47 time 1581327175
0.0016019191609113455
0.0014009093702771983
0.0014007030899970791
0.0020009259763815916
GEN 48 time 1581327183
0.0016019191609113455
0.0014006662528018609
0.0014007030899970791
0.0020009259763815916
GEN 49 time 1581327190
0.0016019191609113455
0.0014006662528018609
0.0014007030899970791
0.0020009259763815916
GEN 50 time 1581327198
0.0016019191609113455
0.0014006662528018609
0.0014007030899970791
0.002000611137842152
GEN 51 time 1581327205
0.0016019191609113455
0.0014006662528018609
0.0014007030899970791
0.002000611137842152
GEN 52 time 1581327213
0.0016019191609113455
0.0014006662528018609
0.0014007030899970791
0.002000611137842152
GEN 53 time 1581327220
0.0016019191609113455
0.0014006662528018609
0.0014007030899970791
0.002000611137842152
GEN 54 time 1581327227
0.0016019191609113455
0.0014006662528018609
0.0014007030899970791
0.002000611137842152
GEN 55 time 1581327235
0.0016019191609113455
0.0014006662528018609
0.0014007030899970791
0.002000611137842152
GEN 56 time 1581327242
0.001601646689153388
0.0014006662528018609
0.0014007030899970791
0.002000611137842152
GEN 57 time 1581327249
0.001601492624176345
0.0014006662528018609
0.001400598499350706
0.002000611137842152
GEN 58 time 1581327257
0.0014019920939654508
0.0014006662528018609
0.001400598499350706
0.002000611137842152
GEN 59 time 1581327264
0.0014019920939654508
0.0014006662528018609
0.001400598499350706
0.002000611137842152
GEN 60 time 1581327271
0.0014019920939654508
0.0014006662528018609
0.001400598499350706
0.002000611137842152
GEN 61 time 1581327279
0.0014019920939654508
0.0014006662528018609
0.001400598499350706
0.002000611137842152
GEN 62 time 1581327286
0.0014019920939654508
0.0012009433053158007
0.001400598499350706
0.002000611137842152
GEN 63 time 1581327293
0.0014019920939654508
0.0012009433053158007
0.001400598499350706
0.002000599352165262
GEN 64 time 1581327301
0.0014019920939654508
0.0012009433053158007
0.001400598499350706
0.002000599352165262
GEN 65 time 1581327308
0.0014019920939654508
0.0012009433053158007
0.001400598499350706
0.002000599352165262
GEN 66 time 1581327316
0.0014019920939654508
0.0012006111378421518
0.001400598499350706
0.002000599352165262
GEN 67 time 1581327323
0.0014019920939654508
0.0012006111378421518
0.001400598499350706
0.002000599352165262
GEN 68 time 1581327330
0.0014019920939654508
0.0012006111378421518
0.001400598499350706
0.002000599352165262
GEN 69 time 1581327338
0.0014019920939654508
0.0012006111378421518
0.001400598499350706
0.002000599352165262
GEN 70 time 1581327345
0.0014019920939654508
0.0012006111378421518
0.001400598499350706
0.002000599352165262
GEN 71 time 1581327352
0.0014019920939654508
0.0012006111378421518
0.001400598499350706
0.002000599352165262
GEN 72 time 1581327360
0.0014019920939654508
0.0012006111378421518
0.001400598499350706
0.002000599352165262
GEN 73 time 1581327368
0.0014019920939654508
0.0012006111378421518
0.001400598499350706
0.002000599352165262
GEN 74 time 1581327375
0.0014019920939654508
0.0012006111378421518
0.001400598499350706
0.002000599352165262
GEN 75 time 1581327383
0.0014019920939654508
0.0012006111378421518
0.001400598499350706
0.002000599352165262
GEN 76 time 1581327390
0.0014019920939654508
0.0012006111378421518
0.001400598499350706
0.002000599352165262
GEN 77 time 1581327397
0.0014019920939654508
0.0012006111378421518
0.001400598499350706
0.002000599352165262
GEN 78 time 1581327404
0.0014019920939654508
0.0012006111378421518
0.001400598499350706
0.002000599352165262
GEN 79 time 1581327411
0.0014019191609113454
0.0012006111378421518
0.001400598499350706
0.002000599352165262
GEN 80 time 1581327419
0.0014019191609113454
0.0012006111378421518
0.001400598499350706
0.002000599352165262
GEN 81 time 1581327426
0.0014019191609113454
0.0012006111378421518
0.001400598499350706
0.001800881956177848
GEN 82 time 1581327433
0.0014019191609113454
0.0012006111378421518
0.001400598499350706
0.001800881956177848
GEN 83 time 1581327440
0.0014019191609113454
0.0012006111378421518
0.001400598499350706
0.001800881956177848
GEN 84 time 1581327447
0.0014019191609113454
0.0012006111378421518
0.001400598499350706
0.001800881956177848
GEN 85 time 1581327455
0.0014019191609113454
0.0012006111378421518
0.001400598499350706
0.001800881956177848
GEN 86 time 1581327462
0.0014019191609113454
0.0012006111378421518
0.001400598499350706
0.001800881956177848
GEN 87 time 1581327469
0.0014019191609113454
0.0012006111378421518
0.001400598499350706
0.001800881956177848
GEN 88 time 1581327476
0.0014019191609113454
0.0012006111378421518
0.001400598499350706
0.001800881956177848
GEN 89 time 1581327483
0.0014019191609113454
0.0012006111378421518
0.001400598499350706
0.001800881956177848
GEN 90 time 1581327490
0.0014019191609113454
0.0012006111378421518
0.001400598499350706
0.001800881956177848
GEN 91 time 1581327497
0.0014019191609113454
0.0012006111378421518
0.001400598499350706
0.001800881956177848
GEN 92 time 1581327505
0.0014019191609113454
0.0012006111378421518
0.001400598499350706
0.001800881956177848
GEN 93 time 1581327512
0.0014019191609113454
0.0012006111378421518
0.001400598499350706
0.001800881956177848
GEN 94 time 1581327519
0.0014019191609113454
0.0012006111378421518
0.001400598499350706
0.001800881956177848
GEN 95 time 1581327527
0.0014017450756257145
0.0012006111378421518
0.001400598499350706
0.001800881956177848
GEN 96 time 1581327534
0.0014017450756257145
0.0012006111378421518
0.001400598499350706
0.001800881956177848
GEN 97 time 1581327541
0.0014017450756257145
0.0012006111378421518
0.001400598499350706
0.001800881956177848
GEN 98 time 1581327548
0.0014017450756257145
0.0012006111378421518
0.001400598499350706
0.001800881956177848
GEN 99 time 1581327556
0.0014017450756257145
0.0012006111378421518
0.001400598499350706
0.001800881956177848
