['./data/layer/no-dem7_r25_1.json', './data/hop/no-dem7_r25_1_0.json', './data/hop/no-dem7_r25_1_40.json', './data/hop/no-dem7_r50_1_0.json']
GEN 0 time 1581267685
0.002000785325827413
0.0026009064295971214
0.006400892855794284
0.002401478958364368
GEN 1 time 1581267691
0.002000785325827413
0.0026009064295971214
0.006400892855794284
0.002401478958364368
GEN 2 time 1581267698
0.002000785325827413
0.0026009064295971214
0.006400892855794284
0.002401478958364368
GEN 3 time 1581267705
0.001800899798598462
0.002200906429597121
0.006400892855794284
0.002401478958364368
GEN 4 time 1581267712
0.001800899798598462
0.002200906429597121
0.006400892855794284
0.002401478958364368
GEN 5 time 1581267719
0.001800899798598462
0.002200906429597121
0.006400892855794284
0.002401478958364368
GEN 6 time 1581267727
0.001800899798598462
0.002200906429597121
0.0060009996971476095
0.002401478958364368
GEN 7 time 1581267735
0.001800899798598462
0.002200906429597121
0.0060009996971476095
0.002401478958364368
GEN 8 time 1581267743
0.001800899798598462
0.002200906429597121
0.0060009996971476095
0.0022011846528097703
GEN 9 time 1581267751
0.001800899798598462
0.002200906429597121
0.0058008997985984625
0.0022011846528097703
GEN 10 time 1581267759
0.001800899798598462
0.002200906429597121
0.0058008997985984625
0.0022011846528097703
GEN 11 time 1581267767
0.0018006898422779551
0.002200906429597121
0.0058008997985984625
0.0022011846528097703
GEN 12 time 1581267775
0.0018006898422779551
0.002200906429597121
0.005200772087419882
0.0022011846528097703
GEN 13 time 1581267783
0.0018006898422779551
0.002200906429597121
0.005200772087419882
0.0022011846528097703
GEN 14 time 1581267791
0.0016009449268318988
0.002200906429597121
0.004600989426203155
0.0022011846528097703
GEN 15 time 1581267800
0.0016009449268318988
0.002000801469912847
0.004600989426203155
0.0022011846528097703
GEN 16 time 1581267808
0.0016009449268318988
0.002000491233791703
0.004600989426203155
0.0022011846528097703
GEN 17 time 1581267816
0.0016008997985984621
0.002000491233791703
0.004600989426203155
0.0020011586583778573
GEN 18 time 1581267825
0.0016008997985984621
0.002000491233791703
0.004600989426203155
0.0020011586583778573
GEN 19 time 1581267834
0.0016008997985984621
0.002000491233791703
0.004600989426203155
0.0020011586583778573
GEN 20 time 1581267842
0.0016008997985984621
0.002000491233791703
0.004600989426203155
0.0020011586583778573
GEN 21 time 1581267851
0.0016008997985984621
0.002000491233791703
0.004600989426203155
0.0020011586583778573
GEN 22 time 1581267859
0.0016008997985984621
0.002000491233791703
0.004600989426203155
0.0020011586583778573
GEN 23 time 1581267868
0.0016008997985984621
0.002000491233791703
0.004600989426203155
0.0020011586583778573
GEN 24 time 1581267876
0.0016008997985984621
0.002000491233791703
0.004600989426203155
0.0020011586583778573
GEN 25 time 1581267885
0.0016006898422779553
0.002000491233791703
0.004600989426203155
0.0020011586583778573
GEN 26 time 1581267893
0.0016006898422779553
0.002000491233791703
0.004600989426203155
0.0020011586583778573
GEN 27 time 1581267902
0.0016006898422779553
0.002000491233791703
0.004600899798598462
0.0020011586583778573
GEN 28 time 1581267911
0.0016006898422779553
0.002000491233791703
0.004600899798598462
0.0020011586583778573
GEN 29 time 1581267920
0.0016006898422779553
0.002000491233791703
0.004600899798598462
0.0020011586583778573
GEN 30 time 1581267928
0.0016006898422779553
0.002000491233791703
0.004600899798598462
0.0020011586583778573
GEN 31 time 1581267937
0.0016006898422779553
0.002000491233791703
0.004600899798598462
0.0020011586583778573
GEN 32 time 1581267945
0.0016006898422779553
0.002000491233791703
0.004400772087419883
0.0020011586583778573
GEN 33 time 1581267954
0.0016006898422779553
0.002000491233791703
0.004400772087419883
0.0018019719438305828
GEN 34 time 1581267962
0.0016006898422779553
0.002000491233791703
0.004400772087419883
0.0018019719438305828
GEN 35 time 1581267971
0.0016006898422779553
0.002000491233791703
0.004400772087419883
0.0018019719438305828
GEN 36 time 1581267980
0.0016006898422779553
0.002000491233791703
0.004400772087419883
0.0018019719438305828
GEN 37 time 1581267988
0.0016006898422779553
0.002000491233791703
0.004400772087419883
0.0018019719438305828
GEN 38 time 1581267997
0.0016006898422779553
0.002000491233791703
0.004400772087419883
0.0018019719438305828
GEN 39 time 1581268006
0.0016006898422779553
0.002000491233791703
0.004400772087419883
0.0018019719438305828
GEN 40 time 1581268014
0.0014005749822231248
0.002000491233791703
0.004400772087419883
0.0018019719438305828
GEN 41 time 1581268023
0.0014005749822231248
0.002000491233791703
0.004400772087419883
0.0018019719438305828
GEN 42 time 1581268031
0.0014005749822231248
0.002000491233791703
0.004400772087419883
0.0018019719438305828
GEN 43 time 1581268039
0.0014005749822231248
0.002000491233791703
0.004400772087419883
0.0018018598801169408
GEN 44 time 1581268048
0.0014005749822231248
0.002000491233791703
0.004400772087419883
0.0018018598801169408
GEN 45 time 1581268057
0.0014005749822231248
0.002000491233791703
0.004200899798598462
0.0018018598801169408
GEN 46 time 1581268065
0.0014005749822231248
0.0016009729680721383
0.004200899798598462
0.0018018598801169408
GEN 47 time 1581268074
0.0014005749822231248
0.0016009729680721383
0.004200899798598462
0.0018018598801169408
GEN 48 time 1581268082
0.0014005749822231248
0.0016009729680721383
0.004200899798598462
0.0018018598801169408
GEN 49 time 1581268091
0.0014005749822231248
0.0016009729680721383
0.004200899798598462
0.0018018598801169408
GEN 50 time 1581268100
0.0014005749822231248
0.0016009729680721383
0.004200899798598462
0.0018018598801169408
GEN 51 time 1581268108
0.0014005749822231248
0.0016009729680721383
0.004200899798598462
0.0018018598801169408
GEN 52 time 1581268117
0.0014005749822231248
0.0016009729680721383
0.004200772087419882
0.0018018598801169408
GEN 53 time 1581268126
0.0014005749822231248
0.0016009729680721383
0.004200772087419882
0.0018018598801169408
GEN 54 time 1581268134
0.0014005749822231248
0.0016009729680721383
0.004200772087419882
0.0018018598801169408
GEN 55 time 1581268143
0.0014005749822231248
0.0016009729680721383
0.004200772087419882
0.0018018598801169408
GEN 56 time 1581268152
0.0014005749822231248
0.0016009729680721383
0.004200772087419882
0.0018018598801169408
GEN 57 time 1581268161
0.0014005749822231248
0.0016009729680721383
0.004200772087419882
0.0018018598801169408
GEN 58 time 1581268170
0.0014005749822231248
0.0016009729680721383
0.004200772087419882
0.0018018598801169408
GEN 59 time 1581268179
0.0014005749822231248
0.0016009729680721383
0.0038009064295971215
0.0016019699236979002
GEN 60 time 1581268187
0.0014005749822231248
0.0016009729680721383
0.0038009064295971215
0.0016019699236979002
GEN 61 time 1581268196
0.0014005749822231248
0.0016009729680721383
0.0038009064295971215
0.0016019699236979002
GEN 62 time 1581268205
0.0014005749822231248
0.0016009729680721383
0.0038009064295971215
0.0016019699236979002
GEN 63 time 1581268213
0.0014005749822231248
0.0016009729680721383
0.0038009064295971215
0.0016019699236979002
GEN 64 time 1581268222
0.0014005749822231248
0.0016009729680721383
0.0038009064295971215
0.0016019699236979002
GEN 65 time 1581268231
0.0014005749822231248
0.0016009729680721383
0.0038009064295971215
0.0016019699236979002
GEN 66 time 1581268239
0.0014005749822231248
0.0016009729680721383
0.0038009064295971215
0.0016019699236979002
GEN 67 time 1581268248
0.0014005749822231248
0.0016009729680721383
0.0038009064295971215
0.0016019699236979002
GEN 68 time 1581268257
0.0014005749822231248
0.0016009729680721383
0.0038009064295971215
0.0016019699236979002
GEN 69 time 1581268265
0.0014005749822231248
0.0016009729680721383
0.0038009064295971215
0.0016019699236979002
GEN 70 time 1581268273
0.0014005749822231248
0.0016009729680721383
0.0038009064295971215
0.0016019699236979002
GEN 71 time 1581268282
0.0014005749822231248
0.0016009729680721383
0.0038009064295971215
0.0016019699236979002
GEN 72 time 1581268290
0.0014005749822231248
0.0016009729680721383
0.0038009064295971215
0.0016019699236979002
GEN 73 time 1581268298
0.0014005749822231248
0.0016009729680721383
0.0038009064295971215
0.0016019699236979002
GEN 74 time 1581268306
0.0014005749822231248
0.0016009729680721383
0.0038009064295971215
0.0016018598801169409
GEN 75 time 1581268314
0.0014005749822231248
0.0016009729680721383
0.0038009064295971215
0.0016018598801169409
GEN 76 time 1581268322
0.0014005749822231248
0.0016009729680721383
0.0038009064295971215
0.0016018598801169409
GEN 77 time 1581268330
0.0014005749822231248
0.0016009729680721383
0.0038009064295971215
0.0016018598801169409
GEN 78 time 1581268338
0.0014005749822231248
0.0016009729680721383
0.0038009064295971215
0.0016018598801169409
GEN 79 time 1581268346
0.0014005749822231248
0.0016009729680721383
0.0038009064295971215
0.0016018598801169409
GEN 80 time 1581268354
0.0014005749822231248
0.0016009729680721383
0.0038009064295971215
0.0016018598801169409
GEN 81 time 1581268362
0.0014005749822231248
0.0016009729680721383
0.0038009064295971215
0.0016018598801169409
GEN 82 time 1581268370
0.0014005749822231248
0.0016009729680721383
0.0038009064295971215
0.0016018598801169409
GEN 83 time 1581268378
0.0014005749822231248
0.0016009729680721383
0.0038009064295971215
0.0016018598801169409
GEN 84 time 1581268386
0.0014005749822231248
0.0016009729680721383
0.0038009064295971215
0.0016018598801169409
GEN 85 time 1581268395
0.0014005749822231248
0.0016009539746941197
0.0038009064295971215
0.0016018598801169409
GEN 86 time 1581268403
0.0014005749822231248
0.0016009539746941197
0.0038009064295971215
0.0016018598801169409
GEN 87 time 1581268411
0.0014005749822231248
0.0016009539746941197
0.0038009064295971215
0.0016018598801169409
GEN 88 time 1581268420
0.0014005749822231248
0.0016009539746941197
0.0038009064295971215
0.0016018598801169409
GEN 89 time 1581268428
0.0014005749822231248
0.0016009539746941197
0.0038009064295971215
0.0016018598801169409
GEN 90 time 1581268436
0.0014005749822231248
0.0016009539746941197
0.0038009064295971215
0.0016018598801169409
GEN 91 time 1581268445
0.0014005749822231248
0.0016009539746941197
0.0038009064295971215
0.0016018598801169409
GEN 92 time 1581268453
0.001200972968072138
0.0016009539746941197
0.0038009064295971215
0.0016018598801169409
GEN 93 time 1581268461
0.001200972968072138
0.0016009539746941197
0.0038009064295971215
0.0016018598801169409
GEN 94 time 1581268470
0.001200972968072138
0.0016009539746941197
0.0038009064295971215
0.0016018598801169409
GEN 95 time 1581268478
0.001200972968072138
0.0016009539746941197
0.0038009064295971215
0.0016018598801169409
GEN 96 time 1581268487
0.001200972968072138
0.0016009539746941197
0.0038008997985984625
0.0016018598801169409
GEN 97 time 1581268495
0.001200972968072138
0.0016009539746941197
0.0038008997985984625
0.0016018598801169409
GEN 98 time 1581268503
0.001200972968072138
0.0016009539746941197
0.0038008997985984625
0.0016018598801169409
GEN 99 time 1581268512
0.001200972968072138
0.0016009539746941197
0.0038008997985984625
0.0016018598801169409
