['./data/layer/uu-dem9_r25_1.json', './data/hop/uu-dem9_r25_1_0.json', './data/hop/uu-dem9_r25_1_40.json', './data/hop/uu-dem9_r50_1_0.json']
GEN 0 time 1581269229
0.0018009710514460702
0.0024009260384496435
0.005400455562918945
0.0014018547242940999
GEN 1 time 1581269235
0.0018007581005346951
0.002400904112943644
0.005400455562918945
0.0014018547242940999
GEN 2 time 1581269241
0.0018007581005346951
0.0024007092682414807
0.005400455562918945
0.0014018547242940999
GEN 3 time 1581269247
0.0014009710514460703
0.0024007092682414807
0.004400948199814333
0.0014018547242940999
GEN 4 time 1581269253
0.0014009710514460703
0.002200943082912057
0.004400948199814333
0.0014018547242940999
GEN 5 time 1581269259
0.0014009710514460703
0.002200943082912057
0.004400948199814333
0.0014018547242940999
GEN 6 time 1581269265
0.0014009710514460703
0.0018006961018846117
0.004400948199814333
0.0014018547242940999
GEN 7 time 1581269272
0.0014009710514460703
0.0018006961018846117
0.004400948199814333
0.0014018547242940999
GEN 8 time 1581269280
0.0014009710514460703
0.0018006961018846117
0.004400948199814333
0.0014018547242940999
GEN 9 time 1581269287
0.0014009710514460703
0.0018006961018846117
0.004400948199814333
0.0014018547242940999
GEN 10 time 1581269294
0.0014009710514460703
0.0018006961018846117
0.004400948199814333
0.0014018547242940999
GEN 11 time 1581269301
0.0014009710514460703
0.0018006961018846117
0.0040009041129436445
0.0014018547242940999
GEN 12 time 1581269308
0.001400580825820909
0.0018006961018846117
0.0040009041129436445
0.0014018547242940999
GEN 13 time 1581269315
0.001400580825820909
0.0018006961018846117
0.0040009041129436445
0.0014018547242940999
GEN 14 time 1581269322
0.001400580825820909
0.0018006961018846117
0.0040009041129436445
0.0014018547242940999
GEN 15 time 1581269329
0.001400580825820909
0.0018006961018846117
0.0040009041129436445
0.0014018547242940999
GEN 16 time 1581269337
0.001400580825820909
0.0018006961018846117
0.0040009041129436445
0.0014018547242940999
GEN 17 time 1581269344
0.001400580825820909
0.0018006961018846117
0.0040009041129436445
0.0014018547242940999
GEN 18 time 1581269351
0.001400580825820909
0.0018006961018846117
0.0040009041129436445
0.0014018547242940999
GEN 19 time 1581269358
0.001400580825820909
0.0018006961018846117
0.0040009041129436445
0.0014018547242940999
GEN 20 time 1581269365
0.0012006961018846117
0.0018006961018846117
0.0040009041129436445
0.0014018547242940999
GEN 21 time 1581269372
0.0012006961018846117
0.0018006961018846117
0.0040009041129436445
0.0014018547242940999
GEN 22 time 1581269379
0.0012006961018846117
0.0018006961018846117
0.0040009041129436445
0.0014018547242940999
GEN 23 time 1581269386
0.0012006961018846117
0.0018006961018846117
0.003800943082912057
0.0014018547242940999
GEN 24 time 1581269394
0.0012006961018846117
0.0018006961018846117
0.003800943082912057
0.0014018547242940999
GEN 25 time 1581269401
0.0012006961018846117
0.0018006961018846117
0.003800943082912057
0.0014018547242940999
GEN 26 time 1581269409
0.0012006961018846117
0.0018006961018846117
0.003800943082912057
0.0014018547242940999
GEN 27 time 1581269416
0.0012006961018846117
0.0018006961018846117
0.003800943082912057
0.0014018547242940999
GEN 28 time 1581269423
0.0012006961018846117
0.0018006961018846117
0.0038007955925661494
0.0014018547242940999
GEN 29 time 1581269430
0.0012006961018846117
0.0018006961018846117
0.0038007955925661494
0.0014018547242940999
GEN 30 time 1581269438
0.0012006961018846117
0.0018006961018846117
0.0038007955925661494
0.0014018547242940999
GEN 31 time 1581269445
0.0012006961018846117
0.0018006961018846117
0.0038007955925661494
0.0014018547242940999
GEN 32 time 1581269452
0.0012006961018846117
0.0018006961018846117
0.0038007955925661494
0.0014018547242940999
GEN 33 time 1581269459
0.0012006961018846117
0.0018006961018846117
0.0038007955925661494
0.0014018547242940999
GEN 34 time 1581269466
0.0012006961018846117
0.0018006961018846117
0.0038007955925661494
0.0014018547242940999
GEN 35 time 1581269474
0.0012006961018846117
0.0018006961018846117
0.0038007955925661494
0.0014018547242940999
GEN 36 time 1581269481
0.0012006961018846117
0.0018006961018846117
0.0038007955925661494
0.0014018547242940999
GEN 37 time 1581269488
0.0012006961018846117
0.0018006961018846117
0.0038007955925661494
0.0014018547242940999
GEN 38 time 1581269495
0.0012006961018846117
0.0018006961018846117
0.0038007955925661494
0.0014018547242940999
GEN 39 time 1581269502
0.0012006961018846117
0.0018006961018846117
0.0038007955925661494
0.0014018547242940999
GEN 40 time 1581269510
0.0012006961018846117
0.0018006961018846117
0.0038007955925661494
0.0014018547242940999
GEN 41 time 1581269517
0.0012006961018846117
0.0018006961018846117
0.0038007955925661494
0.0014018547242940999
GEN 42 time 1581269524
0.0012006961018846117
0.001600795592566149
0.0038007955925661494
0.0014018547242940999
GEN 43 time 1581269531
0.0012006961018846117
0.001600795592566149
0.0038007955925661494
0.0014018547242940999
GEN 44 time 1581269538
0.0012006961018846117
0.001600795592566149
0.0038007955925661494
0.0014018547242940999
GEN 45 time 1581269545
0.0012006961018846117
0.001600795592566149
0.0038007955925661494
0.0014018547242940999
GEN 46 time 1581269553
0.0012006961018846117
0.001600795592566149
0.0038007955925661494
0.0014018547242940999
GEN 47 time 1581269560
0.0012006961018846117
0.001600795592566149
0.0038007955925661494
0.0014018547242940999
GEN 48 time 1581269567
0.0012006961018846117
0.001600795592566149
0.0038007955925661494
0.0014018547242940999
GEN 49 time 1581269574
0.0012006961018846117
0.001600795592566149
0.0038007955925661494
0.0014018547242940999
GEN 50 time 1581269581
0.0012006961018846117
0.001600795592566149
0.0038007955925661494
0.0014018547242940999
GEN 51 time 1581269588
0.0012006961018846117
0.001600795592566149
0.0038007955925661494
0.0014018547242940999
GEN 52 time 1581269595
0.0012006961018846117
0.001600795592566149
0.0038007955925661494
0.0014018547242940999
GEN 53 time 1581269602
0.0012006961018846117
0.001600795592566149
0.0038007955925661494
0.0014013524794742127
GEN 54 time 1581269609
0.0012006961018846117
0.001600795592566149
0.0038007955925661494
0.0014013524794742127
GEN 55 time 1581269616
0.0012006961018846117
0.001600795592566149
0.0038007955925661494
0.0014013524794742127
GEN 56 time 1581269623
0.0012006961018846117
0.001600795592566149
0.0038007955925661494
0.0014013524794742127
GEN 57 time 1581269630
0.0012006961018846117
0.0016005808258209092
0.0038007955925661494
0.0014013524794742127
GEN 58 time 1581269637
0.0012006961018846117
0.0016005808258209092
0.0038007955925661494
0.0014013524794742127
GEN 59 time 1581269644
0.0012006961018846117
0.0016005808258209092
0.0038007955925661494
0.0014013524794742127
GEN 60 time 1581269651
0.0012006961018846117
0.0016005808258209092
0.0038007955925661494
0.0014013524794742127
GEN 61 time 1581269658
0.0012006961018846117
0.0016005808258209092
0.0038007955925661494
0.0014013524794742127
GEN 62 time 1581269666
0.0012006961018846117
0.0016005808258209092
0.0032009473712231442
0.0014013524794742127
GEN 63 time 1581269673
0.0012006961018846117
0.0016005808258209092
0.0032009473712231442
0.0014013524794742127
GEN 64 time 1581269680
0.0012006961018846117
0.0016005808258209092
0.0032009473712231442
0.0014013524794742127
GEN 65 time 1581269687
0.0012006961018846117
0.0016005808258209092
0.0032009473712231442
0.0014013524794742127
GEN 66 time 1581269694
0.0012006961018846117
0.0016005808258209092
0.0032009473712231442
0.0014013524794742127
GEN 67 time 1581269702
0.0012006961018846117
0.0016005808258209092
0.0032009473712231442
0.0014013524794742127
GEN 68 time 1581269709
0.0012006961018846117
0.0016005808258209092
0.0032009473712231442
0.0014013524794742127
GEN 69 time 1581269717
0.0012006961018846117
0.0016005808258209092
0.0032009473712231442
0.0014013524794742127
GEN 70 time 1581269724
0.0012006961018846117
0.0016005808258209092
0.0032009473712231442
0.0014013524794742127
GEN 71 time 1581269732
0.0012006961018846117
0.0016005808258209092
0.0032009473712231442
0.0014013524794742127
GEN 72 time 1581269739
0.0012006961018846117
0.0016005808258209092
0.0032009473712231442
0.0014013524794742127
GEN 73 time 1581269747
0.0012006961018846117
0.0016005808258209092
0.0032009473712231442
0.0014013524794742127
GEN 74 time 1581269754
0.0012006961018846117
0.0016005808258209092
0.0032009473712231442
0.0014013524794742127
GEN 75 time 1581269762
0.0012006961018846117
0.0016005808258209092
0.0032009473712231442
0.0014013524794742127
GEN 76 time 1581269769
0.0012006961018846117
0.0016005808258209092
0.0032009473712231442
0.0014013524794742127
GEN 77 time 1581269776
0.0012006961018846117
0.0016005808258209092
0.0032009473712231442
0.0014013524794742127
GEN 78 time 1581269783
0.0012006961018846117
0.0016005808258209092
0.0032009473712231442
0.0014013524794742127
GEN 79 time 1581269791
0.0012006961018846117
0.0016005808258209092
0.0032009473712231442
0.0014013524794742127
GEN 80 time 1581269798
0.0012006961018846117
0.0016005808258209092
0.003200943082912057
0.0014013524794742127
GEN 81 time 1581269805
0.0012006961018846117
0.0016005808258209092
0.003200943082912057
0.0014013524794742127
GEN 82 time 1581269812
0.0012006961018846117
0.0016005808258209092
0.003200943082912057
0.0014013524794742127
GEN 83 time 1581269819
0.001200580825820909
0.0016005808258209092
0.003200943082912057
0.0014013524794742127
GEN 84 time 1581269826
0.001200580825820909
0.0016005808258209092
0.003200943082912057
0.0014013524794742127
GEN 85 time 1581269833
0.001200580825820909
0.0016005808258209092
0.003200943082912057
0.0014013524794742127
GEN 86 time 1581269840
0.001200580825820909
0.0016005808258209092
0.003200943082912057
0.0014013524794742127
GEN 87 time 1581269848
0.001200580825820909
0.0016005808258209092
0.003200943082912057
0.0014013524794742127
GEN 88 time 1581269855
0.001200580825820909
0.0016005808258209092
0.003200943082912057
0.0014013524794742127
GEN 89 time 1581269862
0.001200580825820909
0.0016005808258209092
0.003200943082912057
0.0014013524794742127
GEN 90 time 1581269869
0.001200580825820909
0.0016005808258209092
0.003200943082912057
0.0014013524794742127
GEN 91 time 1581269876
0.001200580825820909
0.0016005808258209092
0.003200943082912057
0.0014013524794742127
GEN 92 time 1581269883
0.001200580825820909
0.0016005808258209092
0.003200943082912057
0.0014013524794742127
GEN 93 time 1581269891
0.001200580825820909
0.0016005808258209092
0.003200943082912057
0.0014013524794742127
GEN 94 time 1581269898
0.001200580825820909
0.0016005808258209092
0.003200943082912057
0.0014013524794742127
GEN 95 time 1581269905
0.001200580825820909
0.0016005808258209092
0.003200943082912057
0.0014013524794742127
GEN 96 time 1581269912
0.001200580825820909
0.0016005808258209092
0.003200943082912057
0.0014013524794742127
GEN 97 time 1581269920
0.001200580825820909
0.0016005808258209092
0.003200943082912057
0.0014013524794742127
GEN 98 time 1581269927
0.001200580825820909
0.0016005808258209092
0.003200943082912057
0.0014013524794742127
GEN 99 time 1581269934
0.001200580825820909
0.0016005808258209092
0.0032007485858627544
0.0014013524794742127
