['./data/layer/uu-dem6_r25_1.json', './data/layer/uu-dem6_r50_1.json', './data/layer/uu-dem5_r50_1.json', './data/hop/uu-dem6_r50_1_40.json']
GEN 0 time 1585198479
inf
0.0020018163985452194
0.001801570110931876
0.00400152544931535
GEN 1 time 1585198483
0.0032009821794988023
0.0016013404573220482
0.0018011421536388926
0.00400152544931535
GEN 2 time 1585198487
0.0032009821794988023
0.0016013404573220482
0.0018011421536388926
0.00400152544931535
GEN 3 time 1585198491
0.0024009821794988024
0.0016013404573220482
0.0018011421536388926
0.00400152544931535
GEN 4 time 1585198495
0.0024009821794988024
0.0016013404573220482
0.0018011421536388926
0.00400152544931535
GEN 5 time 1585198499
0.0024009821794988024
0.0016013404573220482
0.0018011421536388926
0.00400152544931535
GEN 6 time 1585198504
0.0024009821794988024
0.0016013404573220482
0.0018011421536388926
0.00400152544931535
GEN 7 time 1585198509
0.0024009821794988024
0.0016012734615431078
0.0018011421536388926
0.0040014663629090765
GEN 8 time 1585198514
0.0022009548899714457
0.0016012734615431078
0.0018011421536388926
0.003801990587190565
GEN 9 time 1585198520
0.0022009548899714457
0.0016012734615431078
0.0018011421536388926
0.003801689139127051
GEN 10 time 1585198526
0.0022009548899714457
0.0016012734615431078
0.0018011421536388926
0.003801689139127051
GEN 11 time 1585198532
0.0022009548899714457
0.0016012734615431078
0.0018011421536388926
0.003801689139127051
GEN 12 time 1585198538
0.0022009548899714457
0.0014019906813316004
0.0018011421536388926
0.003801689139127051
GEN 13 time 1585198544
0.0022009548899714457
0.0014018520769821985
0.0018011421536388926
0.003801689139127051
GEN 14 time 1585198550
0.0018009749996773551
0.0014018520769821985
0.0016019942161341124
0.003801689139127051
GEN 15 time 1585198557
0.0018009749996773551
0.0014018520769821985
0.0016019942161341124
0.003801340457322048
GEN 16 time 1585198563
0.0018009749996773551
0.0014018520769821985
0.0016019942161341124
0.003801340457322048
GEN 17 time 1585198569
0.0018009749996773551
0.0014018520769821985
0.0016019942161341124
0.003801340457322048
GEN 18 time 1585198576
0.0018009749996773551
0.0014018520769821985
0.0016016693651489675
0.003801340457322048
GEN 19 time 1585198583
0.0018009749996773551
0.001401819682443931
0.0016009822949030795
0.003800899377130339
GEN 20 time 1585198590
0.0018009548899714457
0.0014009511393349137
0.0016009822949030795
0.003800899377130339
GEN 21 time 1585198596
0.0018008487686474008
0.0014009511393349137
0.0014017672991329447
0.003800899377130339
GEN 22 time 1585198603
0.0018008487686474008
0.0014009511393349137
0.0014017672991329447
0.003800899377130339
GEN 23 time 1585198610
0.0018008487686474008
0.0014009511393349137
0.0014017672991329447
0.003800899377130339
GEN 24 time 1585198617
0.001600848768647401
0.0014009511393349137
0.0014017672991329447
0.003800899377130339
GEN 25 time 1585198624
0.0014009821794988026
0.0014009511393349137
0.0014017672991329447
0.003800899377130339
GEN 26 time 1585198631
0.0014009821794988026
0.0014009511393349137
0.0012018597515090436
0.003800899377130339
GEN 27 time 1585198638
0.0014007885119132102
0.0014009511393349137
0.0012018597515090436
0.003800899377130339
GEN 28 time 1585198645
0.0014007885119132102
0.0014009511393349137
0.0012018597515090436
0.003800899377130339
GEN 29 time 1585198652
0.001200974999677355
0.0014009511393349137
0.0012018597515090436
0.003800899377130339
GEN 30 time 1585198659
0.001200974999677355
0.0014009511393349137
0.0012018597515090436
0.003800899377130339
GEN 31 time 1585198666
0.001200974999677355
0.0014009511393349137
0.0012018597515090436
0.003800899377130339
GEN 32 time 1585198673
0.001200974999677355
0.0014009511393349137
0.0012018597515090436
0.003800899377130339
GEN 33 time 1585198680
0.001200974999677355
0.0014009511393349137
0.0012018597515090436
0.003800899377130339
GEN 34 time 1585198687
0.001200974999677355
0.0014009511393349137
0.0012016739509793318
0.003800899377130339
GEN 35 time 1585198694
0.0012009548899714457
0.0014009511393349137
0.0012016739509793318
0.003800899377130339
GEN 36 time 1585198701
0.0012009548899714457
0.0014009511393349137
0.0012016739509793318
0.003800899377130339
GEN 37 time 1585198708
0.0012009548899714457
0.0014009511393349137
0.0012016739509793318
0.003800899377130339
GEN 38 time 1585198715
0.0012009548899714457
0.0012018163985452195
0.0012016739509793318
0.003800899377130339
GEN 39 time 1585198722
0.0012009548899714457
0.0012018163985452195
0.0012016739509793318
0.003800899377130339
GEN 40 time 1585198729
0.0012009548899714457
0.0012018163985452195
0.0012016739509793318
0.003800899377130339
GEN 41 time 1585198736
0.0012009548899714457
0.0012018163985452195
0.0012009822949030793
0.003800899377130339
GEN 42 time 1585198743
0.0012009548899714457
0.0012018163985452195
0.0012009822949030793
0.003800899377130339
GEN 43 time 1585198750
0.0012009548899714457
0.0012018163985452195
0.0012009822949030793
0.003800899377130339
GEN 44 time 1585198757
0.0012009548899714457
0.0012016891391270507
0.0012009822949030793
0.003800899377130339
GEN 45 time 1585198764
0.0012009548899714457
0.0012016891391270507
0.0012009822949030793
0.003800899377130339
GEN 46 time 1585198771
0.0012009548899714457
0.0012016891391270507
0.0012009822949030793
0.003800899377130339
GEN 47 time 1585198778
0.0012009548899714457
0.0012016891391270507
0.0012009822949030793
0.003800899377130339
GEN 48 time 1585198785
0.0012009548899714457
0.0012016891391270507
0.0012008691130041289
0.003800899377130339
GEN 49 time 1585198792
0.0012009548899714457
0.0012016891391270507
0.0012008691130041289
0.003800899377130339
GEN 50 time 1585198799
0.0012009548899714457
0.0012016891391270507
0.0012008691130041289
0.003800899377130339
GEN 51 time 1585198806
0.0012009548899714457
0.0012016891391270507
0.0012008691130041289
0.003800899377130339
GEN 52 time 1585198813
0.0012009548899714457
0.0012016891391270507
0.0012008691130041289
0.0034019221319305346
GEN 53 time 1585198820
0.0012009548899714457
0.0012016891391270507
0.0012008691130041289
0.0034019221319305346
GEN 54 time 1585198827
0.0012009548899714457
0.0012016891391270507
0.0012008691130041289
0.0034019221319305346
GEN 55 time 1585198834
0.0012009548899714457
0.0012016891391270507
0.0012008691130041289
0.0034019221319305346
GEN 56 time 1585198841
0.0012009548899714457
0.0012016891391270507
0.0012008691130041289
0.0034019221319305346
GEN 57 time 1585198848
0.0012009548899714457
0.0012016891391270507
0.0012008691130041289
0.0034019221319305346
GEN 58 time 1585198856
0.0012009548899714457
0.0012016891391270507
0.0012008691130041289
0.0034019221319305346
GEN 59 time 1585198863
0.0012009548899714457
0.0012016891391270507
0.0012008691130041289
0.0034019221319305346
GEN 60 time 1585198870
0.0012009548899714457
0.0012016891391270507
0.0012008691130041289
0.0034019221319305346
GEN 61 time 1585198877
0.0012009548899714457
0.0012016891391270507
0.0012008691130041289
0.0034019221319305346
GEN 62 time 1585198885
0.0012009548899714457
0.0012016891391270507
0.0012008691130041289
0.0034019221319305346
GEN 63 time 1585198892
0.0012009548899714457
0.0012016891391270507
0.0012008691130041289
0.0034019221319305346
GEN 64 time 1585198899
0.0012009548899714457
0.0012016891391270507
0.0012008691130041289
0.0034019221319305346
GEN 65 time 1585198907
0.0012009548899714457
0.0012016891391270507
0.0012008691130041289
0.0034019221319305346
GEN 66 time 1585198914
0.0012009548899714457
0.0012016891391270507
0.0012008691130041289
0.0034019221319305346
GEN 67 time 1585198921
0.0012009548899714457
0.0012016891391270507
0.0012008691130041289
0.0034019221319305346
GEN 68 time 1585198929
0.0012009548899714457
0.0012016891391270507
0.0012008691130041289
0.0034019221319305346
GEN 69 time 1585198936
0.0012009548899714457
0.0012016891391270507
0.0012008691130041289
0.0034019221319305346
GEN 70 time 1585198943
0.0012009548899714457
0.0012016891391270507
0.0012008691130041289
0.0034019221319305346
GEN 71 time 1585198950
0.0012009548899714457
0.0012016891391270507
0.0012008691130041289
0.0034019221319305346
GEN 72 time 1585198958
0.0012009548899714457
0.0012016891391270507
0.0012008691130041289
0.0034019221319305346
GEN 73 time 1585198965
0.0012009548899714457
0.0012016239631367797
0.0012008691130041289
0.0034019221319305346
GEN 74 time 1585198973
0.0012009548899714457
0.0012016239631367797
0.0012006650986667788
0.0034019221319305346
GEN 75 time 1585198980
0.0012009548899714457
0.0012016239631367797
0.0012006650986667788
0.0034019221319305346
GEN 76 time 1585198988
0.0012009398005720592
0.0012016239631367797
0.0012006650986667788
0.0034019221319305346
GEN 77 time 1585198995
0.0012009398005720592
0.0012016239631367797
0.0012006650986667788
0.0034019221319305346
GEN 78 time 1585199003
0.0012009398005720592
0.0012016239631367797
0.0012006650986667788
0.0034019221319305346
GEN 79 time 1585199010
0.0012009398005720592
0.0012016239631367797
0.0012006650986667788
0.0034019221319305346
GEN 80 time 1585199018
0.0012009398005720592
0.0012016239631367797
0.0012006650986667788
0.0034019221319305346
GEN 81 time 1585199026
0.0012009398005720592
0.0012016239631367797
0.0012006650986667788
0.0034019221319305346
GEN 82 time 1585199033
0.0012009398005720592
0.0012016239631367797
0.0012006650986667788
0.0034019221319305346
GEN 83 time 1585199041
0.0012009398005720592
0.0012016239631367797
0.0012006650986667788
0.003400899377130339
GEN 84 time 1585199048
0.0012009398005720592
0.0012016239631367797
0.0012006650986667788
0.003400899377130339
GEN 85 time 1585199056
0.0012009398005720592
0.0012016239631367797
0.0012006650986667788
0.003400899377130339
GEN 86 time 1585199064
0.0012009398005720592
0.0012016239631367797
0.0012006650986667788
0.003400899377130339
GEN 87 time 1585199071
0.0012009398005720592
0.0012016239631367797
0.0012006650986667788
0.003400899377130339
GEN 88 time 1585199079
0.0012009398005720592
0.0012016239631367797
0.0012006650986667788
0.003400899377130339
GEN 89 time 1585199087
0.0012009398005720592
0.0012016239631367797
0.0012006650986667788
0.003400899377130339
GEN 90 time 1585199095
0.0012009398005720592
0.0012015669687894831
0.0012006650986667788
0.003400899377130339
GEN 91 time 1585199103
0.0012009398005720592
0.0012015669687894831
0.0012006650986667788
0.003400899377130339
GEN 92 time 1585199111
0.0012009398005720592
0.0012015669687894831
0.0012006650986667788
0.003400899377130339
GEN 93 time 1585199119
0.0012008738249573738
0.0012015669687894831
0.001001927441233359
0.003400899377130339
GEN 94 time 1585199128
0.0012008738249573738
0.0012015669687894831
0.001001927441233359
0.003400899377130339
GEN 95 time 1585199136
0.0012008738249573738
0.0012015669687894831
0.001001927441233359
0.003400899377130339
GEN 96 time 1585199144
0.001200799769387539
0.0012015669687894831
0.001001927441233359
0.003400899377130339
GEN 97 time 1585199153
0.001200799769387539
0.0012015669687894831
0.001001927441233359
0.003400899377130339
GEN 98 time 1585199161
0.001200799769387539
0.0012015669687894831
0.001001927441233359
0.003400899377130339
GEN 99 time 1585199169
0.001200799769387539
0.0012015669687894831
0.001001927441233359
0.003400899377130339
