['./data/small/layer/uu-dem8_r25_1.json', './data/small/layer/uu-dem9_r25_1.json', './data/small/layer/uu-dem6_r25_1.json', './data/small/hop/uu-dem5_r25_1_0.json', './data/small/hop/uu-dem4_r25_1_0.json', './data/small/hop/uu-dem9_r25_1_0.json']
GEN 0 time 1617193893
0.0019331241698611365
0.0018266509095459789
0.001596963160098174
0.0011678627593701462
0.001239862907573002
0.0018422492528084458
GEN 1 time 1617193895
0.0019331241698611365
0.0018266509095459789
0.001596963160098174
0.0011164854782080064
0.001239862907573002
0.0018422492528084458
GEN 2 time 1617193897
0.0019331241698611365
0.0018266509095459789
0.001596963160098174
0.0011164854782080064
0.0012376140684903238
0.0016710292975141653
GEN 3 time 1617193899
0.0019331241698611365
0.0018266509095459789
0.001596963160098174
0.001052771686465652
0.0012376140684903238
0.0016710292975141653
GEN 4 time 1617193901
0.0019331241698611365
0.0018266509095459789
0.001596963160098174
0.001052771686465652
0.0012146813569774552
0.0016276038275689147
GEN 5 time 1617193903
0.0019331241698611365
0.0018266509095459789
0.001596963160098174
0.001052771686465652
0.0012146813569774552
0.0016276038275689147
GEN 6 time 1617193905
0.0019331241698611365
0.0018266509095459789
0.001596963160098174
0.001052771686465652
0.0012146813569774552
0.0014945854569661814
GEN 7 time 1617193907
0.0019331241698611365
0.0018266509095459789
0.001596963160098174
0.001052771686465652
0.0012042776951659197
0.0014945854569661814
GEN 8 time 1617193909
0.0019331241698611365
0.0018266509095459789
0.001596963160098174
0.001052771686465652
0.0010708101062218123
0.0014945854569661814
GEN 9 time 1617193911
0.0019331241698611365
0.0018266509095459789
0.001596963160098174
0.001052771686465652
0.0010708101062218123
0.0014945854569661814
GEN 10 time 1617193913
0.0019331241698611365
0.0018266509095459789
0.001596963160098174
0.001052771686465652
0.0010438228890991294
0.0014945854569661814
GEN 11 time 1617193915
0.0019331241698611365
0.0018266509095459789
0.001596963160098174
0.001052771686465652
0.0010438228890991294
0.0014945854569661814
GEN 12 time 1617193917
0.0019331241698611365
0.0018266509095459789
0.001596963160098174
0.001052771686465652
0.0010438228890991294
0.0014945854569661814
GEN 13 time 1617193919
0.0019331241698611365
0.0018266509095459789
0.001596963160098174
0.001052771686465652
0.0010438228890991294
0.0014945854569661814
GEN 14 time 1617193921
0.0019331241698611365
0.0018266509095459789
0.001596963160098174
0.001052771686465652
0.0010438228890991294
0.0014945854569661814
GEN 15 time 1617193923
0.0019331241698611365
0.0018266509095459789
0.001596963160098174
0.001052771686465652
0.0010438228890991294
0.0014924425981833402
GEN 16 time 1617193925
0.0019331241698611365
0.0018266509095459789
0.001596963160098174
0.001052771686465652
0.0010438228890991294
0.0014924425981833402
GEN 17 time 1617193927
0.0019331241698611365
0.0018266509095459789
0.001596963160098174
0.001052771686465652
0.0010438228890991294
0.0014598455649371183
GEN 18 time 1617193929
0.0019331241698611365
0.0018266509095459789
0.001596963160098174
0.001052771686465652
0.0010366738075132276
0.0014598455649371183
GEN 19 time 1617193931
0.0019331241698611365
0.0018266509095459789
0.001596963160098174
0.001052771686465652
0.0010366738075132276
0.0014523381088283507
GEN 20 time 1617193933
0.0019331241698611365
0.0018266509095459789
0.001596963160098174
0.001052771686465652
0.0010366738075132276
0.0014523381088283507
GEN 21 time 1617193935
0.0019331241698611365
0.0018266509095459789
0.001596963160098174
0.001052771686465652
0.0010166474704850544
0.0014523381088283507
GEN 22 time 1617193938
0.0019331241698611365
0.0018266509095459789
0.001596963160098174
0.001033019328776689
0.0010166474704850544
0.0014523381088283507
GEN 23 time 1617193940
0.0019331241698611365
0.0018266509095459789
0.001596963160098174
0.001033019328776689
0.0010166474704850544
0.0014523381088283507
GEN 24 time 1617193942
0.0019331241698611365
0.0018266509095459789
0.001596963160098174
0.001033019328776689
0.0010166474704850544
0.0014523381088283507
GEN 25 time 1617193944
0.0019331241698611365
0.0018266509095459789
0.001596963160098174
0.0010318742309772223
0.0010166474704850544
0.0012954497242960241
GEN 26 time 1617193946
0.0019331241698611365
0.0018266509095459789
0.001596963160098174
0.0010318742309772223
0.0010166474704850544
0.001293626714105418
GEN 27 time 1617193948
0.0019331241698611365
0.0018266509095459789
0.001596963160098174
0.0010318742309772223
0.0010166474704850544
0.0012924225981833398
GEN 28 time 1617193950
0.0019331241698611365
0.0018266509095459789
0.001596963160098174
0.0010318742309772223
0.0010166474704850544
0.0012924225981833398
GEN 29 time 1617193952
0.0019331241698611365
0.0018266509095459789
0.001596963160098174
0.0010318742309772223
0.0010166474704850544
0.0012924225981833398
GEN 30 time 1617193954
0.0019331241698611365
0.0018266509095459789
0.001596963160098174
0.0010318742309772223
0.0010166474704850544
0.0012924225981833398
GEN 31 time 1617193956
0.0019331241698611365
0.0018266509095459789
0.001596963160098174
0.001021099604846391
0.0010166474704850544
0.0012924225981833398
GEN 32 time 1617193958
0.0019331241698611365
0.0018266509095459789
0.001596963160098174
0.001021099604846391
0.0010166474704850544
0.0012924225981833398
GEN 33 time 1617193960
0.0019331241698611365
0.0018266509095459789
0.001596963160098174
0.001021099604846391
0.0010146613569774552
0.0012924225981833398
GEN 34 time 1617193962
0.0019331241698611365
0.0018266509095459789
0.001596963160098174
0.001021099604846391
0.0010146613569774552
0.0012924225981833398
GEN 35 time 1617193964
0.0019331241698611365
0.0018266509095459789
0.001596963160098174
0.001021099604846391
0.0010146613569774552
0.0012924225981833398
GEN 36 time 1617193966
0.0019331241698611365
0.0018266509095459789
0.001596963160098174
0.001021099604846391
0.0010146613569774552
0.0012924225981833398
GEN 37 time 1617193968
0.0019331241698611365
0.0018266509095459789
0.001596963160098174
0.001021099604846391
0.0010146613569774552
0.001239731348532648
GEN 38 time 1617193970
0.0019331241698611365
0.0018266509095459789
0.001596963160098174
0.001021099604846391
0.0009261660673751
0.001239731348532648
GEN 39 time 1617193972
0.0019331241698611365
0.0018266509095459789
0.001596963160098174
0.001021099604846391
0.0009261660673751
0.0012287973441475054
GEN 40 time 1617193974
0.0019331241698611365
0.0018266509095459789
0.001596963160098174
0.001021099604846391
0.0009261660673751
0.0012287973441475054
GEN 41 time 1617193976
0.0019331241698611365
0.0018266509095459789
0.001596963160098174
0.001021099604846391
0.0009261660673751
0.0012287973441475054
GEN 42 time 1617193979
0.0019331241698611365
0.0018266509095459789
0.001596963160098174
0.001021099604846391
0.0009261660673751
0.0012287973441475054
GEN 43 time 1617193981
0.0019331241698611365
0.0018266509095459789
0.001596963160098174
0.001021099604846391
0.0009261660673751
0.0012287973441475054
GEN 44 time 1617193983
0.0019331241698611365
0.0018266509095459789
0.001596963160098174
0.001021099604846391
0.0009261660673751
0.0012287973441475054
GEN 45 time 1617193985
0.0019331241698611365
0.0018266509095459789
0.001596963160098174
0.001021099604846391
0.0009261660673751
0.0012287973441475054
GEN 46 time 1617193987
0.0019331241698611365
0.0018266509095459789
0.001596963160098174
0.001021099604846391
0.0009261660673751
0.0010942223691573466
GEN 47 time 1617193989
0.0019331241698611365
0.0018266509095459789
0.001596963160098174
0.001021099604846391
0.0009261660673751
0.0010942223691573466
GEN 48 time 1617193991
0.0019331241698611365
0.0018266509095459789
0.001596963160098174
0.001021099604846391
0.0009151862785722823
0.001093606714105418
GEN 49 time 1617193993
0.0019331241698611365
0.0018266509095459789
0.001596963160098174
0.001021099604846391
0.0009151862785722823
0.001093606714105418
GEN 50 time 1617193995
0.0019331241698611365
0.0018266509095459789
0.001596963160098174
0.001021099604846391
0.0009151862785722823
0.001093606714105418
GEN 51 time 1617193997
0.0019331241698611365
0.0018266509095459789
0.001596963160098174
0.001021099604846391
0.0009151862785722823
0.001093606714105418
GEN 52 time 1617193999
0.0019331241698611365
0.0018266509095459789
0.001596963160098174
0.001021099604846391
0.0009151862785722823
0.001093606714105418
GEN 53 time 1617194001
0.0019331241698611365
0.0018266509095459789
0.001596963160098174
0.001021099604846391
0.0009151862785722823
0.001093606714105418
GEN 54 time 1617194003
0.0019331241698611365
0.0018266509095459789
0.001596963160098174
0.001021099604846391
0.0009151862785722823
0.001093606714105418
GEN 55 time 1617194005
0.0019331241698611365
0.0018266509095459789
0.001596963160098174
0.001021099604846391
0.0009151862785722823
0.001093606714105418
GEN 56 time 1617194007
0.0019331241698611365
0.0018266509095459789
0.001596963160098174
0.001021099604846391
0.0009151862785722823
0.001093606714105418
GEN 57 time 1617194009
0.0019331241698611365
0.0018266509095459789
0.001596963160098174
0.001021099604846391
0.0008887194893219466
0.001093606714105418
GEN 58 time 1617194011
0.0019331241698611365
0.0018266509095459789
0.001596963160098174
0.001021099604846391
0.0008887194893219466
0.001093606714105418
GEN 59 time 1617194013
0.0019331241698611365
0.0018266509095459789
0.001596963160098174
0.001021099604846391
0.0008887194893219466
0.001093606714105418
GEN 60 time 1617194015
0.0019331241698611365
0.0018266509095459789
0.001596963160098174
0.001021099604846391
0.0008887194893219466
0.001093606714105418
GEN 61 time 1617194017
0.0019331241698611365
0.0018266509095459789
0.001596963160098174
0.001021099604846391
0.0008887194893219466
0.001093606714105418
GEN 62 time 1617194019
0.0019331241698611365
0.0018266509095459789
0.001596963160098174
0.001021099604846391
0.0008887194893219466
0.001093606714105418
GEN 63 time 1617194022
0.0019331241698611365
0.0018266509095459789
0.001596963160098174
0.001021099604846391
0.0008887194893219466
0.001093606714105418
GEN 64 time 1617194024
0.0019331241698611365
0.0018266509095459789
0.001596963160098174
0.001021099604846391
0.0008887194893219466
0.001093606714105418
GEN 65 time 1617194026
0.0019331241698611365
0.0018266509095459789
0.001596963160098174
0.001021099604846391
0.0008887194893219466
0.0010832674836415283
GEN 66 time 1617194028
0.0019331241698611365
0.0018266509095459789
0.001596963160098174
0.001021099604846391
0.0008887194893219466
0.0010832674836415283
GEN 67 time 1617194030
0.0019331241698611365
0.0018266509095459789
0.001596963160098174
0.001021099604846391
0.0008887194893219466
0.0010832674836415283
GEN 68 time 1617194032
0.0019331241698611365
0.0018266509095459789
0.001596963160098174
0.001021099604846391
0.0008887194893219466
0.0010679240770638968
GEN 69 time 1617194034
0.0019331241698611365
0.0018266509095459789
0.001596963160098174
0.001021099604846391
0.0008887194893219466
0.0010679240770638968
GEN 70 time 1617194036
0.0019331241698611365
0.0018266509095459789
0.001596963160098174
0.001021099604846391
0.0008887194893219466
0.0010679240770638968
GEN 71 time 1617194038
0.0019331241698611365
0.0018266509095459789
0.001596963160098174
0.001021099604846391
0.0008887194893219466
0.0010679240770638968
GEN 72 time 1617194040
0.0019331241698611365
0.0018266509095459789
0.001596963160098174
0.001021099604846391
0.0008887194893219466
0.0010679240770638968
GEN 73 time 1617194042
0.0019331241698611365
0.0018266509095459789
0.001596963160098174
0.001021099604846391
0.0008887194893219466
0.0010679240770638968
GEN 74 time 1617194044
0.0019331241698611365
0.0018266509095459789
0.001596963160098174
0.001021099604846391
0.0008887194893219466
0.0010679240770638968
GEN 75 time 1617194046
0.0019331241698611365
0.0018266509095459789
0.001596963160098174
0.001021099604846391
0.0008887194893219466
0.0010679240770638968
GEN 76 time 1617194048
0.0019331241698611365
0.0018266509095459789
0.001596963160098174
0.001021099604846391
0.0008887194893219466
0.0010679240770638968
GEN 77 time 1617194050
0.0019331241698611365
0.0018266509095459789
0.001596963160098174
0.001021099604846391
0.0008858520134868513
0.0010679240770638968
GEN 78 time 1617194052
0.0019331241698611365
0.0018266509095459789
0.001596963160098174
0.001021099604846391
0.0008858520134868513
0.0010679240770638968
GEN 79 time 1617194054
0.0019331241698611365
0.0018266509095459789
0.001596963160098174
0.001021099604846391
0.0008858520134868513
0.0010679240770638968
GEN 80 time 1617194056
0.0019331241698611365
0.0018266509095459789
0.001596963160098174
0.001021099604846391
0.0008858520134868513
0.0010679240770638968
GEN 81 time 1617194058
0.0019331241698611365
0.0018266509095459789
0.001596963160098174
0.001021099604846391
0.0008858520134868513
0.001039711348532648
GEN 82 time 1617194060
0.0019331241698611365
0.0018266509095459789
0.001596963160098174
0.001021099604846391
0.0008858520134868513
0.001039711348532648
GEN 83 time 1617194063
0.0019331241698611365
0.0018266509095459789
0.001596963160098174
0.001021099604846391
0.0008858520134868513
0.001039711348532648
GEN 84 time 1617194065
0.0019331241698611365
0.0018266509095459789
0.001596963160098174
0.001021099604846391
0.0008858520134868513
0.001039711348532648
GEN 85 time 1617194067
0.0019331241698611365
0.0018266509095459789
0.001596963160098174
0.001021099604846391
0.0008858520134868513
0.001039711348532648
GEN 86 time 1617194069
0.0019331241698611365
0.0018266509095459789
0.001596963160098174
0.001021099604846391
0.0008858520134868513
0.001039711348532648
GEN 87 time 1617194071
0.0019331241698611365
0.0018266509095459789
0.001596963160098174
0.001021099604846391
0.0008858520134868513
0.001039711348532648
GEN 88 time 1617194073
0.0019331241698611365
0.0018266509095459789
0.001596963160098174
0.001021099604846391
0.0008858520134868513
0.001039711348532648
GEN 89 time 1617194075
0.0019331241698611365
0.0018266509095459789
0.001596963160098174
0.001021099604846391
0.0008858520134868513
0.001039711348532648
GEN 90 time 1617194077
0.0019331241698611365
0.0018266509095459789
0.001596963160098174
0.001021099604846391
0.0008858520134868513
0.001039711348532648
GEN 91 time 1617194079
0.0019331241698611365
0.0018266509095459789
0.001596963160098174
0.001021099604846391
0.0008698921934919838
0.001039711348532648
GEN 92 time 1617194081
0.0019331241698611365
0.0018266509095459789
0.001596963160098174
0.001021099604846391
0.0008698921934919838
0.001039711348532648
GEN 93 time 1617194083
0.0019331241698611365
0.0018266509095459789
0.001596963160098174
0.001021099604846391
0.0008698921934919838
0.001039711348532648
GEN 94 time 1617194085
0.0019331241698611365
0.0018266509095459789
0.001596963160098174
0.001021099604846391
0.0008698921934919838
0.001039711348532648
GEN 95 time 1617194087
0.0019331241698611365
0.0018266509095459789
0.001596963160098174
0.001021099604846391
0.0008698921934919838
0.001039711348532648
GEN 96 time 1617194089
0.0019331241698611365
0.0018266509095459789
0.001596963160098174
0.001021099604846391
0.0008698921934919838
0.001039711348532648
GEN 97 time 1617194091
0.0019331241698611365
0.0018266509095459789
0.001596963160098174
0.001021099604846391
0.0008698921934919838
0.001039711348532648
GEN 98 time 1617194093
0.0019331241698611365
0.0018266509095459789
0.001596963160098174
0.001021099604846391
0.0008698921934919838
0.001039711348532648
GEN 99 time 1617194095
0.0019331241698611365
0.0018266509095459789
0.001596963160098174
0.001021099604846391
0.0008698921934919838
0.001039711348532648
GEN 100 time 1617194097
0.0019331241698611365
0.0018266509095459789
0.001596963160098174
0.001021099604846391
0.0008698921934919838
0.001039711348532648
GEN 101 time 1617194099
0.0019331241698611365
0.0018266509095459789
0.001596963160098174
0.001021099604846391
0.0008698921934919838
0.001039711348532648
GEN 102 time 1617194101
0.0019331241698611365
0.0018266509095459789
0.001596963160098174
0.001021099604846391
0.0008698921934919838
0.001039711348532648
GEN 103 time 1617194104
0.0019331241698611365
0.0018266509095459789
0.001596963160098174
0.001021099604846391
0.0008698921934919838
0.001039711348532648
GEN 104 time 1617194106
0.0019331241698611365
0.0018266509095459789
0.001596963160098174
0.001021099604846391
0.0008698921934919838
0.001039711348532648
GEN 105 time 1617194108
0.0019331241698611365
0.0018266509095459789
0.001596963160098174
0.001021099604846391
0.0008698921934919838
0.001039711348532648
GEN 106 time 1617194110
0.0019331241698611365
0.0018266509095459789
0.001596963160098174
0.001021099604846391
0.0008698921934919838
0.001039711348532648
GEN 107 time 1617194112
0.0019331241698611365
0.0018266509095459789
0.001596963160098174
0.001021099604846391
0.0008698921934919838
0.001039711348532648
GEN 108 time 1617194114
0.0019331241698611365
0.0018266509095459789
0.001596963160098174
0.001021099604846391
0.0008698921934919838
0.001039711348532648
GEN 109 time 1617194116
0.0019331241698611365
0.0018266509095459789
0.001596963160098174
0.001021099604846391
0.0008698921934919838
0.001039711348532648
GEN 110 time 1617194118
0.0019331241698611365
0.0018266509095459789
0.001596963160098174
0.001021099604846391
0.0008698921934919838
0.001039711348532648
GEN 111 time 1617194120
0.0019331241698611365
0.0018266509095459789
0.001596963160098174
0.001021099604846391
0.0008698921934919838
0.001039711348532648
GEN 112 time 1617194122
0.0019331241698611365
0.0018266509095459789
0.001596963160098174
0.001021099604846391
0.0008698921934919838
0.001039711348532648
GEN 113 time 1617194124
0.0019331241698611365
0.0018266509095459789
0.001596963160098174
0.001021099604846391
0.0008698921934919838
0.001039711348532648
GEN 114 time 1617194126
0.0019331241698611365
0.0018266509095459789
0.001596963160098174
0.001021099604846391
0.0008698921934919838
0.001039711348532648
GEN 115 time 1617194128
0.0019331241698611365
0.0018266509095459789
0.001596963160098174
0.001021099604846391
0.0008698921934919838
0.001039711348532648
GEN 116 time 1617194130
0.0019331241698611365
0.0018266509095459789
0.001596963160098174
0.001021099604846391
0.0008698921934919838
0.001039711348532648
GEN 117 time 1617194132
0.0019331241698611365
0.0018266509095459789
0.001596963160098174
0.001021099604846391
0.0008698921934919838
0.001039711348532648
GEN 118 time 1617194134
0.0019331241698611365
0.0018266509095459789
0.001596963160098174
0.001021099604846391
0.0008698921934919838
0.001039711348532648
GEN 119 time 1617194136
0.0019331241698611365
0.0018266509095459789
0.001596963160098174
0.001021099604846391
0.0008698921934919838
0.001039711348532648
GEN 120 time 1617194138
0.0019331241698611365
0.0018266509095459789
0.001596963160098174
0.001021099604846391
0.0008698921934919838
0.001039711348532648
GEN 121 time 1617194140
0.0019331241698611365
0.0018266509095459789
0.001596963160098174
0.001021099604846391
0.0008698921934919838
0.001039711348532648
GEN 122 time 1617194143
0.0019331241698611365
0.0018266509095459789
0.001596963160098174
0.001021099604846391
0.0008698921934919838
0.001039711348532648
GEN 123 time 1617194145
0.0019331241698611365
0.0018266509095459789
0.001596963160098174
0.001021099604846391
0.0008698921934919838
0.001039711348532648
GEN 124 time 1617194147
0.0019331241698611365
0.0018266509095459789
0.001596963160098174
0.001021099604846391
0.0008698921934919838
0.001039711348532648
GEN 125 time 1617194149
0.0019331241698611365
0.0018266509095459789
0.001596963160098174
0.001021099604846391
0.0008698921934919838
0.001039711348532648
GEN 126 time 1617194151
0.0019331241698611365
0.0018266509095459789
0.001596963160098174
0.001021099604846391
0.0008698921934919838
0.001039711348532648
GEN 127 time 1617194153
0.0019331241698611365
0.0018266509095459789
0.001596963160098174
0.001021099604846391
0.0008698921934919838
0.001039711348532648
GEN 128 time 1617194155
0.0019331241698611365
0.0018266509095459789
0.001596963160098174
0.001021099604846391
0.0008698921934919838
0.001039711348532648
GEN 129 time 1617194157
0.0019331241698611365
0.0018266509095459789
0.001596963160098174
0.001021099604846391
0.0008698921934919838
0.001039711348532648
GEN 130 time 1617194159
0.0019331241698611365
0.0018266509095459789
0.001596963160098174
0.001021099604846391
0.0008698921934919838
0.001039711348532648
GEN 131 time 1617194161
0.0019331241698611365
0.0018266509095459789
0.001596963160098174
0.001021099604846391
0.0008698921934919838
0.001039711348532648
GEN 132 time 1617194163
0.0019331241698611365
0.0018266509095459789
0.001596963160098174
0.001021099604846391
0.0008698921934919838
0.001039711348532648
GEN 133 time 1617194165
0.0019331241698611365
0.0018266509095459789
0.001596963160098174
0.001021099604846391
0.0008698921934919838
0.001039711348532648
GEN 134 time 1617194167
0.0019331241698611365
0.0018266509095459789
0.001596963160098174
0.001021099604846391
0.0008698921934919838
0.001039711348532648
GEN 135 time 1617194169
0.0019331241698611365
0.0018266509095459789
0.001596963160098174
0.001021099604846391
0.0008698921934919838
0.001039711348532648
GEN 136 time 1617194171
0.0019331241698611365
0.0018266509095459789
0.001596963160098174
0.001021099604846391
0.0008698921934919838
0.001039711348532648
GEN 137 time 1617194173
0.0019331241698611365
0.0018266509095459789
0.001596963160098174
0.001021099604846391
0.0008698921934919838
0.001039711348532648
GEN 138 time 1617194175
0.0019331241698611365
0.0018266509095459789
0.001596963160098174
0.001021099604846391
0.0008698921934919838
0.001039711348532648
GEN 139 time 1617194177
0.0019331241698611365
0.0018266509095459789
0.001596963160098174
0.001021099604846391
0.0008698921934919838
0.001039711348532648
GEN 140 time 1617194179
0.0019331241698611365
0.0018266509095459789
0.001596963160098174
0.001021099604846391
0.0008698921934919838
0.001039711348532648
GEN 141 time 1617194181
0.0019331241698611365
0.0018266509095459789
0.001596963160098174
0.001021099604846391
0.0008698921934919838
0.001039711348532648
GEN 142 time 1617194183
0.0019331241698611365
0.0018266509095459789
0.001596963160098174
0.001021099604846391
0.0008698921934919838
0.001039711348532648
GEN 143 time 1617194185
0.0019331241698611365
0.0018266509095459789
0.001596963160098174
0.001021099604846391
0.0008698921934919838
0.001039711348532648
GEN 144 time 1617194187
0.0019331241698611365
0.0018266509095459789
0.001596963160098174
0.001021099604846391
0.0008698921934919838
0.001039711348532648
GEN 145 time 1617194190
0.0019331241698611365
0.0018266509095459789
0.001596963160098174
0.001021099604846391
0.0008698921934919838
0.001039711348532648
GEN 146 time 1617194192
0.0019331241698611365
0.0018266509095459789
0.001596963160098174
0.001021099604846391
0.0008698921934919838
0.001039711348532648
GEN 147 time 1617194194
0.0019331241698611365
0.0018266509095459789
0.001596963160098174
0.001021099604846391
0.0008698921934919838
0.001039711348532648
GEN 148 time 1617194196
0.0019331241698611365
0.0018266509095459789
0.001596963160098174
0.001021099604846391
0.0008698921934919838
0.001039711348532648
GEN 149 time 1617194198
0.0019331241698611365
0.0018266509095459789
0.001596963160098174
0.001021099604846391
0.0008698921934919838
0.001039711348532648
GEN 150 time 1617194200
0.0019331241698611365
0.0018266509095459789
0.001596963160098174
0.001021099604846391
0.0008698921934919838
0.001039711348532648
GEN 151 time 1617194202
0.0019331241698611365
0.0018266509095459789
0.001596963160098174
0.001021099604846391
0.0008698921934919838
0.001039711348532648
GEN 152 time 1617194204
0.0019331241698611365
0.0018266509095459789
0.001596963160098174
0.001021099604846391
0.0008698921934919838
0.001039711348532648
GEN 153 time 1617194206
0.0019331241698611365
0.0018266509095459789
0.001596963160098174
0.001021099604846391
0.0008698921934919838
0.001039711348532648
GEN 154 time 1617194208
0.0019331241698611365
0.0018266509095459789
0.001596963160098174
0.001021099604846391
0.0008698921934919838
0.001039711348532648
GEN 155 time 1617194210
0.0019331241698611365
0.0018266509095459789
0.001596963160098174
0.001021099604846391
0.0008698921934919838
0.001039711348532648
GEN 156 time 1617194212
0.0019331241698611365
0.0018266509095459789
0.001596963160098174
0.001021099604846391
0.0008698921934919838
0.001039711348532648
GEN 157 time 1617194214
0.0019331241698611365
0.0018266509095459789
0.001596963160098174
0.001021099604846391
0.0008698921934919838
0.001039711348532648
GEN 158 time 1617194216
0.0019331241698611365
0.0018266509095459789
0.001596963160098174
0.001021099604846391
0.0008698921934919838
0.001039711348532648
GEN 159 time 1617194218
0.0019331241698611365
0.0018266509095459789
0.001596963160098174
0.001021099604846391
0.0008698921934919838
0.001039711348532648
GEN 160 time 1617194220
0.0019331241698611365
0.0018266509095459789
0.001596963160098174
0.001021099604846391
0.0008698921934919838
0.001039711348532648
GEN 161 time 1617194222
0.0019331241698611365
0.0018266509095459789
0.001596963160098174
0.001021099604846391
0.0008698921934919838
0.001039711348532648
GEN 162 time 1617194224
0.0019331241698611365
0.0018266509095459789
0.001596963160098174
0.001021099604846391
0.0008698921934919838
0.001039711348532648
GEN 163 time 1617194226
0.0019331241698611365
0.0018266509095459789
0.001596963160098174
0.001021099604846391
0.0008698921934919838
0.001039711348532648
GEN 164 time 1617194228
0.0019331241698611365
0.0018266509095459789
0.001596963160098174
0.001021099604846391
0.0008698921934919838
0.001039711348532648
GEN 165 time 1617194231
0.0019331241698611365
0.0018266509095459789
0.001596963160098174
0.001021099604846391
0.0008698921934919838
0.001039711348532648
GEN 166 time 1617194233
0.0019331241698611365
0.0018266509095459789
0.001596963160098174
0.001021099604846391
0.0008698921934919838
0.001039711348532648
GEN 167 time 1617194235
0.0019331241698611365
0.0018266509095459789
0.001596963160098174
0.001021099604846391
0.0008698921934919838
0.001039711348532648
GEN 168 time 1617194237
0.0019331241698611365
0.0018266509095459789
0.001596963160098174
0.001021099604846391
0.0008698921934919838
0.001039711348532648
GEN 169 time 1617194239
0.0019331241698611365
0.0018266509095459789
0.001596963160098174
0.001021099604846391
0.0008698921934919838
0.001039711348532648
GEN 170 time 1617194241
0.0019331241698611365
0.0018266509095459789
0.001596963160098174
0.001021099604846391
0.0008698921934919838
0.001039711348532648
GEN 171 time 1617194243
0.0019331241698611365
0.0018266509095459789
0.001596963160098174
0.001021099604846391
0.0008698921934919838
0.001039711348532648
GEN 172 time 1617194245
0.0019331241698611365
0.0018266509095459789
0.001596963160098174
0.001021099604846391
0.0008698921934919838
0.001039711348532648
GEN 173 time 1617194247
0.0019331241698611365
0.0018266509095459789
0.001596963160098174
0.001021099604846391
0.0008698921934919838
0.001039711348532648
GEN 174 time 1617194249
0.0019331241698611365
0.0018266509095459789
0.001596963160098174
0.001021099604846391
0.0008698921934919838
0.001039711348532648
GEN 175 time 1617194251
0.0019331241698611365
0.0018266509095459789
0.001596963160098174
0.001021099604846391
0.0008698921934919838
0.001039711348532648
GEN 176 time 1617194253
0.0019331241698611365
0.0018266509095459789
0.001596963160098174
0.001021099604846391
0.0008698921934919838
0.001039711348532648
GEN 177 time 1617194255
0.0019331241698611365
0.0018266509095459789
0.001596963160098174
0.001021099604846391
0.0008698921934919838
0.001039711348532648
GEN 178 time 1617194257
0.0019331241698611365
0.0018266509095459789
0.001596963160098174
0.001021099604846391
0.0008698921934919838
0.001039711348532648
GEN 179 time 1617194259
0.0019331241698611365
0.0018266509095459789
0.001596963160098174
0.001021099604846391
0.0008698921934919838
0.001039711348532648
GEN 180 time 1617194261
0.0019331241698611365
0.0018266509095459789
0.001596963160098174
0.001021099604846391
0.0008698921934919838
0.001039711348532648
GEN 181 time 1617194263
0.0019331241698611365
0.0018266509095459789
0.001596963160098174
0.001021099604846391
0.0008698921934919838
0.001039711348532648
GEN 182 time 1617194265
0.0019331241698611365
0.0018266509095459789
0.001596963160098174
0.001021099604846391
0.0008698921934919838
0.001039711348532648
GEN 183 time 1617194267
0.0019331241698611365
0.0018266509095459789
0.001596963160098174
0.001021099604846391
0.0008698921934919838
0.001039711348532648
GEN 184 time 1617194269
0.0019331241698611365
0.0018266509095459789
0.001596963160098174
0.001021099604846391
0.0008698921934919838
0.001039711348532648
GEN 185 time 1617194271
0.0019331241698611365
0.0018266509095459789
0.001596963160098174
0.001021099604846391
0.0008698921934919838
0.001039711348532648
GEN 186 time 1617194273
0.0019331241698611365
0.0018266509095459789
0.001596963160098174
0.001021099604846391
0.0008698921934919838
0.001039711348532648
GEN 187 time 1617194275
0.0019331241698611365
0.0018266509095459789
0.001596963160098174
0.001021099604846391
0.0008698921934919838
0.001039711348532648
GEN 188 time 1617194278
0.0019331241698611365
0.0018266509095459789
0.001596963160098174
0.001021099604846391
0.0008698921934919838
0.001039711348532648
GEN 189 time 1617194280
0.0019331241698611365
0.0018266509095459789
0.001596963160098174
0.001021099604846391
0.0008698921934919838
0.001039711348532648
GEN 190 time 1617194282
0.0019331241698611365
0.0018266509095459789
0.001596963160098174
0.001021099604846391
0.0008698921934919838
0.001039711348532648
GEN 191 time 1617194284
0.0019331241698611365
0.0018266509095459789
0.001596963160098174
0.001021099604846391
0.0008698921934919838
0.001039711348532648
GEN 192 time 1617194286
0.0019331241698611365
0.0018266509095459789
0.001596963160098174
0.001021099604846391
0.0008698921934919838
0.001039711348532648
GEN 193 time 1617194288
0.0019331241698611365
0.0018266509095459789
0.001596963160098174
0.001021099604846391
0.0008698921934919838
0.001039711348532648
GEN 194 time 1617194290
0.0019331241698611365
0.0018266509095459789
0.001596963160098174
0.001021099604846391
0.0008698921934919838
0.001039711348532648
GEN 195 time 1617194292
0.0019331241698611365
0.0018266509095459789
0.001596963160098174
0.001021099604846391
0.0008698921934919838
0.001039711348532648
GEN 196 time 1617194294
0.0019331241698611365
0.0018266509095459789
0.001596963160098174
0.001021099604846391
0.0008698921934919838
0.001039711348532648
GEN 197 time 1617194296
0.0019331241698611365
0.0018266509095459789
0.001596963160098174
0.001021099604846391
0.0008698921934919838
0.001039711348532648
GEN 198 time 1617194298
0.0019331241698611365
0.0018266509095459789
0.001596963160098174
0.001021099604846391
0.0008698921934919838
0.001039711348532648
GEN 199 time 1617194300
0.0019331241698611365
0.0018266509095459789
0.001596963160098174
0.001021099604846391
0.0008698921934919838
0.001039711348532648
