['./data/layer/uu-dem1_r25_1.json', './data/layer/uu-dem6_r25_1.json', './data/layer/uu-dem9_r25_1.json', './data/hop/uu-dem9_r25_1_0.json']
GEN 0 time 1590477020
0.0016009198320829025
inf
0.0026011660384496435
0.002600998100534695
GEN 1 time 1590477022
0.0016009198320829025
inf
0.0026011660384496435
0.002600998100534695
GEN 2 time 1590477024
0.0016009198320829025
inf
0.0018011310514460701
0.0024009292682414807
GEN 3 time 1590477026
0.0014009758820264502
inf
0.0018011310514460701
0.0024009292682414807
GEN 4 time 1590477028
0.0014009758820264502
inf
0.0018011310514460701
0.0024009292682414807
GEN 5 time 1590477031
0.0014009758820264502
inf
0.0018011310514460701
0.0024009292682414807
GEN 6 time 1590477033
0.0014009758820264502
inf
0.0018011030829120566
0.0024009292682414807
GEN 7 time 1590477036
0.0014009758820264502
inf
0.0018008692682414808
0.0024009292682414807
GEN 8 time 1590477039
0.0014009758820264502
inf
0.0018008692682414808
0.002400800825820909
GEN 9 time 1590477043
0.0012010709556794321
inf
0.0018008692682414808
0.002400800825820909
GEN 10 time 1590477046
0.0012009558820264502
inf
0.0016011110514460702
0.002400800825820909
GEN 11 time 1590477050
0.0012009558820264502
inf
0.0016008492682414808
0.002400800825820909
GEN 12 time 1590477054
0.001200935604786486
inf
0.0016008492682414808
0.002400800825820909
GEN 13 time 1590477058
0.001200935604786486
inf
0.0016008492682414808
0.002000736703599925
GEN 14 time 1590477062
0.001200935604786486
inf
0.0016008492682414808
0.002000736703599925
GEN 15 time 1590477066
0.001200935604786486
inf
0.0016008492682414808
0.002000736703599925
GEN 16 time 1590477070
0.0012007299335494257
inf
0.0016008492682414808
0.002000736703599925
GEN 17 time 1590477074
0.0012007299335494257
inf
0.0016008492682414808
0.002000736703599925
GEN 18 time 1590477078
0.0012007299335494257
inf
0.0014010910514460702
0.002000736703599925
GEN 19 time 1590477082
0.0012007299335494257
inf
0.0014010910514460702
0.002000736703599925
GEN 20 time 1590477086
0.0012007299335494257
inf
0.0014010910514460702
0.002000736703599925
GEN 21 time 1590477090
0.0012007299335494257
inf
0.0014010910514460702
0.002000736703599925
GEN 22 time 1590477094
0.001200638614846776
inf
0.0014010910514460702
0.002000736703599925
GEN 23 time 1590477098
0.001200638614846776
inf
0.0014010910514460702
0.002000736703599925
GEN 24 time 1590477102
0.001200638614846776
inf
0.0014010910514460702
0.002000736703599925
GEN 25 time 1590477106
0.001200638614846776
inf
0.0014010910514460702
0.002000736703599925
GEN 26 time 1590477110
0.001200638614846776
inf
0.0014010630829120567
0.002000736703599925
GEN 27 time 1590477114
0.001200638614846776
inf
0.0014010630829120567
0.002000736703599925
GEN 28 time 1590477118
0.001200638614846776
inf
0.0012008311604475384
0.001801148967059762
GEN 29 time 1590477122
0.001200638614846776
inf
0.0012008311604475384
0.001801148967059762
GEN 30 time 1590477126
0.0010010509556794321
inf
0.0012008311604475384
0.001801148967059762
GEN 31 time 1590477130
0.0010010509556794321
inf
0.0012008311604475384
0.001801148967059762
GEN 32 time 1590477134
0.0010010509556794321
inf
0.0012008311604475384
0.001801148967059762
GEN 33 time 1590477138
0.0010010509556794321
inf
0.0012008311604475384
0.001801148967059762
GEN 34 time 1590477142
0.0010010509556794321
inf
0.0012008311604475384
0.001801148967059762
GEN 35 time 1590477146
0.0010010509556794321
inf
0.0012008311604475384
0.001801148967059762
GEN 36 time 1590477150
0.0010010509556794321
inf
0.0012008311604475384
0.001801148967059762
GEN 37 time 1590477154
0.0010010509556794321
inf
0.0012008311604475384
0.001801148967059762
GEN 38 time 1590477158
0.0010010509556794321
inf
0.0012008311604475384
0.001801148967059762
GEN 39 time 1590477162
0.0010010509556794321
inf
0.0012008311604475384
0.001801148967059762
GEN 40 time 1590477166
0.0010010509556794321
inf
0.0012008311604475384
0.001801148967059762
GEN 41 time 1590477170
0.0010010509556794321
0.0030012621794988023
0.0012008311604475384
0.0018010587222911556
GEN 42 time 1590477174
0.0010010509556794321
0.0030012621794988023
0.0012008311604475384
0.0018010587222911556
GEN 43 time 1590477178
0.0010010509556794321
0.0030012621794988023
0.0012008311604475384
0.0018010587222911556
GEN 44 time 1590477181
0.0010010509556794321
0.0030012621794988023
0.0012008311604475384
0.0018010587222911556
GEN 45 time 1590477185
0.0010010509556794321
0.0022011821794988024
0.0012008092682414808
0.0018010587222911556
GEN 46 time 1590477189
0.0010010509556794321
0.0022011821794988024
0.0012008092682414808
0.0018010587222911556
GEN 47 time 1590477193
0.0010010509556794321
0.0022011821794988024
0.0012008092682414808
0.0018010587222911556
GEN 48 time 1590477197
0.0010010509556794321
0.0022011821794988024
0.0012008092682414808
0.0018010587222911556
GEN 49 time 1590477201
0.0010010509556794321
0.0022011821794988024
0.0012008092682414808
0.0018010587222911556
GEN 50 time 1590477205
0.0010010509556794321
0.0022011821794988024
0.0012008092682414808
0.0018010587222911556
GEN 51 time 1590477209
0.0010010509556794321
0.0022011821794988024
0.0012008092682414808
0.0018010587222911556
GEN 52 time 1590477214
0.0010010509556794321
0.0022011821794988024
0.0012008092682414808
0.0018010587222911556
GEN 53 time 1590477218
0.0010010509556794321
0.0020011621794988024
0.0012008092682414808
0.0018010587222911556
GEN 54 time 1590477222
0.0010010509556794321
0.0020011621794988024
0.0012008092682414808
0.0018010587222911556
GEN 55 time 1590477227
0.0010010509556794321
0.0020011621794988024
0.0012008092682414808
0.0018010587222911556
GEN 56 time 1590477231
0.0010010509556794321
0.0020011621794988024
0.0012008092682414808
0.0018008561018846116
GEN 57 time 1590477236
0.0010010509556794321
0.0020011621794988024
0.0012008092682414808
0.0018008561018846116
GEN 58 time 1590477241
0.0010010509556794321
0.0020011621794988024
0.0012008092682414808
0.0018008561018846116
GEN 59 time 1590477245
0.0010010509556794321
0.0018011318587127442
0.0012008092682414808
0.0018008561018846116
GEN 60 time 1590477249
0.0010010509556794321
0.0018010911649478222
0.0012008092682414808
0.0018008561018846116
GEN 61 time 1590477253
0.0010010509556794321
0.0014011021794988025
0.0012008092682414808
0.0018008561018846116
GEN 62 time 1590477258
0.0010010509556794321
0.0014011021794988025
0.0012008092682414808
0.0018008561018846116
GEN 63 time 1590477262
0.0010010509556794321
0.0014011021794988025
0.0012008092682414808
0.0018008561018846116
GEN 64 time 1590477266
0.0010010509556794321
0.0014011021794988025
0.0012008092682414808
0.0018008561018846116
GEN 65 time 1590477270
0.0010010509556794321
0.0014011021794988025
0.0012008092682414808
0.0018008561018846116
GEN 66 time 1590477275
0.0010010509556794321
0.0014011021794988025
0.0012008092682414808
0.0018008561018846116
GEN 67 time 1590477279
0.0010010509556794321
0.0014011021794988025
0.0012008092682414808
0.0018008561018846116
GEN 68 time 1590477284
0.0010010509556794321
0.0014011021794988025
0.0012008092682414808
0.0018008561018846116
GEN 69 time 1590477288
0.0010010509556794321
0.0014011021794988025
0.0012008092682414808
0.0018008561018846116
GEN 70 time 1590477293
0.0010010509556794321
0.0014011021794988025
0.0012008092682414808
0.0018008561018846116
GEN 71 time 1590477297
0.0010010509556794321
0.0014011021794988025
0.0012008092682414808
0.0018008561018846116
GEN 72 time 1590477302
0.0010009884336872267
0.0014011021794988025
0.0012008092682414808
0.0018008561018846116
GEN 73 time 1590477306
0.0010009884336872267
0.0014011021794988025
0.0012008092682414808
0.0018008561018846116
GEN 74 time 1590477311
0.0010009884336872267
0.0014011021794988025
0.0012008092682414808
0.0018008561018846116
GEN 75 time 1590477315
0.0010009884336872267
0.0014011021794988025
0.0012008092682414808
0.0018008561018846116
GEN 76 time 1590477319
0.0010009884336872267
0.0014011021794988025
0.0012008092682414808
0.0018008561018846116
GEN 77 time 1590477324
0.0010009884336872267
0.0014011021794988025
0.0012008092682414808
0.0018008561018846116
GEN 78 time 1590477328
0.0010009884336872267
0.0014011021794988025
0.0012008092682414808
0.0018008561018846116
GEN 79 time 1590477333
0.0010009884336872267
0.0014011021794988025
0.0012008092682414808
0.0018008561018846116
GEN 80 time 1590477337
0.0010009884336872267
0.0014011021794988025
0.0012008092682414808
0.0018008561018846116
GEN 81 time 1590477341
0.0010009884336872267
0.0014011021794988025
0.0012008092682414808
0.0018008561018846116
GEN 82 time 1590477346
0.0010009884336872267
0.0014011021794988025
0.0012008092682414808
0.0018008561018846116
GEN 83 time 1590477350
0.0010009884336872267
0.0014011021794988025
0.0012008092682414808
0.0018008561018846116
GEN 84 time 1590477355
0.0010009884336872267
0.0014011021794988025
0.0012008092682414808
0.0018008561018846116
GEN 85 time 1590477359
0.0010009884336872267
0.0014011021794988025
0.0012008092682414808
0.0018008561018846116
GEN 86 time 1590477363
0.0010009884336872267
0.0014011021794988025
0.001200656703599925
0.0018008561018846116
GEN 87 time 1590477368
0.0010009884336872267
0.0014011021794988025
0.001200656703599925
0.0018008561018846116
GEN 88 time 1590477372
0.0010009884336872267
0.0014011021794988025
0.001200656703599925
0.0018008561018846116
GEN 89 time 1590477377
0.0010009884336872267
0.0014011021794988025
0.001200656703599925
0.0018008561018846116
GEN 90 time 1590477381
0.0010009884336872267
0.0014011021794988025
0.001200656703599925
0.0018008561018846116
GEN 91 time 1590477386
0.0010009884336872267
0.0014011021794988025
0.001200656703599925
0.0018008561018846116
GEN 92 time 1590477390
0.0010009884336872267
0.0014011021794988025
0.001200656703599925
0.0018008561018846116
GEN 93 time 1590477395
0.0010009884336872267
0.0014011021794988025
0.0010010510514460703
0.0018008561018846116
GEN 94 time 1590477399
0.0010009884336872267
0.0014011021794988025
0.0010010510514460703
0.0018008561018846116
GEN 95 time 1590477403
0.0010009884336872267
0.0014011021794988025
0.0010010510514460703
0.0018008561018846116
GEN 96 time 1590477408
0.0010009884336872267
0.0014011021794988025
0.0010010510514460703
0.0018008561018846116
GEN 97 time 1590477412
0.0010009884336872267
0.0014011021794988025
0.0010010510514460703
0.0018008561018846116
GEN 98 time 1590477417
0.0010009884336872267
0.0014011021794988025
0.0010010510514460703
0.0018008561018846116
GEN 99 time 1590477421
0.0010009884336872267
0.0014011021794988025
0.0010010510514460703
0.0018008561018846116
