['./data/small/layer/uu-dem10_r25_1.json', './data/small/hop/uu-dem10_r50_1_0.json', './data/small/hop/uu-dem10_r50_1_40.json', './data/small/hop/uu-dem10_r25_1_0.json']
GEN 0 time 1617619009
0.0018122043816207161
0.0019891343016091184
0.002763899829298381
0.0016408159021804743
GEN 1 time 1617619011
0.0018122043816207161
0.0019891343016091184
0.002623548663228988
0.0016168391657516853
GEN 2 time 1617619013
0.0018122043816207161
0.001727571278739615
0.0026016696914425894
0.0014750334621143066
GEN 3 time 1617619014
0.0018122043816207161
0.001727571278739615
0.002369592957020457
0.0014750334621143066
GEN 4 time 1617619016
0.0018122043816207161
0.001727571278739615
0.002369592957020457
0.0014750334621143066
GEN 5 time 1617619018
0.001415016387548214
0.001727571278739615
0.0023243285590962694
0.0014750334621143066
GEN 6 time 1617619020
0.001415016387548214
0.001727571278739615
0.0023243285590962694
0.0014325417441793929
GEN 7 time 1617619022
0.001415016387548214
0.001727571278739615
0.0023243285590962694
0.0014325417441793929
GEN 8 time 1617619023
0.001415016387548214
0.001727571278739615
0.0023243285590962694
0.0014325417441793929
GEN 9 time 1617619025
0.001415016387548214
0.001727571278739615
0.0023243285590962694
0.0012905985762178295
GEN 10 time 1617619027
0.001415016387548214
0.001727571278739615
0.0022330785967056093
0.0012905985762178295
GEN 11 time 1617619029
0.0014010463019446075
0.001727571278739615
0.0022330785967056093
0.0012905985762178295
GEN 12 time 1617619030
0.0014010463019446075
0.0016945726836878777
0.0022330785967056093
0.0012905985762178295
GEN 13 time 1617619032
0.0014010463019446075
0.0014378526980863553
0.0022330785967056093
0.0012905985762178295
GEN 14 time 1617619034
0.0014010463019446075
0.0014378526980863553
0.0022330785967056093
0.0012905985762178295
GEN 15 time 1617619036
0.0014010463019446075
0.0014378526980863553
0.0022330785967056093
0.0012905985762178295
GEN 16 time 1617619038
0.0014010463019446075
0.0014378526980863553
0.0022006643500426457
0.0012905985762178295
GEN 17 time 1617619040
0.0014010463019446075
0.0014378526980863553
0.0022006643500426457
0.0012905985762178295
GEN 18 time 1617619041
0.0014010463019446075
0.0014378526980863553
0.0022006643500426457
0.0012905985762178295
GEN 19 time 1617619043
0.0014010463019446075
0.0014378526980863553
0.002113861299690648
0.0012905985762178295
GEN 20 time 1617619045
0.0014010463019446075
0.0014378526980863553
0.002113861299690648
0.0012905985762178295
GEN 21 time 1617619047
0.0014010463019446075
0.0014378526980863553
0.002113861299690648
0.0012905985762178295
GEN 22 time 1617619048
0.0014010463019446075
0.0014378526980863553
0.002113861299690648
0.0012710659110334807
GEN 23 time 1617619050
0.0014010463019446075
0.0014378526980863553
0.002113861299690648
0.0012167991657516853
GEN 24 time 1617619052
0.0014010463019446075
0.0014378526980863553
0.002113861299690648
0.0012167991657516853
GEN 25 time 1617619054
0.0014010463019446075
0.0014378526980863553
0.002113861299690648
0.0012167991657516853
GEN 26 time 1617619055
0.0014010463019446075
0.0014378526980863553
0.002113861299690648
0.0012167991657516853
GEN 27 time 1617619057
0.0014010463019446075
0.0014378526980863553
0.002113861299690648
0.0012167991657516853
GEN 28 time 1617619059
0.0014010463019446075
0.0014325669610688583
0.0021099635598939882
0.0012167991657516853
GEN 29 time 1617619060
0.0014010463019446075
0.0014325669610688583
0.0021099635598939882
0.0012167991657516853
GEN 30 time 1617619062
0.0014010463019446075
0.0014325669610688583
0.0021099635598939882
0.0012167991657516853
GEN 31 time 1617619064
0.0014010463019446075
0.0014325669610688583
0.0021099635598939882
0.0012167991657516853
GEN 32 time 1617619066
0.0014010463019446075
0.0014325669610688583
0.0021099635598939882
0.0012167991657516853
GEN 33 time 1617619067
0.0014010463019446075
0.0014325669610688583
0.002020943676604456
0.0012149106600094191
GEN 34 time 1617619069
0.0014010463019446075
0.0014325669610688583
0.002020943676604456
0.0012149106600094191
GEN 35 time 1617619071
0.0014010463019446075
0.0014325669610688583
0.002020943676604456
0.0012149106600094191
GEN 36 time 1617619072
0.0014010463019446075
0.0014325669610688583
0.002020943676604456
0.0012149106600094191
GEN 37 time 1617619074
0.0014010463019446075
0.0014325669610688583
0.002020943676604456
0.0012149106600094191
GEN 38 time 1617619076
0.0014010463019446075
0.0014325669610688583
0.0020123206349916692
0.001208579300282807
GEN 39 time 1617619077
0.0014010463019446075
0.0014325669610688583
0.0020123206349916692
0.001208579300282807
GEN 40 time 1617619079
0.0014010463019446075
0.0014325669610688583
0.0020123206349916692
0.001208579300282807
GEN 41 time 1617619081
0.0014010463019446075
0.0014325669610688583
0.0020123206349916692
0.001208579300282807
GEN 42 time 1617619082
0.0014010463019446075
0.0014325669610688583
0.0020123206349916692
0.001208579300282807
GEN 43 time 1617619084
0.0014010463019446075
0.0014325669610688583
0.0020123206349916692
0.001208579300282807
GEN 44 time 1617619086
0.0014010463019446075
0.0014325669610688583
0.0020123206349916692
0.001208579300282807
GEN 45 time 1617619088
0.0014010463019446075
0.0014325669610688583
0.0019891343016091184
0.001208579300282807
GEN 46 time 1617619090
0.0014010463019446075
0.0014325669610688583
0.0019891343016091184
0.001208579300282807
GEN 47 time 1617619091
0.0014010463019446075
0.0014325669610688583
0.0019891343016091184
0.001208579300282807
GEN 48 time 1617619093
0.0014010463019446075
0.0014325669610688583
0.0019891343016091184
0.001208579300282807
GEN 49 time 1617619095
0.0014010463019446075
0.0014325669610688583
0.0019891343016091184
0.001208579300282807
GEN 50 time 1617619096
0.0014010463019446075
0.0014325669610688583
0.001963819829298381
0.001208579300282807
GEN 51 time 1617619098
0.0014010463019446075
0.0014325669610688583
0.001963819829298381
0.001208579300282807
GEN 52 time 1617619100
0.0014010463019446075
0.0014325669610688583
0.001963819829298381
0.001208579300282807
GEN 53 time 1617619101
0.0014010463019446075
0.0014325669610688583
0.001963819829298381
0.001208579300282807
GEN 54 time 1617619103
0.0014010463019446075
0.0014325669610688583
0.001963819829298381
0.001208579300282807
GEN 55 time 1617619105
0.0014010463019446075
0.0014325669610688583
0.001963819829298381
0.001208579300282807
GEN 56 time 1617619107
0.0014010463019446075
0.0014325669610688583
0.001963819829298381
0.001208579300282807
GEN 57 time 1617619108
0.0014010463019446075
0.0014325669610688583
0.001963819829298381
0.001208579300282807
GEN 58 time 1617619110
0.0014010463019446075
0.0014325669610688583
0.001963819829298381
0.001208579300282807
GEN 59 time 1617619112
0.0014010463019446075
0.0014325669610688583
0.001963819829298381
0.001208579300282807
GEN 60 time 1617619113
0.0014010463019446075
0.0014325669610688583
0.001963819829298381
0.001208579300282807
GEN 61 time 1617619115
0.0014010463019446075
0.0014325669610688583
0.001962497788213273
0.001208579300282807
GEN 62 time 1617619117
0.0014010463019446075
0.0014325669610688583
0.001962497788213273
0.001208579300282807
GEN 63 time 1617619118
0.0014010463019446075
0.0014325669610688583
0.001962497788213273
0.0012037117141443512
GEN 64 time 1617619120
0.0014010463019446075
0.0014325669610688583
0.001962497788213273
0.0012037117141443512
GEN 65 time 1617619122
0.0014010463019446075
0.0014325669610688583
0.001962497788213273
0.0012037117141443512
GEN 66 time 1617619124
0.0014010463019446075
0.0014325669610688583
0.001962497788213273
0.0012037117141443512
GEN 67 time 1617619126
0.0014010463019446075
0.0014325669610688583
0.001962497788213273
0.0010905785762178296
GEN 68 time 1617619127
0.0014010463019446075
0.0014325669610688583
0.0019388750208756882
0.0010905785762178296
GEN 69 time 1617619129
0.0014010463019446075
0.0014325669610688583
0.0019388750208756882
0.0010905785762178296
GEN 70 time 1617619131
0.0014010463019446075
0.0014325669610688583
0.0019388750208756882
0.0010905785762178296
GEN 71 time 1617619133
0.0014010463019446075
0.0014325669610688583
0.0019388750208756882
0.0010905785762178296
GEN 72 time 1617619134
0.0014010463019446075
0.0014325669610688583
0.0019388750208756882
0.0010905785762178296
GEN 73 time 1617619136
0.0014010463019446075
0.0014325669610688583
0.0019388750208756882
0.0010905785762178296
GEN 74 time 1617619138
0.0014010463019446075
0.0014325669610688583
0.0019388750208756882
0.0010905785762178296
GEN 75 time 1617619140
0.0014010463019446075
0.0014325669610688583
0.0019388750208756882
0.0010905785762178296
GEN 76 time 1617619141
0.0014010463019446075
0.0014325669610688583
0.0019388750208756882
0.0010905785762178296
GEN 77 time 1617619143
0.0014010463019446075
0.0014325669610688583
0.0019388750208756882
0.0010905785762178296
GEN 78 time 1617619145
0.0014010463019446075
0.0014325669610688583
0.0019388750208756882
0.0010648490392577816
GEN 79 time 1617619147
0.0014010463019446075
0.0014325669610688583
0.0019388750208756882
0.0010648490392577816
GEN 80 time 1617619148
0.0014010463019446075
0.0014325669610688583
0.0019388750208756882
0.0010230440399722806
GEN 81 time 1617619150
0.0014010463019446075
0.0014325669610688583
0.0019388750208756882
0.0010230440399722806
GEN 82 time 1617619152
0.0014010463019446075
0.0014325669610688583
0.0019388750208756882
0.0010230440399722806
GEN 83 time 1617619154
0.0014010463019446075
0.0014325669610688583
0.0019388750208756882
0.0010230440399722806
GEN 84 time 1617619155
0.0014010463019446075
0.0014325669610688583
0.0019388750208756882
0.0010230440399722806
GEN 85 time 1617619157
0.0014010463019446075
0.0014325669610688583
0.0019388750208756882
0.0010230440399722806
GEN 86 time 1617619159
0.0014010463019446075
0.0014325669610688583
0.0019388750208756882
0.0010230440399722806
GEN 87 time 1617619161
0.0014010463019446075
0.0014325669610688583
0.0019388750208756882
0.0010230440399722806
GEN 88 time 1617619163
0.0014010463019446075
0.0014325669610688583
0.0019388750208756882
0.0010230440399722806
GEN 89 time 1617619164
0.0014010463019446075
0.0014325669610688583
0.0019388750208756882
0.0010230440399722806
GEN 90 time 1617619166
0.0014010463019446075
0.0014325669610688583
0.0019388750208756882
0.0010230440399722806
GEN 91 time 1617619168
0.0014010463019446075
0.0014325669610688583
0.0018956335215150246
0.0010230440399722806
GEN 92 time 1617619170
0.0014010463019446075
0.0014325669610688583
0.0018956335215150246
0.0010230440399722806
GEN 93 time 1617619171
0.0014010463019446075
0.0014325669610688583
0.0018956335215150246
0.0010230440399722806
GEN 94 time 1617619173
0.0014010463019446075
0.0014325669610688583
0.0018717103314936229
0.0010230440399722806
GEN 95 time 1617619175
0.0014010463019446075
0.0014325669610688583
0.0018717103314936229
0.0010230440399722806
GEN 96 time 1617619177
0.0014010463019446075
0.0014325669610688583
0.0018717103314936229
0.0010230440399722806
GEN 97 time 1617619178
0.0014010463019446075
0.0014325669610688583
0.0018717103314936229
0.0010230440399722806
GEN 98 time 1617619180
0.0014010463019446075
0.0014325669610688583
0.0018717103314936229
0.0010230440399722806
GEN 99 time 1617619182
0.0014010463019446075
0.0014325669610688583
0.0018717103314936229
0.0010230440399722806
GEN 100 time 1617619184
0.0014010463019446075
0.0014325669610688583
0.0018717103314936229
0.0010230440399722806
GEN 101 time 1617619186
0.0014010463019446075
0.0014325669610688583
0.0018717103314936229
0.0010230440399722806
GEN 102 time 1617619187
0.0014010463019446075
0.0013708675066736928
0.0018717103314936229
0.0010230440399722806
GEN 103 time 1617619189
0.0014010463019446075
0.0013708675066736928
0.0018717103314936229
0.0010230440399722806
GEN 104 time 1617619191
0.0014010463019446075
0.0013708675066736928
0.0018717103314936229
0.0010230440399722806
GEN 105 time 1617619193
0.0014010463019446075
0.0013708675066736928
0.0018717103314936229
0.0010230440399722806
GEN 106 time 1617619194
0.0014010463019446075
0.0012795964719086658
0.0018717103314936229
0.0010230440399722806
GEN 107 time 1617619196
0.0014010463019446075
0.0012795964719086658
0.0018717103314936229
0.0010230440399722806
GEN 108 time 1617619198
0.0014010463019446075
0.0012795964719086658
0.0018717103314936229
0.0010230440399722806
GEN 109 time 1617619200
0.0014010463019446075
0.0012795964719086658
0.0018717103314936229
0.0010230440399722806
GEN 110 time 1617619202
0.0014010463019446075
0.0012795964719086658
0.0018717103314936229
0.0010230440399722806
GEN 111 time 1617619203
0.0014010463019446075
0.0012795964719086658
0.0018717103314936229
0.0010230440399722806
GEN 112 time 1617619205
0.0014010463019446075
0.0012795964719086658
0.0018717103314936229
0.0010230440399722806
GEN 113 time 1617619207
0.0014010463019446075
0.0012795964719086658
0.0018717103314936229
0.0010230440399722806
GEN 114 time 1617619209
0.0014010463019446075
0.0012795964719086658
0.0018717103314936229
0.0010230440399722806
GEN 115 time 1617619210
0.0014010463019446075
0.0012795964719086658
0.0018717103314936229
0.0010230440399722806
GEN 116 time 1617619212
0.0014010463019446075
0.0012795964719086658
0.0018717103314936229
0.0010230440399722806
GEN 117 time 1617619214
0.0014010463019446075
0.0012795964719086658
0.0018717103314936229
0.0010230440399722806
GEN 118 time 1617619216
0.0014010463019446075
0.0012467358469896005
0.0018717103314936229
0.0010230440399722806
GEN 119 time 1617619217
0.0014010463019446075
0.0012467358469896005
0.0018717103314936229
0.0010230440399722806
GEN 120 time 1617619219
0.0014010463019446075
0.0012467358469896005
0.0018717103314936229
0.0010230440399722806
GEN 121 time 1617619221
0.0014010463019446075
0.0012467358469896005
0.0018717103314936229
0.0010230440399722806
GEN 122 time 1617619223
0.0014010463019446075
0.0012467358469896005
0.0018717103314936229
0.0010230440399722806
GEN 123 time 1617619225
0.0014010463019446075
0.0012467358469896005
0.0018717103314936229
0.0010230440399722806
GEN 124 time 1617619227
0.0014010463019446075
0.001158117814896604
0.0018717103314936229
0.0010230440399722806
GEN 125 time 1617619228
0.0014010463019446075
0.001158117814896604
0.0018717103314936229
0.0010230440399722806
GEN 126 time 1617619230
0.0014010463019446075
0.001158117814896604
0.0018717103314936229
0.0010230440399722806
GEN 127 time 1617619232
0.0014010463019446075
0.001158117814896604
0.0018717103314936229
0.0010230440399722806
GEN 128 time 1617619234
0.0014010463019446075
0.001158117814896604
0.0018717103314936229
0.0010230440399722806
GEN 129 time 1617619236
0.0014010463019446075
0.001158117814896604
0.0018717103314936229
0.0010230440399722806
GEN 130 time 1617619237
0.0014010463019446075
0.001158117814896604
0.0018717103314936229
0.0010230440399722806
GEN 131 time 1617619239
0.0014010463019446075
0.001158117814896604
0.0018717103314936229
0.0010230440399722806
GEN 132 time 1617619241
0.0014010463019446075
0.001158117814896604
0.0018717103314936229
0.0010230440399722806
GEN 133 time 1617619243
0.0014010463019446075
0.001158117814896604
0.0018717103314936229
0.0010230440399722806
GEN 134 time 1617619244
0.0014010463019446075
0.001158117814896604
0.0018717103314936229
0.0010230440399722806
GEN 135 time 1617619246
0.0014010463019446075
0.001158117814896604
0.0018717103314936229
0.0010230440399722806
GEN 136 time 1617619248
0.0014010463019446075
0.001158117814896604
0.0018717103314936229
0.0010230440399722806
GEN 137 time 1617619250
0.0014010463019446075
0.001158117814896604
0.0018717103314936229
0.0010230440399722806
GEN 138 time 1617619251
0.0014010463019446075
0.001124250152592282
0.0018717103314936229
0.0010230440399722806
GEN 139 time 1617619253
0.0014010463019446075
0.001124250152592282
0.0018717103314936229
0.0010230440399722806
GEN 140 time 1617619255
0.0014010463019446075
0.001124250152592282
0.0018717103314936229
0.0010230440399722806
GEN 141 time 1617619257
0.0014010463019446075
0.001124250152592282
0.0018717103314936229
0.0010230440399722806
GEN 142 time 1617619259
0.0014010463019446075
0.001124250152592282
0.0018717103314936229
0.0010230440399722806
GEN 143 time 1617619260
0.0014010463019446075
0.001124250152592282
0.0018717103314936229
0.0010230440399722806
GEN 144 time 1617619262
0.0014010463019446075
0.001124250152592282
0.0018717103314936229
0.0010230440399722806
GEN 145 time 1617619264
0.0014010463019446075
0.001124250152592282
0.0018717103314936229
0.0010230440399722806
GEN 146 time 1617619266
0.0014010463019446075
0.001124250152592282
0.0018717103314936229
0.0010230440399722806
GEN 147 time 1617619267
0.0014010463019446075
0.001124250152592282
0.0018717103314936229
0.0010230440399722806
GEN 148 time 1617619269
0.0014010463019446075
0.001124250152592282
0.0018717103314936229
0.0010230440399722806
GEN 149 time 1617619271
0.0014010463019446075
0.001124250152592282
0.0018717103314936229
0.0010230440399722806
GEN 150 time 1617619273
0.0014010463019446075
0.001124250152592282
0.0018717103314936229
0.0010230440399722806
GEN 151 time 1617619275
0.0014010463019446075
0.001124250152592282
0.0018717103314936229
0.0010230440399722806
GEN 152 time 1617619276
0.0014010463019446075
0.001124250152592282
0.0018717103314936229
0.0010230440399722806
GEN 153 time 1617619278
0.0014010463019446075
0.001124250152592282
0.0018717103314936229
0.0010230440399722806
GEN 154 time 1617619280
0.0014010463019446075
0.001124250152592282
0.0018717103314936229
0.0010230440399722806
GEN 155 time 1617619282
0.0014010463019446075
0.001124250152592282
0.0018717103314936229
0.0010230440399722806
GEN 156 time 1617619283
0.0014010463019446075
0.001124250152592282
0.0018717103314936229
0.0010230440399722806
GEN 157 time 1617619285
0.0014010463019446075
0.001124250152592282
0.0018717103314936229
0.0010230440399722806
GEN 158 time 1617619287
0.0014010463019446075
0.001124250152592282
0.0018717103314936229
0.0010230440399722806
GEN 159 time 1617619289
0.0014010463019446075
0.001124250152592282
0.0018717103314936229
0.0010230440399722806
GEN 160 time 1617619290
0.0014010463019446075
0.001124250152592282
0.0018717103314936229
0.0010230440399722806
GEN 161 time 1617619292
0.0014010463019446075
0.001124250152592282
0.0018717103314936229
0.0010230440399722806
GEN 162 time 1617619294
0.0014010463019446075
0.001124250152592282
0.0018717103314936229
0.0010230440399722806
GEN 163 time 1617619296
0.0014010463019446075
0.001124250152592282
0.0018717103314936229
0.0010230440399722806
GEN 164 time 1617619297
0.0014010463019446075
0.001124250152592282
0.0018717103314936229
0.0010230440399722806
GEN 165 time 1617619299
0.0014010463019446075
0.001124250152592282
0.0018717103314936229
0.0010230440399722806
GEN 166 time 1617619301
0.0014010463019446075
0.001124250152592282
0.0018717103314936229
0.0010230440399722806
GEN 167 time 1617619303
0.0014010463019446075
0.001124250152592282
0.0018717103314936229
0.0010230440399722806
GEN 168 time 1617619305
0.0014010463019446075
0.001124250152592282
0.0018717103314936229
0.0010230440399722806
GEN 169 time 1617619306
0.0014010463019446075
0.001124250152592282
0.0018717103314936229
0.0010230440399722806
GEN 170 time 1617619308
0.0014010463019446075
0.001124250152592282
0.0018717103314936229
0.0010230440399722806
GEN 171 time 1617619310
0.0014010463019446075
0.001124250152592282
0.0018717103314936229
0.0010230440399722806
GEN 172 time 1617619312
0.0014010463019446075
0.001124250152592282
0.0018717103314936229
0.0010230440399722806
GEN 173 time 1617619313
0.0014010463019446075
0.001124250152592282
0.0018717103314936229
0.0010230440399722806
GEN 174 time 1617619315
0.0014010463019446075
0.001124250152592282
0.0018717103314936229
0.0010230440399722806
GEN 175 time 1617619317
0.0014010463019446075
0.001124250152592282
0.0018717103314936229
0.0010230440399722806
GEN 176 time 1617619319
0.0014010463019446075
0.001124250152592282
0.0018717103314936229
0.0010230440399722806
GEN 177 time 1617619320
0.0014010463019446075
0.001124250152592282
0.0018717103314936229
0.0010230440399722806
GEN 178 time 1617619322
0.0014010463019446075
0.001124250152592282
0.0018717103314936229
0.0010230440399722806
GEN 179 time 1617619324
0.0014010463019446075
0.001124250152592282
0.0018717103314936229
0.0010230440399722806
GEN 180 time 1617619326
0.0014010463019446075
0.001124250152592282
0.0018717103314936229
0.0010230440399722806
GEN 181 time 1617619327
0.0014010463019446075
0.001124250152592282
0.0018717103314936229
0.0010230440399722806
GEN 182 time 1617619329
0.0014010463019446075
0.001124250152592282
0.0018717103314936229
0.0010230440399722806
GEN 183 time 1617619331
0.0014010463019446075
0.001124250152592282
0.0018717103314936229
0.0010230440399722806
GEN 184 time 1617619333
0.0014010463019446075
0.001124250152592282
0.0018717103314936229
0.0010230440399722806
GEN 185 time 1617619334
0.0014010463019446075
0.001124250152592282
0.0018717103314936229
0.0010230440399722806
GEN 186 time 1617619336
0.0014010463019446075
0.001124250152592282
0.0018717103314936229
0.0010230440399722806
GEN 187 time 1617619338
0.0014010463019446075
0.001124250152592282
0.0018717103314936229
0.0010230440399722806
GEN 188 time 1617619340
0.0014010463019446075
0.001124250152592282
0.0018717103314936229
0.0010167791657516852
GEN 189 time 1617619341
0.0014010463019446075
0.001124250152592282
0.0018717103314936229
0.0010167791657516852
GEN 190 time 1617619343
0.0014010463019446075
0.001124250152592282
0.0018717103314936229
0.0010167791657516852
GEN 191 time 1617619345
0.0014010463019446075
0.001124250152592282
0.0018717103314936229
0.0010167791657516852
GEN 192 time 1617619347
0.0014010463019446075
0.001124250152592282
0.0018717103314936229
0.0010167791657516852
GEN 193 time 1617619348
0.0014010463019446075
0.001124250152592282
0.0018717103314936229
0.0010167791657516852
GEN 194 time 1617619350
0.0014010463019446075
0.001124250152592282
0.0018717103314936229
0.0010167791657516852
GEN 195 time 1617619352
0.0014010463019446075
0.001124250152592282
0.0018717103314936229
0.0010167791657516852
GEN 196 time 1617619354
0.0014010463019446075
0.001124250152592282
0.0018717103314936229
0.0010167791657516852
GEN 197 time 1617619355
0.0014010463019446075
0.001124250152592282
0.0018717103314936229
0.0010167791657516852
GEN 198 time 1617619357
0.0014010463019446075
0.001124250152592282
0.0018717103314936229
0.0010167791657516852
GEN 199 time 1617619359
0.0014010463019446075
0.001124250152592282
0.0018717103314936229
0.0010167791657516852
