['./data/small/layer/uu-dem4_r25_1.json', './data/small/layer/uu-dem3_r25_1.json', './data/small/layer/uu-dem8_r25_1.json', './data/small/hop/uu-dem3_r25_1_0.json', './data/small/hop/uu-dem4_r25_1_0.json', './data/small/hop/uu-dem8_r25_1_0.json']
GEN 0 time 1599126552
0.0016223685889952034
0.0017058410808370235
0.0019331241698611365
0.0023384486390447086
0.001959577667287328
0.0020378713878363014
GEN 1 time 1599126555
0.0016223685889952034
0.0017058410808370235
0.0019331241698611365
0.0023250949265291986
0.0018125254010504565
0.0021263249891591454
GEN 2 time 1599126558
0.0014747726096474745
0.0017058410808370235
0.0019331241698611365
0.0023250949265291986
0.0018125254010504565
0.0019533455542806093
GEN 3 time 1599126561
0.0014747726096474745
0.0017058410808370235
0.0019331241698611365
0.0019958420934890137
0.0018125254010504565
0.0019384739408657785
GEN 4 time 1599126565
0.0014747726096474745
0.0017058410808370235
0.0019331241698611365
0.0019958420934890137
0.0018125254010504565
0.001917157416536197
GEN 5 time 1599126568
0.0014747726096474745
0.0017058410808370235
0.0019331241698611365
0.0019958420934890137
0.0018125254010504565
0.0018874808962521415
GEN 6 time 1599126572
0.0014747726096474745
0.0017058410808370235
0.0019331241698611365
0.0019958420934890137
0.0018125254010504565
0.0018874808962521415
GEN 7 time 1599126576
0.0014747726096474745
0.0017058410808370235
0.0019331241698611365
0.0019958420934890137
0.0018125254010504565
0.0018874808962521415
GEN 8 time 1599126580
0.0014747726096474745
0.0017058410808370235
0.0019331241698611365
0.001790525124702059
0.0018125254010504565
0.0018874808962521415
GEN 9 time 1599126584
0.0014747726096474745
0.0017058410808370235
0.0019331241698611365
0.001790525124702059
0.0018125254010504565
0.0018874808962521415
GEN 10 time 1599126588
0.0014747726096474745
0.0017058410808370235
0.0019331241698611365
0.001790525124702059
0.0018125254010504565
0.00187626455487767
GEN 11 time 1599126591
0.0014747726096474745
0.0017058410808370235
0.0019331241698611365
0.001790525124702059
0.0018125254010504565
0.00187626455487767
GEN 12 time 1599126595
0.0014747726096474745
0.0017058410808370235
0.0019331241698611365
0.001790525124702059
0.0018125254010504565
0.0018719671859440514
GEN 13 time 1599126599
0.0014747726096474745
0.0017058410808370235
0.0019331241698611365
0.001790525124702059
0.0018125254010504565
0.0018719671859440514
GEN 14 time 1599126603
0.0014747726096474745
0.0017058410808370235
0.0019331241698611365
0.001790525124702059
0.0018125254010504565
0.0018719671859440514
GEN 15 time 1599126607
0.0014747726096474745
0.0017058410808370235
0.0019331241698611365
0.001790525124702059
0.0017149439123802677
0.0018719671859440514
GEN 16 time 1599126611
0.0014747726096474745
0.0017058410808370235
0.0019331241698611365
0.001790525124702059
0.0017149439123802677
0.0018719671859440514
GEN 17 time 1599126615
0.0014747726096474745
0.0017058410808370235
0.0019331241698611365
0.001790525124702059
0.0017149439123802677
0.00167624455487767
GEN 18 time 1599126619
0.0014747726096474745
0.0017058410808370235
0.0019331241698611365
0.001790525124702059
0.0017149439123802677
0.00167624455487767
GEN 19 time 1599126623
0.0014584555404298799
0.0017058410808370235
0.0019331241698611365
0.001790525124702059
0.0017149439123802677
0.00167624455487767
GEN 20 time 1599126627
0.0014584555404298799
0.0017058410808370235
0.0019331241698611365
0.001790525124702059
0.0017149439123802677
0.00167624455487767
GEN 21 time 1599126631
0.0014584555404298799
0.0017058410808370235
0.0019331241698611365
0.0017351774366499914
0.0017149439123802677
0.00167624455487767
GEN 22 time 1599126635
0.0014584555404298799
0.0017058410808370235
0.0019331241698611365
0.0017351774366499914
0.0017075791021552212
0.00167624455487767
GEN 23 time 1599126640
0.0014584555404298799
0.0017058410808370235
0.0019331241698611365
0.0017351774366499914
0.0017075791021552212
0.00167624455487767
GEN 24 time 1599126644
0.0014584555404298799
0.0017058410808370235
0.0019331241698611365
0.0017351774366499914
0.0017075791021552212
0.00167624455487767
GEN 25 time 1599126648
0.0014584555404298799
0.0017058410808370235
0.0019331241698611365
0.0017351774366499914
0.0017075791021552212
0.00167624455487767
GEN 26 time 1599126652
0.0014584555404298799
0.0017058410808370235
0.0019331241698611365
0.0017351774366499914
0.0017075791021552212
0.00167624455487767
GEN 27 time 1599126656
0.0014584555404298799
0.0017058410808370235
0.0019331241698611365
0.0017351774366499914
0.0017075791021552212
0.00167624455487767
GEN 28 time 1599126661
0.0014584555404298799
0.0017058410808370235
0.0019331241698611365
0.0017351774366499914
0.0017075791021552212
0.00167624455487767
GEN 29 time 1599126665
0.0014584555404298799
0.0017058410808370235
0.0019331241698611365
0.0017351774366499914
0.0017075791021552212
0.00167624455487767
GEN 30 time 1599126669
0.0014584555404298799
0.0017058410808370235
0.0019331241698611365
0.0017351774366499914
0.0017075791021552212
0.00167624455487767
GEN 31 time 1599126674
0.0014584555404298799
0.0017058410808370235
0.0019331241698611365
0.001711882915881559
0.0017075791021552212
0.0016697190428799514
GEN 32 time 1599126678
0.0014584555404298799
0.0017058410808370235
0.0019331241698611365
0.001711882915881559
0.0017075791021552212
0.001665223932335859
GEN 33 time 1599126682
0.0014584555404298799
0.0017058410808370235
0.0019331241698611365
0.001711882915881559
0.0017075791021552212
0.001665223932335859
GEN 34 time 1599126687
0.0014584555404298799
0.0017058410808370235
0.0019331241698611365
0.001711882915881559
0.0017075791021552212
0.001665223932335859
GEN 35 time 1599126691
0.0014584555404298799
0.0017058410808370235
0.0019331241698611365
0.001711882915881559
0.0017075791021552212
0.001665223932335859
GEN 36 time 1599126696
0.0014584555404298799
0.0017058410808370235
0.0019331241698611365
0.001711882915881559
0.0017075791021552212
0.001665223932335859
GEN 37 time 1599126700
0.0014584555404298799
0.0017058410808370235
0.0019331241698611365
0.001711882915881559
0.0017075791021552212
0.001651244025150033
GEN 38 time 1599126705
0.0014584555404298799
0.0017058410808370235
0.0019331241698611365
0.001711882915881559
0.0017075791021552212
0.001651244025150033
GEN 39 time 1599126709
0.0014584555404298799
0.0017058410808370235
0.0019331241698611365
0.001711882915881559
0.0017075791021552212
0.001651244025150033
GEN 40 time 1599126714
0.0014584555404298799
0.0017058410808370235
0.0019331241698611365
0.001711882915881559
0.0017075791021552212
0.001651244025150033
GEN 41 time 1599126718
0.0014584555404298799
0.0017058410808370235
0.0019331241698611365
0.001711882915881559
0.0017075791021552212
0.001651244025150033
GEN 42 time 1599126723
0.0014584555404298799
0.0017058410808370235
0.0019331241698611365
0.001711882915881559
0.0017075791021552212
0.001651244025150033
GEN 43 time 1599126727
0.0014584555404298799
0.0017058410808370235
0.0019331241698611365
0.001711882915881559
0.0017075791021552212
0.001651244025150033
GEN 44 time 1599126732
0.0014584555404298799
0.0017058410808370235
0.0019331241698611365
0.0016497945550902112
0.0017075791021552212
0.001651244025150033
GEN 45 time 1599126736
0.0014584555404298799
0.0017058410808370235
0.0019331241698611365
0.0016497945550902112
0.0017075791021552212
0.001651244025150033
GEN 46 time 1599126741
0.0014584555404298799
0.0017058410808370235
0.0019331241698611365
0.0016497945550902112
0.0017075791021552212
0.001651244025150033
GEN 47 time 1599126745
0.0014584555404298799
0.0017058410808370235
0.0019331241698611365
0.0016497945550902112
0.0017075791021552212
0.001651244025150033
GEN 48 time 1599126749
0.0014584555404298799
0.0017058410808370235
0.0019331241698611365
0.0016497945550902112
0.0017075791021552212
0.001651244025150033
GEN 49 time 1599126754
0.0014584555404298799
0.0017058410808370235
0.0019331241698611365
0.0016497945550902112
0.0017075791021552212
0.001651244025150033
GEN 50 time 1599126758
0.0014584555404298799
0.0017058410808370235
0.0019331241698611365
0.0016497945550902112
0.0017075791021552212
0.001651244025150033
GEN 51 time 1599126763
0.0014584555404298799
0.0017058410808370235
0.0019331241698611365
0.0016497945550902112
0.0017075791021552212
0.001651244025150033
GEN 52 time 1599126767
0.0014584555404298799
0.0017058410808370235
0.0019331241698611365
0.0016497945550902112
0.0017075791021552212
0.001651244025150033
GEN 53 time 1599126771
0.0014584555404298799
0.0017058410808370235
0.0019331241698611365
0.0016497945550902112
0.0017075791021552212
0.001651244025150033
GEN 54 time 1599126776
0.0014584555404298799
0.0017058410808370235
0.0019331241698611365
0.0016497945550902112
0.0017075791021552212
0.001651244025150033
GEN 55 time 1599126780
0.0014584555404298799
0.0017058410808370235
0.0019331241698611365
0.0016497945550902112
0.0017075791021552212
0.001651244025150033
GEN 56 time 1599126784
0.0014584555404298799
0.0017058410808370235
0.0019331241698611365
0.0016497945550902112
0.0017075791021552212
0.001651244025150033
GEN 57 time 1599126788
0.0014584555404298799
0.0017058410808370235
0.0019331241698611365
0.0016497945550902112
0.0017075791021552212
0.0014874408962521413
GEN 58 time 1599126792
0.0014584555404298799
0.0017058410808370235
0.0019331241698611365
0.0016497945550902112
0.0017075791021552212
0.0014874408962521413
GEN 59 time 1599126796
0.0014584555404298799
0.0017058410808370235
0.0019331241698611365
0.0016497945550902112
0.0017075791021552212
0.0014874408962521413
GEN 60 time 1599126800
0.0014584555404298799
0.0017058410808370235
0.0019331241698611365
0.0016497945550902112
0.0017075791021552212
0.0014874408962521413
GEN 61 time 1599126804
0.0014584555404298799
0.0017058410808370235
0.0019331241698611365
0.0016497945550902112
0.0017075791021552212
0.0014874408962521413
GEN 62 time 1599126808
0.0014584555404298799
0.0017058410808370235
0.0019331241698611365
0.0016497945550902112
0.0017075791021552212
0.0014874408962521413
GEN 63 time 1599126813
0.0014584555404298799
0.0017058410808370235
0.0019331241698611365
0.0016497945550902112
0.0017075791021552212
0.0014874408962521413
GEN 64 time 1599126817
0.0014584555404298799
0.0017058410808370235
0.0019331241698611365
0.0016497945550902112
0.0017075791021552212
0.0014874408962521413
GEN 65 time 1599126821
0.0014584555404298799
0.0017058410808370235
0.0019331241698611365
0.0016497945550902112
0.0017075791021552212
0.0014874408962521413
GEN 66 time 1599126825
0.0014584555404298799
0.0017058410808370235
0.0019331241698611365
0.0016497945550902112
0.0017075791021552212
0.0014874408962521413
GEN 67 time 1599126829
0.0014584555404298799
0.0017058410808370235
0.0019331241698611365
0.0016184204999931256
0.0017075791021552212
0.0014874408962521413
GEN 68 time 1599126833
0.0014584555404298799
0.0017058410808370235
0.0019331241698611365
0.0016184204999931256
0.0017075791021552212
0.0014874408962521413
GEN 69 time 1599126837
0.0014584555404298799
0.0017058410808370235
0.0019331241698611365
0.0016069571340225092
0.0017075791021552212
0.0014874408962521413
GEN 70 time 1599126841
0.0014584555404298799
0.0017058410808370235
0.0019331241698611365
0.0016069571340225092
0.0017075791021552212
0.0014874408962521413
GEN 71 time 1599126845
0.0014584555404298799
0.0017058410808370235
0.0019331241698611365
0.0016069571340225092
0.0017075791021552212
0.0014874408962521413
GEN 72 time 1599126849
0.0014584555404298799
0.0017058410808370235
0.0019331241698611365
0.0016069571340225092
0.0017075791021552212
0.0014874408962521413
GEN 73 time 1599126853
0.0014584555404298799
0.0017058410808370235
0.0019331241698611365
0.0016069571340225092
0.0017075791021552212
0.0014874408962521413
GEN 74 time 1599126857
0.0014584555404298799
0.0017058410808370235
0.0019331241698611365
0.0016069571340225092
0.0017075791021552212
0.0014874408962521413
GEN 75 time 1599126861
0.0014584555404298799
0.0017058410808370235
0.0019331241698611365
0.0016069571340225092
0.0017075791021552212
0.0014874408962521413
GEN 76 time 1599126865
0.0014584555404298799
0.0017058410808370235
0.0019331241698611365
0.0016069571340225092
0.0017075791021552212
0.0014874408962521413
GEN 77 time 1599126869
0.0014584555404298799
0.0017058410808370235
0.0019331241698611365
0.0016069571340225092
0.0017075791021552212
0.0014874408962521413
GEN 78 time 1599126873
0.0014584555404298799
0.0017058410808370235
0.0019331241698611365
0.0016069571340225092
0.0017075791021552212
0.0014874408962521413
GEN 79 time 1599126877
0.0014584555404298799
0.0017058410808370235
0.0019331241698611365
0.0016069571340225092
0.0017075791021552212
0.0014874408962521413
GEN 80 time 1599126881
0.0014584555404298799
0.0017058410808370235
0.0019331241698611365
0.0016069571340225092
0.0017075791021552212
0.0014874408962521413
GEN 81 time 1599126884
0.0014584555404298799
0.0017058410808370235
0.0019331241698611365
0.0016069571340225092
0.0017075791021552212
0.0014874408962521413
GEN 82 time 1599126888
0.0014584555404298799
0.0017058410808370235
0.0019331241698611365
0.0016069571340225092
0.0017075791021552212
0.0014874408962521413
GEN 83 time 1599126892
0.0014584555404298799
0.0017058410808370235
0.0019331241698611365
0.0016069571340225092
0.0017075791021552212
0.0014874408962521413
GEN 84 time 1599126896
0.0014584555404298799
0.0017058410808370235
0.0019331241698611365
0.0016069571340225092
0.0017075791021552212
0.0014874408962521413
GEN 85 time 1599126900
0.0014584555404298799
0.0017058410808370235
0.0019331241698611365
0.0016069571340225092
0.0017075791021552212
0.00147622455487767
GEN 86 time 1599126904
0.0014584555404298799
0.0017058410808370235
0.0019331241698611365
0.0016069571340225092
0.0017075791021552212
0.00147622455487767
GEN 87 time 1599126909
0.0014584555404298799
0.0017058410808370235
0.0019331241698611365
0.0016069571340225092
0.0017075791021552212
0.00147622455487767
GEN 88 time 1599126913
0.0014584555404298799
0.0017058410808370235
0.0019331241698611365
0.0016069571340225092
0.0016873438010097709
0.00147622455487767
GEN 89 time 1599126917
0.0014584555404298799
0.0017058410808370235
0.0019331241698611365
0.0016069571340225092
0.0016873438010097709
0.00147622455487767
GEN 90 time 1599126921
0.0014584555404298799
0.0017058410808370235
0.0019331241698611365
0.0016069571340225092
0.0016873438010097709
0.00147622455487767
GEN 91 time 1599126925
0.0014584555404298799
0.0017058410808370235
0.0019331241698611365
0.0016069571340225092
0.0016873438010097709
0.00147622455487767
GEN 92 time 1599126929
0.0014584555404298799
0.0017058410808370235
0.0019331241698611365
0.0016069571340225092
0.0016622823295279958
0.00147622455487767
GEN 93 time 1599126933
0.0014584555404298799
0.0017058410808370235
0.0019331241698611365
0.0016069571340225092
0.0015865653737264208
0.00147622455487767
GEN 94 time 1599126937
0.0014584555404298799
0.0017058410808370235
0.0019331241698611365
0.0016069571340225092
0.0015865653737264208
0.00147622455487767
GEN 95 time 1599126942
0.0014584555404298799
0.0017058410808370235
0.0019331241698611365
0.0016069571340225092
0.0015865653737264208
0.00147622455487767
GEN 96 time 1599126946
0.0014584555404298799
0.0017058410808370235
0.0019331241698611365
0.0016069571340225092
0.0015865653737264208
0.00147622455487767
GEN 97 time 1599126950
0.0014584555404298799
0.0017058410808370235
0.0019331241698611365
0.0016069571340225092
0.0015865653737264208
0.00147622455487767
GEN 98 time 1599126954
0.0014584555404298799
0.0017058410808370235
0.0019331241698611365
0.0016069571340225092
0.0015865653737264208
0.00147622455487767
GEN 99 time 1599126958
0.0014584555404298799
0.0017058410808370235
0.0019331241698611365
0.0016069571340225092
0.0015865653737264208
0.00147622455487767
GEN 100 time 1599126962
0.0014584555404298799
0.0017058410808370235
0.0019331241698611365
0.0016069571340225092
0.0015865653737264208
0.00147622455487767
GEN 101 time 1599126966
0.0014584555404298799
0.0017058410808370235
0.0019331241698611365
0.0016069571340225092
0.0015865653737264208
0.00147622455487767
GEN 102 time 1599126971
0.0014584555404298799
0.0017058410808370235
0.0019331241698611365
0.0016069571340225092
0.0015865653737264208
0.00147622455487767
GEN 103 time 1599126975
0.0014584555404298799
0.0017058410808370235
0.0019331241698611365
0.0016069571340225092
0.0015865653737264208
0.00147622455487767
GEN 104 time 1599126979
0.0014584555404298799
0.0017058410808370235
0.0019331241698611365
0.0016069571340225092
0.0015865653737264208
0.00147622455487767
GEN 105 time 1599126983
0.0014584555404298799
0.0017058410808370235
0.0019331241698611365
0.0016069571340225092
0.0015865653737264208
0.00147622455487767
GEN 106 time 1599126987
0.0014584555404298799
0.0017058410808370235
0.0019331241698611365
0.0016069571340225092
0.0015865653737264208
0.00147622455487767
GEN 107 time 1599126991
0.0014584555404298799
0.0017058410808370235
0.0019331241698611365
0.0016069571340225092
0.0015865653737264208
0.00147622455487767
GEN 108 time 1599126995
0.0014584555404298799
0.0017058410808370235
0.0019331241698611365
0.0016069571340225092
0.0015865653737264208
0.00147622455487767
GEN 109 time 1599126999
0.0014584555404298799
0.0017058410808370235
0.0019331241698611365
0.0016069571340225092
0.0015865653737264208
0.00147622455487767
GEN 110 time 1599127003
0.0014584555404298799
0.0017058410808370235
0.0019331241698611365
0.0016069571340225092
0.0015865653737264208
0.00147622455487767
GEN 111 time 1599127007
0.0014584555404298799
0.0017058410808370235
0.0019331241698611365
0.0016069571340225092
0.0015865653737264208
0.00147622455487767
GEN 112 time 1599127011
0.0014584555404298799
0.0017058410808370235
0.0019331241698611365
0.0016069571340225092
0.0015865653737264208
0.00147622455487767
GEN 113 time 1599127015
0.0014584555404298799
0.0017058410808370235
0.0019331241698611365
0.0016069571340225092
0.0015865653737264208
0.00147622455487767
GEN 114 time 1599127019
0.0014584555404298799
0.0017058410808370235
0.0019331241698611365
0.0016069571340225092
0.0015865653737264208
0.00147622455487767
GEN 115 time 1599127023
0.0014584555404298799
0.0017058410808370235
0.0019331241698611365
0.0016069571340225092
0.0015865653737264208
0.00147622455487767
GEN 116 time 1599127027
0.0014584555404298799
0.0017058410808370235
0.0019331241698611365
0.0016069571340225092
0.0015865653737264208
0.00147622455487767
GEN 117 time 1599127031
0.0014584555404298799
0.0017058410808370235
0.0019331241698611365
0.0016069571340225092
0.0015865653737264208
0.00147622455487767
GEN 118 time 1599127035
0.0014584555404298799
0.0017058410808370235
0.0019331241698611365
0.0016069571340225092
0.0015865653737264208
0.00147622455487767
GEN 119 time 1599127039
0.0014584555404298799
0.0017058410808370235
0.0019331241698611365
0.0016069571340225092
0.0015865653737264208
0.00147622455487767
GEN 120 time 1599127042
0.0014584555404298799
0.0017058410808370235
0.0019331241698611365
0.001590505124702059
0.0015865653737264208
0.00147622455487767
GEN 121 time 1599127046
0.0014584555404298799
0.0017058410808370235
0.0019331241698611365
0.001590505124702059
0.0015865653737264208
0.00147622455487767
GEN 122 time 1599127050
0.0014584555404298799
0.0017058410808370235
0.0019331241698611365
0.001590505124702059
0.0015865653737264208
0.00147622455487767
GEN 123 time 1599127054
0.0014584555404298799
0.0017058410808370235
0.0019331241698611365
0.001590505124702059
0.0015865653737264208
0.00147622455487767
GEN 124 time 1599127058
0.0014584555404298799
0.0017058410808370235
0.0019331241698611365
0.001590505124702059
0.0015865653737264208
0.00147622455487767
GEN 125 time 1599127062
0.0014584555404298799
0.0017058410808370235
0.0019331241698611365
0.001590505124702059
0.0015865653737264208
0.00147622455487767
GEN 126 time 1599127066
0.0014584555404298799
0.0017058410808370235
0.0019331241698611365
0.001590505124702059
0.0015865653737264208
0.00147622455487767
GEN 127 time 1599127070
0.0014584555404298799
0.0017058410808370235
0.0019331241698611365
0.001590505124702059
0.0015865653737264208
0.00147622455487767
GEN 128 time 1599127073
0.0014584555404298799
0.0017058410808370235
0.0019331241698611365
0.001590505124702059
0.0015865653737264208
0.00147622455487767
GEN 129 time 1599127078
0.0014584555404298799
0.0017058410808370235
0.0019331241698611365
0.001590505124702059
0.0015865653737264208
0.00147622455487767
GEN 130 time 1599127082
0.0014584555404298799
0.0017058410808370235
0.0019331241698611365
0.001590505124702059
0.0015865653737264208
0.00147622455487767
GEN 131 time 1599127086
0.0014584555404298799
0.0017058410808370235
0.0019331241698611365
0.001590505124702059
0.0015865653737264208
0.00147622455487767
GEN 132 time 1599127089
0.0014584555404298799
0.0017058410808370235
0.0019331241698611365
0.001590505124702059
0.0015865653737264208
0.00147622455487767
GEN 133 time 1599127093
0.0014584555404298799
0.0017058410808370235
0.0019331241698611365
0.001590505124702059
0.0015865653737264208
0.00147622455487767
GEN 134 time 1599127097
0.0014584555404298799
0.0017058410808370235
0.0019331241698611365
0.001590505124702059
0.0015865653737264208
0.00147622455487767
GEN 135 time 1599127101
0.0014584555404298799
0.0017058410808370235
0.0019331241698611365
0.001590505124702059
0.0015865653737264208
0.00147622455487767
GEN 136 time 1599127105
0.0014584555404298799
0.0017058410808370235
0.0019331241698611365
0.001590505124702059
0.0015865653737264208
0.00147622455487767
GEN 137 time 1599127110
0.0014584555404298799
0.0017058410808370235
0.0019331241698611365
0.0015893040607822088
0.0015865653737264208
0.00147622455487767
GEN 138 time 1599127114
0.0014584555404298799
0.0017058410808370235
0.0019331241698611365
0.0015893040607822088
0.0015865653737264208
0.00147622455487767
GEN 139 time 1599127118
0.0014584555404298799
0.0017058410808370235
0.0019331241698611365
0.0015893040607822088
0.0015865653737264208
0.00147622455487767
GEN 140 time 1599127122
0.0014584555404298799
0.0017058410808370235
0.0019331241698611365
0.0015893040607822088
0.0015865653737264208
0.00147622455487767
GEN 141 time 1599127126
0.0014584555404298799
0.0017058410808370235
0.0019331241698611365
0.0015893040607822088
0.0015865653737264208
0.00147622455487767
GEN 142 time 1599127131
0.0014584555404298799
0.0017058410808370235
0.0019331241698611365
0.0015893040607822088
0.0015865653737264208
0.00147622455487767
GEN 143 time 1599127135
0.0014584555404298799
0.0017058410808370235
0.0019331241698611365
0.0015893040607822088
0.0015865653737264208
0.00147622455487767
GEN 144 time 1599127139
0.0014584555404298799
0.0017058410808370235
0.0019331241698611365
0.0015893040607822088
0.0015865653737264208
0.00147622455487767
GEN 145 time 1599127143
0.0014584555404298799
0.0017058410808370235
0.0019331241698611365
0.0015893040607822088
0.0015865653737264208
0.00147622455487767
GEN 146 time 1599127147
0.0014584555404298799
0.0017058410808370235
0.0019331241698611365
0.0015893040607822088
0.0015865653737264208
0.00147622455487767
GEN 147 time 1599127151
0.0014584555404298799
0.0017058410808370235
0.0019331241698611365
0.0015893040607822088
0.0015865653737264208
0.00147622455487767
GEN 148 time 1599127155
0.0014584555404298799
0.0017058410808370235
0.0019331241698611365
0.0015893040607822088
0.0015865653737264208
0.00147622455487767
GEN 149 time 1599127160
0.0014584555404298799
0.0017058410808370235
0.0019331241698611365
0.0015893040607822088
0.0015865653737264208
0.00147622455487767
GEN 150 time 1599127164
0.0014584555404298799
0.0017058410808370235
0.0019331241698611365
0.0015893040607822088
0.0015865653737264208
0.00147622455487767
GEN 151 time 1599127168
0.0014584555404298799
0.0017058410808370235
0.0019331241698611365
0.0015893040607822088
0.0015865653737264208
0.00147622455487767
GEN 152 time 1599127172
0.0014584555404298799
0.0017058410808370235
0.0019331241698611365
0.0015893040607822088
0.0015865653737264208
0.00147622455487767
GEN 153 time 1599127177
0.0014584555404298799
0.0017058410808370235
0.0019331241698611365
0.0015893040607822088
0.0015865653737264208
0.00147622455487767
GEN 154 time 1599127181
0.0014584555404298799
0.0017058410808370235
0.0019331241698611365
0.0015893040607822088
0.0015865653737264208
0.00147622455487767
GEN 155 time 1599127185
0.0014584555404298799
0.0017058410808370235
0.0019331241698611365
0.0015893040607822088
0.0015865653737264208
0.00147622455487767
GEN 156 time 1599127189
0.0014584555404298799
0.0017058410808370235
0.0019331241698611365
0.0015893040607822088
0.0015865653737264208
0.00147622455487767
GEN 157 time 1599127194
0.0014584555404298799
0.0017058410808370235
0.0019331241698611365
0.0015893040607822088
0.0015865653737264208
0.00147622455487767
GEN 158 time 1599127198
0.0014584555404298799
0.0017058410808370235
0.0019331241698611365
0.0015893040607822088
0.0015865653737264208
0.00147622455487767
GEN 159 time 1599127202
0.0014584555404298799
0.0017058410808370235
0.0019331241698611365
0.0015893040607822088
0.0015865653737264208
0.00147622455487767
GEN 160 time 1599127206
0.0014584555404298799
0.0017058410808370235
0.0019331241698611365
0.0015893040607822088
0.0015865653737264208
0.00147622455487767
GEN 161 time 1599127210
0.0014584555404298799
0.0017058410808370235
0.0019331241698611365
0.0015893040607822088
0.0015865653737264208
0.00147622455487767
GEN 162 time 1599127214
0.0014584555404298799
0.0017058410808370235
0.0019331241698611365
0.0015893040607822088
0.0015865653737264208
0.00147622455487767
GEN 163 time 1599127219
0.0014584555404298799
0.0017058410808370235
0.0019331241698611365
0.0015893040607822088
0.0015865653737264208
0.00147622455487767
GEN 164 time 1599127223
0.0014584555404298799
0.0017058410808370235
0.0019331241698611365
0.0015893040607822088
0.0015865653737264208
0.00147622455487767
GEN 165 time 1599127228
0.0014584555404298799
0.0017058410808370235
0.0019331241698611365
0.0015893040607822088
0.0015865653737264208
0.00147622455487767
GEN 166 time 1599127232
0.0014584555404298799
0.0017058410808370235
0.0019331241698611365
0.0015893040607822088
0.0015865653737264208
0.00147622455487767
GEN 167 time 1599127236
0.0014584555404298799
0.0017058410808370235
0.0019331241698611365
0.0015893040607822088
0.0015865653737264208
0.00147622455487767
GEN 168 time 1599127241
0.0014584555404298799
0.0017058410808370235
0.0019331241698611365
0.0015893040607822088
0.0015865653737264208
0.00147622455487767
GEN 169 time 1599127245
0.0014584555404298799
0.0017058410808370235
0.0019331241698611365
0.0015893040607822088
0.0015865653737264208
0.00147622455487767
GEN 170 time 1599127250
0.0014584555404298799
0.0017058410808370235
0.0019331241698611365
0.0015893040607822088
0.0015865653737264208
0.00147622455487767
GEN 171 time 1599127254
0.0014584555404298799
0.0017058410808370235
0.0019331241698611365
0.0015893040607822088
0.0015865653737264208
0.00147622455487767
GEN 172 time 1599127259
0.0014584555404298799
0.0017058410808370235
0.0019331241698611365
0.0015893040607822088
0.0015865653737264208
0.00147622455487767
GEN 173 time 1599127263
0.0014584555404298799
0.0017058410808370235
0.0019331241698611365
0.0015893040607822088
0.0015865653737264208
0.00147622455487767
GEN 174 time 1599127267
0.0014584555404298799
0.0017058410808370235
0.0019331241698611365
0.0015893040607822088
0.0015865653737264208
0.00147622455487767
GEN 175 time 1599127272
0.0014584555404298799
0.0017058410808370235
0.0019331241698611365
0.0015893040607822088
0.0015865653737264208
0.00147622455487767
GEN 176 time 1599127277
0.0014584555404298799
0.0017058410808370235
0.0019331241698611365
0.0015893040607822088
0.0015865653737264208
0.00147622455487767
GEN 177 time 1599127281
0.0014584555404298799
0.0017058410808370235
0.0019331241698611365
0.0015893040607822088
0.0015865653737264208
0.00147622455487767
GEN 178 time 1599127286
0.0014584555404298799
0.0017058410808370235
0.0019331241698611365
0.0015893040607822088
0.0015865653737264208
0.00147622455487767
GEN 179 time 1599127290
0.0014584555404298799
0.0017058410808370235
0.0019331241698611365
0.0015893040607822088
0.0015865653737264208
0.00147622455487767
GEN 180 time 1599127295
0.0014584555404298799
0.0017058410808370235
0.0019331241698611365
0.0015893040607822088
0.0015865653737264208
0.00147622455487767
GEN 181 time 1599127299
0.0014584555404298799
0.0017058410808370235
0.0019331241698611365
0.0015893040607822088
0.0015865653737264208
0.00147622455487767
GEN 182 time 1599127304
0.0014584555404298799
0.0017058410808370235
0.0019331241698611365
0.0015893040607822088
0.0015865653737264208
0.00147622455487767
GEN 183 time 1599127308
0.0014584555404298799
0.0017058410808370235
0.0019331241698611365
0.0015893040607822088
0.0015865653737264208
0.00147622455487767
GEN 184 time 1599127313
0.0014584555404298799
0.0017058410808370235
0.0019331241698611365
0.0015893040607822088
0.0015865653737264208
0.00147622455487767
GEN 185 time 1599127317
0.0014584555404298799
0.0017058410808370235
0.0019331241698611365
0.0015893040607822088
0.0015865653737264208
0.00147622455487767
GEN 186 time 1599127322
0.0014584555404298799
0.0017058410808370235
0.0019331241698611365
0.0015893040607822088
0.0015865653737264208
0.00147622455487767
GEN 187 time 1599127326
0.0014584555404298799
0.0017058410808370235
0.0019331241698611365
0.0015893040607822088
0.0015865653737264208
0.00147622455487767
GEN 188 time 1599127331
0.0014584555404298799
0.0017058410808370235
0.0019331241698611365
0.0015893040607822088
0.0015865653737264208
0.00147622455487767
GEN 189 time 1599127336
0.0014584555404298799
0.0017058410808370235
0.0019331241698611365
0.0015893040607822088
0.0015865653737264208
0.00147622455487767
GEN 190 time 1599127341
0.0014584555404298799
0.0017058410808370235
0.0019331241698611365
0.0015893040607822088
0.0015865653737264208
0.00147622455487767
GEN 191 time 1599127345
0.0014584555404298799
0.0017058410808370235
0.0019331241698611365
0.0015893040607822088
0.0015865653737264208
0.00147622455487767
GEN 192 time 1599127350
0.0014584555404298799
0.0017058410808370235
0.0019331241698611365
0.0015893040607822088
0.0015865653737264208
0.00147622455487767
GEN 193 time 1599127355
0.0014584555404298799
0.0017058410808370235
0.0019331241698611365
0.0015893040607822088
0.0015865653737264208
0.00147622455487767
GEN 194 time 1599127359
0.0014584555404298799
0.0017058410808370235
0.0019331241698611365
0.0015893040607822088
0.0015865653737264208
0.00147622455487767
GEN 195 time 1599127364
0.0014584555404298799
0.0017058410808370235
0.0019331241698611365
0.0015893040607822088
0.0015865653737264208
0.00147622455487767
GEN 196 time 1599127369
0.0014584555404298799
0.0017058410808370235
0.0019331241698611365
0.0015893040607822088
0.0015865653737264208
0.00147622455487767
GEN 197 time 1599127373
0.0014584555404298799
0.0017058410808370235
0.0019331241698611365
0.0015893040607822088
0.0015865653737264208
0.00147622455487767
GEN 198 time 1599127378
0.0014584555404298799
0.0017058410808370235
0.0019331241698611365
0.0015893040607822088
0.0015865653737264208
0.00147622455487767
GEN 199 time 1599127382
0.0014584555404298799
0.0017058410808370235
0.0019331241698611365
0.0015893040607822088
0.0015865653737264208
0.00147622455487767
