['./data/small/layer/uu-dem10_r25_1.json', './data/small/layer/uu-dem6_r25_1.json', './data/small/layer/uu-dem9_r25_1.json', './data/small/hop/uu-dem5_r25_1_0.json', './data/small/hop/uu-dem4_r25_1_0.json', './data/small/hop/uu-dem9_r25_1_0.json']
GEN 0 time 1602081132
0.0028266157675943962
0.0017669009947228053
0.002000750810671921
0.002510703886081394
0.0020700121934919837
0.002692117805694502
GEN 1 time 1602081137
0.00240116037497039
0.0017669009947228053
0.002000750810671921
0.0023028058444607667
0.0018172061389345553
0.002692117805694502
GEN 2 time 1602081143
0.00240116037497039
0.0017669009947228053
0.002000750810671921
0.0023028058444607667
0.0018172061389345553
0.002692117805694502
GEN 3 time 1602081149
0.00240116037497039
0.0017669009947228053
0.002000750810671921
0.0020558851694694675
0.0018172061389345553
0.002692117805694502
GEN 4 time 1602081156
0.0020288681507967064
0.001596963160098174
0.002000750810671921
0.0020558851694694675
0.0018172061389345553
0.0026743488898285234
GEN 5 time 1602081163
0.0020288681507967064
0.001596963160098174
0.002000750810671921
0.0020558851694694675
0.0018172061389345553
0.0024718841020683335
GEN 6 time 1602081170
0.0018122043816207161
0.001596963160098174
0.002000750810671921
0.0020558851694694675
0.0018172061389345553
0.0024718841020683335
GEN 7 time 1602081178
0.0018122043816207161
0.001596963160098174
0.002000750810671921
0.0020558851694694675
0.0018172061389345553
0.0024718841020683335
GEN 8 time 1602081186
0.0018122043816207161
0.001596963160098174
0.002000750810671921
0.0020558851694694675
0.0018172061389345553
0.0024718841020683335
GEN 9 time 1602081194
0.0018122043816207161
0.001596963160098174
0.002000750810671921
0.0020507446092252893
0.0018172061389345553
0.002240321782554687
GEN 10 time 1602081202
0.0018122043816207161
0.001596963160098174
0.002000750810671921
0.0020507446092252893
0.0018172061389345553
0.002240321782554687
GEN 11 time 1602081210
0.0018122043816207161
0.001596963160098174
0.002000750810671921
0.0020507446092252893
0.0018172061389345553
0.002240321782554687
GEN 12 time 1602081218
0.0018122043816207161
0.001596963160098174
0.002000750810671921
0.0020507446092252893
0.0018172061389345553
0.002240321782554687
GEN 13 time 1602081226
0.0018122043816207161
0.001596963160098174
0.002000750810671921
0.0020507446092252893
0.0018172061389345553
0.002240321782554687
GEN 14 time 1602081234
0.0018122043816207161
0.001596963160098174
0.002000750810671921
0.0020507446092252893
0.0018172061389345553
0.002240321782554687
GEN 15 time 1602081242
0.0018122043816207161
0.001596963160098174
0.002000750810671921
0.0020507446092252893
0.0018172061389345553
0.002240321782554687
GEN 16 time 1602081250
0.0018122043816207161
0.001596963160098174
0.002000750810671921
0.0020507446092252893
0.0018172061389345553
0.002240321782554687
GEN 17 time 1602081258
0.0018122043816207161
0.001596963160098174
0.002000750810671921
0.0020507446092252893
0.0018172061389345553
0.002240321782554687
GEN 18 time 1602081267
0.0018122043816207161
0.001596963160098174
0.002000750810671921
0.0020507446092252893
0.0018172061389345553
0.002240321782554687
GEN 19 time 1602081275
0.0018122043816207161
0.001596963160098174
0.002000750810671921
0.0020507446092252893
0.0018172061389345553
0.002240321782554687
GEN 20 time 1602081283
0.0018122043816207161
0.001596963160098174
0.002000750810671921
0.0020507446092252893
0.0018172061389345553
0.002240321782554687
GEN 21 time 1602081291
0.0018122043816207161
0.001596963160098174
0.002000750810671921
0.0020507446092252893
0.0018172061389345553
0.002240321782554687
GEN 22 time 1602081299
0.0018122043816207161
0.001596963160098174
0.002000750810671921
0.0019930858416129685
0.0018172061389345553
0.002240321782554687
GEN 23 time 1602081307
0.0018122043816207161
0.001596963160098174
0.002000750810671921
0.0019930858416129685
0.0018172061389345553
0.002240321782554687
GEN 24 time 1602081315
0.0018122043816207161
0.001596963160098174
0.002000750810671921
0.001967942759370146
0.0017605678364032097
0.002240321782554687
GEN 25 time 1602081323
0.0018122043816207161
0.001596963160098174
0.002000750810671921
0.001967942759370146
0.0017605678364032097
0.002240321782554687
GEN 26 time 1602081332
0.0018122043816207161
0.001596963160098174
0.002000750810671921
0.001967942759370146
0.0017605678364032097
0.002240321782554687
GEN 27 time 1602081340
0.0018122043816207161
0.001596963160098174
0.002000750810671921
0.001967942759370146
0.0017605678364032097
0.002240321782554687
GEN 28 time 1602081348
0.0018122043816207161
0.001596963160098174
0.002000750810671921
0.0019027658444607668
0.0017605678364032097
0.002225148277601516
GEN 29 time 1602081356
0.0018122043816207161
0.001596963160098174
0.002000750810671921
0.0019027658444607668
0.0017605678364032097
0.002225148277601516
GEN 30 time 1602081364
0.0018122043816207161
0.001596963160098174
0.002000750810671921
0.0019027658444607668
0.0017605678364032097
0.002225148277601516
GEN 31 time 1602081373
0.0018122043816207161
0.001596963160098174
0.002000750810671921
0.0019027658444607668
0.0017605678364032097
0.002213218456388722
GEN 32 time 1602081381
0.0018122043816207161
0.001596963160098174
0.002000750810671921
0.0019027658444607668
0.0016615887985145072
0.002213218456388722
GEN 33 time 1602081390
0.0018122043816207161
0.001596963160098174
0.002000750810671921
0.0019027658444607668
0.0016615887985145072
0.002213218456388722
GEN 34 time 1602081398
0.0018122043816207161
0.001596963160098174
0.002000750810671921
0.0019027658444607668
0.0016615887985145072
0.002213218456388722
GEN 35 time 1602081406
0.0018122043816207161
0.001596963160098174
0.002000750810671921
0.0019027658444607668
0.0016615887985145072
0.002213218456388722
GEN 36 time 1602081414
0.0018122043816207161
0.001596963160098174
0.002000750810671921
0.0019027658444607668
0.0016615887985145072
0.002213218456388722
GEN 37 time 1602081423
0.0018122043816207161
0.001596963160098174
0.002000750810671921
0.0018364609495579768
0.0016615887985145072
0.002213218456388722
GEN 38 time 1602081431
0.0018122043816207161
0.001596963160098174
0.002000750810671921
0.0018364609495579768
0.0016615887985145072
0.002013198456388722
GEN 39 time 1602081439
0.0018122043816207161
0.001596963160098174
0.002000750810671921
0.0018364609495579768
0.0016615887985145072
0.002013198456388722
GEN 40 time 1602081447
0.0018122043816207161
0.001596963160098174
0.002000750810671921
0.001771495532183111
0.0016615887985145072
0.002013198456388722
GEN 41 time 1602081455
0.0018122043816207161
0.001596963160098174
0.002000750810671921
0.001771495532183111
0.0016615887985145072
0.002013198456388722
GEN 42 time 1602081463
0.0018122043816207161
0.001596963160098174
0.002000750810671921
0.001771495532183111
0.0016615887985145072
0.002013198456388722
GEN 43 time 1602081472
0.0018122043816207161
0.001596963160098174
0.002000750810671921
0.001771495532183111
0.0016615887985145072
0.002013198456388722
GEN 44 time 1602081480
0.0018122043816207161
0.001596963160098174
0.002000750810671921
0.001771495532183111
0.0016615887985145072
0.002013198456388722
GEN 45 time 1602081488
0.0018122043816207161
0.001596963160098174
0.002000750810671921
0.001771495532183111
0.0016615887985145072
0.002013198456388722
GEN 46 time 1602081496
0.0018122043816207161
0.001596963160098174
0.002000750810671921
0.001771495532183111
0.0016615887985145072
0.002013198456388722
GEN 47 time 1602081505
0.0018122043816207161
0.001596963160098174
0.002000750810671921
0.0017293523317674282
0.0016615887985145072
0.002013198456388722
GEN 48 time 1602081513
0.0018122043816207161
0.001596963160098174
0.002000750810671921
0.0017293523317674282
0.0016615887985145072
0.002013198456388722
GEN 49 time 1602081521
0.0018122043816207161
0.001596963160098174
0.002000750810671921
0.0017293523317674282
0.0016615887985145072
0.002013198456388722
GEN 50 time 1602081530
0.0018122043816207161
0.001596963160098174
0.002000750810671921
0.0017027458444607668
0.0016615887985145072
0.002013198456388722
GEN 51 time 1602081538
0.0018122043816207161
0.001596963160098174
0.002000750810671921
0.001650704609225289
0.0016615887985145072
0.002013198456388722
GEN 52 time 1602081546
0.0018122043816207161
0.001596963160098174
0.002000750810671921
0.001650704609225289
0.0016615887985145072
0.002013198456388722
GEN 53 time 1602081554
0.0018122043816207161
0.001596963160098174
0.002000750810671921
0.001650704609225289
0.0016615887985145072
0.002013198456388722
GEN 54 time 1602081563
0.0018122043816207161
0.001596963160098174
0.002000750810671921
0.001650704609225289
0.0016615887985145072
0.002013198456388722
GEN 55 time 1602081571
0.0018122043816207161
0.001596963160098174
0.002000750810671921
0.001650704609225289
0.0016615887985145072
0.002013198456388722
GEN 56 time 1602081579
0.0018122043816207161
0.001596963160098174
0.002000750810671921
0.001650704609225289
0.0016171861389345553
0.002013198456388722
GEN 57 time 1602081588
0.0018122043816207161
0.001596963160098174
0.002000750810671921
0.001650704609225289
0.0016171861389345553
0.002013198456388722
GEN 58 time 1602081596
0.0018122043816207161
0.001596963160098174
0.002000750810671921
0.001650704609225289
0.0016171861389345553
0.002013198456388722
GEN 59 time 1602081604
0.0018122043816207161
0.001596963160098174
0.002000750810671921
0.001650704609225289
0.0016171861389345553
0.002013198456388722
GEN 60 time 1602081613
0.0018122043816207161
0.001596963160098174
0.002000750810671921
0.001650704609225289
0.0016171861389345553
0.002013198456388722
GEN 61 time 1602081621
0.0018122043816207161
0.001596963160098174
0.002000750810671921
0.001650704609225289
0.0016171861389345553
0.002013198456388722
GEN 62 time 1602081630
0.0018122043816207161
0.001596963160098174
0.002000750810671921
0.0016240187850739814
0.0016171861389345553
0.002013198456388722
GEN 63 time 1602081638
0.0018122043816207161
0.001596963160098174
0.002000750810671921
0.0016240187850739814
0.0016171861389345553
0.002013198456388722
GEN 64 time 1602081647
0.0018122043816207161
0.001596963160098174
0.002000750810671921
0.0016240187850739814
0.0016171861389345553
0.002013198456388722
GEN 65 time 1602081655
0.0018122043816207161
0.001596963160098174
0.002000750810671921
0.0016240187850739814
0.0016171861389345553
0.002013198456388722
GEN 66 time 1602081663
0.0018122043816207161
0.001596963160098174
0.002000750810671921
0.0016240187850739814
0.0016171861389345553
0.002013198456388722
GEN 67 time 1602081672
0.0018122043816207161
0.001596963160098174
0.002000750810671921
0.0016240187850739814
0.0016171861389345553
0.002013198456388722
GEN 68 time 1602081680
0.0018122043816207161
0.001596963160098174
0.002000750810671921
0.0016240187850739814
0.0016171861389345553
0.002013198456388722
GEN 69 time 1602081689
0.0018122043816207161
0.001596963160098174
0.002000750810671921
0.0016240187850739814
0.0016171861389345553
0.002013198456388722
GEN 70 time 1602081697
0.0018122043816207161
0.001596963160098174
0.002000750810671921
0.0016240187850739814
0.0016171861389345553
0.002013198456388722
GEN 71 time 1602081705
0.0018122043816207161
0.001596963160098174
0.002000750810671921
0.0016240187850739814
0.0016171861389345553
0.002013198456388722
GEN 72 time 1602081714
0.0018122043816207161
0.001596963160098174
0.002000750810671921
0.0016240187850739814
0.0016171861389345553
0.002013198456388722
GEN 73 time 1602081722
0.0018122043816207161
0.001596963160098174
0.002000750810671921
0.0016240187850739814
0.0016171861389345553
0.002013198456388722
GEN 74 time 1602081731
0.0018122043816207161
0.001596963160098174
0.002000750810671921
0.0016240187850739814
0.0016171861389345553
0.002013198456388722
GEN 75 time 1602081739
0.0018122043816207161
0.001596963160098174
0.002000750810671921
0.0016240187850739814
0.0016171861389345553
0.002013198456388722
GEN 76 time 1602081748
0.0018122043816207161
0.001596963160098174
0.002000750810671921
0.0016240187850739814
0.0016171861389345553
0.002013198456388722
GEN 77 time 1602081756
0.0018122043816207161
0.001596963160098174
0.002000750810671921
0.0016240187850739814
0.0015902993903369829
0.002013198456388722
GEN 78 time 1602081765
0.0018122043816207161
0.001596963160098174
0.002000750810671921
0.0016240187850739814
0.0015902993903369829
0.002013198456388722
GEN 79 time 1602081773
0.0018122043816207161
0.001596963160098174
0.002000750810671921
0.0016240187850739814
0.0015902993903369829
0.002013198456388722
GEN 80 time 1602081781
0.0018122043816207161
0.001596963160098174
0.002000750810671921
0.0016240187850739814
0.0015902993903369829
0.002013198456388722
GEN 81 time 1602081790
0.0018122043816207161
0.001596963160098174
0.002000750810671921
0.0016240187850739814
0.0015902993903369829
0.002013198456388722
GEN 82 time 1602081798
0.0018122043816207161
0.001596963160098174
0.002000750810671921
0.0016240187850739814
0.0015902993903369829
0.002013198456388722
GEN 83 time 1602081807
0.0018122043816207161
0.001596963160098174
0.002000750810671921
0.0016240187850739814
0.0015902993903369829
0.002013198456388722
GEN 84 time 1602081815
0.0018122043816207161
0.001596963160098174
0.002000750810671921
0.0016240187850739814
0.0015902993903369829
0.002013198456388722
GEN 85 time 1602081823
0.0018122043816207161
0.001596963160098174
0.002000750810671921
0.0016240187850739814
0.0015902993903369829
0.002013198456388722
GEN 86 time 1602081831
0.0018122043816207161
0.001596963160098174
0.002000750810671921
0.0016240187850739814
0.0015902993903369829
0.002013198456388722
GEN 87 time 1602081839
0.0018122043816207161
0.001596963160098174
0.002000750810671921
0.0016240187850739814
0.0015902993903369829
0.002013198456388722
GEN 88 time 1602081847
0.0018122043816207161
0.001596963160098174
0.002000750810671921
0.0016240187850739814
0.0015902993903369829
0.002013198456388722
GEN 89 time 1602081856
0.0018122043816207161
0.001596963160098174
0.002000750810671921
0.0016240187850739814
0.0015902993903369829
0.002013198456388722
GEN 90 time 1602081864
0.0018122043816207161
0.001596963160098174
0.002000750810671921
0.0016240187850739814
0.0015902993903369829
0.002013198456388722
GEN 91 time 1602081872
0.0018122043816207161
0.001596963160098174
0.002000750810671921
0.0016240187850739814
0.0015902993903369829
0.002013198456388722
GEN 92 time 1602081880
0.0018122043816207161
0.001596963160098174
0.002000750810671921
0.0016240187850739814
0.0015902993903369829
0.002013198456388722
GEN 93 time 1602081888
0.0018122043816207161
0.001596963160098174
0.002000750810671921
0.0016240187850739814
0.0015902993903369829
0.002013198456388722
GEN 94 time 1602081896
0.0018122043816207161
0.001596963160098174
0.002000750810671921
0.0016240187850739814
0.0015902993903369829
0.002013198456388722
GEN 95 time 1602081904
0.0018122043816207161
0.001596963160098174
0.002000750810671921
0.0016240187850739814
0.0015902993903369829
0.002013198456388722
GEN 96 time 1602081912
0.0018122043816207161
0.001596963160098174
0.002000750810671921
0.0016240187850739814
0.0015902993903369829
0.002013198456388722
GEN 97 time 1602081920
0.0018122043816207161
0.001596963160098174
0.002000750810671921
0.0016240187850739814
0.0015902993903369829
0.002013198456388722
GEN 98 time 1602081928
0.0018122043816207161
0.001596963160098174
0.002000750810671921
0.0016240187850739814
0.0015902993903369829
0.002013198456388722
GEN 99 time 1602081936
0.0018122043816207161
0.001596963160098174
0.002000750810671921
0.0016240187850739814
0.0015902993903369829
0.002013198456388722
GEN 100 time 1602081944
0.0018122043816207161
0.001596963160098174
0.002000750810671921
0.0016240187850739814
0.0015902993903369829
0.002013198456388722
GEN 101 time 1602081951
0.0018122043816207161
0.001596963160098174
0.002000750810671921
0.0016240187850739814
0.0015902993903369829
0.002013198456388722
GEN 102 time 1602081959
0.0018122043816207161
0.001596963160098174
0.002000750810671921
0.0016240187850739814
0.0015902993903369829
0.002013198456388722
GEN 103 time 1602081967
0.0018122043816207161
0.001596963160098174
0.002000750810671921
0.0016240187850739814
0.0015902993903369829
0.002013198456388722
GEN 104 time 1602081975
0.0018122043816207161
0.001596963160098174
0.002000750810671921
0.0016240187850739814
0.0015262260673751002
0.002013198456388722
GEN 105 time 1602081983
0.0018122043816207161
0.001596963160098174
0.002000750810671921
0.0016240187850739814
0.0015262260673751002
0.002013198456388722
GEN 106 time 1602081991
0.0018122043816207161
0.001596963160098174
0.002000750810671921
0.0016240187850739814
0.0015262260673751002
0.002013198456388722
GEN 107 time 1602081999
0.0018122043816207161
0.001596963160098174
0.002000750810671921
0.0016240187850739814
0.0015262260673751002
0.002013198456388722
GEN 108 time 1602082007
0.0018122043816207161
0.001596963160098174
0.002000750810671921
0.0016240187850739814
0.0015262260673751002
0.002013198456388722
GEN 109 time 1602082015
0.0018122043816207161
0.001596963160098174
0.002000750810671921
0.0016240187850739814
0.0015262260673751002
0.002013198456388722
GEN 110 time 1602082023
0.0018122043816207161
0.001596963160098174
0.002000750810671921
0.0016240187850739814
0.0015262260673751002
0.002013198456388722
GEN 111 time 1602082031
0.0018122043816207161
0.001596963160098174
0.002000750810671921
0.0016240187850739814
0.0015262260673751002
0.002013198456388722
GEN 112 time 1602082039
0.0018122043816207161
0.001596963160098174
0.002000750810671921
0.0016240187850739814
0.0015262260673751002
0.002013198456388722
GEN 113 time 1602082047
0.0018122043816207161
0.001596963160098174
0.002000750810671921
0.0016240187850739814
0.0015262260673751002
0.002013198456388722
GEN 114 time 1602082055
0.0018122043816207161
0.001596963160098174
0.002000750810671921
0.0016240187850739814
0.0015262260673751002
0.002013198456388722
GEN 115 time 1602082063
0.0018122043816207161
0.001596963160098174
0.002000750810671921
0.0016240187850739814
0.0015262260673751002
0.002013198456388722
GEN 116 time 1602082072
0.0018122043816207161
0.001596963160098174
0.002000750810671921
0.0016240187850739814
0.0015262260673751002
0.002013198456388722
GEN 117 time 1602082080
0.0018122043816207161
0.001596963160098174
0.002000750810671921
0.0016240187850739814
0.0015262260673751002
0.002013198456388722
GEN 118 time 1602082088
0.0018122043816207161
0.001596963160098174
0.002000750810671921
0.0016240187850739814
0.001498131495512806
0.002013198456388722
GEN 119 time 1602082096
0.0018122043816207161
0.001596963160098174
0.002000750810671921
0.0016240187850739814
0.001498131495512806
0.002013198456388722
GEN 120 time 1602082104
0.0018122043816207161
0.001596963160098174
0.002000750810671921
0.0016240187850739814
0.001498131495512806
0.002013198456388722
GEN 121 time 1602082112
0.0018122043816207161
0.001596963160098174
0.002000750810671921
0.0016240187850739814
0.0014859120134868514
0.002013198456388722
GEN 122 time 1602082120
0.0018122043816207161
0.001596963160098174
0.002000750810671921
0.0016240187850739814
0.0014859120134868514
0.002013198456388722
GEN 123 time 1602082128
0.0018122043816207161
0.001596963160098174
0.002000750810671921
0.0016240187850739814
0.0014859120134868514
0.002013198456388722
GEN 124 time 1602082136
0.0018122043816207161
0.001596963160098174
0.002000750810671921
0.0016240187850739814
0.0014859120134868514
0.002013198456388722
GEN 125 time 1602082144
0.0018122043816207161
0.001596963160098174
0.002000750810671921
0.0016240187850739814
0.0014859120134868514
0.002013198456388722
GEN 126 time 1602082152
0.0018122043816207161
0.001596963160098174
0.002000750810671921
0.0016240187850739814
0.0014859120134868514
0.002013198456388722
GEN 127 time 1602082160
0.0018122043816207161
0.001596963160098174
0.002000750810671921
0.0016240187850739814
0.0014859120134868514
0.002013198456388722
GEN 128 time 1602082168
0.0018122043816207161
0.001596963160098174
0.002000750810671921
0.0016240187850739814
0.0014859120134868514
0.002013198456388722
GEN 129 time 1602082176
0.0018122043816207161
0.001596963160098174
0.002000750810671921
0.0016240187850739814
0.0014859120134868514
0.002013198456388722
GEN 130 time 1602082184
0.0018122043816207161
0.001596963160098174
0.002000750810671921
0.0016240187850739814
0.0014859120134868514
0.002013198456388722
GEN 131 time 1602082192
0.0018122043816207161
0.001596963160098174
0.002000750810671921
0.0016240187850739814
0.0014859120134868514
0.002013198456388722
GEN 132 time 1602082200
0.0018122043816207161
0.001596963160098174
0.002000750810671921
0.0016240187850739814
0.0014859120134868514
0.002013198456388722
GEN 133 time 1602082208
0.0018122043816207161
0.001596963160098174
0.002000750810671921
0.0016240187850739814
0.0014859120134868514
0.002013198456388722
GEN 134 time 1602082216
0.0018122043816207161
0.001596963160098174
0.002000750810671921
0.0016240187850739814
0.0014859120134868514
0.002013198456388722
GEN 135 time 1602082224
0.0018122043816207161
0.001596963160098174
0.002000750810671921
0.0016240187850739814
0.0014859120134868514
0.002013198456388722
GEN 136 time 1602082232
0.0018122043816207161
0.001596963160098174
0.002000750810671921
0.0016240187850739814
0.0014859120134868514
0.002013198456388722
GEN 137 time 1602082240
0.0018122043816207161
0.001596963160098174
0.002000750810671921
0.0016240187850739814
0.0014859120134868514
0.002013198456388722
GEN 138 time 1602082248
0.0018122043816207161
0.001596963160098174
0.002000750810671921
0.0016240187850739814
0.0014859120134868514
0.002013198456388722
GEN 139 time 1602082256
0.0018122043816207161
0.001596963160098174
0.002000750810671921
0.0016240187850739814
0.0014859120134868514
0.002013198456388722
GEN 140 time 1602082264
0.0018122043816207161
0.001596963160098174
0.002000750810671921
0.0016240187850739814
0.0014859120134868514
0.002013198456388722
GEN 141 time 1602082272
0.0018122043816207161
0.001596963160098174
0.002000750810671921
0.0016240187850739814
0.0014859120134868514
0.002013198456388722
GEN 142 time 1602082280
0.0018122043816207161
0.001596963160098174
0.002000750810671921
0.0016240187850739814
0.0014859120134868514
0.002013198456388722
GEN 143 time 1602082288
0.0018122043816207161
0.001596963160098174
0.002000750810671921
0.0016240187850739814
0.0014859120134868514
0.002013198456388722
GEN 144 time 1602082296
0.0018122043816207161
0.001596963160098174
0.002000750810671921
0.0016240187850739814
0.0014859120134868514
0.002013198456388722
GEN 145 time 1602082304
0.0018122043816207161
0.001596963160098174
0.002000750810671921
0.0016240187850739814
0.0014859120134868514
0.002013198456388722
GEN 146 time 1602082313
0.0018122043816207161
0.001596963160098174
0.002000750810671921
0.0016240187850739814
0.0014859120134868514
0.002013198456388722
GEN 147 time 1602082321
0.0018122043816207161
0.001596963160098174
0.002000750810671921
0.0016240187850739814
0.0014859120134868514
0.002013198456388722
GEN 148 time 1602082329
0.0018122043816207161
0.001596963160098174
0.002000750810671921
0.0016240187850739814
0.0014859120134868514
0.002013198456388722
GEN 149 time 1602082337
0.0018122043816207161
0.001596963160098174
0.002000750810671921
0.0016240187850739814
0.0014859120134868514
0.002013198456388722
GEN 150 time 1602082345
0.0018122043816207161
0.001596963160098174
0.002000750810671921
0.0016240187850739814
0.0014859120134868514
0.002013198456388722
GEN 151 time 1602082354
0.0018122043816207161
0.001596963160098174
0.002000750810671921
0.0016240187850739814
0.0014859120134868514
0.002013198456388722
GEN 152 time 1602082362
0.0018122043816207161
0.001596963160098174
0.002000750810671921
0.0016240187850739814
0.0014859120134868514
0.002013198456388722
GEN 153 time 1602082370
0.0018122043816207161
0.001596963160098174
0.002000750810671921
0.0016240187850739814
0.0014859120134868514
0.002013198456388722
GEN 154 time 1602082378
0.0018122043816207161
0.001596963160098174
0.002000750810671921
0.0016240187850739814
0.0014859120134868514
0.002013198456388722
GEN 155 time 1602082387
0.0018122043816207161
0.001596963160098174
0.002000750810671921
0.0016240187850739814
0.0014859120134868514
0.002013198456388722
GEN 156 time 1602082395
0.0018122043816207161
0.001596963160098174
0.002000750810671921
0.0016240187850739814
0.0014859120134868514
0.002013198456388722
GEN 157 time 1602082403
0.0018122043816207161
0.001596963160098174
0.002000750810671921
0.0016240187850739814
0.0014859120134868514
0.002013198456388722
GEN 158 time 1602082411
0.0018122043816207161
0.001596963160098174
0.002000750810671921
0.0016240187850739814
0.0014859120134868514
0.002013198456388722
GEN 159 time 1602082420
0.0018122043816207161
0.001596963160098174
0.002000750810671921
0.0016240187850739814
0.0014859120134868514
0.002013198456388722
GEN 160 time 1602082428
0.0018122043816207161
0.001596963160098174
0.002000750810671921
0.0016240187850739814
0.0014859120134868514
0.002013198456388722
GEN 161 time 1602082436
0.0018122043816207161
0.001596963160098174
0.002000750810671921
0.0016240187850739814
0.0014859120134868514
0.002013198456388722
GEN 162 time 1602082444
0.0018122043816207161
0.001596963160098174
0.002000750810671921
0.0016240187850739814
0.0014859120134868514
0.002013198456388722
GEN 163 time 1602082453
0.0018122043816207161
0.001596963160098174
0.002000750810671921
0.0016240187850739814
0.0014859120134868514
0.002013198456388722
GEN 164 time 1602082461
0.0018122043816207161
0.001596963160098174
0.002000750810671921
0.0016240187850739814
0.0014859120134868514
0.002013198456388722
GEN 165 time 1602082469
0.0018122043816207161
0.001596963160098174
0.002000750810671921
0.0016240187850739814
0.0014859120134868514
0.002013198456388722
GEN 166 time 1602082477
0.0018122043816207161
0.001596963160098174
0.002000750810671921
0.0016240187850739814
0.0014859120134868514
0.002013198456388722
GEN 167 time 1602082485
0.0018122043816207161
0.001596963160098174
0.002000750810671921
0.0016240187850739814
0.0014859120134868514
0.002013198456388722
GEN 168 time 1602082493
0.0018122043816207161
0.001596963160098174
0.002000750810671921
0.0016240187850739814
0.0014859120134868514
0.002013198456388722
GEN 169 time 1602082502
0.0018122043816207161
0.001596963160098174
0.002000750810671921
0.0016240187850739814
0.0014859120134868514
0.002013198456388722
GEN 170 time 1602082510
0.0018122043816207161
0.001596963160098174
0.002000750810671921
0.0016240187850739814
0.0014859120134868514
0.002013198456388722
GEN 171 time 1602082518
0.0018122043816207161
0.001596963160098174
0.002000750810671921
0.0016240187850739814
0.0014859120134868514
0.002013198456388722
GEN 172 time 1602082526
0.0018122043816207161
0.001596963160098174
0.002000750810671921
0.0016240187850739814
0.0014859120134868514
0.002013198456388722
GEN 173 time 1602082534
0.0018122043816207161
0.001596963160098174
0.002000750810671921
0.0016240187850739814
0.0014859120134868514
0.002013198456388722
GEN 174 time 1602082542
0.0018122043816207161
0.001596963160098174
0.002000750810671921
0.0016240187850739814
0.0014859120134868514
0.002013198456388722
GEN 175 time 1602082550
0.0018122043816207161
0.001596963160098174
0.002000750810671921
0.0016240187850739814
0.0014859120134868514
0.002013198456388722
GEN 176 time 1602082558
0.0018122043816207161
0.001596963160098174
0.002000750810671921
0.0016240187850739814
0.0014859120134868514
0.002013198456388722
GEN 177 time 1602082566
0.0018122043816207161
0.001596963160098174
0.002000750810671921
0.0016240187850739814
0.0014859120134868514
0.002013198456388722
GEN 178 time 1602082575
0.0018122043816207161
0.001596963160098174
0.002000750810671921
0.0016240187850739814
0.0014859120134868514
0.002013198456388722
GEN 179 time 1602082583
0.0018122043816207161
0.001596963160098174
0.002000750810671921
0.0016240187850739814
0.0014859120134868514
0.002013198456388722
GEN 180 time 1602082591
0.0018122043816207161
0.001596963160098174
0.002000750810671921
0.0016240187850739814
0.0014859120134868514
0.002013198456388722
GEN 181 time 1602082599
0.0018122043816207161
0.001596963160098174
0.002000750810671921
0.0016240187850739814
0.0014859120134868514
0.002013198456388722
GEN 182 time 1602082607
0.0018122043816207161
0.001596963160098174
0.002000750810671921
0.0016240187850739814
0.0014859120134868514
0.002013198456388722
GEN 183 time 1602082615
0.0018122043816207161
0.001596963160098174
0.002000750810671921
0.0016240187850739814
0.0014859120134868514
0.002013198456388722
GEN 184 time 1602082623
0.0018122043816207161
0.001596963160098174
0.002000750810671921
0.0016240187850739814
0.0014859120134868514
0.002013198456388722
GEN 185 time 1602082631
0.0018122043816207161
0.001596963160098174
0.002000750810671921
0.0016240187850739814
0.0014859120134868514
0.002013198456388722
GEN 186 time 1602082639
0.0018122043816207161
0.001596963160098174
0.002000750810671921
0.0016240187850739814
0.0014859120134868514
0.002013198456388722
GEN 187 time 1602082648
0.0018122043816207161
0.001596963160098174
0.002000750810671921
0.0016240187850739814
0.0014859120134868514
0.002013198456388722
GEN 188 time 1602082656
0.0018122043816207161
0.001596963160098174
0.002000750810671921
0.0016240187850739814
0.0014859120134868514
0.002013198456388722
GEN 189 time 1602082664
0.0018122043816207161
0.001596963160098174
0.002000750810671921
0.0016240187850739814
0.0014859120134868514
0.002013198456388722
GEN 190 time 1602082672
0.0018122043816207161
0.001596963160098174
0.002000750810671921
0.0016240187850739814
0.0014859120134868514
0.002013198456388722
GEN 191 time 1602082680
0.0018122043816207161
0.001596963160098174
0.002000750810671921
0.0016240187850739814
0.0014859120134868514
0.002013198456388722
GEN 192 time 1602082689
0.0018122043816207161
0.001596963160098174
0.002000750810671921
0.0016240187850739814
0.0014859120134868514
0.002013198456388722
GEN 193 time 1602082697
0.0018122043816207161
0.001596963160098174
0.002000750810671921
0.0016240187850739814
0.0014859120134868514
0.002013198456388722
GEN 194 time 1602082706
0.0018122043816207161
0.001596963160098174
0.002000750810671921
0.0016240187850739814
0.0014859120134868514
0.002013198456388722
GEN 195 time 1602082714
0.0018122043816207161
0.001596963160098174
0.002000750810671921
0.0016240187850739814
0.0014859120134868514
0.002013198456388722
GEN 196 time 1602082723
0.0018122043816207161
0.001596963160098174
0.002000750810671921
0.0016240187850739814
0.0014859120134868514
0.002013198456388722
GEN 197 time 1602082731
0.0018122043816207161
0.001596963160098174
0.002000750810671921
0.0016240187850739814
0.0014859120134868514
0.002013198456388722
GEN 198 time 1602082740
0.0018122043816207161
0.001596963160098174
0.002000750810671921
0.0016240187850739814
0.0014859120134868514
0.002013198456388722
GEN 199 time 1602082748
0.0018122043816207161
0.001596963160098174
0.002000750810671921
0.0016240187850739814
0.0014859120134868514
0.002013198456388722
