['./data/layer/ga-dem1_r50_1.json', './data/layer/ga-dem10_r50_1.json', './data/layer/ga-dem1_r25_1.json', './data/hop/ga-dem1_r50_1_0.json']
GEN 0 time 1588588490
0.006029454196309093
0.0032125959847186464
0.004408232088748798
0.004815219284625788
GEN 1 time 1588588494
0.005217461544757456
0.0032125959847186464
0.003207208846597323
0.004815219284625788
GEN 2 time 1588588499
0.005217461544757456
0.0032125959847186464
0.003207208846597323
0.004815219284625788
GEN 3 time 1588588503
0.005217461544757456
0.0028138590514229715
0.003207208846597323
0.003617672517785456
GEN 4 time 1588588508
0.004418845263721415
0.00281290338649547
0.0032070554684822073
0.003617672517785456
GEN 5 time 1588588513
0.004418845263721415
0.0024116194342726546
0.0028052386019310534
0.003617672517785456
GEN 6 time 1588588520
0.004418845263721415
0.0024116194342726546
0.0028052386019310534
0.003617672517785456
GEN 7 time 1588588527
0.004010577190782089
0.0024116194342726546
0.0028052386019310534
0.003617672517785456
GEN 8 time 1588588534
0.003214933860699124
0.0024116194342726546
0.0028052386019310534
0.003617672517785456
GEN 9 time 1588588541
0.003214933860699124
0.0024116194342726546
0.0028052386019310534
0.003617672517785456
GEN 10 time 1588588549
0.003214933860699124
0.0024116194342726546
0.0028052386019310534
0.003617672517785456
GEN 11 time 1588588556
0.003214933860699124
0.0024116194342726546
0.0024058966371331893
0.003617672517785456
GEN 12 time 1588588564
0.003214933860699124
0.0024116194342726546
0.0024056921702455734
0.0036114144634693413
GEN 13 time 1588588571
0.003214933860699124
0.0024098656036048776
0.0024056921702455734
0.0036114144634693413
GEN 14 time 1588588578
0.003214933860699124
0.0024098656036048776
0.0024056921702455734
0.0036114144634693413
GEN 15 time 1588588586
0.003214933860699124
0.0024098656036048776
0.0024056921702455734
0.0036114144634693413
GEN 16 time 1588588594
0.003214933860699124
0.0024098656036048776
0.002403400906317817
0.0036114144634693413
GEN 17 time 1588588601
0.003214933860699124
0.0024098656036048776
0.002403400906317817
0.0036114144634693413
GEN 18 time 1588588609
0.003214933860699124
0.0024098656036048776
0.002403400906317817
0.0036114144634693413
GEN 19 time 1588588616
0.003214933860699124
0.0020098993224449795
0.002403400906317817
0.0036114144634693413
GEN 20 time 1588588624
0.003214933860699124
0.0020098993224449795
0.002403400906317817
0.0036114144634693413
GEN 21 time 1588588631
0.003214933860699124
0.0020098993224449795
0.002403400906317817
0.0036114144634693413
GEN 22 time 1588588638
0.003214933860699124
0.0020098993224449795
0.0020049138642776578
0.0036114144634693413
GEN 23 time 1588588646
0.003214933860699124
0.0020098993224449795
0.0020049138642776578
0.0036114144634693413
GEN 24 time 1588588653
0.0032073303160731715
0.0020098993224449795
0.0020049138642776578
0.0036114144634693413
GEN 25 time 1588588661
0.0032073303160731715
0.0020098993224449795
0.0020049138642776578
0.003609519471703881
GEN 26 time 1588588668
0.0032073303160731715
0.0020098993224449795
0.0020049138642776578
0.003609519471703881
GEN 27 time 1588588676
0.0032073303160731715
0.0020098993224449795
0.0020049138642776578
0.003609519471703881
GEN 28 time 1588588683
0.0032073303160731715
0.0020098993224449795
0.0020049138642776578
0.003609519471703881
GEN 29 time 1588588690
0.0032073303160731715
0.0020098993224449795
0.0020049138642776578
0.003609519471703881
GEN 30 time 1588588698
0.0032073303160731715
0.0020098993224449795
0.0020049138642776578
0.003609519471703881
GEN 31 time 1588588705
0.0032073303160731715
0.0020098993224449795
0.0020049138642776578
0.003609519471703881
GEN 32 time 1588588713
0.0032073303160731715
0.0020098993224449795
0.0020049138642776578
0.003609519471703881
GEN 33 time 1588588720
0.00281374529161091
0.0020098993224449795
0.0020049138642776578
0.003609519471703881
GEN 34 time 1588588727
0.00281374529161091
0.0020098993224449795
0.0020049138642776578
0.002812211922004557
GEN 35 time 1588588735
0.00281374529161091
0.0020098993224449795
0.0020049138642776578
0.002812211922004557
GEN 36 time 1588588742
0.00281374529161091
0.0020098993224449795
0.0020049138642776578
0.002812211922004557
GEN 37 time 1588588750
0.00281374529161091
0.0020098993224449795
0.0020049138642776578
0.002812211922004557
GEN 38 time 1588588757
0.00281374529161091
0.0020098993224449795
0.0020049138642776578
0.002812211922004557
GEN 39 time 1588588765
0.00281374529161091
0.0020098993224449795
0.0020049138642776578
0.002812211922004557
GEN 40 time 1588588772
0.00281374529161091
0.0020098993224449795
0.0020049138642776578
0.002812211922004557
GEN 41 time 1588588780
0.00281374529161091
0.0020098993224449795
0.0020049138642776578
0.002812211922004557
GEN 42 time 1588588788
0.00281374529161091
0.0020098993224449795
0.0020049138642776578
0.002812211922004557
GEN 43 time 1588588795
0.00281374529161091
0.0020098993224449795
0.0020049138642776578
0.002812211922004557
GEN 44 time 1588588803
0.002813358921186653
0.0020098993224449795
0.0020049138642776578
0.002812211922004557
GEN 45 time 1588588811
0.002813358921186653
0.0020098993224449795
0.0020049138642776578
0.002812211922004557
GEN 46 time 1588588819
0.002813358921186653
0.0020098993224449795
0.0020049138642776578
0.002812211922004557
GEN 47 time 1588588827
0.002813358921186653
0.0020098993224449795
0.0020049138642776578
0.002812211922004557
GEN 48 time 1588588835
0.002813358921186653
0.0020098993224449795
0.0020049138642776578
0.002812211922004557
GEN 49 time 1588588843
0.002813358921186653
0.0020098993224449795
0.0020049138642776578
0.002812211922004557
GEN 50 time 1588588851
0.002813358921186653
0.0020098993224449795
0.0020049138642776578
0.002812211922004557
GEN 51 time 1588588859
0.002813358921186653
0.0020098993224449795
0.0020049138642776578
0.002812211922004557
GEN 52 time 1588588868
0.002813358921186653
0.0020098993224449795
0.0020049138642776578
0.002812115052594614
GEN 53 time 1588588876
0.002813358921186653
0.0020098993224449795
0.0020049138642776578
0.002812115052594614
GEN 54 time 1588588883
0.002813358921186653
0.0020098993224449795
0.0020049138642776578
0.002812115052594614
GEN 55 time 1588588891
0.002813358921186653
0.0020098993224449795
0.0020049138642776578
0.002812115052594614
GEN 56 time 1588588899
0.002813358921186653
0.0020098993224449795
0.0020049138642776578
0.002812115052594614
GEN 57 time 1588588906
0.002813358921186653
0.0020098993224449795
0.0020049138642776578
0.002811992440549991
GEN 58 time 1588588914
0.002813358921186653
0.0020098993224449795
0.0020049138642776578
0.002811992440549991
GEN 59 time 1588588921
0.002813358921186653
0.0020098993224449795
0.0020049138642776578
0.002811992440549991
GEN 60 time 1588588929
0.002813358921186653
0.0020098993224449795
0.0020049138642776578
0.002811992440549991
GEN 61 time 1588588936
0.002813358921186653
0.0020098993224449795
0.0020049138642776578
0.002811992440549991
GEN 62 time 1588588944
0.002813358921186653
0.0020098993224449795
0.0020049138642776578
0.002811764864514667
GEN 63 time 1588588951
0.002813358921186653
0.0020098993224449795
0.0020049138642776578
0.002811764864514667
GEN 64 time 1588588959
0.002813358921186653
0.0020098993224449795
0.0020049138642776578
0.002811764864514667
GEN 65 time 1588588966
0.002813358921186653
0.0020098993224449795
0.0020049138642776578
0.002811764864514667
GEN 66 time 1588588973
0.002813358921186653
0.0020098993224449795
0.0020049138642776578
0.002811764864514667
GEN 67 time 1588588981
0.002813358921186653
0.0020098993224449795
0.0020049138642776578
0.0028093306207824017
GEN 68 time 1588588988
0.002813358921186653
0.0020098993224449795
0.0020049138642776578
0.0028093306207824017
GEN 69 time 1588588995
0.002813358921186653
0.0020098993224449795
0.0020049138642776578
0.0028093306207824017
GEN 70 time 1588589003
0.002813358921186653
0.0020098993224449795
0.0020049138642776578
0.0028093306207824017
GEN 71 time 1588589010
0.002813358921186653
0.0020098993224449795
0.0020049138642776578
0.0028093306207824017
GEN 72 time 1588589018
0.002813358921186653
0.0020098993224449795
0.0020049138642776578
0.0028093306207824017
GEN 73 time 1588589025
0.002813358921186653
0.0020098993224449795
0.0020049138642776578
0.0028093306207824017
GEN 74 time 1588589033
0.002813358921186653
0.0020098993224449795
0.0020049138642776578
0.0028093306207824017
GEN 75 time 1588589040
0.002813358921186653
0.0020098993224449795
0.0020049138642776578
0.0028093306207824017
GEN 76 time 1588589048
0.002813358921186653
0.0020098993224449795
0.0020049138642776578
0.0028093306207824017
GEN 77 time 1588589055
0.002813358921186653
0.0020098993224449795
0.0020049138642776578
0.0028093306207824017
GEN 78 time 1588589062
0.002813358921186653
0.0020098993224449795
0.0020049138642776578
0.0028093306207824017
GEN 79 time 1588589070
0.002813358921186653
0.0020098993224449795
0.0020049138642776578
0.0028093306207824017
GEN 80 time 1588589077
0.002813358921186653
0.0020098993224449795
0.0020049138642776578
0.0028093306207824017
GEN 81 time 1588589084
0.002813358921186653
0.0020098993224449795
0.0020049138642776578
0.0028093306207824017
GEN 82 time 1588589092
0.002813358921186653
0.0020098993224449795
0.0020049138642776578
0.0028093306207824017
GEN 83 time 1588589099
0.002813358921186653
0.0020098993224449795
0.0020049138642776578
0.0028093306207824017
GEN 84 time 1588589107
0.002813358921186653
0.0020098993224449795
0.0020049138642776578
0.0028093306207824017
GEN 85 time 1588589114
0.002813358921186653
0.0020098993224449795
0.0020049138642776578
0.0028093306207824017
GEN 86 time 1588589122
0.002813358921186653
0.0020098993224449795
0.0020049138642776578
0.0028093306207824017
GEN 87 time 1588589129
0.002813358921186653
0.0020098993224449795
0.0020049138642776578
0.0028093306207824017
GEN 88 time 1588589137
0.002813358921186653
0.0020098993224449795
0.0020049138642776578
0.0028093306207824017
GEN 89 time 1588589144
0.002813358921186653
0.0020098993224449795
0.0020049138642776578
0.0028093306207824017
GEN 90 time 1588589152
0.002813358921186653
0.0020098993224449795
0.0020049138642776578
0.0028093306207824017
GEN 91 time 1588589159
0.002813358921186653
0.0020098993224449795
0.0020036107338437716
0.0028093306207824017
GEN 92 time 1588589166
0.002813358921186653
0.0020098993224449795
0.0020036107338437716
0.0028093306207824017
GEN 93 time 1588589173
0.002813358921186653
0.0020098993224449795
0.0020036107338437716
0.0028093306207824017
GEN 94 time 1588589181
0.002813358921186653
0.0020098993224449795
0.0020036107338437716
0.0028093306207824017
GEN 95 time 1588589189
0.002813358921186653
0.0020098993224449795
0.0020036107338437716
0.0028093306207824017
GEN 96 time 1588589196
0.002813358921186653
0.0020098993224449795
0.0020036107338437716
0.0028093306207824017
GEN 97 time 1588589203
0.002813358921186653
0.0020098993224449795
0.0020036107338437716
0.0028093306207824017
GEN 98 time 1588589211
0.002813358921186653
0.0020098993224449795
0.0020036107338437716
0.0028093306207824017
GEN 99 time 1588589218
0.002813358921186653
0.0020098993224449795
0.0020036107338437716
0.0028093306207824017
