['./data/layer/no-dem5_r25_1.json', './data/hop/no-dem5_r25_1_0.json', './data/layer/no-dem6_r25_1.json', './data/layer/no-dem5_r50_1.json']
GEN 0 time 1587904968
inf
0.0048072934145900765
0.0032067614499479277
0.0032149437333809537
GEN 1 time 1587904972
inf
0.0048072934145900765
0.0032067614499479277
0.0028133143121375753
GEN 2 time 1587904976
inf
0.004406685630040904
0.0032067614499479277
0.0028133143121375753
GEN 3 time 1587904981
0.005211867805405112
0.004406685630040904
0.0032067614499479277
0.0028133143121375753
GEN 4 time 1587904986
0.005211867805405112
0.004009129081080855
0.0032067614499479277
0.0028133143121375753
GEN 5 time 1587904992
0.005211867805405112
0.004009129081080855
0.0032067614499479277
0.0028133143121375753
GEN 6 time 1587904998
0.004009129081080855
0.004007142013194963
0.0032067614499479277
0.0028130757667083344
GEN 7 time 1587905004
0.0036088761701362597
0.004007142013194963
0.0032067614499479277
0.0028130757667083344
GEN 8 time 1587905010
0.0036088761701362597
0.0036088764480528366
0.0032067614499479277
0.00280981772535466
GEN 9 time 1587905016
0.00360821617297277
0.0036088764480528366
0.0032067614499479277
0.00280981772535466
GEN 10 time 1587905022
0.00360821617297277
0.0036073105287707696
0.0032067614499479277
0.00280981772535466
GEN 11 time 1587905028
0.00360821617297277
0.0036073105287707696
0.0032067614499479277
0.00280981772535466
GEN 12 time 1587905034
0.00360821617297277
0.0036038465708720653
0.0032067614499479277
0.00280981772535466
GEN 13 time 1587905040
0.00360821617297277
0.0036038465708720653
0.0032067614499479277
0.002411334078705112
GEN 14 time 1587905047
0.003207303264864684
0.0036038465708720653
0.0032067614499479277
0.002411334078705112
GEN 15 time 1587905053
0.003207303264864684
0.0036038465708720653
0.0032067614499479277
0.002411334078705112
GEN 16 time 1587905060
0.003207303264864684
0.0036038465708720653
0.0032067614499479277
0.002411334078705112
GEN 17 time 1587905066
0.003207303264864684
0.0036038465708720653
0.0032067614499479277
0.002411334078705112
GEN 18 time 1587905072
0.003207303264864684
0.0036038465708720653
0.0032067614499479277
0.0024106643202626166
GEN 19 time 1587905078
0.003207303264864684
0.0036038465708720653
0.0032067614499479277
0.0024106643202626166
GEN 20 time 1587905085
0.003207303264864684
0.0036038465708720653
0.0032067614499479277
0.0024106643202626166
GEN 21 time 1587905091
0.003207303264864684
0.0036038465708720653
0.0032067614499479277
0.0024106643202626166
GEN 22 time 1587905098
0.003207303264864684
0.003207303264864684
0.0032067614499479277
0.0024106643202626166
GEN 23 time 1587905105
0.003207303264864684
0.003207303264864684
0.0032067614499479277
0.0024106643202626166
GEN 24 time 1587905112
0.003207303264864684
0.003207303264864684
0.0032067614499479277
0.0024106643202626166
GEN 25 time 1587905119
0.003207303264864684
0.003207303264864684
0.0032067614499479277
0.0024106643202626166
GEN 26 time 1587905126
0.003207303264864684
0.003207303264864684
0.0032067614499479277
0.0024106643202626166
GEN 27 time 1587905133
0.003204943623313141
0.003207303264864684
0.0032067614499479277
0.0024106643202626166
GEN 28 time 1587905140
0.003204943623313141
0.003207303264864684
0.0032067614499479277
0.0024106643202626166
GEN 29 time 1587905147
0.003204943623313141
0.003207303264864684
0.0032067614499479277
0.0024102490615984912
GEN 30 time 1587905155
0.003204943623313141
0.003207303264864684
0.0032067614499479277
0.0024102490615984912
GEN 31 time 1587905162
0.003204943623313141
0.003207303264864684
0.0032067614499479277
0.0024102490615984912
GEN 32 time 1587905169
0.003204943623313141
0.003207303264864684
0.0032067614499479277
0.0024102490615984912
GEN 33 time 1587905177
0.003204943623313141
0.003207303264864684
0.0032067614499479277
0.0024102490615984912
GEN 34 time 1587905185
0.003204943623313141
0.003207303264864684
0.0032067614499479277
0.0024102490615984912
GEN 35 time 1587905193
0.003204943623313141
0.003207303264864684
0.0032067614499479277
0.0024102490615984912
GEN 36 time 1587905201
0.003204943623313141
0.0032064982477962396
0.0032067614499479277
0.0024102490615984912
GEN 37 time 1587905208
0.003204943623313141
0.0032064982477962396
0.0032067614499479277
0.0024102490615984912
GEN 38 time 1587905215
0.002405917632035224
0.002806628685661832
0.0032067614499479277
0.0024102490615984912
GEN 39 time 1587905221
0.002405917632035224
0.002806628685661832
0.0032067614499479277
0.0024102490615984912
GEN 40 time 1587905227
0.002405917632035224
0.002806628685661832
0.0032067614499479277
0.0024102490615984912
GEN 41 time 1587905234
0.002405917632035224
0.002806628685661832
0.0032067614499479277
0.0024102490615984912
GEN 42 time 1587905240
0.0024059174467575065
0.002806628685661832
0.0032067614499479277
0.0024102490615984912
GEN 43 time 1587905246
0.0024059174467575065
0.002806628685661832
0.0032067614499479277
0.0024102490615984912
GEN 44 time 1587905253
0.0024059174467575065
0.002806628685661832
0.0032067614499479277
0.0024102490615984912
GEN 45 time 1587905259
0.0024059174467575065
0.002806628685661832
0.0032067614499479277
0.0024102490615984912
GEN 46 time 1587905265
0.0024059174467575065
0.002806628685661832
0.0032067614499479277
0.0024102490615984912
GEN 47 time 1587905272
0.0024059174467575065
0.002806628685661832
0.0032067614499479277
0.0024102490615984912
GEN 48 time 1587905278
0.0024059174467575065
0.002806628685661832
0.0032067614499479277
0.0024102490615984912
GEN 49 time 1587905285
0.0024059174467575065
0.0028056859668217095
0.0032067614499479277
0.0024102490615984912
GEN 50 time 1587905292
0.0024059174467575065
0.0028056859668217095
0.0032067614499479277
0.0024102490615984912
GEN 51 time 1587905298
0.0024059174467575065
0.0028056859668217095
0.0032067614499479277
0.0024102490615984912
GEN 52 time 1587905305
0.0024059174467575065
0.0028056859668217095
0.0032067614499479277
0.0024102490615984912
GEN 53 time 1587905312
0.0024059174467575065
0.0028056859668217095
0.0032067614499479277
0.0024102490615984912
GEN 54 time 1587905319
0.0024059174467575065
0.0028056859668217095
0.0032067614499479277
0.0024102490615984912
GEN 55 time 1587905326
0.0024059174467575065
0.0028056859668217095
0.0032067614499479277
0.0024102490615984912
GEN 56 time 1587905333
0.0024059174467575065
0.0028056859668217095
0.0032067614499479277
0.0024102490615984912
GEN 57 time 1587905340
0.0024059174467575065
0.0028056859668217095
0.0032067614499479277
0.0024102490615984912
GEN 58 time 1587905348
0.0024059174467575065
0.0028056859668217095
0.0032067614499479277
0.0024102490615984912
GEN 59 time 1587905355
0.0024059174467575065
0.0028056859668217095
0.0032067614499479277
0.0024102490615984912
GEN 60 time 1587905362
0.0024059174467575065
0.0028056859668217095
0.0032067614499479277
0.0024102490615984912
GEN 61 time 1587905370
0.0024059174467575065
0.0028056859668217095
0.0032067614499479277
0.0024102490615984912
GEN 62 time 1587905377
0.0024059174467575065
0.0028052108750749784
0.0032067614499479277
0.002009626612904677
GEN 63 time 1587905384
0.0024059174467575065
0.0028052108750749784
0.0032067614499479277
0.002009626612904677
GEN 64 time 1587905391
0.0024059174467575065
0.0028052108750749784
0.0032067614499479277
0.002009626612904677
GEN 65 time 1587905398
0.0024059174467575065
0.0028052108750749784
0.0032067614499479277
0.002009626612904677
GEN 66 time 1587905405
0.0024059174467575065
0.0028052108750749784
0.0032067614499479277
0.002009626612904677
GEN 67 time 1587905413
0.0024059174467575065
0.0028052108750749784
0.0032067614499479277
0.002009626612904677
GEN 68 time 1587905420
0.0024059174467575065
0.0028052108750749784
0.0032067614499479277
0.002009626612904677
GEN 69 time 1587905427
0.0024059174467575065
0.0028052108750749784
0.0032067614499479277
0.002009626612904677
GEN 70 time 1587905434
0.0024059174467575065
0.0028052108750749784
0.0032067614499479277
0.002009626612904677
GEN 71 time 1587905442
0.0024059174467575065
0.0028052108750749784
0.0032067614499479277
0.002009626612904677
GEN 72 time 1587905449
0.0024059174467575065
0.0028052108750749784
0.0032067614499479277
0.002009626612904677
GEN 73 time 1587905456
0.0024059174467575065
0.0028052108750749784
0.0032067614499479277
0.002009626612904677
GEN 74 time 1587905463
0.0024059174467575065
0.0028052108750749784
0.0032067614499479277
0.002009626612904677
GEN 75 time 1587905470
0.0024059174467575065
0.0028052108750749784
0.0032067614499479277
0.002009626612904677
GEN 76 time 1587905478
0.0024059174467575065
0.0028052108750749784
0.0032067614499479277
0.002009626612904677
GEN 77 time 1587905485
0.0024059174467575065
0.0028052108750749784
0.0032067614499479277
0.002009626612904677
GEN 78 time 1587905492
0.0024059174467575065
0.0028052108750749784
0.0032067614499479277
0.002009626612904677
GEN 79 time 1587905499
0.0024059174467575065
0.0028052108750749784
0.0032067614499479277
0.002009626612904677
GEN 80 time 1587905506
0.0024059174467575065
0.0028052108750749784
0.0032067614499479277
0.002009626612904677
GEN 81 time 1587905514
0.0024059174467575065
0.0028052108750749784
0.0032067614499479277
0.002009626612904677
GEN 82 time 1587905521
0.0024059174467575065
0.0028052108750749784
0.0032067614499479277
0.002009626612904677
GEN 83 time 1587905528
0.0024059174467575065
0.0028052108750749784
0.0032067614499479277
0.002009626612904677
GEN 84 time 1587905535
0.0024059174467575065
0.0028052108750749784
0.0032067614499479277
0.002009626612904677
GEN 85 time 1587905542
0.0024059174467575065
0.0028052108750749784
0.0032067614499479277
0.002009626612904677
GEN 86 time 1587905549
0.0024059174467575065
0.0028052108750749784
0.0032067614499479277
0.002009626612904677
GEN 87 time 1587905556
0.0024059174467575065
0.0028052108750749784
0.0032067614499479277
0.002009626612904677
GEN 88 time 1587905563
0.0024059174467575065
0.0028052108750749784
0.0032067614499479277
0.002009626612904677
GEN 89 time 1587905570
0.0024059174467575065
0.0028052108750749784
0.0032067614499479277
0.002009626612904677
GEN 90 time 1587905577
0.0024059174467575065
0.0028052108750749784
0.0032067614499479277
0.002009626612904677
GEN 91 time 1587905584
0.0024059174467575065
0.0028052108750749784
0.0032067614499479277
0.002009626612904677
GEN 92 time 1587905591
0.0024059174467575065
0.0028052108750749784
0.0032067614499479277
0.002009626612904677
GEN 93 time 1587905598
0.0024059174467575065
0.0028052108750749784
0.0032067614499479277
0.002009626612904677
GEN 94 time 1587905606
0.0024059174467575065
0.0028052108750749784
0.0032067614499479277
0.002009626612904677
GEN 95 time 1587905613
0.0024059174467575065
0.0028052108750749784
0.0032067614499479277
0.002009626612904677
GEN 96 time 1587905620
0.0024059174467575065
0.0028052108750749784
0.0032067614499479277
0.002009626612904677
GEN 97 time 1587905627
0.0024059174467575065
0.0028052108750749784
0.0032067614499479277
0.002009626612904677
GEN 98 time 1587905634
0.0024059174467575065
0.0028052108750749784
0.0032067614499479277
0.002009626612904677
GEN 99 time 1587905641
0.0024059174467575065
0.0028052108750749784
0.0032067614499479277
0.002009626612904677
