['./data/small/layer/uu-dem8_r25_1.json', './data/small/layer/uu-dem3_r25_1.json', './data/small/layer/uu-dem8_r50_1.json', './data/small/hop/uu-dem8_r25_1_0.json']
GEN 0 time 1602234420
0.0019331241698611365
0.0018027564962433587
0.0030269426232689646
0.0021263249891591454
GEN 1 time 1602234429
0.0019331241698611365
0.0017058410808370235
0.0030269426232689646
0.0021263249891591454
GEN 2 time 1602234437
0.0019331241698611365
0.0017058410808370235
0.0030269426232689646
0.0020307952109775533
GEN 3 time 1602234446
0.0019331241698611365
0.0017058410808370235
0.0030269426232689646
0.0020307952109775533
GEN 4 time 1602234456
0.0019331241698611365
0.0017058410808370235
0.0030269426232689646
0.0020307952109775533
GEN 5 time 1602234465
0.0019331241698611365
0.0017058410808370235
0.0030269426232689646
0.002002584315050982
GEN 6 time 1602234475
0.0019331241698611365
0.0017058410808370235
0.0030269426232689646
0.002002584315050982
GEN 7 time 1602234484
0.0019331241698611365
0.0017058410808370235
0.0030269426232689646
0.002002584315050982
GEN 8 time 1602234494
0.0019331241698611365
0.0017058410808370235
0.0030269426232689646
0.0019384739408657785
GEN 9 time 1602234505
0.0019331241698611365
0.0017058410808370235
0.0030269426232689646
0.0018550904564155553
GEN 10 time 1602234515
0.0019331241698611365
0.0017058410808370235
0.0030269426232689646
0.0018550904564155553
GEN 11 time 1602234525
0.0019331241698611365
0.0017058410808370235
0.0030269426232689646
0.0018550904564155553
GEN 12 time 1602234535
0.0019331241698611365
0.0017058410808370235
0.0030269426232689646
0.0018550904564155553
GEN 13 time 1602234545
0.0019331241698611365
0.0017058410808370235
0.0030269426232689646
0.0018025643150509818
GEN 14 time 1602234555
0.0019331241698611365
0.0017058410808370235
0.0030269426232689646
0.0018025643150509818
GEN 15 time 1602234566
0.0019331241698611365
0.0017058410808370235
0.0030269426232689646
0.0017384539408657786
GEN 16 time 1602234576
0.0019331241698611365
0.0017058410808370235
0.0030269426232689646
0.0017384539408657786
GEN 17 time 1602234586
0.0019331241698611365
0.0017058410808370235
0.0030269426232689646
0.0017384539408657786
GEN 18 time 1602234597
0.0019331241698611365
0.0017058410808370235
0.0030269426232689646
0.0017384539408657786
GEN 19 time 1602234607
0.0019331241698611365
0.0017058410808370235
0.0030269426232689646
0.0017384539408657786
GEN 20 time 1602234617
0.0019331241698611365
0.0017058410808370235
0.0030269426232689646
0.0017384539408657786
GEN 21 time 1602234628
0.0019331241698611365
0.0017058410808370235
0.0030269426232689646
0.0017384539408657786
GEN 22 time 1602234638
0.0019331241698611365
0.0017058410808370235
0.0030269426232689646
0.0017262849891591455
GEN 23 time 1602234648
0.0019331241698611365
0.0017058410808370235
0.0030269426232689646
0.0017262849891591455
GEN 24 time 1602234658
0.0019331241698611365
0.0017058410808370235
0.0030269426232689646
0.0017262849891591455
GEN 25 time 1602234669
0.0019331241698611365
0.0017058410808370235
0.0030269426232689646
0.0017262849891591455
GEN 26 time 1602234679
0.0019331241698611365
0.0017058410808370235
0.0030269426232689646
0.0017262849891591455
GEN 27 time 1602234689
0.0019331241698611365
0.0017058410808370235
0.0030269426232689646
0.0017262849891591455
GEN 28 time 1602234699
0.0019331241698611365
0.0017058410808370235
0.0030269426232689646
0.0017262849891591455
GEN 29 time 1602234709
0.0019331241698611365
0.0017058410808370235
0.0030269426232689646
0.0017262849891591455
GEN 30 time 1602234719
0.0019331241698611365
0.0017058410808370235
0.0030269426232689646
0.0017262849891591455
GEN 31 time 1602234729
0.0019331241698611365
0.0017058410808370235
0.0030269426232689646
0.0017262849891591455
GEN 32 time 1602234739
0.0019331241698611365
0.0017058410808370235
0.0030269426232689646
0.0017262849891591455
GEN 33 time 1602234749
0.0019331241698611365
0.0017058410808370235
0.0030269426232689646
0.0017262849891591455
GEN 34 time 1602234760
0.0019331241698611365
0.0017058410808370235
0.0030269426232689646
0.0017262849891591455
GEN 35 time 1602234770
0.0019331241698611365
0.0017058410808370235
0.0030269426232689646
0.0017262849891591455
GEN 36 time 1602234780
0.0019331241698611365
0.0017058410808370235
0.0030269426232689646
0.0017262849891591455
GEN 37 time 1602234790
0.0019331241698611365
0.0017058410808370235
0.0030269426232689646
0.0017262849891591455
GEN 38 time 1602234800
0.0019331241698611365
0.0017058410808370235
0.0030269426232689646
0.0017262849891591455
GEN 39 time 1602234810
0.0019331241698611365
0.0017058410808370235
0.0030269426232689646
0.0017262849891591455
GEN 40 time 1602234820
0.0019331241698611365
0.0017058410808370235
0.0030269426232689646
0.0017262849891591455
GEN 41 time 1602234831
0.0019331241698611365
0.0017058410808370235
0.0030269426232689646
0.0017262849891591455
GEN 42 time 1602234841
0.0019331241698611365
0.0017058410808370235
0.0030269426232689646
0.0017262849891591455
GEN 43 time 1602234851
0.0019331241698611365
0.0017058410808370235
0.0030269426232689646
0.0017262849891591455
GEN 44 time 1602234861
0.0019331241698611365
0.0017058410808370235
0.0030269426232689646
0.0017262849891591455
GEN 45 time 1602234871
0.0019331241698611365
0.0017058410808370235
0.0030269426232689646
0.0017262849891591455
GEN 46 time 1602234882
0.0019331241698611365
0.0017058410808370235
0.0030269426232689646
0.0017262849891591455
GEN 47 time 1602234892
0.0019331241698611365
0.0017058410808370235
0.0030269426232689646
0.0017262849891591455
GEN 48 time 1602234902
0.0019331241698611365
0.0017058410808370235
0.0030269426232689646
0.0017262849891591455
GEN 49 time 1602234913
0.0019331241698611365
0.0017058410808370235
0.0030269426232689646
0.0016913255536362378
GEN 50 time 1602234923
0.0019331241698611365
0.0017058410808370235
0.0030269426232689646
0.0016913255536362378
GEN 51 time 1602234933
0.0019331241698611365
0.0017058410808370235
0.0030269426232689646
0.0016913255536362378
GEN 52 time 1602234944
0.0019331241698611365
0.0017058410808370235
0.0030269426232689646
0.0016913255536362378
GEN 53 time 1602234954
0.0019331241698611365
0.0017058410808370235
0.0030269426232689646
0.0016913255536362378
GEN 54 time 1602234965
0.0019331241698611365
0.0017058410808370235
0.0030269426232689646
0.0016913255536362378
GEN 55 time 1602234975
0.0019331241698611365
0.0017058410808370235
0.0030269426232689646
0.0016913255536362378
GEN 56 time 1602234985
0.0019331241698611365
0.0017058410808370235
0.0030269426232689646
0.0016913255536362378
GEN 57 time 1602234996
0.0019331241698611365
0.0017058410808370235
0.0030269426232689646
0.0016913255536362378
GEN 58 time 1602235006
0.0019331241698611365
0.0017058410808370235
0.0030269426232689646
0.0016913255536362378
GEN 59 time 1602235017
0.0019331241698611365
0.0017058410808370235
0.0030269426232689646
0.0016913255536362378
GEN 60 time 1602235028
0.0019331241698611365
0.0017058410808370235
0.0030269426232689646
0.0016913255536362378
GEN 61 time 1602235038
0.0019331241698611365
0.0017058410808370235
0.0030269426232689646
0.0016913255536362378
GEN 62 time 1602235048
0.0019331241698611365
0.0017058410808370235
0.0030269426232689646
0.0016913255536362378
GEN 63 time 1602235059
0.0019331241698611365
0.0017058410808370235
0.0030269426232689646
0.0016913255536362378
GEN 64 time 1602235070
0.0019331241698611365
0.0017058410808370235
0.0030269426232689646
0.0016913255536362378
GEN 65 time 1602235080
0.0019331241698611365
0.0017058410808370235
0.0030269426232689646
0.0016913255536362378
GEN 66 time 1602235091
0.0019331241698611365
0.0017058410808370235
0.0030269426232689646
0.0016913255536362378
GEN 67 time 1602235101
0.0019331241698611365
0.0017058410808370235
0.0030269426232689646
0.0016913255536362378
GEN 68 time 1602235112
0.0019331241698611365
0.0017058410808370235
0.0030269426232689646
0.0016550704564155553
GEN 69 time 1602235122
0.0019331241698611365
0.0017058410808370235
0.0030269426232689646
0.0016550704564155553
GEN 70 time 1602235133
0.0019331241698611365
0.0017058410808370235
0.0030269426232689646
0.0016550704564155553
GEN 71 time 1602235144
0.0019331241698611365
0.0017058410808370235
0.0030269426232689646
0.0016550704564155553
GEN 72 time 1602235154
0.0019331241698611365
0.0017058410808370235
0.0030269426232689646
0.0016550704564155553
GEN 73 time 1602235165
0.0019331241698611365
0.0017058410808370235
0.0030269426232689646
0.0016550704564155553
GEN 74 time 1602235175
0.0019331241698611365
0.0017058410808370235
0.0030269426232689646
0.0016550704564155553
GEN 75 time 1602235186
0.0019331241698611365
0.0017058410808370235
0.0030269426232689646
0.0016550704564155553
GEN 76 time 1602235196
0.0019331241698611365
0.0017058410808370235
0.0030269426232689646
0.0016550704564155553
GEN 77 time 1602235207
0.0019331241698611365
0.0017058410808370235
0.0030269426232689646
0.0016550704564155553
GEN 78 time 1602235218
0.0019331241698611365
0.0017058410808370235
0.0030269426232689646
0.0016550704564155553
GEN 79 time 1602235228
0.0019331241698611365
0.0017058410808370235
0.0030269426232689646
0.0016550704564155553
GEN 80 time 1602235239
0.0019331241698611365
0.0017058410808370235
0.0030269426232689646
0.0016550704564155553
GEN 81 time 1602235250
0.0019331241698611365
0.0017058410808370235
0.0030269426232689646
0.0016550704564155553
GEN 82 time 1602235261
0.0019331241698611365
0.0017058410808370235
0.0030269426232689646
0.0016550704564155553
GEN 83 time 1602235271
0.0019331241698611365
0.0017058410808370235
0.0030269426232689646
0.0016550704564155553
GEN 84 time 1602235282
0.0019331241698611365
0.0017058410808370235
0.0030269426232689646
0.0016550704564155553
GEN 85 time 1602235293
0.0019331241698611365
0.0017058410808370235
0.0030269426232689646
0.0016550704564155553
GEN 86 time 1602235303
0.0019331241698611365
0.0017058410808370235
0.0030269426232689646
0.0016550704564155553
GEN 87 time 1602235314
0.0019331241698611365
0.0017058410808370235
0.0030269426232689646
0.0016550704564155553
GEN 88 time 1602235325
0.0019331241698611365
0.0017058410808370235
0.0030269426232689646
0.0016550704564155553
GEN 89 time 1602235335
0.0019331241698611365
0.0017058410808370235
0.0030269426232689646
0.0016550704564155553
GEN 90 time 1602235346
0.0019331241698611365
0.0017058410808370235
0.0030269426232689646
0.0016550704564155553
GEN 91 time 1602235357
0.0019331241698611365
0.0017058410808370235
0.0030269426232689646
0.0016550704564155553
GEN 92 time 1602235368
0.0019331241698611365
0.0017058410808370235
0.0030269426232689646
0.0016550704564155553
GEN 93 time 1602235379
0.0019331241698611365
0.0017058410808370235
0.0030269426232689646
0.0016550704564155553
GEN 94 time 1602235389
0.0019331241698611365
0.0017058410808370235
0.0030269426232689646
0.0016550704564155553
GEN 95 time 1602235400
0.0019331241698611365
0.0017058410808370235
0.0030269426232689646
0.0016550704564155553
GEN 96 time 1602235410
0.0019331241698611365
0.0017058410808370235
0.0030269426232689646
0.0016550704564155553
GEN 97 time 1602235421
0.0019331241698611365
0.0017058410808370235
0.0030269426232689646
0.0016550704564155553
GEN 98 time 1602235432
0.0019331241698611365
0.0017058410808370235
0.0030269426232689646
0.0016550704564155553
GEN 99 time 1602235442
0.0019331241698611365
0.0017058410808370235
0.0030269426232689646
0.0016550704564155553
GEN 100 time 1602235453
0.0019331241698611365
0.0017058410808370235
0.0030269426232689646
0.0016550704564155553
GEN 101 time 1602235464
0.0019331241698611365
0.0017058410808370235
0.0030269426232689646
0.0016550704564155553
GEN 102 time 1602235474
0.0019331241698611365
0.0017058410808370235
0.0030269426232689646
0.0016550704564155553
GEN 103 time 1602235485
0.0019331241698611365
0.0017058410808370235
0.0030269426232689646
0.0016550704564155553
GEN 104 time 1602235496
0.0019331241698611365
0.0017058410808370235
0.0030269426232689646
0.0016550704564155553
GEN 105 time 1602235507
0.0019331241698611365
0.0017058410808370235
0.0030269426232689646
0.0016550704564155553
GEN 106 time 1602235518
0.0019331241698611365
0.0017058410808370235
0.0030269426232689646
0.0016550704564155553
GEN 107 time 1602235529
0.0019331241698611365
0.0017058410808370235
0.0030269426232689646
0.0016550704564155553
GEN 108 time 1602235540
0.0019331241698611365
0.0017058410808370235
0.0030269426232689646
0.0016550704564155553
GEN 109 time 1602235550
0.0019331241698611365
0.0017058410808370235
0.0030269426232689646
0.0016550704564155553
GEN 110 time 1602235561
0.0019331241698611365
0.0017058410808370235
0.0030269426232689646
0.0016550704564155553
GEN 111 time 1602235572
0.0019331241698611365
0.0017058410808370235
0.0030269426232689646
0.0016550704564155553
GEN 112 time 1602235583
0.0019331241698611365
0.0017058410808370235
0.0030269426232689646
0.0016550704564155553
GEN 113 time 1602235594
0.0019331241698611365
0.0017058410808370235
0.0030269426232689646
0.0016550704564155553
GEN 114 time 1602235605
0.0019331241698611365
0.0017058410808370235
0.0030269426232689646
0.0016550704564155553
GEN 115 time 1602235616
0.0019331241698611365
0.0017058410808370235
0.0030269426232689646
0.0016550704564155553
GEN 116 time 1602235627
0.0019331241698611365
0.0017058410808370235
0.0030269426232689646
0.0016550704564155553
GEN 117 time 1602235638
0.0019331241698611365
0.0017058410808370235
0.0030269426232689646
0.0016550704564155553
GEN 118 time 1602235649
0.0019331241698611365
0.0017058410808370235
0.0030269426232689646
0.0016550704564155553
GEN 119 time 1602235660
0.0019331241698611365
0.0017058410808370235
0.0030269426232689646
0.0016550704564155553
GEN 120 time 1602235671
0.0019331241698611365
0.0017058410808370235
0.0030269426232689646
0.0016550704564155553
GEN 121 time 1602235682
0.0019331241698611365
0.0017058410808370235
0.0030269426232689646
0.0016550704564155553
GEN 122 time 1602235693
0.0019331241698611365
0.0017058410808370235
0.0030269426232689646
0.0016550704564155553
GEN 123 time 1602235703
0.0019331241698611365
0.0017058410808370235
0.0030269426232689646
0.001637831387836301
GEN 124 time 1602235714
0.0019331241698611365
0.0017058410808370235
0.0030269426232689646
0.001637831387836301
GEN 125 time 1602235725
0.0019331241698611365
0.0017058410808370235
0.0030269426232689646
0.001637831387836301
GEN 126 time 1602235736
0.0019331241698611365
0.0017058410808370235
0.0030269426232689646
0.001637831387836301
GEN 127 time 1602235746
0.0019331241698611365
0.0017058410808370235
0.0030269426232689646
0.001637831387836301
GEN 128 time 1602235757
0.0019331241698611365
0.0017058410808370235
0.0030269426232689646
0.001637831387836301
GEN 129 time 1602235768
0.0019331241698611365
0.0017058410808370235
0.0030269426232689646
0.001637831387836301
GEN 130 time 1602235779
0.0019331241698611365
0.0017058410808370235
0.0030269426232689646
0.001637831387836301
GEN 131 time 1602235789
0.0019331241698611365
0.0017058410808370235
0.0030269426232689646
0.001637831387836301
GEN 132 time 1602235800
0.0019331241698611365
0.0017058410808370235
0.0030269426232689646
0.001637831387836301
GEN 133 time 1602235811
0.0019331241698611365
0.0017058410808370235
0.0030269426232689646
0.001637831387836301
GEN 134 time 1602235822
0.0019331241698611365
0.0017058410808370235
0.0030269426232689646
0.001637831387836301
GEN 135 time 1602235833
0.0019331241698611365
0.0017058410808370235
0.0030269426232689646
0.001637831387836301
GEN 136 time 1602235844
0.0019331241698611365
0.0017058410808370235
0.0030269426232689646
0.001637831387836301
GEN 137 time 1602235854
0.0019331241698611365
0.0017058410808370235
0.0030269426232689646
0.001637831387836301
GEN 138 time 1602235865
0.0019331241698611365
0.0017058410808370235
0.0030269426232689646
0.001637831387836301
GEN 139 time 1602235876
0.0019331241698611365
0.0017058410808370235
0.0030269426232689646
0.001637831387836301
GEN 140 time 1602235886
0.0019331241698611365
0.0017058410808370235
0.0030269426232689646
0.001637831387836301
GEN 141 time 1602235897
0.0019331241698611365
0.0017058410808370235
0.0030269426232689646
0.001637831387836301
GEN 142 time 1602235908
0.0019331241698611365
0.0017058410808370235
0.0030269426232689646
0.001637831387836301
GEN 143 time 1602235919
0.0019331241698611365
0.0017058410808370235
0.0030269426232689646
0.001637831387836301
GEN 144 time 1602235929
0.0019331241698611365
0.0017058410808370235
0.0030269426232689646
0.001637831387836301
GEN 145 time 1602235940
0.0019331241698611365
0.0017058410808370235
0.0030269426232689646
0.001637831387836301
GEN 146 time 1602235951
0.0019331241698611365
0.0017058410808370235
0.0030269426232689646
0.001637831387836301
GEN 147 time 1602235962
0.0019331241698611365
0.0017058410808370235
0.0030269426232689646
0.001637831387836301
GEN 148 time 1602235972
0.0019331241698611365
0.0017058410808370235
0.0030269426232689646
0.001637831387836301
GEN 149 time 1602235983
0.0019331241698611365
0.0017058410808370235
0.0030269426232689646
0.001637831387836301
GEN 150 time 1602235994
0.0019331241698611365
0.0017058410808370235
0.0030269426232689646
0.001637831387836301
GEN 151 time 1602236005
0.0019331241698611365
0.0017058410808370235
0.0030269426232689646
0.001637831387836301
GEN 152 time 1602236015
0.0019331241698611365
0.0017058410808370235
0.0030269426232689646
0.001637831387836301
GEN 153 time 1602236026
0.0019331241698611365
0.0017058410808370235
0.0030269426232689646
0.001637831387836301
GEN 154 time 1602236037
0.0019331241698611365
0.0017058410808370235
0.0030269426232689646
0.0016307552109775534
GEN 155 time 1602236048
0.0019331241698611365
0.0017058410808370235
0.0030269426232689646
0.0016307552109775534
GEN 156 time 1602236059
0.0019331241698611365
0.0017058410808370235
0.0030269426232689646
0.0016307552109775534
GEN 157 time 1602236070
0.0019331241698611365
0.0017058410808370235
0.0030269426232689646
0.0016307552109775534
GEN 158 time 1602236081
0.0019331241698611365
0.0017058410808370235
0.0030269426232689646
0.0016307552109775534
GEN 159 time 1602236092
0.0019331241698611365
0.0017058410808370235
0.0030269426232689646
0.0016307552109775534
GEN 160 time 1602236103
0.0019331241698611365
0.0017058410808370235
0.0030269426232689646
0.0016307552109775534
GEN 161 time 1602236114
0.0019331241698611365
0.0017058410808370235
0.0030269426232689646
0.0016307552109775534
GEN 162 time 1602236125
0.0019331241698611365
0.0017058410808370235
0.0030269426232689646
0.0016307552109775534
GEN 163 time 1602236136
0.0019331241698611365
0.0017058410808370235
0.0030269426232689646
0.0016307552109775534
GEN 164 time 1602236147
0.0019331241698611365
0.0017058410808370235
0.0030269426232689646
0.0016307552109775534
GEN 165 time 1602236158
0.0019331241698611365
0.0017058410808370235
0.0030269426232689646
0.0016307552109775534
GEN 166 time 1602236169
0.0019331241698611365
0.0017058410808370235
0.0030269426232689646
0.0016307552109775534
GEN 167 time 1602236180
0.0019331241698611365
0.0017058410808370235
0.0030269426232689646
0.0016307552109775534
GEN 168 time 1602236191
0.0019331241698611365
0.0017058410808370235
0.0030269426232689646
0.0016307552109775534
GEN 169 time 1602236202
0.0019331241698611365
0.0017058410808370235
0.0030269426232689646
0.0016307552109775534
GEN 170 time 1602236212
0.0019331241698611365
0.0017058410808370235
0.0030269426232689646
0.0016307552109775534
GEN 171 time 1602236223
0.0019331241698611365
0.0017058410808370235
0.0030269426232689646
0.0016307552109775534
GEN 172 time 1602236234
0.0019331241698611365
0.0017058410808370235
0.0030269426232689646
0.0016307552109775534
GEN 173 time 1602236245
0.0019331241698611365
0.0017058410808370235
0.0030269426232689646
0.0016307552109775534
GEN 174 time 1602236256
0.0019331241698611365
0.0017058410808370235
0.0030269426232689646
0.0016307552109775534
GEN 175 time 1602236267
0.0019331241698611365
0.0017058410808370235
0.0030269426232689646
0.0016307552109775534
GEN 176 time 1602236277
0.0019331241698611365
0.0017058410808370235
0.0030269426232689646
0.0016307552109775534
GEN 177 time 1602236288
0.0019331241698611365
0.0017058410808370235
0.0030269426232689646
0.0016307552109775534
GEN 178 time 1602236299
0.0019331241698611365
0.0017058410808370235
0.0030269426232689646
0.0016307552109775534
GEN 179 time 1602236310
0.0019331241698611365
0.0017058410808370235
0.0030269426232689646
0.0016307552109775534
GEN 180 time 1602236321
0.0019331241698611365
0.0017058410808370235
0.0030269426232689646
0.0016307552109775534
GEN 181 time 1602236331
0.0019331241698611365
0.0017058410808370235
0.0030269426232689646
0.0016307552109775534
GEN 182 time 1602236342
0.0019331241698611365
0.0017058410808370235
0.0030269426232689646
0.0016307552109775534
GEN 183 time 1602236353
0.0019331241698611365
0.0017058410808370235
0.0030269426232689646
0.0016307552109775534
GEN 184 time 1602236364
0.0019331241698611365
0.0017058410808370235
0.0030269426232689646
0.0016307552109775534
GEN 185 time 1602236375
0.0019331241698611365
0.0017058410808370235
0.0030269426232689646
0.0016307552109775534
GEN 186 time 1602236386
0.0019331241698611365
0.0017058410808370235
0.0030269426232689646
0.0016307552109775534
GEN 187 time 1602236397
0.0019331241698611365
0.0017058410808370235
0.0030269426232689646
0.0016307552109775534
GEN 188 time 1602236408
0.0019331241698611365
0.0017058410808370235
0.0030269426232689646
0.0016307552109775534
GEN 189 time 1602236419
0.0019331241698611365
0.0017058410808370235
0.0030269426232689646
0.0016307552109775534
GEN 190 time 1602236430
0.0019331241698611365
0.0017058410808370235
0.0030269426232689646
0.0016307552109775534
GEN 191 time 1602236441
0.0019331241698611365
0.0017058410808370235
0.0030269426232689646
0.0016307552109775534
GEN 192 time 1602236452
0.0019331241698611365
0.0017058410808370235
0.0030269426232689646
0.0016307552109775534
GEN 193 time 1602236463
0.0019331241698611365
0.0017058410808370235
0.0030269426232689646
0.0016307552109775534
GEN 194 time 1602236474
0.0019331241698611365
0.0017058410808370235
0.0030269426232689646
0.0016307552109775534
GEN 195 time 1602236485
0.0019331241698611365
0.0017058410808370235
0.0030269426232689646
0.0016307552109775534
GEN 196 time 1602236496
0.0019331241698611365
0.0017058410808370235
0.0030269426232689646
0.0016307552109775534
GEN 197 time 1602236507
0.0019331241698611365
0.0017058410808370235
0.0030269426232689646
0.0016307552109775534
GEN 198 time 1602236518
0.0019331241698611365
0.0017058410808370235
0.0030269426232689646
0.0016307552109775534
GEN 199 time 1602236529
0.0019331241698611365
0.0017058410808370235
0.0030269426232689646
0.0016307552109775534
