['./data/small/layer/uu-dem3_r25_1.json', './data/small/layer/uu-dem1_r25_1.json', './data/small/layer/uu-dem4_r25_1.json', './data/small/hop/uu-dem6_r25_1_0.json']
GEN 0 time 1598043760
0.0017058410808370235
0.001260584106568176
0.0014584555404298799
0.0016724830779699406
GEN 1 time 1598043767
0.0017058410808370235
0.001260584106568176
0.0014584555404298799
0.0016724830779699406
GEN 2 time 1598043774
0.0017058410808370235
0.001260584106568176
0.0014584555404298799
0.0016724830779699406
GEN 3 time 1598043781
0.0017058410808370235
0.001260584106568176
0.0014584555404298799
0.0016724830779699406
GEN 4 time 1598043788
0.0017058410808370235
0.001260584106568176
0.0014584555404298799
0.0016724830779699406
GEN 5 time 1598043795
0.0017058410808370235
0.001242004591752547
0.0014584555404298799
0.0016724830779699406
GEN 6 time 1598043802
0.0017058410808370235
0.001242004591752547
0.0014584555404298799
0.0016724830779699406
GEN 7 time 1598043809
0.0017058410808370235
0.001242004591752547
0.0014584555404298799
0.0016724830779699406
GEN 8 time 1598043815
0.0017058410808370235
0.001242004591752547
0.0014584555404298799
0.0016724830779699406
GEN 9 time 1598043822
0.0017058410808370235
0.001242004591752547
0.0014584555404298799
0.0016724830779699406
GEN 10 time 1598043829
0.0017058410808370235
0.001242004591752547
0.0014584555404298799
0.0016724830779699406
GEN 11 time 1598043836
0.0017058410808370235
0.001242004591752547
0.0014584555404298799
0.0016724830779699406
GEN 12 time 1598043843
0.0017058410808370235
0.001242004591752547
0.0014584555404298799
0.0016724830779699406
GEN 13 time 1598043850
0.0017058410808370235
0.001242004591752547
0.0014584555404298799
0.0016724830779699406
GEN 14 time 1598043857
0.0017058410808370235
0.001242004591752547
0.0014584555404298799
0.0016724830779699406
GEN 15 time 1598043863
0.0017058410808370235
0.001242004591752547
0.0014584555404298799
0.0016724830779699406
GEN 16 time 1598043871
0.0017058410808370235
0.001242004591752547
0.0014584555404298799
0.0016724830779699406
GEN 17 time 1598043878
0.0017058410808370235
0.001242004591752547
0.0014584555404298799
0.0016665658832265547
GEN 18 time 1598043885
0.0017058410808370235
0.001242004591752547
0.0014584555404298799
0.0016665658832265547
GEN 19 time 1598043892
0.0017058410808370235
0.001242004591752547
0.0014584555404298799
0.0016665658832265547
GEN 20 time 1598043899
0.0017058410808370235
0.001242004591752547
0.0014584555404298799
0.0016665658832265547
GEN 21 time 1598043907
0.0017058410808370235
0.001242004591752547
0.0014584555404298799
0.0016665658832265547
GEN 22 time 1598043914
0.0017058410808370235
0.001242004591752547
0.0014584555404298799
0.0016665658832265547
GEN 23 time 1598043921
0.0017058410808370235
0.001242004591752547
0.0014584555404298799
0.0016665658832265547
GEN 24 time 1598043929
0.0017058410808370235
0.001242004591752547
0.0014584555404298799
0.0015347703902342498
GEN 25 time 1598043936
0.0017058410808370235
0.001242004591752547
0.0014584555404298799
0.0015347703902342498
GEN 26 time 1598043944
0.0017058410808370235
0.0012054274761236089
0.0014584555404298799
0.0015347703902342498
GEN 27 time 1598043951
0.0017058410808370235
0.0012054274761236089
0.0014584555404298799
0.0015347703902342498
GEN 28 time 1598043958
0.0017058410808370235
0.0012054274761236089
0.0014584555404298799
0.0015347703902342498
GEN 29 time 1598043966
0.0017058410808370235
0.0012054274761236089
0.0014584555404298799
0.0015347703902342498
GEN 30 time 1598043973
0.0017058410808370235
0.0012054274761236089
0.0014584555404298799
0.0015347703902342498
GEN 31 time 1598043980
0.0017058410808370235
0.0012054274761236089
0.0014584555404298799
0.0015347703902342498
GEN 32 time 1598043987
0.0017058410808370235
0.0012054274761236089
0.0014584555404298799
0.0015347703902342498
GEN 33 time 1598043995
0.0017058410808370235
0.0012054274761236089
0.0014584555404298799
0.0015347703902342498
GEN 34 time 1598044002
0.0017058410808370235
0.0012054274761236089
0.0014584555404298799
0.0015347703902342498
GEN 35 time 1598044009
0.0017058410808370235
0.0012054274761236089
0.0014584555404298799
0.0015347703902342498
GEN 36 time 1598044016
0.0017058410808370235
0.0012054274761236089
0.0014584555404298799
0.0015347703902342498
GEN 37 time 1598044024
0.0017058410808370235
0.0012054274761236089
0.0014584555404298799
0.0015347703902342498
GEN 38 time 1598044031
0.0017058410808370235
0.0012027580562097857
0.0014584555404298799
0.0015347703902342498
GEN 39 time 1598044038
0.0017058410808370235
0.0012027580562097857
0.0014584555404298799
0.0015347703902342498
GEN 40 time 1598044045
0.0017058410808370235
0.0012027580562097857
0.0014584555404298799
0.0015347703902342498
GEN 41 time 1598044053
0.0017058410808370235
0.0012027580562097857
0.0014584555404298799
0.0015347703902342498
GEN 42 time 1598044060
0.0017058410808370235
0.0012027580562097857
0.0014584555404298799
0.0015347703902342498
GEN 43 time 1598044067
0.0017058410808370235
0.0012027580562097857
0.0014584555404298799
0.0015347703902342498
GEN 44 time 1598044075
0.0017058410808370235
0.0012027580562097857
0.0014584555404298799
0.0015347703902342498
GEN 45 time 1598044082
0.0017058410808370235
0.0012027580562097857
0.0014584555404298799
0.0015347703902342498
GEN 46 time 1598044089
0.0017058410808370235
0.0012027580562097857
0.0014584555404298799
0.0015347703902342498
GEN 47 time 1598044097
0.0017058410808370235
0.0012027580562097857
0.0014584555404298799
0.0015347703902342498
GEN 48 time 1598044104
0.0017058410808370235
0.0012027580562097857
0.0014584555404298799
0.0015347703902342498
GEN 49 time 1598044111
0.0017058410808370235
0.0012027580562097857
0.0014584555404298799
0.0015347703902342498
GEN 50 time 1598044119
0.0017058410808370235
0.0012027580562097857
0.0014584555404298799
0.0015347703902342498
GEN 51 time 1598044126
0.0017058410808370235
0.0012027580562097857
0.0014584555404298799
0.0015347703902342498
GEN 52 time 1598044134
0.0017058410808370235
0.0011512795533306461
0.0014584555404298799
0.0015347703902342498
GEN 53 time 1598044141
0.0017058410808370235
0.0011512795533306461
0.0014584555404298799
0.0015347703902342498
GEN 54 time 1598044149
0.0017058410808370235
0.0011512795533306461
0.0014584555404298799
0.0015347703902342498
GEN 55 time 1598044156
0.0017058410808370235
0.0011512795533306461
0.0014584555404298799
0.0015347703902342498
GEN 56 time 1598044164
0.0017058410808370235
0.0011512795533306461
0.0014584555404298799
0.0015347703902342498
GEN 57 time 1598044171
0.0017058410808370235
0.0011512795533306461
0.0014584555404298799
0.0015347703902342498
GEN 58 time 1598044179
0.0017058410808370235
0.0011512795533306461
0.0014584555404298799
0.0015347703902342498
GEN 59 time 1598044186
0.0017058410808370235
0.0011512795533306461
0.0014584555404298799
0.0015347703902342498
GEN 60 time 1598044193
0.0017058410808370235
0.0011512795533306461
0.0014584555404298799
0.0015347703902342498
GEN 61 time 1598044201
0.0017058410808370235
0.0011512795533306461
0.0014584555404298799
0.0015347703902342498
GEN 62 time 1598044208
0.0017058410808370235
0.0011512795533306461
0.0014584555404298799
0.0015347703902342498
GEN 63 time 1598044215
0.0017058410808370235
0.0011512795533306461
0.0014584555404298799
0.0015347703902342498
GEN 64 time 1598044223
0.0017058410808370235
0.0011512795533306461
0.0014584555404298799
0.0015347703902342498
GEN 65 time 1598044230
0.0017058410808370235
0.0011512795533306461
0.0014584555404298799
0.0015347703902342498
GEN 66 time 1598044237
0.0017058410808370235
0.0011512795533306461
0.0014584555404298799
0.0015347703902342498
GEN 67 time 1598044245
0.0017058410808370235
0.0011512795533306461
0.0014584555404298799
0.0015347703902342498
GEN 68 time 1598044252
0.0017058410808370235
0.0011512795533306461
0.0014584555404298799
0.0015347703902342498
GEN 69 time 1598044260
0.0017058410808370235
0.0011512795533306461
0.0014584555404298799
0.0015347703902342498
GEN 70 time 1598044267
0.0017058410808370235
0.0011512795533306461
0.0014584555404298799
0.0015347703902342498
GEN 71 time 1598044275
0.0017058410808370235
0.0011512795533306461
0.0014584555404298799
0.0015347703902342498
GEN 72 time 1598044282
0.0017058410808370235
0.0011512795533306461
0.0014584555404298799
0.0015347703902342498
GEN 73 time 1598044290
0.0017058410808370235
0.0011512795533306461
0.0014584555404298799
0.0015347703902342498
GEN 74 time 1598044297
0.0017058410808370235
0.0011512795533306461
0.0014584555404298799
0.0015347703902342498
GEN 75 time 1598044305
0.0017058410808370235
0.0011512795533306461
0.0014584555404298799
0.0015347703902342498
GEN 76 time 1598044312
0.0017058410808370235
0.0011512795533306461
0.0014584555404298799
0.0015347703902342498
GEN 77 time 1598044320
0.0017058410808370235
0.0011512795533306461
0.0014584555404298799
0.0015347703902342498
GEN 78 time 1598044327
0.0017058410808370235
0.0011512795533306461
0.0014584555404298799
0.0015347703902342498
GEN 79 time 1598044335
0.0017058410808370235
0.0011512795533306461
0.0014584555404298799
0.0015347703902342498
GEN 80 time 1598044343
0.0017058410808370235
0.0011512795533306461
0.0014584555404298799
0.0015347703902342498
GEN 81 time 1598044350
0.0017058410808370235
0.0011512795533306461
0.0014584555404298799
0.0015347703902342498
GEN 82 time 1598044358
0.0017058410808370235
0.0011512795533306461
0.0014584555404298799
0.0015347703902342498
GEN 83 time 1598044366
0.0017058410808370235
0.0011512795533306461
0.0014584555404298799
0.0015347703902342498
GEN 84 time 1598044374
0.0017058410808370235
0.0011512795533306461
0.0014584555404298799
0.0015347703902342498
GEN 85 time 1598044381
0.0017058410808370235
0.0011512795533306461
0.0014584555404298799
0.0015347703902342498
GEN 86 time 1598044389
0.0017058410808370235
0.0011512795533306461
0.0014584555404298799
0.0015347703902342498
GEN 87 time 1598044397
0.0017058410808370235
0.0011512795533306461
0.0014584555404298799
0.0015347703902342498
GEN 88 time 1598044405
0.0017058410808370235
0.0011512795533306461
0.0014584555404298799
0.0015347703902342498
GEN 89 time 1598044413
0.0017058410808370235
0.0011512795533306461
0.0014584555404298799
0.0015347703902342498
GEN 90 time 1598044420
0.0017058410808370235
0.0011512795533306461
0.0014584555404298799
0.0015347703902342498
GEN 91 time 1598044428
0.0017058410808370235
0.0011512795533306461
0.0014584555404298799
0.0015347703902342498
GEN 92 time 1598044436
0.0017058410808370235
0.0011512795533306461
0.0014584555404298799
0.0015347703902342498
GEN 93 time 1598044444
0.0017058410808370235
0.0011512795533306461
0.0014584555404298799
0.0015347703902342498
GEN 94 time 1598044452
0.0017058410808370235
0.0011512795533306461
0.0014584555404298799
0.0015347703902342498
GEN 95 time 1598044459
0.0017058410808370235
0.0011512795533306461
0.0014584555404298799
0.0015347703902342498
GEN 96 time 1598044467
0.0017058410808370235
0.0011512795533306461
0.0014584555404298799
0.0015347703902342498
GEN 97 time 1598044475
0.0017058410808370235
0.0011512795533306461
0.0014584555404298799
0.0015347703902342498
GEN 98 time 1598044483
0.0017058410808370235
0.0011512795533306461
0.0014584555404298799
0.0015347703902342498
GEN 99 time 1598044491
0.0017058410808370235
0.0011512795533306461
0.0014584555404298799
0.0015347703902342498
GEN 100 time 1598044499
0.0017058410808370235
0.0011512795533306461
0.0014584555404298799
0.0015347703902342498
GEN 101 time 1598044507
0.0017058410808370235
0.0011512795533306461
0.0014584555404298799
0.0015347703902342498
GEN 102 time 1598044514
0.0017058410808370235
0.0011512795533306461
0.0014584555404298799
0.0015347703902342498
GEN 103 time 1598044522
0.0017058410808370235
0.0011512795533306461
0.0014584555404298799
0.0015347703902342498
GEN 104 time 1598044530
0.0017058410808370235
0.0011512795533306461
0.0014584555404298799
0.0015347703902342498
GEN 105 time 1598044538
0.0017058410808370235
0.0011512795533306461
0.0014584555404298799
0.0015347703902342498
GEN 106 time 1598044546
0.0017058410808370235
0.0011512795533306461
0.0014584555404298799
0.0015347703902342498
GEN 107 time 1598044554
0.0017058410808370235
0.0011512795533306461
0.0014584555404298799
0.0015347703902342498
GEN 108 time 1598044562
0.0017058410808370235
0.0011512795533306461
0.0014584555404298799
0.0015347703902342498
GEN 109 time 1598044569
0.0017058410808370235
0.0011512795533306461
0.0014584555404298799
0.0015347703902342498
GEN 110 time 1598044577
0.0017058410808370235
0.0011512795533306461
0.0014584555404298799
0.0015347703902342498
GEN 111 time 1598044585
0.0017058410808370235
0.0011512795533306461
0.0014584555404298799
0.0015347703902342498
GEN 112 time 1598044593
0.0017058410808370235
0.0011512795533306461
0.0014584555404298799
0.0015347703902342498
GEN 113 time 1598044601
0.0017058410808370235
0.0011512795533306461
0.0014584555404298799
0.0015347703902342498
GEN 114 time 1598044609
0.0017058410808370235
0.0011512795533306461
0.0014584555404298799
0.0015347703902342498
GEN 115 time 1598044616
0.0017058410808370235
0.0011512795533306461
0.0014584555404298799
0.0015347703902342498
GEN 116 time 1598044624
0.0017058410808370235
0.0011512795533306461
0.0014584555404298799
0.0015347703902342498
GEN 117 time 1598044632
0.0017058410808370235
0.0011512795533306461
0.0014584555404298799
0.0015347703902342498
GEN 118 time 1598044640
0.0017058410808370235
0.0011512795533306461
0.0014584555404298799
0.0015347703902342498
GEN 119 time 1598044648
0.0017058410808370235
0.0011512795533306461
0.0014584555404298799
0.0015347703902342498
GEN 120 time 1598044656
0.0017058410808370235
0.0011512795533306461
0.0014584555404298799
0.0015347703902342498
GEN 121 time 1598044664
0.0017058410808370235
0.0011512795533306461
0.0014584555404298799
0.0015347703902342498
GEN 122 time 1598044672
0.0017058410808370235
0.0011512795533306461
0.0014584555404298799
0.0015347703902342498
GEN 123 time 1598044680
0.0017058410808370235
0.0011512795533306461
0.0014584555404298799
0.0015347703902342498
GEN 124 time 1598044687
0.0017058410808370235
0.0011512795533306461
0.0014584555404298799
0.0015347703902342498
GEN 125 time 1598044695
0.0017058410808370235
0.0011512795533306461
0.0014584555404298799
0.0015347703902342498
GEN 126 time 1598044703
0.0017058410808370235
0.0011512795533306461
0.0014584555404298799
0.0015347703902342498
GEN 127 time 1598044713
0.0017058410808370235
0.0011512795533306461
0.0014584555404298799
0.0015347703902342498
GEN 128 time 1598044721
0.0017058410808370235
0.0011512795533306461
0.0014584555404298799
0.0015347703902342498
GEN 129 time 1598044729
0.0017058410808370235
0.0011512795533306461
0.0014584555404298799
0.0015347703902342498
GEN 130 time 1598044737
0.0017058410808370235
0.0011512795533306461
0.0014584555404298799
0.0015347703902342498
GEN 131 time 1598044745
0.0017058410808370235
0.0011512795533306461
0.0014584555404298799
0.0015347703902342498
GEN 132 time 1598044752
0.0017058410808370235
0.0011512795533306461
0.0014584555404298799
0.0015347703902342498
GEN 133 time 1598044760
0.0017058410808370235
0.0011512795533306461
0.0014584555404298799
0.0015347703902342498
GEN 134 time 1598044768
0.0017058410808370235
0.0011512795533306461
0.0014584555404298799
0.0015347703902342498
GEN 135 time 1598044776
0.0017058410808370235
0.0011512795533306461
0.0014584555404298799
0.0015347703902342498
GEN 136 time 1598044784
0.0017058410808370235
0.0011512795533306461
0.0014584555404298799
0.0015347703902342498
GEN 137 time 1598044792
0.0017058410808370235
0.0011512795533306461
0.0014584555404298799
0.0015347703902342498
GEN 138 time 1598044800
0.0017058410808370235
0.0011512795533306461
0.0014584555404298799
0.0015347703902342498
GEN 139 time 1598044808
0.0017058410808370235
0.0011512795533306461
0.0014584555404298799
0.0015347703902342498
GEN 140 time 1598044816
0.0017058410808370235
0.0011512795533306461
0.0014584555404298799
0.0015347703902342498
GEN 141 time 1598044824
0.0017058410808370235
0.0011512795533306461
0.0014584555404298799
0.0015347703902342498
GEN 142 time 1598044833
0.0017058410808370235
0.0011512795533306461
0.0014584555404298799
0.0015347703902342498
GEN 143 time 1598044841
0.0017058410808370235
0.0011512795533306461
0.0014584555404298799
0.0015347703902342498
GEN 144 time 1598044849
0.0017058410808370235
0.0011512795533306461
0.0014584555404298799
0.0015347703902342498
GEN 145 time 1598044857
0.0017058410808370235
0.0011512795533306461
0.0014584555404298799
0.0015347703902342498
GEN 146 time 1598044865
0.0017058410808370235
0.0011512795533306461
0.0014584555404298799
0.0015347703902342498
GEN 147 time 1598044873
0.0017058410808370235
0.0011512795533306461
0.0014584555404298799
0.0015347703902342498
GEN 148 time 1598044880
0.0017058410808370235
0.0011512795533306461
0.0014584555404298799
0.0015347703902342498
GEN 149 time 1598044888
0.0017058410808370235
0.0011512795533306461
0.0014584555404298799
0.0015347703902342498
GEN 150 time 1598044896
0.0017058410808370235
0.0011512795533306461
0.0014584555404298799
0.0015347703902342498
GEN 151 time 1598044904
0.0017058410808370235
0.0011512795533306461
0.0014584555404298799
0.0015347703902342498
GEN 152 time 1598044912
0.0017058410808370235
0.0011512795533306461
0.0014584555404298799
0.0015347703902342498
GEN 153 time 1598044920
0.0017058410808370235
0.0011512795533306461
0.0014584555404298799
0.0015347703902342498
GEN 154 time 1598044928
0.0017058410808370235
0.0011512795533306461
0.0014584555404298799
0.0015347703902342498
GEN 155 time 1598044935
0.0017058410808370235
0.0011512795533306461
0.0014584555404298799
0.0015347703902342498
GEN 156 time 1598044943
0.0017058410808370235
0.0011512795533306461
0.0014584555404298799
0.0015347703902342498
GEN 157 time 1598044951
0.0017058410808370235
0.0011512795533306461
0.0014584555404298799
0.0015347703902342498
GEN 158 time 1598044959
0.0017058410808370235
0.0011512795533306461
0.0014584555404298799
0.0015347703902342498
GEN 159 time 1598044967
0.0017058410808370235
0.0011512795533306461
0.0014584555404298799
0.0015347703902342498
GEN 160 time 1598044975
0.0017058410808370235
0.0011512795533306461
0.0014584555404298799
0.0015347703902342498
GEN 161 time 1598044983
0.0017058410808370235
0.0011512795533306461
0.0014584555404298799
0.0015347703902342498
GEN 162 time 1598044990
0.0017058410808370235
0.0011512795533306461
0.0014584555404298799
0.0015347703902342498
GEN 163 time 1598044998
0.0017058410808370235
0.0011512795533306461
0.0014584555404298799
0.0015347703902342498
GEN 164 time 1598045006
0.0017058410808370235
0.0011512795533306461
0.0014584555404298799
0.0015347703902342498
GEN 165 time 1598045014
0.0017058410808370235
0.0011512795533306461
0.0014584555404298799
0.0015347703902342498
GEN 166 time 1598045022
0.0017058410808370235
0.0011512795533306461
0.0014584555404298799
0.0015347703902342498
GEN 167 time 1598045030
0.0017058410808370235
0.0011512795533306461
0.0014584555404298799
0.0015347703902342498
GEN 168 time 1598045038
0.0017058410808370235
0.0011512795533306461
0.0014584555404298799
0.0015347703902342498
GEN 169 time 1598045046
0.0017058410808370235
0.0011512795533306461
0.0014584555404298799
0.0015347703902342498
GEN 170 time 1598045054
0.0017058410808370235
0.0011512795533306461
0.0014584555404298799
0.0015347703902342498
GEN 171 time 1598045062
0.0017058410808370235
0.0011512795533306461
0.0014584555404298799
0.0015347703902342498
GEN 172 time 1598045070
0.0017058410808370235
0.0011512795533306461
0.0014584555404298799
0.0015347703902342498
GEN 173 time 1598045077
0.0017058410808370235
0.0011512795533306461
0.0014584555404298799
0.0015347703902342498
GEN 174 time 1598045085
0.0017058410808370235
0.0011512795533306461
0.0014584555404298799
0.0015347703902342498
GEN 175 time 1598045093
0.0017058410808370235
0.0011512795533306461
0.0014584555404298799
0.0015347703902342498
GEN 176 time 1598045101
0.0017058410808370235
0.0011512795533306461
0.0014584555404298799
0.0015347703902342498
GEN 177 time 1598045109
0.0017058410808370235
0.0011512795533306461
0.0014584555404298799
0.0015347703902342498
GEN 178 time 1598045117
0.0017058410808370235
0.0011512795533306461
0.0014584555404298799
0.0015347703902342498
GEN 179 time 1598045125
0.0017058410808370235
0.0011512795533306461
0.0014584555404298799
0.0015347703902342498
GEN 180 time 1598045133
0.0017058410808370235
0.0011512795533306461
0.0014584555404298799
0.0015347703902342498
GEN 181 time 1598045141
0.0017058410808370235
0.0011512795533306461
0.0014584555404298799
0.0015347703902342498
GEN 182 time 1598045149
0.0017058410808370235
0.0011512795533306461
0.0014584555404298799
0.0015347703902342498
GEN 183 time 1598045156
0.0017058410808370235
0.0011512795533306461
0.0014584555404298799
0.0015347703902342498
GEN 184 time 1598045164
0.0017058410808370235
0.0011512795533306461
0.0014584555404298799
0.0015347703902342498
GEN 185 time 1598045172
0.0017058410808370235
0.0011512795533306461
0.0014584555404298799
0.0015347703902342498
GEN 186 time 1598045180
0.0017058410808370235
0.0011512795533306461
0.0014584555404298799
0.0015347703902342498
GEN 187 time 1598045188
0.0017058410808370235
0.0011512795533306461
0.0014584555404298799
0.0015347703902342498
GEN 188 time 1598045196
0.0017058410808370235
0.0011512795533306461
0.0014584555404298799
0.0015347703902342498
GEN 189 time 1598045204
0.0017058410808370235
0.0011512795533306461
0.0014584555404298799
0.0015347703902342498
GEN 190 time 1598045212
0.0017058410808370235
0.0011512795533306461
0.0014584555404298799
0.0015347703902342498
GEN 191 time 1598045220
0.0017058410808370235
0.0011512795533306461
0.0014584555404298799
0.0015347703902342498
GEN 192 time 1598045228
0.0017058410808370235
0.0011512795533306461
0.0014584555404298799
0.0015347703902342498
GEN 193 time 1598045236
0.0017058410808370235
0.0011512795533306461
0.0014584555404298799
0.0015347703902342498
GEN 194 time 1598045244
0.0017058410808370235
0.0011512795533306461
0.0014584555404298799
0.0015347703902342498
GEN 195 time 1598045251
0.0017058410808370235
0.0011512795533306461
0.0014584555404298799
0.0015347703902342498
GEN 196 time 1598045259
0.0017058410808370235
0.0011512795533306461
0.0014584555404298799
0.0015347703902342498
GEN 197 time 1598045267
0.0017058410808370235
0.0011512795533306461
0.0014584555404298799
0.0015347703902342498
GEN 198 time 1598045275
0.0017058410808370235
0.0011512795533306461
0.0014584555404298799
0.0015347703902342498
GEN 199 time 1598045283
0.0017058410808370235
0.0011512795533306461
0.0014584555404298799
0.0015347703902342498
