['./data/layer/uu-dem10_r25_1.json', './data/layer/uu-dem1_r25_1.json', './data/layer/uu-dem10_r50_1.json', './data/hop/uu-dem10_r25_1_40.json']
GEN 0 time 1589391235
0.0024011008043950273
0.0014010942452145451
0.002001328230062852
0.005601461238183872
GEN 1 time 1589391238
0.002001127458562201
0.0014010942452145451
0.002001328230062852
0.0046013874585622005
GEN 2 time 1589391242
0.0018011351944708285
0.0014010942452145451
0.0014010329284540317
0.0046013874585622005
GEN 3 time 1589391245
0.0018011351944708285
0.001401090955679432
0.0014010329284540317
0.0046013874585622005
GEN 4 time 1589391249
0.0018010019669224588
0.001401090955679432
0.0014010329284540317
0.0046013874585622005
GEN 5 time 1589391254
0.0018010019669224588
0.001401090955679432
0.0014010329284540317
0.004600995273850864
GEN 6 time 1589391260
0.0018010019669224588
0.0014009491212393134
0.0014010329284540317
0.004600995273850864
GEN 7 time 1589391267
0.0018010019669224588
0.0014009491212393134
0.0014010329284540317
0.004600995273850864
GEN 8 time 1589391274
0.0018010019669224588
0.0014009491212393134
0.0014008717019668116
0.004600995273850864
GEN 9 time 1589391281
0.0016010874585622008
0.0014009491212393134
0.0012017860651899071
0.004600995273850864
GEN 10 time 1589391288
0.0016010874585622008
0.0014009491212393134
0.0012017860651899071
0.004600995273850864
GEN 11 time 1589391295
0.0016010874585622008
0.0014009491212393134
0.0012017860651899071
0.004600995273850864
GEN 12 time 1589391302
0.0016009819669224588
0.0014009491212393134
0.0012017860651899071
0.004401395194470829
GEN 13 time 1589391309
0.0014010674585622008
0.0014009491212393134
0.0012017860651899071
0.004401395194470829
GEN 14 time 1589391315
0.0014010674585622008
0.0014009491212393134
0.0012017860651899071
0.004401395194470829
GEN 15 time 1589391322
0.0014010674585622008
0.0012009489032913903
0.0012017860651899071
0.004201347458562201
GEN 16 time 1589391329
0.0014010674585622008
0.0012009489032913903
0.0012017860651899071
0.004201347458562201
GEN 17 time 1589391336
0.0014010674585622008
0.0012009489032913903
0.0012017860651899071
0.004201347458562201
GEN 18 time 1589391343
0.0014010674585622008
0.0012009489032913903
0.0012017860651899071
0.004201347458562201
GEN 19 time 1589391350
0.0014010674585622008
0.0012009489032913903
0.0012017860651899071
0.004201347458562201
GEN 20 time 1589391357
0.0014009730552083783
0.0012009489032913903
0.0012017860651899071
0.004201347458562201
GEN 21 time 1589391364
0.0014009730552083783
0.0012009489032913903
0.0012017860651899071
0.004201015255912393
GEN 22 time 1589391371
0.0014009730552083783
0.0012009489032913903
0.0012017860651899071
0.004201015255912393
GEN 23 time 1589391378
0.0014009730552083783
0.0012009291212393134
0.0012017860651899071
0.004201015255912393
GEN 24 time 1589391385
0.0014009730552083783
0.0012009291212393134
0.0012017860651899071
0.004201015255912393
GEN 25 time 1589391393
0.0014009730552083783
0.0012009291212393134
0.0012017860651899071
0.004201015255912393
GEN 26 time 1589391400
0.0014008869580811089
0.0012009291212393134
0.0012017860651899071
0.004201015255912393
GEN 27 time 1589391407
0.0014008869580811089
0.0012009291212393134
0.0012017860651899071
0.004201015255912393
GEN 28 time 1589391414
0.0014008869580811089
0.0012009291212393134
0.0012017860651899071
0.004201015255912393
GEN 29 time 1589391421
0.001200866958081109
0.0012009291212393134
0.0012017860651899071
0.004201015255912393
GEN 30 time 1589391428
0.001200866958081109
0.0012009291212393134
0.0012017860651899071
0.004201015255912393
GEN 31 time 1589391435
0.001200866958081109
0.0012009291212393134
0.0012017860651899071
0.004200955273850864
GEN 32 time 1589391442
0.001200866958081109
0.0012009291212393134
0.0012017860651899071
0.004200955273850864
GEN 33 time 1589391449
0.0012006328561322709
0.0012009291212393134
0.0012017860651899071
0.0040010997928475135
GEN 34 time 1589391456
0.0012006328561322709
0.0012009291212393134
0.0012017860651899071
0.0040010997928475135
GEN 35 time 1589391463
0.0012006328561322709
0.0012009291212393134
0.0012017860651899071
0.0040010997928475135
GEN 36 time 1589391470
0.0012006328561322709
0.0012009291212393134
0.0012017860651899071
0.0040010997928475135
GEN 37 time 1589391476
0.0012006328561322709
0.0012009291212393134
0.0012017860651899071
0.0040010997928475135
GEN 38 time 1589391483
0.0012006328561322709
0.0012009291212393134
0.0012017860651899071
0.0040010997928475135
GEN 39 time 1589391490
0.0012006328561322709
0.0012009291212393134
0.0012017860651899071
0.0040010997928475135
GEN 40 time 1589391496
0.0012006328561322709
0.0012009291212393134
0.0012017860651899071
0.0040010997928475135
GEN 41 time 1589391503
0.0012006328561322709
0.0012009291212393134
0.0012017860651899071
0.0040010997928475135
GEN 42 time 1589391510
0.0012006328561322709
0.0012009291212393134
0.0012017860651899071
0.0040010997928475135
GEN 43 time 1589391516
0.0012006328561322709
0.0012009291212393134
0.0012017860651899071
0.0040010997928475135
GEN 44 time 1589391523
0.0012006328561322709
0.0012009291212393134
0.0012017860651899071
0.0040010997928475135
GEN 45 time 1589391530
0.0012006328561322709
0.0012009291212393134
0.0012017860651899071
0.0040010997928475135
GEN 46 time 1589391537
0.0012006328561322709
0.0012009291212393134
0.0012017860651899071
0.0040010997928475135
GEN 47 time 1589391544
0.0012006328561322709
0.0012009291212393134
0.0012017860651899071
0.0040010997928475135
GEN 48 time 1589391550
0.0012006328561322709
0.0012009291212393134
0.0012017860651899071
0.0040010997928475135
GEN 49 time 1589391557
0.0012006328561322709
0.0012009291212393134
0.0012017860651899071
0.004001096806483423
GEN 50 time 1589391564
0.0012006328561322709
0.0012009291212393134
0.0012017860651899071
0.004001096806483423
GEN 51 time 1589391571
0.0012006328561322709
0.0012009291212393134
0.0012017860651899071
0.003801307458562201
GEN 52 time 1589391577
0.0012006328561322709
0.0012009291212393134
0.0012017860651899071
0.003801307458562201
GEN 53 time 1589391584
0.0012006328561322709
0.0012009291212393134
0.0012017860651899071
0.003801307458562201
GEN 54 time 1589391591
0.0012006328561322709
0.0012009291212393134
0.0012017860651899071
0.003801307458562201
GEN 55 time 1589391597
0.0012006328561322709
0.0012009291212393134
0.0012017860651899071
0.003801307458562201
GEN 56 time 1589391604
0.0012006328561322709
0.0012009291212393134
0.0012017860651899071
0.003801307458562201
GEN 57 time 1589391611
0.0012006328561322709
0.0012009291212393134
0.0012017860651899071
0.003801307458562201
GEN 58 time 1589391618
0.0012006328561322709
0.0012009291212393134
0.0012017860651899071
0.003801307458562201
GEN 59 time 1589391624
0.0012006328561322709
0.0012009291212393134
0.0012017860651899071
0.003801307458562201
GEN 60 time 1589391631
0.0012006328561322709
0.0012009291212393134
0.0012017860651899071
0.003801307458562201
GEN 61 time 1589391638
0.0012006328561322709
0.0012009291212393134
0.0012017860651899071
0.003801307458562201
GEN 62 time 1589391645
0.0012006328561322709
0.0012009291212393134
0.0012017860651899071
0.003801307458562201
GEN 63 time 1589391652
0.0012006328561322709
0.0012009291212393134
0.0012017860651899071
0.003801307458562201
GEN 64 time 1589391658
0.0012006328561322709
0.0012009291212393134
0.0012017860651899071
0.003801307458562201
GEN 65 time 1589391665
0.0012006328561322709
0.0012009291212393134
0.0012017860651899071
0.003801079792847514
GEN 66 time 1589391672
0.0012006328561322709
0.0012009291212393134
0.0012017860651899071
0.003801079792847514
GEN 67 time 1589391678
0.0012006328561322709
0.0012009291212393134
0.0012017860651899071
0.003801079792847514
GEN 68 time 1589391685
0.0012006328561322709
0.0012009291212393134
0.0012017860651899071
0.003801079792847514
GEN 69 time 1589391692
0.0012006328561322709
0.0012009291212393134
0.0012017860651899071
0.003801079792847514
GEN 70 time 1589391699
0.0012006328561322709
0.0012009291212393134
0.0012017860651899071
0.003801079792847514
GEN 71 time 1589391705
0.0012006328561322709
0.0012009291212393134
0.0012017860651899071
0.003801079792847514
GEN 72 time 1589391711
0.0012006328561322709
0.0012009291212393134
0.0012017860651899071
0.003801079792847514
GEN 73 time 1589391717
0.0012006328561322709
0.0012009291212393134
0.0012017860651899071
0.003801079792847514
GEN 74 time 1589391723
0.0012006328561322709
0.0012009291212393134
0.0012017860651899071
0.003801079792847514
GEN 75 time 1589391729
0.0012006328561322709
0.0012008374902946917
0.0012017860651899071
0.003801079792847514
GEN 76 time 1589391735
0.0012006328561322709
0.0012008374902946917
0.0012017860651899071
0.003801079792847514
GEN 77 time 1589391741
0.0012006328561322709
0.0012008374902946917
0.0012017860651899071
0.003801076806483423
GEN 78 time 1589391748
0.0012006328561322709
0.0012008374902946917
0.0012017860651899071
0.003801076806483423
GEN 79 time 1589391753
0.0012006328561322709
0.0012008374902946917
0.0012017860651899071
0.003801076806483423
GEN 80 time 1589391759
0.0012006328561322709
0.0012008374902946917
0.0012017860651899071
0.0036012937667095775
GEN 81 time 1589391766
0.0012006328561322709
0.0012008374902946917
0.0012017860651899071
0.0036012937667095775
GEN 82 time 1589391772
0.0012006328561322709
0.0012008374902946917
0.0012017860651899071
0.0036012937667095775
GEN 83 time 1589391778
0.0012006328561322709
0.0012008374902946917
0.0012017860651899071
0.0036012937667095775
GEN 84 time 1589391784
0.0012006328561322709
0.0012008374902946917
0.0012017860651899071
0.0036012937667095775
GEN 85 time 1589391790
0.0012006328561322709
0.0012008374902946917
0.0012017860651899071
0.0036012937667095775
GEN 86 time 1589391797
0.0012006328561322709
0.0012008374902946917
0.0012017860651899071
0.0036012937667095775
GEN 87 time 1589391803
0.0012006328561322709
0.0012008374902946917
0.0012017860651899071
0.0036012937667095775
GEN 88 time 1589391810
0.0012006328561322709
0.0012008374902946917
0.0012017860651899071
0.0036012937667095775
GEN 89 time 1589391817
0.0012006328561322709
0.0012008374902946917
0.0012017860651899071
0.0036012937667095775
GEN 90 time 1589391824
0.0012006328561322709
0.0012008374902946917
0.0012017860651899071
0.0036012937667095775
GEN 91 time 1589391831
0.0012006328561322709
0.0012008374902946917
0.0012017860651899071
0.0036012937667095775
GEN 92 time 1589391838
0.0012006328561322709
0.0012008374902946917
0.0012017860651899071
0.0036012937667095775
GEN 93 time 1589391844
0.0012006328561322709
0.0012008374902946917
0.0012017860651899071
0.0036012937667095775
GEN 94 time 1589391850
0.0012006328561322709
0.0012008374902946917
0.0012017860651899071
0.0036012937667095775
GEN 95 time 1589391856
0.0012006328561322709
0.0012008374902946917
0.0012017860651899071
0.0036012937667095775
GEN 96 time 1589391862
0.0012006328561322709
0.0012008374902946917
0.0012017860651899071
0.0036012937667095775
GEN 97 time 1589391868
0.0012006328561322709
0.0012008374902946917
0.0012017860651899071
0.0036012937667095775
GEN 98 time 1589391874
0.0012006328561322709
0.0012008374902946917
0.0012017860651899071
0.0036012937667095775
GEN 99 time 1589391880
0.0012006328561322709
0.0012008374902946917
0.0012017860651899071
0.0036012937667095775
