['./data/layer/uu-dem9_r25_1.json', './data/layer/uu-dem4_r25_1.json', './data/layer/uu-dem8_r25_1.json', './data/hop/uu-dem2_r25_1_40.json']
GEN 0 time 1590644409
0.002201147640760425
inf
inf
0.006201169803853934
GEN 1 time 1590644412
0.0022009092682414807
inf
inf
0.006201169803853934
GEN 2 time 1590644415
0.0022009092682414807
inf
inf
0.006201169803853934
GEN 3 time 1590644417
0.0018011310514460701
inf
inf
0.006201169803853934
GEN 4 time 1590644420
0.0018011310514460701
inf
0.0018011368856183864
0.006001233717283209
GEN 5 time 1590644423
0.0018011310514460701
inf
0.0018011368856183864
0.006001233717283209
GEN 6 time 1590644425
0.0018011310514460701
0.0022009416926057246
0.0018011368856183864
0.005601071362692144
GEN 7 time 1590644428
0.0016011110514460702
0.0022009416926057246
0.0018011368856183864
0.005401460836470027
GEN 8 time 1590644432
0.0016010660384496434
0.0022009416926057246
0.0018011368856183864
0.005401460836470027
GEN 9 time 1590644436
0.001401078954061229
0.0022009416926057246
0.0018011368856183864
0.005401460836470027
GEN 10 time 1590644440
0.001401078954061229
0.0022009416926057246
0.0018011368856183864
0.005401460836470027
GEN 11 time 1590644444
0.001401078954061229
0.0022009416926057246
0.001801134024289818
0.0044014035114274715
GEN 12 time 1590644449
0.001401078954061229
0.0022009416926057246
0.001801134024289818
0.0044014035114274715
GEN 13 time 1590644453
0.001401078954061229
0.0022009416926057246
0.001801134024289818
0.0044014035114274715
GEN 14 time 1590644458
0.001401078954061229
0.0022009416926057246
0.001801134024289818
0.0044014035114274715
GEN 15 time 1590644462
0.001401078954061229
0.0022009416926057246
0.001801134024289818
0.0044014035114274715
GEN 16 time 1590644467
0.001401078954061229
0.0020009347319018475
0.001801134024289818
0.0044014035114274715
GEN 17 time 1590644471
0.001401078954061229
0.0020009347319018475
0.001801134024289818
0.004401040079423024
GEN 18 time 1590644476
0.001401078954061229
0.0020009347319018475
0.001801134024289818
0.004401040079423024
GEN 19 time 1590644481
0.001401078954061229
0.0020009347319018475
0.001801134024289818
0.004401040079423024
GEN 20 time 1590644486
0.001401078954061229
0.0020009347319018475
0.0018011199883282937
0.004401040079423024
GEN 21 time 1590644491
0.001401078954061229
0.0020009347319018475
0.0018011199883282937
0.004401040079423024
GEN 22 time 1590644496
0.001401078954061229
0.0020008482006836606
0.001400771923640215
0.004401040079423024
GEN 23 time 1590644501
0.001401078954061229
0.0020008482006836606
0.001400771923640215
0.004401040079423024
GEN 24 time 1590644506
0.001401078954061229
0.0020008482006836606
0.001400771923640215
0.004401040079423024
GEN 25 time 1590644511
0.001401078954061229
0.0020008482006836606
0.001400771923640215
0.004401040079423024
GEN 26 time 1590644517
0.001401078954061229
0.0020008482006836606
0.001400771923640215
0.004001224210136441
GEN 27 time 1590644522
0.0014008161018846117
0.0020008482006836606
0.001400771923640215
0.004001224210136441
GEN 28 time 1590644527
0.0014008161018846117
0.0016008947319018473
0.001400771923640215
0.004001224210136441
GEN 29 time 1590644532
0.0014008161018846117
0.0016008947319018473
0.001400771923640215
0.004001224210136441
GEN 30 time 1590644537
0.0014008161018846117
0.0016008947319018473
0.001400771923640215
0.004001176983134061
GEN 31 time 1590644543
0.0014008161018846117
0.0016008947319018473
0.001400771923640215
0.004000968040945033
GEN 32 time 1590644548
0.0014008161018846117
0.0016008947319018473
0.001400771923640215
0.004000968040945033
GEN 33 time 1590644553
0.0014008161018846117
0.0016008947319018473
0.001400771923640215
0.004000968040945033
GEN 34 time 1590644558
0.0014008161018846117
0.0016008947319018473
0.001400771923640215
0.004000968040945033
GEN 35 time 1590644563
0.0014008161018846117
0.0016008947319018473
0.001400771923640215
0.004000968040945033
GEN 36 time 1590644568
0.0014008161018846117
0.0016008947319018473
0.001400771923640215
0.004000968040945033
GEN 37 time 1590644573
0.0014008161018846117
0.001401090779955389
0.001400771923640215
0.004000968040945033
GEN 38 time 1590644578
0.0014008161018846117
0.001401090779955389
0.001400771923640215
0.004000968040945033
GEN 39 time 1590644583
0.0014008161018846117
0.001401090779955389
0.001400771923640215
0.004000968040945033
GEN 40 time 1590644588
0.0014008161018846117
0.001401090779955389
0.001400771923640215
0.004000968040945033
GEN 41 time 1590644593
0.0014008161018846117
0.001401090779955389
0.001400771923640215
0.0036008713626921435
GEN 42 time 1590644598
0.0014008161018846117
0.001401090779955389
0.001400771923640215
0.0036008713626921435
GEN 43 time 1590644603
0.0012010041129436441
0.001401090779955389
0.001400771923640215
0.003400851362692143
GEN 44 time 1590644608
0.0012010041129436441
0.001401090779955389
0.001400771923640215
0.003400851362692143
GEN 45 time 1590644613
0.0012010041129436441
0.001401090779955389
0.001400771923640215
0.003400851362692143
GEN 46 time 1590644618
0.0012010041129436441
0.001401090779955389
0.001400771923640215
0.003400851362692143
GEN 47 time 1590644623
0.0012010041129436441
0.001401090779955389
0.001400771923640215
0.003400851362692143
GEN 48 time 1590644628
0.0012010041129436441
0.001401090779955389
0.001400771923640215
0.003400851362692143
GEN 49 time 1590644633
0.0012010041129436441
0.001401090779955389
0.001400771923640215
0.003400851362692143
GEN 50 time 1590644638
0.0012010041129436441
0.001401090779955389
0.001400771923640215
0.003400851362692143
GEN 51 time 1590644644
0.0012010041129436441
0.001401090779955389
0.001400771923640215
0.003400851362692143
GEN 52 time 1590644649
0.0012010041129436441
0.001401090779955389
0.001400771923640215
0.003400851362692143
GEN 53 time 1590644654
0.0012010041129436441
0.001401090779955389
0.001400771923640215
0.003400851362692143
GEN 54 time 1590644660
0.0012010041129436441
0.001401090779955389
0.001400771923640215
0.003400851362692143
GEN 55 time 1590644665
0.0012010041129436441
0.001401044560383212
0.001400771923640215
0.003400851362692143
GEN 56 time 1590644670
0.0012010041129436441
0.001401044560383212
0.001400771923640215
0.003400851362692143
GEN 57 time 1590644675
0.0012010041129436441
0.001401044560383212
0.001400771923640215
0.003400851362692143
GEN 58 time 1590644680
0.0012010041129436441
0.001401044560383212
0.001400771923640215
0.003400851362692143
GEN 59 time 1590644685
0.0012010041129436441
0.001401044560383212
0.001400771923640215
0.003201295917691744
GEN 60 time 1590644691
0.0012010041129436441
0.001401044560383212
0.001400771923640215
0.003201295917691744
GEN 61 time 1590644696
0.0012010041129436441
0.001401044560383212
0.001400771923640215
0.003201295917691744
GEN 62 time 1590644702
0.0012010041129436441
0.001401044560383212
0.001400771923640215
0.003201295917691744
GEN 63 time 1590644707
0.0012010041129436441
0.001401044560383212
0.001400771923640215
0.003201295917691744
GEN 64 time 1590644712
0.0012010041129436441
0.001401044560383212
0.001400771923640215
0.003201295917691744
GEN 65 time 1590644717
0.0012010041129436441
0.001401044560383212
0.001400771923640215
0.003201295917691744
GEN 66 time 1590644722
0.0012010041129436441
0.001401044560383212
0.001400771923640215
0.003201295917691744
GEN 67 time 1590644727
0.001200895592566149
0.001401044560383212
0.001400771923640215
0.003201295917691744
GEN 68 time 1590644732
0.001200895592566149
0.001401044560383212
0.001400771923640215
0.003201295917691744
GEN 69 time 1590644738
0.001200895592566149
0.001401044560383212
0.001400771923640215
0.003201295917691744
GEN 70 time 1590644743
0.001200895592566149
0.001401044560383212
0.001400771923640215
0.003201295917691744
GEN 71 time 1590644748
0.001200895592566149
0.001401044560383212
0.001400771923640215
0.003201295917691744
GEN 72 time 1590644753
0.001200895592566149
0.001401044560383212
0.001400771923640215
0.003201295917691744
GEN 73 time 1590644758
0.001200895592566149
0.001401044560383212
0.001400771923640215
0.003201295917691744
GEN 74 time 1590644764
0.001200895592566149
0.001401044560383212
0.001400771923640215
0.003201295917691744
GEN 75 time 1590644768
0.001200895592566149
0.001401044560383212
0.001400771923640215
0.003201295917691744
GEN 76 time 1590644774
0.001200895592566149
0.001401044560383212
0.001400771923640215
0.003201295917691744
GEN 77 time 1590644779
0.001200895592566149
0.001401044560383212
0.001400771923640215
0.003201295917691744
GEN 78 time 1590644784
0.001200895592566149
0.001401044560383212
0.001400771923640215
0.003201295917691744
GEN 79 time 1590644789
0.001200895592566149
0.001401044560383212
0.001400771923640215
0.003201295917691744
GEN 80 time 1590644794
0.001200814846351119
0.001401044560383212
0.001400771923640215
0.003201295917691744
GEN 81 time 1590644799
0.0012008092682414808
0.001401044560383212
0.001400771923640215
0.003201295917691744
GEN 82 time 1590644804
0.0012008092682414808
0.001401044560383212
0.001400771923640215
0.003001275917691744
GEN 83 time 1590644809
0.0012008092682414808
0.001401044560383212
0.001400771923640215
0.003001275917691744
GEN 84 time 1590644815
0.0012008092682414808
0.001401044560383212
0.001400771923640215
0.003001275917691744
GEN 85 time 1590644820
0.0012008092682414808
0.001401044560383212
0.001400771923640215
0.003001275917691744
GEN 86 time 1590644825
0.0012008092682414808
0.001401044560383212
0.001400771923640215
0.003001275917691744
GEN 87 time 1590644830
0.0012008092682414808
0.001401044560383212
0.001400771923640215
0.003001275917691744
GEN 88 time 1590644835
0.0012008092682414808
0.001401044560383212
0.001400771923640215
0.003001275917691744
GEN 89 time 1590644841
0.0012008092682414808
0.001401044560383212
0.001400771923640215
0.003001275917691744
GEN 90 time 1590644846
0.0012008092682414808
0.001401044560383212
0.001400771923640215
0.003001275917691744
GEN 91 time 1590644851
0.0012008092682414808
0.001401044560383212
0.001400771923640215
0.003001275917691744
GEN 92 time 1590644856
0.0012008092682414808
0.001401044560383212
0.001400771923640215
0.003001275917691744
GEN 93 time 1590644861
0.0012008092682414808
0.001401044560383212
0.001400771923640215
0.003001275917691744
GEN 94 time 1590644866
0.0012008092682414808
0.001401044560383212
0.001400771923640215
0.003001275917691744
GEN 95 time 1590644871
0.0012008092682414808
0.001401044560383212
0.001400771923640215
0.003001275917691744
GEN 96 time 1590644876
0.0012008092682414808
0.001401044560383212
0.001400771923640215
0.003001275917691744
GEN 97 time 1590644881
0.0012008092682414808
0.001401044560383212
0.001400771923640215
0.003001275917691744
GEN 98 time 1590644886
0.0012008092682414808
0.001401044560383212
0.001400771923640215
0.003001275917691744
GEN 99 time 1590644891
0.0012008092682414808
0.001401044560383212
0.001400771923640215
0.003001275917691744
