['./data/layer/uu-dem2_r25_1.json', './data/hop/uu-dem2_r25_1_40.json', './data/layer/uu-dem9_r25_1.json', './data/layer/uu-dem2_r50_1.json']
GEN 0 time 1587924018
0.004009408364700264
0.010023520911750659
0.005212260077856738
0.0040154202021030275
GEN 1 time 1587924022
0.003607798031162391
0.010023520911750659
0.004811652617352843
0.0040154202021030275
GEN 2 time 1587924025
0.003607798031162391
0.010023520911750659
0.004811652617352843
0.0040154202021030275
GEN 3 time 1587924029
0.003607798031162391
0.010023520911750659
0.004811652617352843
0.0040154202021030275
GEN 4 time 1587924032
0.003607798031162391
0.01002166119767331
0.003207768411568562
0.002810794141472119
GEN 5 time 1587924036
0.003607798031162391
0.01002166119767331
0.003207768411568562
0.002810794141472119
GEN 6 time 1587924040
0.003207526691760211
0.01002166119767331
0.003207768411568562
0.002810794141472119
GEN 7 time 1587924044
0.003207526691760211
0.00921333269273869
0.003207544663296454
0.002810794141472119
GEN 8 time 1587924050
0.0028060651353485266
0.008019670228549408
0.003207544663296454
0.0024114263700972024
GEN 9 time 1587924056
0.0028060651353485266
0.008019670228549408
0.003207544663296454
0.0024114263700972024
GEN 10 time 1587924063
0.0028060651353485266
0.008019670228549408
0.003207544663296454
0.0024092521212618163
GEN 11 time 1587924070
0.0028060651353485266
0.008019670228549408
0.0028067126784286018
0.0024092521212618163
GEN 12 time 1587924076
0.0028060651353485266
0.008019670228549408
0.0028067126784286018
0.0024092521212618163
GEN 13 time 1587924083
0.0028060651353485266
0.008019670228549408
0.0028067126784286018
0.0024092521212618163
GEN 14 time 1587924090
0.0028060651353485266
0.008019670228549408
0.0028067126784286018
0.0024092521212618163
GEN 15 time 1587924096
0.0028060651353485266
0.008019670228549408
0.0028067126784286018
0.0024092521212618163
GEN 16 time 1587924103
0.0028060651353485266
0.008019670228549408
0.0028065112802276946
0.0024092521212618163
GEN 17 time 1587924110
0.0028060651353485266
0.008013125184913978
0.0028065112802276946
0.0024092521212618163
GEN 18 time 1587924117
0.0028060651353485266
0.008013125184913978
0.0028065112802276946
0.0024092521212618163
GEN 19 time 1587924123
0.0028060651353485266
0.008013125184913978
0.0028065112802276946
0.0024092521212618163
GEN 20 time 1587924130
0.0028060651353485266
0.008013125184913978
0.0028065112802276946
0.0024092521212618163
GEN 21 time 1587924137
0.0028060651353485266
0.008013125184913978
0.0028065112802276946
0.0024092521212618163
GEN 22 time 1587924143
0.0028060651353485266
0.008013125184913978
0.0028065112802276946
0.0024092521212618163
GEN 23 time 1587924150
0.0028060651353485266
0.008011593645859731
0.0028065112802276946
0.0024092521212618163
GEN 24 time 1587924157
0.0028060651353485266
0.008011593645859731
0.0028065112802276946
0.0024092521212618163
GEN 25 time 1587924164
0.0028060651353485266
0.008011593645859731
0.0028065112802276946
0.0024092521212618163
GEN 26 time 1587924171
0.0024037204765381373
0.008011593645859731
0.0028065112802276946
0.0024092521212618163
GEN 27 time 1587924177
0.0024037204765381373
0.008011593645859731
0.0028065112802276946
0.0024092521212618163
GEN 28 time 1587924184
0.0024037204765381373
0.0076189224361431366
0.0028065112802276946
0.0024092521212618163
GEN 29 time 1587924191
0.0024037204765381373
0.0076189224361431366
0.0028065112802276946
0.0024092521212618163
GEN 30 time 1587924198
0.0024037204765381373
0.0076189224361431366
0.0028065112802276946
0.0024092521212618163
GEN 31 time 1587924205
0.0024037204765381373
0.0076178758929305
0.0028065112802276946
0.0024092521212618163
GEN 32 time 1587924211
0.0024037204765381373
0.007612382713702579
0.0028065112802276946
0.0024092521212618163
GEN 33 time 1587924218
0.0024037204765381373
0.007612382713702579
0.002405753724367373
0.002406584563985996
GEN 34 time 1587924225
0.0024037204765381373
0.007217703205694467
0.002405753724367373
0.002406584563985996
GEN 35 time 1587924231
0.00200497958845872
0.007217703205694467
0.002405753724367373
0.002406584563985996
GEN 36 time 1587924238
0.00200497958845872
0.007217703205694467
0.002405753724367373
0.002406584563985996
GEN 37 time 1587924245
0.0020043748202810204
0.007217703205694467
0.002405753724367373
0.002406584563985996
GEN 38 time 1587924252
0.0020043748202810204
0.007217703205694467
0.002405753724367373
0.002406584563985996
GEN 39 time 1587924258
0.0020043748202810204
0.006816719694266997
0.002405753724367373
0.002406584563985996
GEN 40 time 1587924265
0.0020043748202810204
0.006816719694266997
0.002405753724367373
0.002406584563985996
GEN 41 time 1587924272
0.0020043748202810204
0.006816719694266997
0.002405753724367373
0.002406584563985996
GEN 42 time 1587924279
0.0020043748202810204
0.006816719694266997
0.002405753724367373
0.002406584563985996
GEN 43 time 1587924285
0.0020043748202810204
0.006816719694266997
0.002405753724367373
0.002406584563985996
GEN 44 time 1587924292
0.0020043748202810204
0.006816719694266997
0.002405753724367373
0.002406584563985996
GEN 45 time 1587924299
0.0020043748202810204
0.006816719694266997
0.002405753724367373
0.002406584563985996
GEN 46 time 1587924305
0.0020043748202810204
0.006816719694266997
0.002405753724367373
0.002406584563985996
GEN 47 time 1587924312
0.0020043748202810204
0.006816719694266997
0.002405753724367373
0.002406584563985996
GEN 48 time 1587924319
0.0020043748202810204
0.006816719694266997
0.002405753724367373
0.002406584563985996
GEN 49 time 1587924325
0.0020043748202810204
0.006816719694266997
0.002405753724367373
0.002406584563985996
GEN 50 time 1587924332
0.0020043748202810204
0.006816719694266997
0.002405753724367373
0.002406584563985996
GEN 51 time 1587924339
0.0020043748202810204
0.006816719694266997
0.002405753724367373
0.002406584563985996
GEN 52 time 1587924346
0.0020043748202810204
0.006809033165766433
0.002405753724367373
0.002406584563985996
GEN 53 time 1587924353
0.0020043748202810204
0.006809033165766433
0.002405753724367373
0.002406584563985996
GEN 54 time 1587924359
0.0020043748202810204
0.006809033165766433
0.002405753724367373
0.002406584563985996
GEN 55 time 1587924366
0.0020043748202810204
0.006809033165766433
0.002405753724367373
0.002406584563985996
GEN 56 time 1587924373
0.001603983670766976
0.006809033165766433
0.002405753724367373
0.002406584563985996
GEN 57 time 1587924380
0.001603983670766976
0.006809033165766433
0.002405753724367373
0.002406584563985996
GEN 58 time 1587924386
0.001603983670766976
0.006809033165766433
0.002405753724367373
0.002406584563985996
GEN 59 time 1587924393
0.001603983670766976
0.006809033165766433
0.002405753724367373
0.002406584563985996
GEN 60 time 1587924400
0.001603983670766976
0.006809033165766433
0.002405753724367373
0.002406584563985996
GEN 61 time 1587924406
0.001603983670766976
0.006809033165766433
0.002405753724367373
0.002406584563985996
GEN 62 time 1587924413
0.001603983670766976
0.006809033165766433
0.002405753724367373
0.002406584563985996
GEN 63 time 1587924420
0.001603983670766976
0.006809033165766433
0.002405753724367373
0.002406584563985996
GEN 64 time 1587924427
0.001603983670766976
0.006809033165766433
0.002405753724367373
0.002406584563985996
GEN 65 time 1587924433
0.001603983670766976
0.006809033165766433
0.002405753724367373
0.002406584563985996
GEN 66 time 1587924440
0.001603983670766976
0.006809033165766433
0.002405753724367373
0.002406584563985996
GEN 67 time 1587924447
0.001603983670766976
0.006809033165766433
0.002405753724367373
0.002406584563985996
GEN 68 time 1587924454
0.001603983670766976
0.006809033165766433
0.002405753724367373
0.002406584563985996
GEN 69 time 1587924461
0.001603983670766976
0.006809033165766433
0.002405753724367373
0.002406584563985996
GEN 70 time 1587924468
0.001603983670766976
0.006809033165766433
0.002405753724367373
0.002406584563985996
GEN 71 time 1587924474
0.001603983670766976
0.006809033165766433
0.002405753724367373
0.002406584563985996
GEN 72 time 1587924481
0.001603983670766976
0.006809033165766433
0.0024047735553968936
0.002406584563985996
GEN 73 time 1587924488
0.001603983670766976
0.006809033165766433
0.0024047735553968936
0.002406584563985996
GEN 74 time 1587924495
0.001603983670766976
0.006809033165766433
0.0024047735553968936
0.002406584563985996
GEN 75 time 1587924501
0.001603983670766976
0.006809033165766433
0.0024047735553968936
0.002406584563985996
GEN 76 time 1587924508
0.001603983670766976
0.006809033165766433
0.0024047735553968936
0.002406584563985996
GEN 77 time 1587924515
0.001603983670766976
0.006809033165766433
0.0024047735553968936
0.002406584563985996
GEN 78 time 1587924522
0.001603983670766976
0.006809033165766433
0.0024047735553968936
0.002406584563985996
GEN 79 time 1587924528
0.001603983670766976
0.006809033165766433
0.0024047735553968936
0.002406584563985996
GEN 80 time 1587924535
0.001603983670766976
0.006809033165766433
0.0024047735553968936
0.002406584563985996
GEN 81 time 1587924542
0.001603983670766976
0.006809033165766433
0.0024047735553968936
0.002406584563985996
GEN 82 time 1587924549
0.001603983670766976
0.006809033165766433
0.0024047735553968936
0.002406584563985996
GEN 83 time 1587924555
0.001603983670766976
0.006809033165766433
0.0024047735553968936
0.002406584563985996
GEN 84 time 1587924562
0.001603983670766976
0.006809033165766433
0.0024047735553968936
0.002406584563985996
GEN 85 time 1587924569
0.001603983670766976
0.006809033165766433
0.0024047735553968936
0.002406584563985996
GEN 86 time 1587924576
0.001603983670766976
0.006809033165766433
0.0024047735553968936
0.002406584563985996
GEN 87 time 1587924582
0.001603983670766976
0.006809033165766433
0.0024047735553968936
0.002406584563985996
GEN 88 time 1587924589
0.001603983670766976
0.006809033165766433
0.0024047735553968936
0.002406584563985996
GEN 89 time 1587924596
0.001603983670766976
0.006809033165766433
0.0024047735553968936
0.002406584563985996
GEN 90 time 1587924603
0.001603983670766976
0.006809033165766433
0.0024047735553968936
0.002406584563985996
GEN 91 time 1587924609
0.001603983670766976
0.006809033165766433
0.0024047735553968936
0.002406584563985996
GEN 92 time 1587924616
0.001603983670766976
0.006809033165766433
0.0024047735553968936
0.002406584563985996
GEN 93 time 1587924622
0.001603983670766976
0.006809033165766433
0.0024047735553968936
0.002406584563985996
GEN 94 time 1587924629
0.001603983670766976
0.006809033165766433
0.0024047735553968936
0.002406584563985996
GEN 95 time 1587924636
0.001603983670766976
0.006809033165766433
0.0024047735553968936
0.002406584563985996
GEN 96 time 1587924642
0.001603983670766976
0.006809033165766433
0.0024047735553968936
0.002406584563985996
GEN 97 time 1587924649
0.001603983670766976
0.006809033165766433
0.0024047735553968936
0.002406584563985996
GEN 98 time 1587924656
0.001603983670766976
0.006809033165766433
0.0024047735553968936
0.002406584563985996
GEN 99 time 1587924662
0.001603983670766976
0.006809033165766433
0.0024047735553968936
0.002406584563985996
