['./data/small/layer/uu-dem3_r25_1.json', './data/small/layer/uu-dem4_r25_1.json', './data/small/layer/uu-dem5_r25_1.json', './data/small/hop/uu-dem5_r25_1_0.json']
GEN 0 time 1599184147
0.001752555615971115
0.0016682569135661265
inf
0.0024507846092252893
GEN 1 time 1599184149
0.0017058410808370235
0.0016682569135661265
inf
0.0024507846092252893
GEN 2 time 1599184150
0.0017058410808370235
0.0016223685889952034
inf
0.0024507846092252893
GEN 3 time 1599184152
0.0017058410808370235
0.0016223685889952034
inf
0.0024440267640872325
GEN 4 time 1599184155
0.0017058410808370235
0.0016223685889952034
inf
0.0024440267640872325
GEN 5 time 1599184158
0.0017058410808370235
0.001615418584946323
inf
0.0022438066777999144
GEN 6 time 1599184161
0.0017058410808370235
0.0015358109921157913
0.0024212817460994513
0.0022438066777999144
GEN 7 time 1599184164
0.0017058410808370235
0.0015358109921157913
0.0022212617460994517
0.0022438066777999144
GEN 8 time 1599184166
0.0017058410808370235
0.0014855053265408816
0.0022212617460994517
0.0022438066777999144
GEN 9 time 1599184170
0.0017058410808370235
0.0014855053265408816
0.002191164823506423
0.002236500949557977
GEN 10 time 1599184173
0.0017058410808370235
0.0014682369135661265
0.002191164823506423
0.002236500949557977
GEN 11 time 1599184176
0.0017058410808370235
0.0014682369135661265
0.002191164823506423
0.002236500949557977
GEN 12 time 1599184179
0.0017058410808370235
0.0014682369135661265
0.002191164823506423
0.002236500949557977
GEN 13 time 1599184182
0.0017058410808370235
0.0014682369135661265
0.002191164823506423
0.002236500949557977
GEN 14 time 1599184185
0.0017058410808370235
0.0014682369135661265
0.002191164823506423
0.002236500949557977
GEN 15 time 1599184188
0.0017058410808370235
0.0014682369135661265
0.002191164823506423
0.002236500949557977
GEN 16 time 1599184191
0.0017058410808370235
0.0014682369135661265
0.002191164823506423
0.0021027858444607667
GEN 17 time 1599184194
0.0017058410808370235
0.0014682369135661265
0.002191164823506423
0.0021027858444607667
GEN 18 time 1599184197
0.0017058410808370235
0.0014682369135661265
0.002191164823506423
0.0021027858444607667
GEN 19 time 1599184200
0.0017058410808370235
0.0014682369135661265
0.002191164823506423
0.0021027858444607667
GEN 20 time 1599184203
0.0017058410808370235
0.0014682369135661265
0.002191164823506423
0.0021027858444607667
GEN 21 time 1599184207
0.0017058410808370235
0.0014682369135661265
0.002191164823506423
0.0021027858444607667
GEN 22 time 1599184209
0.0017058410808370235
0.0014682369135661265
0.002191164823506423
0.0021027858444607667
GEN 23 time 1599184213
0.0017058410808370235
0.0014584555404298799
0.002191164823506423
0.0021027858444607667
GEN 24 time 1599184216
0.0017058410808370235
0.0014584555404298799
0.002191164823506423
0.0021027858444607667
GEN 25 time 1599184219
0.0017058410808370235
0.0014584555404298799
0.002191164823506423
0.0021027858444607667
GEN 26 time 1599184222
0.0017058410808370235
0.0014584555404298799
0.002191164823506423
0.0021027858444607667
GEN 27 time 1599184225
0.0017058410808370235
0.0014584555404298799
0.002191164823506423
0.0021027858444607667
GEN 28 time 1599184228
0.0017058410808370235
0.0014584555404298799
0.002191164823506423
0.0021027858444607667
GEN 29 time 1599184231
0.0017058410808370235
0.0014584555404298799
0.002191164823506423
0.0021027858444607667
GEN 30 time 1599184234
0.0017058410808370235
0.0014584555404298799
0.002191164823506423
0.0021027858444607667
GEN 31 time 1599184238
0.0017058410808370235
0.0014584555404298799
0.002191164823506423
0.0021027858444607667
GEN 32 time 1599184241
0.0017058410808370235
0.0014584555404298799
0.002191164823506423
0.0021027858444607667
GEN 33 time 1599184244
0.0017058410808370235
0.0014584555404298799
0.002191164823506423
0.0021027858444607667
GEN 34 time 1599184247
0.0017058410808370235
0.0014584555404298799
0.002191164823506423
0.0021027858444607667
GEN 35 time 1599184251
0.0017058410808370235
0.0014584555404298799
0.002191164823506423
0.0021027858444607667
GEN 36 time 1599184254
0.0017058410808370235
0.0014584555404298799
0.002191164823506423
0.0021027858444607667
GEN 37 time 1599184256
0.0017058410808370235
0.0014584555404298799
0.002191164823506423
0.0021027858444607667
GEN 38 time 1599184260
0.0017058410808370235
0.0014584555404298799
0.002191164823506423
0.0021027858444607667
GEN 39 time 1599184262
0.0017058410808370235
0.0014584555404298799
0.002191164823506423
0.0020558851694694675
GEN 40 time 1599184266
0.0017058410808370235
0.0014584555404298799
0.002191164823506423
0.0020558851694694675
GEN 41 time 1599184269
0.0017058410808370235
0.0014584555404298799
0.002191164823506423
0.0020558851694694675
GEN 42 time 1599184272
0.0017058410808370235
0.0014584555404298799
0.002191164823506423
0.0020558851694694675
GEN 43 time 1599184275
0.0017058410808370235
0.0014584555404298799
0.002191164823506423
0.001967942759370146
GEN 44 time 1599184278
0.0017058410808370235
0.0014584555404298799
0.002191164823506423
0.001967942759370146
GEN 45 time 1599184281
0.0017058410808370235
0.0014584555404298799
0.002191164823506423
0.001967942759370146
GEN 46 time 1599184284
0.0017058410808370235
0.0014584555404298799
0.002191164823506423
0.001967942759370146
GEN 47 time 1599184287
0.0017058410808370235
0.0014584555404298799
0.002191164823506423
0.001967942759370146
GEN 48 time 1599184290
0.0017058410808370235
0.0014584555404298799
0.002191164823506423
0.001967942759370146
GEN 49 time 1599184293
0.0017058410808370235
0.0014584555404298799
0.002191164823506423
0.001967942759370146
GEN 50 time 1599184296
0.0017058410808370235
0.0014584555404298799
0.002191164823506423
0.001967942759370146
GEN 51 time 1599184299
0.0017058410808370235
0.0014584555404298799
0.002191164823506423
0.001967942759370146
GEN 52 time 1599184302
0.0017058410808370235
0.0014584555404298799
0.002191164823506423
0.001967942759370146
GEN 53 time 1599184305
0.0017058410808370235
0.0014584555404298799
0.002191164823506423
0.001967942759370146
GEN 54 time 1599184308
0.0017058410808370235
0.0014584555404298799
0.002191164823506423
0.001967942759370146
GEN 55 time 1599184311
0.0017058410808370235
0.0014584555404298799
0.002191164823506423
0.001967942759370146
GEN 56 time 1599184315
0.0017058410808370235
0.0014584555404298799
0.002191164823506423
0.001967942759370146
GEN 57 time 1599184318
0.0017058410808370235
0.0014584555404298799
0.002191164823506423
0.001967942759370146
GEN 58 time 1599184321
0.0017058410808370235
0.0014584555404298799
0.002191164823506423
0.001967942759370146
GEN 59 time 1599184324
0.0017058410808370235
0.0014584555404298799
0.002191164823506423
0.001967942759370146
GEN 60 time 1599184327
0.0017058410808370235
0.0014584555404298799
0.002191164823506423
0.001967942759370146
GEN 61 time 1599184330
0.0017058410808370235
0.0014584555404298799
0.002191164823506423
0.001967942759370146
GEN 62 time 1599184333
0.0017058410808370235
0.0014584555404298799
0.002191164823506423
0.001906980160619208
GEN 63 time 1599184337
0.0017058410808370235
0.0014584555404298799
0.002191164823506423
0.001906980160619208
GEN 64 time 1599184340
0.0017058410808370235
0.0014584555404298799
0.002191164823506423
0.001906980160619208
GEN 65 time 1599184343
0.0017058410808370235
0.0014584555404298799
0.002191164823506423
0.001906980160619208
GEN 66 time 1599184346
0.0017058410808370235
0.0014584555404298799
0.002191164823506423
0.001906980160619208
GEN 67 time 1599184349
0.0017058410808370235
0.0014584555404298799
0.002191164823506423
0.001906980160619208
GEN 68 time 1599184352
0.0017058410808370235
0.0014584555404298799
0.002191164823506423
0.001906980160619208
GEN 69 time 1599184356
0.0017058410808370235
0.0014584555404298799
0.002191164823506423
0.001906980160619208
GEN 70 time 1599184359
0.0017058410808370235
0.0014584555404298799
0.002191164823506423
0.001906980160619208
GEN 71 time 1599184362
0.0017058410808370235
0.0014584555404298799
0.002191164823506423
0.001906980160619208
GEN 72 time 1599184366
0.0017058410808370235
0.0014584555404298799
0.002191164823506423
0.001906980160619208
GEN 73 time 1599184369
0.0017058410808370235
0.0014584555404298799
0.002191164823506423
0.001906980160619208
GEN 74 time 1599184373
0.0017058410808370235
0.0014584555404298799
0.002191164823506423
0.001906980160619208
GEN 75 time 1599184376
0.0017058410808370235
0.0014584555404298799
0.002191164823506423
0.0019027658444607668
GEN 76 time 1599184380
0.0017058410808370235
0.0014584555404298799
0.002191164823506423
0.0019027658444607668
GEN 77 time 1599184384
0.0017058410808370235
0.0014584555404298799
0.002191164823506423
0.0019027658444607668
GEN 78 time 1599184387
0.0017058410808370235
0.0014584555404298799
0.002191164823506423
0.0019027658444607668
GEN 79 time 1599184390
0.0017058410808370235
0.0014584555404298799
0.002191164823506423
0.0019027658444607668
GEN 80 time 1599184394
0.0017058410808370235
0.0014584555404298799
0.002191164823506423
0.0019027658444607668
GEN 81 time 1599184397
0.0017058410808370235
0.0014584555404298799
0.002191164823506423
0.0019027658444607668
GEN 82 time 1599184400
0.0017058410808370235
0.0014584555404298799
0.002191164823506423
0.0019027658444607668
GEN 83 time 1599184403
0.0017058410808370235
0.0014584555404298799
0.002191164823506423
0.0019027658444607668
GEN 84 time 1599184406
0.0017058410808370235
0.0014584555404298799
0.002191164823506423
0.0019027658444607668
GEN 85 time 1599184410
0.0017058410808370235
0.0014584555404298799
0.002191164823506423
0.0018558651694694677
GEN 86 time 1599184413
0.0017058410808370235
0.0014584555404298799
0.002191164823506423
0.0018558651694694677
GEN 87 time 1599184417
0.0017058410808370235
0.0014584555404298799
0.002191164823506423
0.0018558651694694677
GEN 88 time 1599184420
0.0017058410808370235
0.0014584555404298799
0.002191164823506423
0.0018437666777999147
GEN 89 time 1599184423
0.0017058410808370235
0.0014584555404298799
0.002191164823506423
0.0018437666777999147
GEN 90 time 1599184426
0.0017058410808370235
0.0014584555404298799
0.002191164823506423
0.0018437666777999147
GEN 91 time 1599184430
0.0017058410808370235
0.0014584555404298799
0.002191164823506423
0.0018437666777999147
GEN 92 time 1599184433
0.0017058410808370235
0.0014584555404298799
0.002191164823506423
0.0018437666777999147
GEN 93 time 1599184436
0.0017058410808370235
0.0014584555404298799
0.002191164823506423
0.0018437666777999147
GEN 94 time 1599184440
0.0017058410808370235
0.0014584555404298799
0.002191164823506423
0.0018364609495579768
GEN 95 time 1599184443
0.0017058410808370235
0.0014584555404298799
0.002191164823506423
0.0018364609495579768
GEN 96 time 1599184446
0.0017058410808370235
0.0014584555404298799
0.002191164823506423
0.0018364609495579768
GEN 97 time 1599184450
0.0017058410808370235
0.0014584555404298799
0.002191164823506423
0.0018364609495579768
GEN 98 time 1599184453
0.0017058410808370235
0.0014584555404298799
0.002191164823506423
0.001767922759370146
GEN 99 time 1599184457
0.0017058410808370235
0.0014584555404298799
0.002191164823506423
0.001767922759370146
GEN 100 time 1599184460
0.0017058410808370235
0.0014584555404298799
0.002191164823506423
0.001767922759370146
GEN 101 time 1599184464
0.0017058410808370235
0.0014584555404298799
0.002191164823506423
0.001767922759370146
GEN 102 time 1599184467
0.0017058410808370235
0.0014584555404298799
0.002191164823506423
0.001767922759370146
GEN 103 time 1599184470
0.0017058410808370235
0.0014584555404298799
0.002191164823506423
0.001767922759370146
GEN 104 time 1599184474
0.0017058410808370235
0.0014584555404298799
0.002191164823506423
0.001767922759370146
GEN 105 time 1599184477
0.0017058410808370235
0.0014584555404298799
0.002191164823506423
0.001767922759370146
GEN 106 time 1599184481
0.0017058410808370235
0.0014584555404298799
0.002191164823506423
0.001767922759370146
GEN 107 time 1599184484
0.0017058410808370235
0.0014584555404298799
0.002191164823506423
0.001767922759370146
GEN 108 time 1599184488
0.0017058410808370235
0.0014584555404298799
0.002191164823506423
0.001767922759370146
GEN 109 time 1599184491
0.0017058410808370235
0.0014584555404298799
0.002191164823506423
0.001767922759370146
GEN 110 time 1599184495
0.0017058410808370235
0.0014584555404298799
0.002191164823506423
0.001767922759370146
GEN 111 time 1599184498
0.0017058410808370235
0.0014584555404298799
0.002191164823506423
0.001767922759370146
GEN 112 time 1599184501
0.0017058410808370235
0.0014584555404298799
0.002191164823506423
0.001767922759370146
GEN 113 time 1599184504
0.0017058410808370235
0.0014584555404298799
0.002191164823506423
0.001767922759370146
GEN 114 time 1599184508
0.0017058410808370235
0.0014584555404298799
0.002191164823506423
0.001767922759370146
GEN 115 time 1599184511
0.0017058410808370235
0.0014584555404298799
0.002191164823506423
0.001767922759370146
GEN 116 time 1599184514
0.0017058410808370235
0.0014584555404298799
0.002191164823506423
0.001767922759370146
GEN 117 time 1599184518
0.0017058410808370235
0.0014584555404298799
0.002191164823506423
0.001767922759370146
GEN 118 time 1599184521
0.0017058410808370235
0.0014584555404298799
0.002191164823506423
0.001767922759370146
GEN 119 time 1599184524
0.0017058410808370235
0.0014584555404298799
0.002191164823506423
0.001767922759370146
GEN 120 time 1599184527
0.0017058410808370235
0.0014584555404298799
0.002191164823506423
0.001767922759370146
GEN 121 time 1599184530
0.0017058410808370235
0.0014584555404298799
0.002191164823506423
0.001767922759370146
GEN 122 time 1599184533
0.0017058410808370235
0.0014584555404298799
0.002191164823506423
0.001767922759370146
GEN 123 time 1599184537
0.0017058410808370235
0.0014584555404298799
0.002191164823506423
0.001767922759370146
GEN 124 time 1599184540
0.0017058410808370235
0.0014584555404298799
0.002191164823506423
0.001767922759370146
GEN 125 time 1599184543
0.0017058410808370235
0.0014584555404298799
0.002191164823506423
0.001767922759370146
GEN 126 time 1599184546
0.0017058410808370235
0.0014584555404298799
0.002191164823506423
0.001767922759370146
GEN 127 time 1599184549
0.0017058410808370235
0.0014584555404298799
0.002191164823506423
0.001767922759370146
GEN 128 time 1599184552
0.0017058410808370235
0.0014584555404298799
0.002191164823506423
0.001767922759370146
GEN 129 time 1599184555
0.0017058410808370235
0.0014584555404298799
0.002191164823506423
0.001767922759370146
GEN 130 time 1599184559
0.0017058410808370235
0.0014584555404298799
0.002191164823506423
0.001767922759370146
GEN 131 time 1599184562
0.0017058410808370235
0.0014584555404298799
0.002191164823506423
0.001767922759370146
GEN 132 time 1599184565
0.0017058410808370235
0.0014584555404298799
0.002191164823506423
0.001767922759370146
GEN 133 time 1599184568
0.0017058410808370235
0.0014584555404298799
0.002191164823506423
0.001737421177792832
GEN 134 time 1599184571
0.0017058410808370235
0.0014584555404298799
0.002191164823506423
0.001737421177792832
GEN 135 time 1599184574
0.0017058410808370235
0.0014584555404298799
0.002191164823506423
0.001737421177792832
GEN 136 time 1599184577
0.0017058410808370235
0.0014584555404298799
0.002191164823506423
0.001737421177792832
GEN 137 time 1599184580
0.0017058410808370235
0.0014584555404298799
0.002191164823506423
0.001737421177792832
GEN 138 time 1599184584
0.0017058410808370235
0.0014584555404298799
0.002191164823506423
0.001737421177792832
GEN 139 time 1599184587
0.0017058410808370235
0.0014584555404298799
0.002191164823506423
0.001737421177792832
GEN 140 time 1599184590
0.0017058410808370235
0.0014584555404298799
0.002191164823506423
0.001737421177792832
GEN 141 time 1599184593
0.0017058410808370235
0.0014584555404298799
0.002191164823506423
0.001737421177792832
GEN 142 time 1599184597
0.0017058410808370235
0.0014584555404298799
0.002191164823506423
0.001737421177792832
GEN 143 time 1599184600
0.0017058410808370235
0.0014584555404298799
0.002191164823506423
0.001737421177792832
GEN 144 time 1599184603
0.0017058410808370235
0.0014584555404298799
0.002191164823506423
0.001737421177792832
GEN 145 time 1599184606
0.0017058410808370235
0.0014584555404298799
0.002191164823506423
0.001737421177792832
GEN 146 time 1599184610
0.0017058410808370235
0.0014584555404298799
0.002191164823506423
0.001737421177792832
GEN 147 time 1599184613
0.0017058410808370235
0.0014584555404298799
0.002191164823506423
0.001737421177792832
GEN 148 time 1599184617
0.0017058410808370235
0.0014584555404298799
0.002191164823506423
0.001737421177792832
GEN 149 time 1599184620
0.0017058410808370235
0.0014584555404298799
0.002191164823506423
0.001737421177792832
GEN 150 time 1599184624
0.0017058410808370235
0.0014584555404298799
0.002191164823506423
0.001737421177792832
GEN 151 time 1599184628
0.0017058410808370235
0.0014584555404298799
0.002191164823506423
0.0017293523317674282
GEN 152 time 1599184632
0.0017058410808370235
0.0014584555404298799
0.002191164823506423
0.0017293523317674282
GEN 153 time 1599184635
0.0017058410808370235
0.0014584555404298799
0.002191164823506423
0.0017293523317674282
GEN 154 time 1599184639
0.0017058410808370235
0.0014584555404298799
0.002191164823506423
0.0017293523317674282
GEN 155 time 1599184643
0.0017058410808370235
0.0014584555404298799
0.002191164823506423
0.0017293523317674282
GEN 156 time 1599184646
0.0017058410808370235
0.0014584555404298799
0.002191164823506423
0.0017293523317674282
GEN 157 time 1599184651
0.0017058410808370235
0.0014584555404298799
0.002191164823506423
0.0017293523317674282
GEN 158 time 1599184655
0.0017058410808370235
0.0014584555404298799
0.002191164823506423
0.0017293523317674282
GEN 159 time 1599184658
0.0017058410808370235
0.0014584555404298799
0.002191164823506423
0.0017293523317674282
GEN 160 time 1599184662
0.0017058410808370235
0.0014584555404298799
0.002191164823506423
0.0017293523317674282
GEN 161 time 1599184666
0.0017058410808370235
0.0014584555404298799
0.002191164823506423
0.0017293523317674282
GEN 162 time 1599184669
0.0017058410808370235
0.0014584555404298799
0.002191164823506423
0.0017293523317674282
GEN 163 time 1599184673
0.0017058410808370235
0.0014584555404298799
0.002191164823506423
0.0017293523317674282
GEN 164 time 1599184677
0.0017058410808370235
0.0014584555404298799
0.002191164823506423
0.0017293523317674282
GEN 165 time 1599184680
0.0017058410808370235
0.0014584555404298799
0.002191164823506423
0.0017293523317674282
GEN 166 time 1599184683
0.0017058410808370235
0.0014584555404298799
0.002191164823506423
0.0017293523317674282
GEN 167 time 1599184687
0.0017058410808370235
0.0014584555404298799
0.002191164823506423
0.0017293523317674282
GEN 168 time 1599184690
0.0017058410808370235
0.0014584555404298799
0.002191164823506423
0.0017293523317674282
GEN 169 time 1599184694
0.0017058410808370235
0.0014584555404298799
0.002191164823506423
0.0017293523317674282
GEN 170 time 1599184697
0.0017058410808370235
0.0014584555404298799
0.002191164823506423
0.0017293523317674282
GEN 171 time 1599184701
0.0017058410808370235
0.0014584555404298799
0.002191164823506423
0.0017293523317674282
GEN 172 time 1599184705
0.0017058410808370235
0.0014584555404298799
0.002191164823506423
0.0017293523317674282
GEN 173 time 1599184708
0.0017058410808370235
0.0014584555404298799
0.002191164823506423
0.0017293523317674282
GEN 174 time 1599184712
0.0017058410808370235
0.0014584555404298799
0.002191164823506423
0.0017293523317674282
GEN 175 time 1599184715
0.0017058410808370235
0.0014584555404298799
0.002191164823506423
0.0017293523317674282
GEN 176 time 1599184719
0.0017058410808370235
0.0014584555404298799
0.002191164823506423
0.0017293523317674282
GEN 177 time 1599184723
0.0017058410808370235
0.0014584555404298799
0.002191164823506423
0.0017293523317674282
GEN 178 time 1599184726
0.0017058410808370235
0.0014584555404298799
0.002191164823506423
0.0017293523317674282
GEN 179 time 1599184730
0.0017058410808370235
0.0014584555404298799
0.002191164823506423
0.0017293523317674282
GEN 180 time 1599184733
0.0017058410808370235
0.0014584555404298799
0.002191164823506423
0.0017293523317674282
GEN 181 time 1599184737
0.0017058410808370235
0.0014584555404298799
0.002191164823506423
0.0017293523317674282
GEN 182 time 1599184741
0.0017058410808370235
0.0014584555404298799
0.002191164823506423
0.0017293523317674282
GEN 183 time 1599184744
0.0017058410808370235
0.0014584555404298799
0.002191164823506423
0.0017293523317674282
GEN 184 time 1599184748
0.0017058410808370235
0.0014584555404298799
0.002191164823506423
0.0017293523317674282
GEN 185 time 1599184751
0.0017058410808370235
0.0014584555404298799
0.002191164823506423
0.0017293523317674282
GEN 186 time 1599184755
0.0017058410808370235
0.0014584555404298799
0.002191164823506423
0.0017293523317674282
GEN 187 time 1599184758
0.0017058410808370235
0.0014584555404298799
0.002191164823506423
0.0017293523317674282
GEN 188 time 1599184762
0.0017058410808370235
0.0014584555404298799
0.002191164823506423
0.0017293523317674282
GEN 189 time 1599184766
0.0017058410808370235
0.0014584555404298799
0.002191164823506423
0.0017293523317674282
GEN 190 time 1599184770
0.0017058410808370235
0.0014584555404298799
0.002191164823506423
0.0017293523317674282
GEN 191 time 1599184773
0.0017058410808370235
0.0014584555404298799
0.002191164823506423
0.0017293523317674282
GEN 192 time 1599184777
0.0017058410808370235
0.0014584555404298799
0.002191164823506423
0.0017293523317674282
GEN 193 time 1599184780
0.0017058410808370235
0.0014584555404298799
0.002191164823506423
0.0017293523317674282
GEN 194 time 1599184784
0.0017058410808370235
0.0014584555404298799
0.002191164823506423
0.0017293523317674282
GEN 195 time 1599184787
0.0017058410808370235
0.0014584555404298799
0.002191164823506423
0.0017293523317674282
GEN 196 time 1599184791
0.0017058410808370235
0.0014584555404298799
0.002191164823506423
0.0017293523317674282
GEN 197 time 1599184794
0.0017058410808370235
0.0014584555404298799
0.002191164823506423
0.0017293523317674282
GEN 198 time 1599184798
0.0017058410808370235
0.0014584555404298799
0.002191164823506423
0.0017293523317674282
GEN 199 time 1599184801
0.0017058410808370235
0.0014584555404298799
0.002191164823506423
0.0017293523317674282
