['./data/small/layer/uu-dem4_r25_1.json', './data/small/layer/uu-dem7_r25_1.json', './data/small/layer/uu-dem2_r25_1.json', './data/small/hop/uu-dem4_r25_1_0.json', './data/small/hop/uu-dem7_r25_1_0.json', './data/small/hop/uu-dem2_r25_1_0.json']
GEN 0 time 1609869867
0.0015457841884200319
0.0023368348238357903
0.001561085432213952
0.0012147787721582854
0.0010645067039153438
0.0010964439066200803
GEN 1 time 1609869870
0.0015457841884200319
0.0023368348238357903
0.001561085432213952
0.0010698531051859532
0.0010645067039153438
0.0010263259893429496
GEN 2 time 1609869872
0.0015457841884200319
0.0023368348238357903
0.001561085432213952
0.0010698531051859532
0.0010645067039153438
0.0010263259893429496
GEN 3 time 1609869875
0.0015457841884200319
0.0023368348238357903
0.0014747944620447592
0.0010698531051859532
0.0010645067039153438
0.0010263259893429496
GEN 4 time 1609869878
0.0015457841884200319
0.0023368348238357903
0.0014747944620447592
0.0010604309687487043
0.0010645067039153438
0.0010263259893429496
GEN 5 time 1609869880
0.0014584555404298799
0.0023368348238357903
0.0013610654322139518
0.0010604309687487043
0.0010645067039153438
0.0009691068291415903
GEN 6 time 1609869883
0.0014584555404298799
0.0023368348238357903
0.0013610654322139518
0.0010604309687487043
0.0010645067039153438
0.0009691068291415903
GEN 7 time 1609869886
0.0014584555404298799
0.0023368348238357903
0.0013610654322139518
0.0010604309687487043
0.0010645067039153438
0.0009691068291415903
GEN 8 time 1609869889
0.0014584555404298799
0.0023368348238357903
0.0013534573802287822
0.0010604309687487043
0.0010645067039153438
0.0009691068291415903
GEN 9 time 1609869891
0.0014584555404298799
0.0023368348238357903
0.0013534573802287822
0.0010604309687487043
0.0010251209785764428
0.0009691068291415903
GEN 10 time 1609869894
0.0014584555404298799
0.0023368348238357903
0.0013534573802287822
0.0010604309687487043
0.0010251209785764428
0.0009691068291415903
GEN 11 time 1609869897
0.0014584555404298799
0.0023368348238357903
0.0013534573802287822
0.0010604309687487043
0.0010251209785764428
0.0009691068291415903
GEN 12 time 1609869900
0.0014584555404298799
0.0023368348238357903
0.0013534573802287822
0.0010604309687487043
0.0010251209785764428
0.0009691068291415903
GEN 13 time 1609869903
0.0014584555404298799
0.0023368348238357903
0.0013534573802287822
0.0010604309687487043
0.0010251209785764428
0.0009691068291415903
GEN 14 time 1609869905
0.0014584555404298799
0.0023368348238357903
0.0013534573802287822
0.0010604309687487043
0.0010251209785764428
0.0009691068291415903
GEN 15 time 1609869908
0.0014584555404298799
0.0023368348238357903
0.0013534573802287822
0.0010604309687487043
0.0010251209785764428
0.0009691068291415903
GEN 16 time 1609869911
0.0014584555404298799
0.0023368348238357903
0.0013534573802287822
0.0010604309687487043
0.0010226493939662488
0.0009691068291415903
GEN 17 time 1609869914
0.0014584555404298799
0.0023368348238357903
0.0013534573802287822
0.001057673450580701
0.0010226493939662488
0.0009691068291415903
GEN 18 time 1609869917
0.0014584555404298799
0.0023368348238357903
0.0013534573802287822
0.001057673450580701
0.001019541711104617
0.0008704152035345553
GEN 19 time 1609869919
0.0014584555404298799
0.0023368348238357903
0.0013534573802287822
0.001057673450580701
0.001019541711104617
0.0008704152035345553
GEN 20 time 1609869922
0.0014584555404298799
0.0023368348238357903
0.0013534573802287822
0.001057673450580701
0.0010096285807445309
0.0008704152035345553
GEN 21 time 1609869925
0.0014584555404298799
0.0023368348238357903
0.0013534573802287822
0.001057673450580701
0.0010096285807445309
0.0008704152035345553
GEN 22 time 1609869928
0.0014584555404298799
0.0023368348238357903
0.0013534573802287822
0.001057673450580701
0.0010096285807445309
0.0008704152035345553
GEN 23 time 1609869930
0.0014584555404298799
0.0023368348238357903
0.0013534573802287822
0.001036015670759919
0.0010096285807445309
0.0008704152035345553
GEN 24 time 1609869933
0.0014584555404298799
0.0023368348238357903
0.0013534573802287822
0.001036015670759919
0.0010096285807445309
0.0008704152035345553
GEN 25 time 1609869936
0.0014584555404298799
0.0023368348238357903
0.0013534573802287822
0.001036015670759919
0.0010073097263939511
0.0008550809376572915
GEN 26 time 1609869939
0.0014584555404298799
0.0023368348238357903
0.0013534573802287822
0.001036015670759919
0.0010073097263939511
0.0008550809376572915
GEN 27 time 1609869942
0.0014584555404298799
0.0023368348238357903
0.0013534573802287822
0.001036015670759919
0.0010073097263939511
0.0008550809376572915
GEN 28 time 1609869944
0.0014584555404298799
0.0023368348238357903
0.0013534573802287822
0.001036015670759919
0.0010073097263939511
0.0008550809376572915
GEN 29 time 1609869947
0.0014584555404298799
0.0023368348238357903
0.0013534573802287822
0.001036015670759919
0.0010073097263939511
0.0008550809376572915
GEN 30 time 1609869950
0.0014584555404298799
0.0023368348238357903
0.0013534573802287822
0.001036015670759919
0.0010073097263939511
0.0008550809376572915
GEN 31 time 1609869952
0.0014584555404298799
0.0023368348238357903
0.0013534573802287822
0.001036015670759919
0.0010073097263939511
0.0008550809376572915
GEN 32 time 1609869955
0.0014584555404298799
0.0023368348238357903
0.0013534573802287822
0.001036015670759919
0.0010073097263939511
0.0008550809376572915
GEN 33 time 1609869958
0.0014584555404298799
0.0023368348238357903
0.0013534573802287822
0.001036015670759919
0.0010061239625076218
0.0008550809376572915
GEN 34 time 1609869961
0.0014584555404298799
0.0023368348238357903
0.0013534573802287822
0.001036015670759919
0.0010061239625076218
0.0008550809376572915
GEN 35 time 1609869964
0.0014584555404298799
0.0023368348238357903
0.0013534573802287822
0.001036015670759919
0.0010061239625076218
0.0008550809376572915
GEN 36 time 1609869966
0.0014584555404298799
0.0023368348238357903
0.0013534573802287822
0.001036015670759919
0.0010061239625076218
0.0008550809376572915
GEN 37 time 1609869969
0.0014584555404298799
0.0023368348238357903
0.0013534573802287822
0.001036015670759919
0.0010061239625076218
0.0008550809376572915
GEN 38 time 1609869972
0.0014584555404298799
0.0023368348238357903
0.0013534573802287822
0.001036015670759919
0.0010061239625076218
0.0008550809376572915
GEN 39 time 1609869975
0.0014584555404298799
0.0023368348238357903
0.0013534573802287822
0.001028945556191387
0.0010061239625076218
0.0008550809376572915
GEN 40 time 1609869977
0.0014584555404298799
0.0023368348238357903
0.0013534573802287822
0.001028945556191387
0.0010061239625076218
0.0008550809376572915
GEN 41 time 1609869980
0.0014584555404298799
0.0023368348238357903
0.0013534573802287822
0.001028945556191387
0.0010061239625076218
0.0008550809376572915
GEN 42 time 1609869983
0.0014584555404298799
0.0023368348238357903
0.0013534573802287822
0.001028945556191387
0.0010061239625076218
0.0008550809376572915
GEN 43 time 1609869986
0.0014584555404298799
0.0023368348238357903
0.0013534573802287822
0.001028945556191387
0.0010061239625076218
0.0008550809376572915
GEN 44 time 1609869988
0.0014584555404298799
0.0023368348238357903
0.0013534573802287822
0.001028945556191387
0.0010061239625076218
0.0008550809376572915
GEN 45 time 1609869991
0.0014584555404298799
0.0023368348238357903
0.0013534573802287822
0.001028945556191387
0.0010061239625076218
0.0008550809376572915
GEN 46 time 1609869994
0.0014584555404298799
0.0023368348238357903
0.0013534573802287822
0.001028945556191387
0.0010061239625076218
0.0008550809376572915
GEN 47 time 1609869997
0.0014584555404298799
0.0023368348238357903
0.0013534573802287822
0.001028945556191387
0.0010061239625076218
0.0008458685587569034
GEN 48 time 1609869999
0.0014584555404298799
0.0023368348238357903
0.0013534573802287822
0.001028945556191387
0.0010061239625076218
0.0008458685587569034
GEN 49 time 1609870002
0.0014584555404298799
0.0023368348238357903
0.0013534573802287822
0.001028945556191387
0.0010061239625076218
0.0008458685587569034
GEN 50 time 1609870005
0.0014584555404298799
0.0023368348238357903
0.0013534573802287822
0.001028945556191387
0.0010061239625076218
0.0008458685587569034
GEN 51 time 1609870008
0.0014584555404298799
0.0023368348238357903
0.0013534573802287822
0.001028945556191387
0.0010061239625076218
0.0008458685587569034
GEN 52 time 1609870011
0.0014584555404298799
0.0023368348238357903
0.0013534573802287822
0.001028945556191387
0.0010061239625076218
0.0008458685587569034
GEN 53 time 1609870013
0.0014584555404298799
0.0023368348238357903
0.0013534573802287822
0.001028945556191387
0.0010061239625076218
0.0008458685587569034
GEN 54 time 1609870016
0.0014584555404298799
0.0023368348238357903
0.0013534573802287822
0.001028945556191387
0.0010061239625076218
0.0008458685587569034
GEN 55 time 1609870019
0.0014584555404298799
0.0023368348238357903
0.0013534573802287822
0.001028945556191387
0.0010061239625076218
0.0008458685587569034
GEN 56 time 1609870022
0.0014584555404298799
0.0023368348238357903
0.0013534573802287822
0.001028945556191387
0.0010061239625076218
0.0008458685587569034
GEN 57 time 1609870024
0.0014584555404298799
0.0023368348238357903
0.0013534573802287822
0.001028945556191387
0.0008961827701364347
0.0008458685587569034
GEN 58 time 1609870027
0.0014584555404298799
0.0023368348238357903
0.0013534573802287822
0.001028945556191387
0.0008961827701364347
0.0008458685587569034
GEN 59 time 1609870030
0.0014584555404298799
0.0023368348238357903
0.001288360942333272
0.001028945556191387
0.0008961827701364347
0.0008458685587569034
GEN 60 time 1609870033
0.0014584555404298799
0.0023368348238357903
0.001288360942333272
0.001028945556191387
0.0008961827701364347
0.0008458685587569034
GEN 61 time 1609870036
0.0014584555404298799
0.0023368348238357903
0.001288360942333272
0.001028945556191387
0.0008961827701364347
0.0008458685587569034
GEN 62 time 1609870038
0.0014584555404298799
0.0023368348238357903
0.001288360942333272
0.001028945556191387
0.0008961827701364347
0.0008458685587569034
GEN 63 time 1609870041
0.0014584555404298799
0.0023368348238357903
0.001288360942333272
0.001028945556191387
0.0008961827701364347
0.0008458685587569034
GEN 64 time 1609870044
0.0014584555404298799
0.0023368348238357903
0.001288360942333272
0.001028945556191387
0.0008961827701364347
0.0008458685587569034
GEN 65 time 1609870047
0.0014584555404298799
0.0023368348238357903
0.001288360942333272
0.001028945556191387
0.0008961827701364347
0.0008458685587569034
GEN 66 time 1609870049
0.0014584555404298799
0.0023368348238357903
0.0012675445951169908
0.001028945556191387
0.0008961827701364347
0.0008458685587569034
GEN 67 time 1609870052
0.0014584555404298799
0.0023368348238357903
0.0012675445951169908
0.001028945556191387
0.0008961827701364347
0.0008458685587569034
GEN 68 time 1609870055
0.0014584555404298799
0.0023368348238357903
0.0012675445951169908
0.001028945556191387
0.0008961827701364347
0.0008458685587569034
GEN 69 time 1609870058
0.0014584555404298799
0.0023368348238357903
0.0012675445951169908
0.001028945556191387
0.0008961827701364347
0.0008458685587569034
GEN 70 time 1609870061
0.0014584555404298799
0.0023368348238357903
0.0012560922036427829
0.001028945556191387
0.0008961827701364347
0.0008458685587569034
GEN 71 time 1609870063
0.0014584555404298799
0.0023368348238357903
0.0012560922036427829
0.001028945556191387
0.0008961827701364347
0.0008306206982443561
GEN 72 time 1609870066
0.0014584555404298799
0.0023368348238357903
0.0012560922036427829
0.001028945556191387
0.0008849686752844014
0.0008306206982443561
GEN 73 time 1609870069
0.0014584555404298799
0.0023368348238357903
0.0012560922036427829
0.001028945556191387
0.0008849686752844014
0.0008306206982443561
GEN 74 time 1609870072
0.0014584555404298799
0.0023368348238357903
0.0012560922036427829
0.001028945556191387
0.0008849686752844014
0.0008306206982443561
GEN 75 time 1609870075
0.0014584555404298799
0.0023368348238357903
0.0012560922036427829
0.001028945556191387
0.0008849686752844014
0.0008306206982443561
GEN 76 time 1609870077
0.0014584555404298799
0.0023368348238357903
0.0012560922036427829
0.001028945556191387
0.0008849686752844014
0.0008306206982443561
GEN 77 time 1609870080
0.0014584555404298799
0.0023368348238357903
0.0012560922036427829
0.001028945556191387
0.0008849686752844014
0.0008306206982443561
GEN 78 time 1609870083
0.0014584555404298799
0.0023368348238357903
0.0012560922036427829
0.001028945556191387
0.0008849686752844014
0.0008306206982443561
GEN 79 time 1609870086
0.0014584555404298799
0.0023368348238357903
0.0012560922036427829
0.0010124454010504566
0.0008849686752844014
0.0008306206982443561
GEN 80 time 1609870089
0.0014584555404298799
0.0023368348238357903
0.0012560922036427829
0.0010124454010504566
0.0008849686752844014
0.0008306206982443561
GEN 81 time 1609870092
0.0014584555404298799
0.0023368348238357903
0.0012560922036427829
0.0010124454010504566
0.0008849686752844014
0.0008306206982443561
GEN 82 time 1609870095
0.0014584555404298799
0.0023368348238357903
0.0012560922036427829
0.0010124454010504566
0.0008849686752844014
0.0008306206982443561
GEN 83 time 1609870098
0.0014584555404298799
0.0023368348238357903
0.0012560922036427829
0.0010124454010504566
0.0008849686752844014
0.0008306206982443561
GEN 84 time 1609870101
0.0014584555404298799
0.0023368348238357903
0.0012560922036427829
0.0010124454010504566
0.0008849686752844014
0.0008306206982443561
GEN 85 time 1609870104
0.0014584555404298799
0.0023368348238357903
0.0012560922036427829
0.0010124454010504566
0.0008849686752844014
0.0008306206982443561
GEN 86 time 1609870107
0.0014584555404298799
0.0023368348238357903
0.0012560922036427829
0.0010124454010504566
0.0008849686752844014
0.0008306206982443561
GEN 87 time 1609870109
0.0014584555404298799
0.0023368348238357903
0.0012560922036427829
0.0010124454010504566
0.0008849686752844014
0.0008306206982443561
GEN 88 time 1609870112
0.0014584555404298799
0.0023368348238357903
0.0012560922036427829
0.0010014210390028853
0.0008849686752844014
0.0008210177553879669
GEN 89 time 1609870115
0.0014584555404298799
0.0023368348238357903
0.0012560922036427829
0.0010014210390028853
0.0008849686752844014
0.0008210177553879669
GEN 90 time 1609870118
0.0014584555404298799
0.0023368348238357903
0.0012560922036427829
0.0010014210390028853
0.0008849686752844014
0.0008210177553879669
GEN 91 time 1609870121
0.0014584555404298799
0.0023368348238357903
0.0012560922036427829
0.0010014210390028853
0.0008849686752844014
0.0008210177553879669
GEN 92 time 1609870124
0.0014584555404298799
0.0023368348238357903
0.0012560922036427829
0.0010014210390028853
0.0008849686752844014
0.0008210177553879669
GEN 93 time 1609870127
0.0014584555404298799
0.0023368348238357903
0.0012560922036427829
0.0010014210390028853
0.0008849686752844014
0.0008210177553879669
GEN 94 time 1609870130
0.0014584555404298799
0.0023368348238357903
0.0012560922036427829
0.0010014210390028853
0.0008849686752844014
0.0008210177553879669
GEN 95 time 1609870132
0.0014584555404298799
0.0023368348238357903
0.0012560922036427829
0.0010014210390028853
0.0008849686752844014
0.0008210177553879669
GEN 96 time 1609870135
0.0014584555404298799
0.0023368348238357903
0.0012560922036427829
0.0010014210390028853
0.0008849686752844014
0.0008210177553879669
GEN 97 time 1609870138
0.0014584555404298799
0.0023368348238357903
0.0012560922036427829
0.0010014210390028853
0.0008849686752844014
0.0008210177553879669
GEN 98 time 1609870141
0.0014584555404298799
0.0023368348238357903
0.0012560922036427829
0.0010014210390028853
0.0008849686752844014
0.0008210177553879669
GEN 99 time 1609870144
0.0014584555404298799
0.0023368348238357903
0.0012560922036427829
0.0010014210390028853
0.0008849686752844014
0.0008210177553879669
GEN 100 time 1609870147
0.0014584555404298799
0.0023368348238357903
0.0012560922036427829
0.0010014210390028853
0.0008849686752844014
0.0008210177553879669
GEN 101 time 1609870150
0.0014584555404298799
0.0023368348238357903
0.0012560922036427829
0.0010014210390028853
0.0008849686752844014
0.0008210177553879669
GEN 102 time 1609870153
0.0014584555404298799
0.0023368348238357903
0.0012560922036427829
0.0010014210390028853
0.0008849686752844014
0.0008210177553879669
GEN 103 time 1609870156
0.0014584555404298799
0.0023368348238357903
0.0012560922036427829
0.0010014210390028853
0.0008849686752844014
0.0008210177553879669
GEN 104 time 1609870158
0.0014584555404298799
0.0023368348238357903
0.0012560922036427829
0.0010014210390028853
0.0008849686752844014
0.0008210177553879669
GEN 105 time 1609870161
0.0014584555404298799
0.0023368348238357903
0.0012560922036427829
0.0010014210390028853
0.0008849686752844014
0.0008210177553879669
GEN 106 time 1609870164
0.0014584555404298799
0.0023368348238357903
0.0012560922036427829
0.0010014210390028853
0.0008849686752844014
0.0008210177553879669
GEN 107 time 1609870167
0.0014584555404298799
0.0023368348238357903
0.0012560922036427829
0.0010014210390028853
0.0008849686752844014
0.0008210177553879669
GEN 108 time 1609870170
0.0014584555404298799
0.0023368348238357903
0.0012560922036427829
0.0010014210390028853
0.0008849686752844014
0.0008210177553879669
GEN 109 time 1609870173
0.0014584555404298799
0.0023368348238357903
0.0012560922036427829
0.0010014210390028853
0.0008849686752844014
0.0008210177553879669
GEN 110 time 1609870176
0.0014584555404298799
0.0023368348238357903
0.0012560922036427829
0.0010014210390028853
0.0008849686752844014
0.0008210177553879669
GEN 111 time 1609870179
0.0014584555404298799
0.0023368348238357903
0.0012560922036427829
0.0010014210390028853
0.0008849686752844014
0.0008210177553879669
GEN 112 time 1609870182
0.0014584555404298799
0.0023368348238357903
0.0012560922036427829
0.0010014210390028853
0.0008849686752844014
0.0008210177553879669
GEN 113 time 1609870185
0.0014584555404298799
0.0023368348238357903
0.0012560922036427829
0.0010014210390028853
0.0008849686752844014
0.0008210177553879669
GEN 114 time 1609870187
0.0014584555404298799
0.0023368348238357903
0.0012560922036427829
0.0010014210390028853
0.0008849686752844014
0.0008210177553879669
GEN 115 time 1609870190
0.0014584555404298799
0.0023368348238357903
0.0012560922036427829
0.0010014210390028853
0.0008849686752844014
0.0008210177553879669
GEN 116 time 1609870193
0.0014584555404298799
0.0023368348238357903
0.0012293557333399282
0.0010014210390028853
0.0008849686752844014
0.0008210177553879669
GEN 117 time 1609870196
0.0014584555404298799
0.0023368348238357903
0.0012293557333399282
0.0010014210390028853
0.0008849686752844014
0.0008210177553879669
GEN 118 time 1609870199
0.0014584555404298799
0.0023368348238357903
0.0012293557333399282
0.0010014210390028853
0.0008849686752844014
0.0008210177553879669
GEN 119 time 1609870202
0.0014584555404298799
0.0023368348238357903
0.0012293557333399282
0.0010014210390028853
0.0008849686752844014
0.0008210177553879669
GEN 120 time 1609870205
0.0014584555404298799
0.0023368348238357903
0.0012293557333399282
0.0010014210390028853
0.0008849686752844014
0.0008210177553879669
GEN 121 time 1609870208
0.0014584555404298799
0.0023368348238357903
0.0012293557333399282
0.0010014210390028853
0.0008466773475008815
0.0008210177553879669
GEN 122 time 1609870211
0.0014584555404298799
0.0023368348238357903
0.0012293557333399282
0.0010014210390028853
0.0008466773475008815
0.0008210177553879669
GEN 123 time 1609870213
0.0014584555404298799
0.0023368348238357903
0.0012293557333399282
0.0010014210390028853
0.0008466773475008815
0.0008210177553879669
GEN 124 time 1609870216
0.0014584555404298799
0.0023368348238357903
0.0012293557333399282
0.0010014210390028853
0.0008466773475008815
0.0008210177553879669
GEN 125 time 1609870219
0.0014584555404298799
0.0023368348238357903
0.0012293557333399282
0.0010014210390028853
0.0008466773475008815
0.0008210177553879669
GEN 126 time 1609870222
0.0014584555404298799
0.0023368348238357903
0.0012293557333399282
0.0010014210390028853
0.0008466773475008815
0.0008210177553879669
GEN 127 time 1609870225
0.0014584555404298799
0.0023368348238357903
0.0012293557333399282
0.0010014210390028853
0.0008466773475008815
0.0008210177553879669
GEN 128 time 1609870228
0.0014584555404298799
0.0023368348238357903
0.0012293557333399282
0.0010014210390028853
0.0008466773475008815
0.0008210177553879669
GEN 129 time 1609870231
0.0014584555404298799
0.0023368348238357903
0.0012293557333399282
0.0010014210390028853
0.0008466773475008815
0.0008210177553879669
GEN 130 time 1609870234
0.0014584555404298799
0.0023368348238357903
0.0012293557333399282
0.0010014210390028853
0.0008466773475008815
0.0008210177553879669
GEN 131 time 1609870236
0.0014584555404298799
0.0023368348238357903
0.0012293557333399282
0.0010014210390028853
0.0008466773475008815
0.0008210177553879669
GEN 132 time 1609870239
0.0014584555404298799
0.0023368348238357903
0.0012293557333399282
0.0010014210390028853
0.0008466773475008815
0.0008210177553879669
GEN 133 time 1609870242
0.0014584555404298799
0.0023368348238357903
0.0012293557333399282
0.0010014210390028853
0.0008466773475008815
0.0008210177553879669
GEN 134 time 1609870245
0.0014584555404298799
0.0023368348238357903
0.0012293557333399282
0.0010014210390028853
0.0008466773475008815
0.0008210177553879669
GEN 135 time 1609870248
0.0014584555404298799
0.0023368348238357903
0.0012293557333399282
0.0010014210390028853
0.0008466773475008815
0.0008210177553879669
GEN 136 time 1609870251
0.0014584555404298799
0.0023368348238357903
0.0012293557333399282
0.0010014210390028853
0.0008466773475008815
0.0008210177553879669
GEN 137 time 1609870254
0.0014584555404298799
0.0023368348238357903
0.0012293557333399282
0.0010014210390028853
0.0008466773475008815
0.0008210177553879669
GEN 138 time 1609870257
0.0014584555404298799
0.0023368348238357903
0.0012293557333399282
0.0010014210390028853
0.0008466773475008815
0.0008210177553879669
GEN 139 time 1609870259
0.0014584555404298799
0.0023368348238357903
0.0012293557333399282
0.0010014210390028853
0.0008466773475008815
0.0008210177553879669
GEN 140 time 1609870262
0.0014584555404298799
0.0023368348238357903
0.0012293557333399282
0.0010014210390028853
0.0008466773475008815
0.0008210177553879669
GEN 141 time 1609870265
0.0014584555404298799
0.0023368348238357903
0.0012293557333399282
0.0010014210390028853
0.0008466773475008815
0.0008210177553879669
GEN 142 time 1609870268
0.0014584555404298799
0.0023368348238357903
0.0012293557333399282
0.0010014210390028853
0.0008466773475008815
0.0008210177553879669
GEN 143 time 1609870271
0.0014584555404298799
0.0023368348238357903
0.0012293557333399282
0.0010014210390028853
0.0008466773475008815
0.0008210177553879669
GEN 144 time 1609870274
0.0014584555404298799
0.0023368348238357903
0.0012293557333399282
0.0010014210390028853
0.0008466773475008815
0.0008210177553879669
GEN 145 time 1609870277
0.0014584555404298799
0.0023368348238357903
0.0012293557333399282
0.0010014210390028853
0.0008466773475008815
0.0008210177553879669
GEN 146 time 1609870280
0.0014584555404298799
0.0023368348238357903
0.0012293557333399282
0.0010014210390028853
0.0008466773475008815
0.0008210177553879669
GEN 147 time 1609870283
0.0014584555404298799
0.0023368348238357903
0.0012293557333399282
0.0010014210390028853
0.0008466773475008815
0.0008210177553879669
GEN 148 time 1609870286
0.0014584555404298799
0.0023368348238357903
0.0012293557333399282
0.0010014210390028853
0.0008466773475008815
0.0008210177553879669
GEN 149 time 1609870289
0.0014584555404298799
0.0023368348238357903
0.0012293557333399282
0.0010014210390028853
0.0008466773475008815
0.0008210177553879669
GEN 150 time 1609870291
0.0014584555404298799
0.0023368348238357903
0.0012293557333399282
0.0010014210390028853
0.0008466773475008815
0.0008210177553879669
GEN 151 time 1609870294
0.0014584555404298799
0.0023368348238357903
0.0012293557333399282
0.0010014210390028853
0.0008466773475008815
0.0008210177553879669
GEN 152 time 1609870297
0.0014584555404298799
0.0023368348238357903
0.0012293557333399282
0.0010014210390028853
0.0008466773475008815
0.0008210177553879669
GEN 153 time 1609870300
0.0014584555404298799
0.0023368348238357903
0.0012293557333399282
0.0010014210390028853
0.0008466773475008815
0.0008210177553879669
GEN 154 time 1609870304
0.0014584555404298799
0.0023368348238357903
0.0012293557333399282
0.0010014210390028853
0.0008466773475008815
0.0008210177553879669
GEN 155 time 1609870307
0.0014584555404298799
0.0023368348238357903
0.0012293557333399282
0.0009261660673751
0.0008466773475008815
0.0008210177553879669
GEN 156 time 1609870310
0.0014584555404298799
0.0023368348238357903
0.0012293557333399282
0.0009261660673751
0.0008466773475008815
0.0008210177553879669
GEN 157 time 1609870312
0.0014584555404298799
0.0023368348238357903
0.0012293557333399282
0.0009261660673751
0.0008466773475008815
0.0008210177553879669
GEN 158 time 1609870315
0.0014584555404298799
0.0023368348238357903
0.0012293557333399282
0.0009261660673751
0.0008466773475008815
0.0008210177553879669
GEN 159 time 1609870318
0.0014584555404298799
0.0023368348238357903
0.0012293557333399282
0.0009261660673751
0.0008466773475008815
0.0008210177553879669
GEN 160 time 1609870321
0.0014584555404298799
0.0023368348238357903
0.0012293557333399282
0.0009261660673751
0.0008466773475008815
0.0008210177553879669
GEN 161 time 1609870324
0.0014584555404298799
0.0023368348238357903
0.0012293557333399282
0.0009261660673751
0.0008466773475008815
0.0008210177553879669
GEN 162 time 1609870327
0.0014584555404298799
0.0023368348238357903
0.0012293557333399282
0.0009261660673751
0.0008466773475008815
0.0008210177553879669
GEN 163 time 1609870330
0.0014584555404298799
0.0023368348238357903
0.0012293557333399282
0.0009261660673751
0.0008466773475008815
0.0008210177553879669
GEN 164 time 1609870333
0.0014584555404298799
0.0023368348238357903
0.0012293557333399282
0.0009261660673751
0.0008431712405776792
0.0008210177553879669
GEN 165 time 1609870336
0.0014584555404298799
0.0023368348238357903
0.0012293557333399282
0.0009261660673751
0.0008431712405776792
0.0008210177553879669
GEN 166 time 1609870339
0.0014584555404298799
0.0023368348238357903
0.0012293557333399282
0.0009261660673751
0.0008431712405776792
0.0008210177553879669
GEN 167 time 1609870342
0.0014584555404298799
0.0023368348238357903
0.0012293557333399282
0.0009261660673751
0.0008431712405776792
0.0008210177553879669
GEN 168 time 1609870344
0.0014584555404298799
0.0023368348238357903
0.0012293557333399282
0.0009261660673751
0.0008431712405776792
0.0008210177553879669
GEN 169 time 1609870347
0.0014584555404298799
0.0023368348238357903
0.0012047528586886414
0.0009261660673751
0.0008431712405776792
0.0008210177553879669
GEN 170 time 1609870350
0.0014584555404298799
0.0023368348238357903
0.0012047528586886414
0.0009261660673751
0.0008431712405776792
0.0008210177553879669
GEN 171 time 1609870353
0.0014584555404298799
0.0023368348238357903
0.0012047528586886414
0.0009261660673751
0.0008431712405776792
0.0008210177553879669
GEN 172 time 1609870356
0.0014584555404298799
0.0023368348238357903
0.0012047528586886414
0.0009261660673751
0.0008431712405776792
0.0008210177553879669
GEN 173 time 1609870359
0.0014584555404298799
0.0023368348238357903
0.0012047528586886414
0.0009261660673751
0.0008431712405776792
0.0008210177553879669
GEN 174 time 1609870362
0.0014584555404298799
0.0023368348238357903
0.0012047528586886414
0.0009261660673751
0.0008431712405776792
0.0008210177553879669
GEN 175 time 1609870365
0.0014584555404298799
0.0023368348238357903
0.0012047528586886414
0.0009261660673751
0.0008431712405776792
0.0008210177553879669
GEN 176 time 1609870368
0.0014584555404298799
0.0023368348238357903
0.0012047528586886414
0.0009261660673751
0.0008431712405776792
0.0008210177553879669
GEN 177 time 1609870371
0.0014584555404298799
0.0023368348238357903
0.0012047528586886414
0.0009261660673751
0.0008431712405776792
0.0008210177553879669
GEN 178 time 1609870374
0.0014584555404298799
0.0023368348238357903
0.0012047528586886414
0.0009261660673751
0.0008431712405776792
0.0008210177553879669
GEN 179 time 1609870377
0.0014584555404298799
0.0023368348238357903
0.0012047528586886414
0.0009261660673751
0.0008431712405776792
0.0008210177553879669
GEN 180 time 1609870380
0.0014584555404298799
0.0023368348238357903
0.0012047528586886414
0.0009261660673751
0.0008431712405776792
0.0008210177553879669
GEN 181 time 1609870382
0.0014584555404298799
0.0023368348238357903
0.0012047528586886414
0.0009261660673751
0.0008431712405776792
0.0008210177553879669
GEN 182 time 1609870385
0.0014584555404298799
0.0023368348238357903
0.0012047528586886414
0.0009261660673751
0.0008431712405776792
0.0008210177553879669
GEN 183 time 1609870388
0.0014584555404298799
0.0023368348238357903
0.0012047528586886414
0.0009261660673751
0.0008431712405776792
0.0008210177553879669
GEN 184 time 1609870391
0.0014584555404298799
0.0023368348238357903
0.0012047528586886414
0.0009261660673751
0.0008213302925705936
0.0008210177553879669
GEN 185 time 1609870394
0.0014584555404298799
0.0023368348238357903
0.0012047528586886414
0.0009261660673751
0.0008213302925705936
0.0008210177553879669
GEN 186 time 1609870397
0.0014584555404298799
0.0023368348238357903
0.0012047528586886414
0.0009261660673751
0.0008213302925705936
0.0008210177553879669
GEN 187 time 1609870400
0.0014584555404298799
0.0023368348238357903
0.0012047528586886414
0.0008888317002639582
0.0008213302925705936
0.0008210177553879669
GEN 188 time 1609870403
0.0014584555404298799
0.0023368348238357903
0.0012047528586886414
0.0008888317002639582
0.0008213302925705936
0.0008210177553879669
GEN 189 time 1609870406
0.0014584555404298799
0.0023368348238357903
0.0012047528586886414
0.0008888317002639582
0.0008213302925705936
0.0008210177553879669
GEN 190 time 1609870409
0.0014584555404298799
0.0023368348238357903
0.0012047528586886414
0.0008888317002639582
0.0008213302925705936
0.0008210177553879669
GEN 191 time 1609870412
0.0014584555404298799
0.0023368348238357903
0.0012047528586886414
0.0008888317002639582
0.0008213302925705936
0.0008210177553879669
GEN 192 time 1609870415
0.0014584555404298799
0.0023368348238357903
0.0012047528586886414
0.0008888317002639582
0.0008213302925705936
0.0008210177553879669
GEN 193 time 1609870417
0.0014584555404298799
0.0023368348238357903
0.0012047528586886414
0.0008888317002639582
0.0008213302925705936
0.0008210177553879669
GEN 194 time 1609870420
0.0014584555404298799
0.0023368348238357903
0.0012047528586886414
0.0008888317002639582
0.0008213302925705936
0.0008210177553879669
GEN 195 time 1609870423
0.0014584555404298799
0.0023368348238357903
0.0012047528586886414
0.0008888317002639582
0.0008213302925705936
0.0008210177553879669
GEN 196 time 1609870426
0.0014584555404298799
0.0023368348238357903
0.0012047528586886414
0.0008888317002639582
0.0008213302925705936
0.0008210177553879669
GEN 197 time 1609870429
0.0014584555404298799
0.0023368348238357903
0.0012047528586886414
0.0008888317002639582
0.0008213302925705936
0.0008210177553879669
GEN 198 time 1609870432
0.0014584555404298799
0.0023368348238357903
0.0012047528586886414
0.0008888317002639582
0.0008213302925705936
0.0008210177553879669
GEN 199 time 1609870435
0.0014584555404298799
0.0023368348238357903
0.0012047528586886414
0.0008888317002639582
0.0008213302925705936
0.0008210177553879669
