['./data/small/layer/uu-dem1_r25_1.json', './data/small/layer/uu-dem8_r25_1.json', './data/small/layer/uu-dem5_r25_1.json', './data/small/hop/uu-dem5_r25_1_0.json', './data/small/hop/uu-dem8_r25_1_0.json', './data/small/hop/uu-dem1_r25_1_0.json']
GEN 0 time 1609862569
0.0014054937486709719
0.0019331241698611365
inf
0.001221119604846391
0.0011103894046916125
0.0012128904285741858
GEN 1 time 1609862572
0.0014054937486709719
0.0019331241698611365
inf
0.001221119604846391
0.0011103894046916125
0.0012128904285741858
GEN 2 time 1609862574
0.0014054937486709719
0.0019331241698611365
inf
0.001221119604846391
0.0011103894046916125
0.001074046274681849
GEN 3 time 1609862577
0.0014054937486709719
0.0019331241698611365
inf
0.001221119604846391
0.0011103894046916125
0.001074046274681849
GEN 4 time 1609862580
0.0014054937486709719
0.0019331241698611365
inf
0.001221119604846391
0.0010825480756225937
0.001074046274681849
GEN 5 time 1609862582
0.0014054937486709719
0.0019331241698611365
inf
0.001106900160619208
0.0010825480756225937
0.001074046274681849
GEN 6 time 1609862585
0.0014054937486709719
0.0019331241698611365
inf
0.001106900160619208
0.0010582811467256792
0.001074046274681849
GEN 7 time 1609862588
0.0014054937486709719
0.0019331241698611365
inf
0.001106900160619208
0.0010582811467256792
0.001074046274681849
GEN 8 time 1609862590
0.0014054937486709719
0.0019331241698611365
inf
0.001106900160619208
0.0010582811467256792
0.001074046274681849
GEN 9 time 1609862593
0.0014054937486709719
0.0019331241698611365
inf
0.001106900160619208
0.0010582811467256792
0.001074046274681849
GEN 10 time 1609862596
0.0014054937486709719
0.0019331241698611365
inf
0.001106900160619208
0.0010582811467256792
0.001074046274681849
GEN 11 time 1609862598
0.0014054937486709719
0.0019331241698611365
0.002191164823506423
0.001106900160619208
0.0010299663355478321
0.001074046274681849
GEN 12 time 1609862601
0.0014054937486709719
0.0019331241698611365
0.002191164823506423
0.001106900160619208
0.0010299663355478321
0.001074046274681849
GEN 13 time 1609862603
0.0014054937486709719
0.0019331241698611365
0.002191164823506423
0.001106900160619208
0.0010299663355478321
0.001074046274681849
GEN 14 time 1609862606
0.0013089946016198453
0.0019331241698611365
0.002191164823506423
0.001106900160619208
0.0010299663355478321
0.001074046274681849
GEN 15 time 1609862609
0.0013089946016198453
0.0019331241698611365
0.002191164823506423
0.001106900160619208
0.0010299663355478321
0.001074046274681849
GEN 16 time 1609862612
0.0013089946016198453
0.0019331241698611365
0.002191164823506423
0.001106900160619208
0.001021792148100194
0.001074046274681849
GEN 17 time 1609862614
0.0013089946016198453
0.0019331241698611365
0.002191164823506423
0.001106900160619208
0.001021792148100194
0.001074046274681849
GEN 18 time 1609862617
0.0013089946016198453
0.0019331241698611365
0.002191164823506423
0.001106900160619208
0.001021792148100194
0.001074046274681849
GEN 19 time 1609862620
0.0013089946016198453
0.0019331241698611365
0.002191164823506423
0.0010940880409590092
0.001021792148100194
0.001074046274681849
GEN 20 time 1609862622
0.0013089946016198453
0.0019331241698611365
0.002191164823506423
0.0010940880409590092
0.001021792148100194
0.001074046274681849
GEN 21 time 1609862625
0.0013089946016198453
0.0019331241698611365
0.002191164823506423
0.0010940880409590092
0.001021792148100194
0.001074046274681849
GEN 22 time 1609862628
0.0013089946016198453
0.0019331241698611365
0.002191164823506423
0.0010940880409590092
0.001021792148100194
0.001074046274681849
GEN 23 time 1609862630
0.0013089946016198453
0.0019331241698611365
0.002191164823506423
0.0010940880409590092
0.001021792148100194
0.001074046274681849
GEN 24 time 1609862633
0.0013089946016198453
0.0019331241698611365
0.002191164823506423
0.0010940880409590092
0.001021792148100194
0.001074046274681849
GEN 25 time 1609862636
0.0013089946016198453
0.0019331241698611365
0.002191164823506423
0.0010940880409590092
0.001021792148100194
0.001074046274681849
GEN 26 time 1609862638
0.0013089946016198453
0.0019331241698611365
0.002191164823506423
0.0010940880409590092
0.001021792148100194
0.001074046274681849
GEN 27 time 1609862641
0.0013089946016198453
0.0019331241698611365
0.002191164823506423
0.0010940880409590092
0.001021792148100194
0.001074046274681849
GEN 28 time 1609862644
0.0013089946016198453
0.0019331241698611365
0.002191164823506423
0.0010940880409590092
0.001021792148100194
0.001074046274681849
GEN 29 time 1609862646
0.0013089946016198453
0.0019331241698611365
0.002191164823506423
0.0010940880409590092
0.001021792148100194
0.0010600646368458947
GEN 30 time 1609862649
0.0013089946016198453
0.0019331241698611365
0.002191164823506423
0.0010940880409590092
0.001021792148100194
0.0010600646368458947
GEN 31 time 1609862651
0.0013089946016198453
0.0019331241698611365
0.002191164823506423
0.0010777889975004226
0.001021792148100194
0.0010600646368458947
GEN 32 time 1609862654
0.0013089946016198453
0.0019331241698611365
0.002191164823506423
0.0010777889975004226
0.001021792148100194
0.0010600646368458947
GEN 33 time 1609862657
0.0013089946016198453
0.0019331241698611365
0.002191164823506423
0.0010777889975004226
0.001021792148100194
0.0010600646368458947
GEN 34 time 1609862659
0.0013089946016198453
0.0019331241698611365
0.002191164823506423
0.0010777889975004226
0.001021792148100194
0.0010600646368458947
GEN 35 time 1609862662
0.0013089946016198453
0.0019331241698611365
0.002191164823506423
0.0010733386057832429
0.001021792148100194
0.0010600646368458947
GEN 36 time 1609862665
0.0013089946016198453
0.0019331241698611365
0.002191164823506423
0.0010733386057832429
0.001021792148100194
0.0010600646368458947
GEN 37 time 1609862667
0.0013089946016198453
0.0019331241698611365
0.002191164823506423
0.0010733386057832429
0.001021792148100194
0.0010600646368458947
GEN 38 time 1609862670
0.0013089946016198453
0.0019331241698611365
0.002191164823506423
0.0010733386057832429
0.0010045217617355186
0.0010600646368458947
GEN 39 time 1609862673
0.0013089946016198453
0.0019331241698611365
0.002191164823506423
0.001052771686465652
0.0010045217617355186
0.0010600646368458947
GEN 40 time 1609862675
0.0013089946016198453
0.0019331241698611365
0.002191164823506423
0.001052771686465652
0.0010045217617355186
0.0010600646368458947
GEN 41 time 1609862678
0.0013089946016198453
0.0019331241698611365
0.002191164823506423
0.001052771686465652
0.0010045217617355186
0.0010600646368458947
GEN 42 time 1609862681
0.0013089946016198453
0.0019331241698611365
0.002191164823506423
0.001052771686465652
0.0010045217617355186
0.0010600646368458947
GEN 43 time 1609862684
0.0013089946016198453
0.0019331241698611365
0.002191164823506423
0.001052771686465652
0.0010045217617355186
0.0010600646368458947
GEN 44 time 1609862687
0.0013089946016198453
0.0019331241698611365
0.002191164823506423
0.001052771686465652
0.0010045217617355186
0.0010600646368458947
GEN 45 time 1609862690
0.0013089946016198453
0.0019331241698611365
0.002191164823506423
0.001052771686465652
0.0010045217617355186
0.0010600646368458947
GEN 46 time 1609862693
0.0013089946016198453
0.0019331241698611365
0.002191164823506423
0.001052771686465652
0.0010045217617355186
0.0010600646368458947
GEN 47 time 1609862695
0.0013089946016198453
0.0019331241698611365
0.002191164823506423
0.001052771686465652
0.0010045217617355186
0.0010600646368458947
GEN 48 time 1609862698
0.0013089946016198453
0.0019331241698611365
0.002191164823506423
0.001052771686465652
0.0010045217617355186
0.0010600646368458947
GEN 49 time 1609862701
0.0012593427280774775
0.0019331241698611365
0.002191164823506423
0.001052771686465652
0.0010045217617355186
0.0010600646368458947
GEN 50 time 1609862704
0.0012593427280774775
0.0019331241698611365
0.002191164823506423
0.001052771686465652
0.0010045217617355186
0.0010600646368458947
GEN 51 time 1609862707
0.0012593427280774775
0.0019331241698611365
0.002191164823506423
0.001052771686465652
0.0009712376007952087
0.0010600646368458947
GEN 52 time 1609862709
0.0012593427280774775
0.0019331241698611365
0.002191164823506423
0.001052771686465652
0.0009103694046916124
0.0010600646368458947
GEN 53 time 1609862712
0.0012593427280774775
0.0019331241698611365
0.002191164823506423
0.001052771686465652
0.0009103694046916124
0.0010600646368458947
GEN 54 time 1609862715
0.0012593427280774775
0.0019331241698611365
0.002191164823506423
0.001052771686465652
0.0009103694046916124
0.0010600646368458947
GEN 55 time 1609862718
0.001257099196355591
0.0019331241698611365
0.002191164823506423
0.001052771686465652
0.0009103694046916124
0.0010600646368458947
GEN 56 time 1609862720
0.001257099196355591
0.0019331241698611365
0.002191164823506423
0.001052771686465652
0.0009103694046916124
0.0010600646368458947
GEN 57 time 1609862723
0.0012054737486709717
0.0019331241698611365
0.002191164823506423
0.001052771686465652
0.0009103694046916124
0.0010600646368458947
GEN 58 time 1609862726
0.0012054737486709717
0.0019331241698611365
0.002191164823506423
0.001052771686465652
0.0009103694046916124
0.0010600646368458947
GEN 59 time 1609862728
0.0012054737486709717
0.0019331241698611365
0.002191164823506423
0.001052771686465652
0.0009103694046916124
0.0010600646368458947
GEN 60 time 1609862731
0.0012054737486709717
0.0019331241698611365
0.002191164823506423
0.001052771686465652
0.0009103694046916124
0.0010600646368458947
GEN 61 time 1609862734
0.0012054737486709717
0.0019331241698611365
0.002191164823506423
0.001052771686465652
0.0009103694046916124
0.0010600646368458947
GEN 62 time 1609862736
0.0012054737486709717
0.0019331241698611365
0.002191164823506423
0.001052771686465652
0.0009103694046916124
0.0010600646368458947
GEN 63 time 1609862739
0.0012054737486709717
0.0019331241698611365
0.002191164823506423
0.001052771686465652
0.0008983909456755724
0.0010600646368458947
GEN 64 time 1609862742
0.0012054737486709717
0.0019331241698611365
0.002191164823506423
0.001052771686465652
0.000873781674014838
0.0010600646368458947
GEN 65 time 1609862744
0.0012054737486709717
0.0019331241698611365
0.002191164823506423
0.001052771686465652
0.000873781674014838
0.0010600646368458947
GEN 66 time 1609862747
0.0012054737486709717
0.0019331241698611365
0.002191164823506423
0.001052771686465652
0.000873781674014838
0.0010600646368458947
GEN 67 time 1609862750
0.0012054737486709717
0.0019331241698611365
0.002191164823506423
0.001052771686465652
0.000873781674014838
0.0010600646368458947
GEN 68 time 1609862753
0.0012054737486709717
0.0019331241698611365
0.002191164823506423
0.001052771686465652
0.000873781674014838
0.0010600646368458947
GEN 69 time 1609862755
0.0012054737486709717
0.0019331241698611365
0.002191164823506423
0.001052771686465652
0.000873781674014838
0.0010600646368458947
GEN 70 time 1609862758
0.0012054737486709717
0.0019331241698611365
0.002191164823506423
0.001052771686465652
0.000873781674014838
0.0010600646368458947
GEN 71 time 1609862761
0.0012054737486709717
0.0019331241698611365
0.002191164823506423
0.001052771686465652
0.000873781674014838
0.0010600646368458947
GEN 72 time 1609862764
0.0012054737486709717
0.0019331241698611365
0.002191164823506423
0.001052771686465652
0.000873781674014838
0.0010600646368458947
GEN 73 time 1609862767
0.0012054737486709717
0.0019331241698611365
0.002191164823506423
0.001052771686465652
0.000873781674014838
0.0010600646368458947
GEN 74 time 1609862769
0.0012054737486709717
0.0019331241698611365
0.002191164823506423
0.001052771686465652
0.000873781674014838
0.0010600646368458947
GEN 75 time 1609862772
0.0012054737486709717
0.0019331241698611365
0.002191164823506423
0.001052771686465652
0.000873781674014838
0.0010600646368458947
GEN 76 time 1609862775
0.0012054737486709717
0.0019331241698611365
0.002191164823506423
0.001052771686465652
0.000873781674014838
0.0010600646368458947
GEN 77 time 1609862778
0.0012054737486709717
0.0019331241698611365
0.002191164823506423
0.001052771686465652
0.000873781674014838
0.0010600646368458947
GEN 78 time 1609862780
0.0012054737486709717
0.0019331241698611365
0.002191164823506423
0.001052771686465652
0.0008696390428799513
0.0010600646368458947
GEN 79 time 1609862783
0.0012054737486709717
0.0019331241698611365
0.002191164823506423
0.001052771686465652
0.0008696390428799513
0.0010561999604511395
GEN 80 time 1609862786
0.0012054737486709717
0.0019331241698611365
0.002191164823506423
0.001052771686465652
0.0008696390428799513
0.0010561999604511395
GEN 81 time 1609862789
0.0012054737486709717
0.0019331241698611365
0.002191164823506423
0.001052771686465652
0.0008696390428799513
0.0010561999604511395
GEN 82 time 1609862791
0.0012054737486709717
0.0019331241698611365
0.002191164823506423
0.001052771686465652
0.0008696390428799513
0.0010561999604511395
GEN 83 time 1609862794
0.0012054737486709717
0.0019331241698611365
0.002191164823506423
0.001052771686465652
0.0008597087575205641
0.0010561999604511395
GEN 84 time 1609862797
0.0012054737486709717
0.0019331241698611365
0.002191164823506423
0.001052771686465652
0.0008597087575205641
0.0010561999604511395
GEN 85 time 1609862799
0.0012054737486709717
0.0019331241698611365
0.002191164823506423
0.001052771686465652
0.0008597087575205641
0.0010561999604511395
GEN 86 time 1609862802
0.0012054737486709717
0.0019331241698611365
0.002191164823506423
0.001052771686465652
0.0008597087575205641
0.0010561999604511395
GEN 87 time 1609862805
0.0011512795533306461
0.0019331241698611365
0.002191164823506423
0.001052771686465652
0.0008597087575205641
0.0010561999604511395
GEN 88 time 1609862808
0.0011512795533306461
0.0019331241698611365
0.002191164823506423
0.001052771686465652
0.0008597087575205641
0.0010561999604511395
GEN 89 time 1609862810
0.0011512795533306461
0.0019331241698611365
0.002191164823506423
0.001052771686465652
0.0008597087575205641
0.0010561999604511395
GEN 90 time 1609862813
0.0011512795533306461
0.0019331241698611365
0.002191164823506423
0.001052771686465652
0.0008597087575205641
0.0010561999604511395
GEN 91 time 1609862816
0.0011512795533306461
0.0019331241698611365
0.002191164823506423
0.001052771686465652
0.0008597087575205641
0.0010561999604511395
GEN 92 time 1609862818
0.0011512795533306461
0.0019331241698611365
0.002191164823506423
0.001052771686465652
0.0008597087575205641
0.0010561999604511395
GEN 93 time 1609862821
0.0011512795533306461
0.0019331241698611365
0.002191164823506423
0.001052771686465652
0.0008597087575205641
0.0010561999604511395
GEN 94 time 1609862824
0.0011512795533306461
0.0019331241698611365
0.002191164823506423
0.001052771686465652
0.0008597087575205641
0.0010561999604511395
GEN 95 time 1609862826
0.0011512795533306461
0.0019331241698611365
0.002191164823506423
0.001052771686465652
0.0008597087575205641
0.0010561999604511395
GEN 96 time 1609862829
0.0011512795533306461
0.0019331241698611365
0.002191164823506423
0.001052771686465652
0.0008597087575205641
0.0010561999604511395
GEN 97 time 1609862832
0.0011512795533306461
0.0019331241698611365
0.002191164823506423
0.001052771686465652
0.0008597087575205641
0.0010561999604511395
GEN 98 time 1609862835
0.0011512795533306461
0.0019331241698611365
0.002191164823506423
0.001052771686465652
0.0008597087575205641
0.0010561999604511395
GEN 99 time 1609862838
0.0011512795533306461
0.0019331241698611365
0.002191164823506423
0.001052771686465652
0.0008597087575205641
0.0010561999604511395
GEN 100 time 1609862840
0.0011512795533306461
0.0019331241698611365
0.002191164823506423
0.001052771686465652
0.0008597087575205641
0.0010561999604511395
GEN 101 time 1609862843
0.0011512795533306461
0.0019331241698611365
0.002191164823506423
0.001052771686465652
0.0008597087575205641
0.0010561999604511395
GEN 102 time 1609862846
0.0011512795533306461
0.0019331241698611365
0.002191164823506423
0.001052771686465652
0.0008597087575205641
0.0010561999604511395
GEN 103 time 1609862849
0.0011512795533306461
0.0019331241698611365
0.002191164823506423
0.001052771686465652
0.0008597087575205641
0.0010561999604511395
GEN 104 time 1609862851
0.0011512795533306461
0.0019331241698611365
0.002191164823506423
0.001052771686465652
0.0008597087575205641
0.0010561999604511395
GEN 105 time 1609862854
0.0011512795533306461
0.0019331241698611365
0.002191164823506423
0.001052771686465652
0.0008597087575205641
0.0010561999604511395
GEN 106 time 1609862857
0.0011512795533306461
0.0019331241698611365
0.002191164823506423
0.001052771686465652
0.0008597087575205641
0.0010561999604511395
GEN 107 time 1609862860
0.0011512795533306461
0.0019331241698611365
0.002191164823506423
0.001052771686465652
0.0008597087575205641
0.0010561999604511395
GEN 108 time 1609862863
0.0011512795533306461
0.0019331241698611365
0.002191164823506423
0.001052771686465652
0.0008597087575205641
0.0010561999604511395
GEN 109 time 1609862866
0.0011512795533306461
0.0019331241698611365
0.002191164823506423
0.001052771686465652
0.0008597087575205641
0.0010561999604511395
GEN 110 time 1609862868
0.0011512795533306461
0.0019331241698611365
0.002191164823506423
0.001052771686465652
0.0008597087575205641
0.0010561999604511395
GEN 111 time 1609862871
0.0011512795533306461
0.0019331241698611365
0.002191164823506423
0.001052771686465652
0.0008597087575205641
0.0010561999604511395
GEN 112 time 1609862874
0.0011512795533306461
0.0019331241698611365
0.002191164823506423
0.001052771686465652
0.0008597087575205641
0.0010561999604511395
GEN 113 time 1609862876
0.0011512795533306461
0.0019331241698611365
0.002191164823506423
0.001052771686465652
0.0008597087575205641
0.0010147187007439888
GEN 114 time 1609862879
0.0011512795533306461
0.0019331241698611365
0.002191164823506423
0.001052771686465652
0.0008597087575205641
0.0010147187007439888
GEN 115 time 1609862881
0.0011512795533306461
0.0019331241698611365
0.002191164823506423
0.001052771686465652
0.0008597087575205641
0.0010138818636856069
GEN 116 time 1609862884
0.0011512795533306461
0.0019331241698611365
0.002191164823506423
0.001052771686465652
0.0008597087575205641
0.0010138818636856069
GEN 117 time 1609862887
0.0011512795533306461
0.0019331241698611365
0.002191164823506423
0.001052771686465652
0.0008597087575205641
0.0010138818636856069
GEN 118 time 1609862889
0.0011512795533306461
0.0019331241698611365
0.002191164823506423
0.001052771686465652
0.0008597087575205641
0.0010138818636856069
GEN 119 time 1609862892
0.0011512795533306461
0.0019331241698611365
0.002191164823506423
0.001052771686465652
0.0008597087575205641
0.0010138818636856069
GEN 120 time 1609862895
0.0011512795533306461
0.0019331241698611365
0.002191164823506423
0.001052771686465652
0.0008597087575205641
0.0010138818636856069
GEN 121 time 1609862897
0.0011512795533306461
0.0019331241698611365
0.002191164823506423
0.001052771686465652
0.0008597087575205641
0.0010138818636856069
GEN 122 time 1609862900
0.0011512795533306461
0.0019331241698611365
0.002191164823506423
0.001052771686465652
0.0008597087575205641
0.0010138818636856069
GEN 123 time 1609862902
0.0011512795533306461
0.0019331241698611365
0.002191164823506423
0.001052771686465652
0.0008597087575205641
0.0010138818636856069
GEN 124 time 1609862905
0.0011512795533306461
0.0019331241698611365
0.002191164823506423
0.001052771686465652
0.0008597087575205641
0.0010138818636856069
GEN 125 time 1609862908
0.0011512795533306461
0.0019331241698611365
0.002191164823506423
0.001052771686465652
0.0008597087575205641
0.0010105462579310582
GEN 126 time 1609862910
0.0011512795533306461
0.0019331241698611365
0.002191164823506423
0.001052771686465652
0.0008597087575205641
0.0010105462579310582
GEN 127 time 1609862913
0.0011512795533306461
0.0019331241698611365
0.002191164823506423
0.001052771686465652
0.0008597087575205641
0.0010105462579310582
GEN 128 time 1609862916
0.0011512795533306461
0.0019331241698611365
0.002191164823506423
0.001052771686465652
0.0008597087575205641
0.0010105462579310582
GEN 129 time 1609862919
0.0011512795533306461
0.0019331241698611365
0.002191164823506423
0.001052771686465652
0.0008597087575205641
0.0010105462579310582
GEN 130 time 1609862922
0.0011512795533306461
0.0019331241698611365
0.002191164823506423
0.001052771686465652
0.0008597087575205641
0.0010105462579310582
GEN 131 time 1609862924
0.0011512795533306461
0.0019331241698611365
0.002191164823506423
0.001052771686465652
0.0008597087575205641
0.0010105462579310582
GEN 132 time 1609862927
0.0011512795533306461
0.0019331241698611365
0.002191164823506423
0.001052771686465652
0.0008597087575205641
0.0010105462579310582
GEN 133 time 1609862930
0.0011512795533306461
0.0019331241698611365
0.002191164823506423
0.001052771686465652
0.0008597087575205641
0.0010105462579310582
GEN 134 time 1609862932
0.0011512795533306461
0.0019331241698611365
0.002191164823506423
0.001052771686465652
0.0008597087575205641
0.0010105462579310582
GEN 135 time 1609862935
0.0011512795533306461
0.0019331241698611365
0.002191164823506423
0.001052771686465652
0.0008597087575205641
0.0010105462579310582
GEN 136 time 1609862938
0.0011512795533306461
0.0019331241698611365
0.002191164823506423
0.001052771686465652
0.0008597087575205641
0.0010105462579310582
GEN 137 time 1609862940
0.0011512795533306461
0.0019331241698611365
0.002191164823506423
0.001052771686465652
0.0008597087575205641
0.0010105462579310582
GEN 138 time 1609862943
0.0011512795533306461
0.0019331241698611365
0.002191164823506423
0.001052771686465652
0.0008597087575205641
0.0010105462579310582
GEN 139 time 1609862945
0.0011512795533306461
0.0019331241698611365
0.002191164823506423
0.001052771686465652
0.0008597087575205641
0.0010105462579310582
GEN 140 time 1609862948
0.0011512795533306461
0.0019331241698611365
0.002191164823506423
0.001052771686465652
0.0008597087575205641
0.0010105462579310582
GEN 141 time 1609862951
0.0011512795533306461
0.0019331241698611365
0.002191164823506423
0.001052771686465652
0.0008597087575205641
0.0010105462579310582
GEN 142 time 1609862953
0.0011512795533306461
0.0019331241698611365
0.002191164823506423
0.001052771686465652
0.0008597087575205641
0.0010105462579310582
GEN 143 time 1609862956
0.0011512795533306461
0.0019331241698611365
0.002191164823506423
0.001052771686465652
0.0008597087575205641
0.0010105462579310582
GEN 144 time 1609862959
0.0011512795533306461
0.0019331241698611365
0.002191164823506423
0.001052771686465652
0.0008597087575205641
0.0010105462579310582
GEN 145 time 1609862961
0.0011512795533306461
0.0019331241698611365
0.002191164823506423
0.001052771686465652
0.0008597087575205641
0.0010105462579310582
GEN 146 time 1609862964
0.0011512795533306461
0.0019331241698611365
0.002191164823506423
0.001052771686465652
0.0008597087575205641
0.0010105462579310582
GEN 147 time 1609862967
0.0011512795533306461
0.0019331241698611365
0.002191164823506423
0.001052771686465652
0.0008597087575205641
0.0010105462579310582
GEN 148 time 1609862970
0.0011512795533306461
0.0019331241698611365
0.002191164823506423
0.001052771686465652
0.0008597087575205641
0.0010105462579310582
GEN 149 time 1609862972
0.0011512795533306461
0.0019331241698611365
0.002191164823506423
0.001052771686465652
0.0008597087575205641
0.0010105462579310582
GEN 150 time 1609862975
0.0011512795533306461
0.0019331241698611365
0.002191164823506423
0.001052771686465652
0.0008597087575205641
0.0010105462579310582
GEN 151 time 1609862978
0.0011512795533306461
0.0019331241698611365
0.002191164823506423
0.001052771686465652
0.0008597087575205641
0.0010105462579310582
GEN 152 time 1609862980
0.0011512795533306461
0.0019331241698611365
0.002191164823506423
0.001052771686465652
0.0008597087575205641
0.0010105462579310582
GEN 153 time 1609862983
0.0011512795533306461
0.0019331241698611365
0.002191164823506423
0.001052771686465652
0.0008597087575205641
0.0010105462579310582
GEN 154 time 1609862986
0.0011512795533306461
0.0019331241698611365
0.002191164823506423
0.001052771686465652
0.0008597087575205641
0.0010105462579310582
GEN 155 time 1609862988
0.0011512795533306461
0.0019331241698611365
0.002191164823506423
0.001052771686465652
0.0008597087575205641
0.0010105462579310582
GEN 156 time 1609862991
0.0011512795533306461
0.0019331241698611365
0.002191164823506423
0.001052771686465652
0.0008587823825357447
0.0010105462579310582
GEN 157 time 1609862994
0.0011512795533306461
0.0019331241698611365
0.002191164823506423
0.001052771686465652
0.0008587823825357447
0.0010105462579310582
GEN 158 time 1609862996
0.0011512795533306461
0.0019331241698611365
0.002191164823506423
0.001052771686465652
0.0008587823825357447
0.0010105462579310582
GEN 159 time 1609862999
0.0011512795533306461
0.0019331241698611365
0.002191164823506423
0.001052771686465652
0.0008587823825357447
0.0010105462579310582
GEN 160 time 1609863002
0.0011512795533306461
0.0019331241698611365
0.002191164823506423
0.001052771686465652
0.0008587823825357447
0.0010105462579310582
GEN 161 time 1609863004
0.0011512795533306461
0.0019331241698611365
0.002191164823506423
0.001052771686465652
0.0008587823825357447
0.0010105462579310582
GEN 162 time 1609863007
0.0011512795533306461
0.0019331241698611365
0.002191164823506423
0.001052771686465652
0.0008587823825357447
0.0010105462579310582
GEN 163 time 1609863010
0.0011512795533306461
0.0019331241698611365
0.002191164823506423
0.001052771686465652
0.0008587823825357447
0.0010105462579310582
GEN 164 time 1609863012
0.0011512795533306461
0.0019331241698611365
0.002191164823506423
0.001052771686465652
0.0008587823825357447
0.0010105462579310582
GEN 165 time 1609863015
0.0011512795533306461
0.0019331241698611365
0.002191164823506423
0.001052771686465652
0.000848081779104854
0.0010105462579310582
GEN 166 time 1609863018
0.0011512795533306461
0.0019331241698611365
0.002191164823506423
0.001052771686465652
0.000848081779104854
0.0010105462579310582
GEN 167 time 1609863020
0.0011512795533306461
0.0019331241698611365
0.002191164823506423
0.001052771686465652
0.000848081779104854
0.0010105462579310582
GEN 168 time 1609863023
0.0011512795533306461
0.0019331241698611365
0.002191164823506423
0.001052771686465652
0.000848081779104854
0.0010105462579310582
GEN 169 time 1609863026
0.0011512795533306461
0.0019331241698611365
0.002191164823506423
0.001052771686465652
0.000848081779104854
0.0010105462579310582
GEN 170 time 1609863028
0.0011512795533306461
0.0019331241698611365
0.002191164823506423
0.001052771686465652
0.000848081779104854
0.0010105462579310582
GEN 171 time 1609863031
0.0011512795533306461
0.0019331241698611365
0.002191164823506423
0.001052771686465652
0.000848081779104854
0.0010105462579310582
GEN 172 time 1609863033
0.0011512795533306461
0.0019331241698611365
0.002191164823506423
0.001052771686465652
0.000848081779104854
0.0010105462579310582
GEN 173 time 1609863036
0.0011512795533306461
0.0019331241698611365
0.002191164823506423
0.001052771686465652
0.000848081779104854
0.0010105462579310582
GEN 174 time 1609863039
0.0011512795533306461
0.0019331241698611365
0.002191164823506423
0.001052771686465652
0.000848081779104854
0.0010105462579310582
GEN 175 time 1609863041
0.0011512795533306461
0.0019331241698611365
0.002191164823506423
0.001052771686465652
0.000848081779104854
0.0010105462579310582
GEN 176 time 1609863044
0.0011512795533306461
0.0019331241698611365
0.002191164823506423
0.001052771686465652
0.000848081779104854
0.0010105462579310582
GEN 177 time 1609863047
0.0011512795533306461
0.0019331241698611365
0.002191164823506423
0.001052771686465652
0.000848081779104854
0.0010105462579310582
GEN 178 time 1609863049
0.0011512795533306461
0.0019331241698611365
0.002191164823506423
0.001052771686465652
0.000848081779104854
0.0010105462579310582
GEN 179 time 1609863052
0.0011512795533306461
0.0019331241698611365
0.002191164823506423
0.001052771686465652
0.000848081779104854
0.0010105462579310582
GEN 180 time 1609863055
0.0011512795533306461
0.0019331241698611365
0.002191164823506423
0.001052771686465652
0.000848081779104854
0.0010105462579310582
GEN 181 time 1609863058
0.0011512795533306461
0.0019331241698611365
0.002191164823506423
0.001052771686465652
0.000848081779104854
0.0010105462579310582
GEN 182 time 1609863060
0.0011512795533306461
0.0019331241698611365
0.002191164823506423
0.001052771686465652
0.000848081779104854
0.0010105462579310582
GEN 183 time 1609863063
0.0011512795533306461
0.0019331241698611365
0.002191164823506423
0.001052771686465652
0.000848081779104854
0.0010105462579310582
GEN 184 time 1609863066
0.0011512795533306461
0.0019331241698611365
0.002191164823506423
0.001052771686465652
0.000848081779104854
0.0010105462579310582
GEN 185 time 1609863068
0.0011512795533306461
0.0019331241698611365
0.002191164823506423
0.001052771686465652
0.000848081779104854
0.0010105462579310582
GEN 186 time 1609863071
0.0011512795533306461
0.0019331241698611365
0.002191164823506423
0.001052771686465652
0.000848081779104854
0.0010105462579310582
GEN 187 time 1609863074
0.0011512795533306461
0.0019331241698611365
0.002191164823506423
0.001052771686465652
0.000848081779104854
0.0010105462579310582
GEN 188 time 1609863076
0.0011512795533306461
0.0019331241698611365
0.002191164823506423
0.001052771686465652
0.000848081779104854
0.0010105462579310582
GEN 189 time 1609863079
0.0011512795533306461
0.0019331241698611365
0.002191164823506423
0.001052771686465652
0.000848081779104854
0.0010105462579310582
GEN 190 time 1609863082
0.0011512795533306461
0.0019331241698611365
0.002191164823506423
0.001052771686465652
0.000848081779104854
0.0010105462579310582
GEN 191 time 1609863084
0.0011512795533306461
0.0019331241698611365
0.002191164823506423
0.001052771686465652
0.000848081779104854
0.0010105462579310582
GEN 192 time 1609863087
0.0011512795533306461
0.0019331241698611365
0.002191164823506423
0.001052771686465652
0.000848081779104854
0.0010105462579310582
GEN 193 time 1609863090
0.0011512795533306461
0.0019331241698611365
0.002191164823506423
0.001052771686465652
0.000848081779104854
0.0010105462579310582
GEN 194 time 1609863093
0.0011512795533306461
0.0019331241698611365
0.002191164823506423
0.001052771686465652
0.000848081779104854
0.0010105462579310582
GEN 195 time 1609863096
0.0011512795533306461
0.0019331241698611365
0.002191164823506423
0.001052771686465652
0.000848081779104854
0.0010105462579310582
GEN 196 time 1609863098
0.0011512795533306461
0.0019331241698611365
0.002191164823506423
0.001052771686465652
0.000848081779104854
0.0010105462579310582
GEN 197 time 1609863101
0.0011512795533306461
0.0019331241698611365
0.002191164823506423
0.001052771686465652
0.000848081779104854
0.0010105462579310582
GEN 198 time 1609863103
0.0011512795533306461
0.0019331241698611365
0.002191164823506423
0.001052771686465652
0.000848081779104854
0.0010105462579310582
GEN 199 time 1609863106
0.0011512795533306461
0.0019331241698611365
0.002191164823506423
0.001052771686465652
0.000848081779104854
0.0010105462579310582
