['./data/small/layer/uu-dem4_r25_1.json', './data/small/hop/uu-dem8_r25_1_0.json', './data/small/hop/uu-dem2_r25_1_0.json', './data/small/hop/uu-dem1_r25_1_0.json']
GEN 0 time 1609969169
0.0015532725531838558
0.001221812148100194
0.0010916312510843929
0.001242085312455
GEN 1 time 1609969171
0.0015532725531838558
0.001037054588866404
0.0010662367756440322
0.001242085312455
GEN 2 time 1609969174
0.001517686651654076
0.001037054588866404
0.0010662367756440322
0.001226585241107378
GEN 3 time 1609969176
0.001517686651654076
0.001037054588866404
0.0010662367756440322
0.001226585241107378
GEN 4 time 1609969178
0.0014584555404298799
0.001037054588866404
0.0010662367756440322
0.0010577171574230005
GEN 5 time 1609969181
0.0014584555404298799
0.001037054588866404
0.001027918157878901
0.0010577171574230005
GEN 6 time 1609969183
0.0014584555404298799
0.001037054588866404
0.001027918157878901
0.0010577171574230005
GEN 7 time 1609969185
0.0014584555404298799
0.001037054588866404
0.001027918157878901
0.0010577171574230005
GEN 8 time 1609969187
0.0014584555404298799
0.001037054588866404
0.001027918157878901
0.0010577171574230005
GEN 9 time 1609969190
0.0014584555404298799
0.001037054588866404
0.001027918157878901
0.0010577171574230005
GEN 10 time 1609969192
0.0014584555404298799
0.001037054588866404
0.001027918157878901
0.0010577171574230005
GEN 11 time 1609969195
0.0014584555404298799
0.001037054588866404
0.0010242019603918344
0.0010577171574230005
GEN 12 time 1609969197
0.0014584555404298799
0.001037054588866404
0.001019902389315494
0.0010577171574230005
GEN 13 time 1609969199
0.0014584555404298799
0.001037054588866404
0.0010177792824963374
0.0010577171574230005
GEN 14 time 1609969201
0.0014584555404298799
0.001037054588866404
0.0010177792824963374
0.0010577171574230005
GEN 15 time 1609969204
0.0014584555404298799
0.001037054588866404
0.0010177792824963374
0.0010577171574230005
GEN 16 time 1609969206
0.0014584555404298799
0.001037054588866404
0.0010177792824963374
0.0010577171574230005
GEN 17 time 1609969208
0.0014584555404298799
0.001037054588866404
0.0010177792824963374
0.0010577171574230005
GEN 18 time 1609969211
0.0014584555404298799
0.0010306952109775532
0.0010177792824963374
0.0010577171574230005
GEN 19 time 1609969213
0.0014584555404298799
0.0010306952109775532
0.0010177792824963374
0.0010577171574230005
GEN 20 time 1609969216
0.0014584555404298799
0.0010306952109775532
0.0010177792824963374
0.0010559184806190045
GEN 21 time 1609969218
0.0014584555404298799
0.0010306952109775532
0.0010177792824963374
0.0010544134923453326
GEN 22 time 1609969220
0.0014584555404298799
0.0010306952109775532
0.0010177792824963374
0.0010544134923453326
GEN 23 time 1609969223
0.0014584555404298799
0.0010306952109775532
0.0010177792824963374
0.0010544134923453326
GEN 24 time 1609969225
0.0014584555404298799
0.0010306952109775532
0.0010177792824963374
0.0010533618696398467
GEN 25 time 1609969227
0.0014584555404298799
0.0010306952109775532
0.0010177792824963374
0.0010533618696398467
GEN 26 time 1609969230
0.0014584555404298799
0.0010043994557432493
0.0010177792824963374
0.0010533618696398467
GEN 27 time 1609969232
0.0014584555404298799
0.0010043994557432493
0.0010141549329293874
0.0010533618696398467
GEN 28 time 1609969234
0.0014584555404298799
0.0010043994557432493
0.0010141549329293874
0.0010533618696398467
GEN 29 time 1609969236
0.0014584555404298799
0.0010043994557432493
0.0010141549329293874
0.0010533618696398467
GEN 30 time 1609969239
0.0014584555404298799
0.0010043994557432493
0.0010085102956444722
0.0010533618696398467
GEN 31 time 1609969241
0.0014584555404298799
0.0010043994557432493
0.0010085102956444722
0.0010403855114381826
GEN 32 time 1609969243
0.0014584555404298799
0.0010043994557432493
0.0010085102956444722
0.0010403855114381826
GEN 33 time 1609969245
0.0014584555404298799
0.0010043994557432493
0.0010085102956444722
0.0010403855114381826
GEN 34 time 1609969248
0.0014584555404298799
0.0010043994557432493
0.0010085102956444722
0.0010403855114381826
GEN 35 time 1609969250
0.0014584555404298799
0.0010043994557432493
0.0010085102956444722
0.0010403855114381826
GEN 36 time 1609969252
0.0014584555404298799
0.0010043994557432493
0.0009859923253151895
0.0010403855114381826
GEN 37 time 1609969255
0.0014584555404298799
0.0010043994557432493
0.0009859923253151895
0.0010403855114381826
GEN 38 time 1609969257
0.0014584555404298799
0.0010043994557432493
0.0009859923253151895
0.0010403855114381826
GEN 39 time 1609969259
0.0014584555404298799
0.0010043994557432493
0.0009859923253151895
0.0010403855114381826
GEN 40 time 1609969261
0.0014584555404298799
0.0010043994557432493
0.0009859923253151895
0.0010403855114381826
GEN 41 time 1609969264
0.0014584555404298799
0.0010043994557432493
0.0009859923253151895
0.0010403855114381826
GEN 42 time 1609969266
0.0014584555404298799
0.0010024843150509817
0.0009859923253151895
0.0010403855114381826
GEN 43 time 1609969268
0.0014584555404298799
0.0010024843150509817
0.0009859923253151895
0.0010403855114381826
GEN 44 time 1609969270
0.0014584555404298799
0.0010024843150509817
0.0009859923253151895
0.0010403855114381826
GEN 45 time 1609969273
0.0014584555404298799
0.0010024843150509817
0.0009859923253151895
0.0010403855114381826
GEN 46 time 1609969275
0.0014584555404298799
0.0010024843150509817
0.0009859923253151895
0.0010403855114381826
GEN 47 time 1609969277
0.0014584555404298799
0.0010024843150509817
0.0009859923253151895
0.001027951209522928
GEN 48 time 1609969279
0.0014584555404298799
0.0010024843150509817
0.0009859923253151895
0.001027951209522928
GEN 49 time 1609969282
0.0014584555404298799
0.0010024843150509817
0.0009859923253151895
0.001027951209522928
GEN 50 time 1609969284
0.0014584555404298799
0.0010024843150509817
0.0009859923253151895
0.001027951209522928
GEN 51 time 1609969286
0.0014584555404298799
0.0010024843150509817
0.0009859923253151895
0.001027951209522928
GEN 52 time 1609969288
0.0014584555404298799
0.0010024843150509817
0.0009859923253151895
0.001027951209522928
GEN 53 time 1609969290
0.0014584555404298799
0.0010024843150509817
0.0009859923253151895
0.001027951209522928
GEN 54 time 1609969293
0.0014584555404298799
0.0010024843150509817
0.0009859923253151895
0.001027951209522928
GEN 55 time 1609969295
0.0014584555404298799
0.0010024843150509817
0.0009859923253151895
0.001027951209522928
GEN 56 time 1609969297
0.0014584555404298799
0.0010024843150509817
0.0009859923253151895
0.001027951209522928
GEN 57 time 1609969299
0.0014584555404298799
0.0010024843150509817
0.0009859923253151895
0.001027951209522928
GEN 58 time 1609969302
0.0014584555404298799
0.0010024843150509817
0.0009859923253151895
0.001027951209522928
GEN 59 time 1609969304
0.0014584555404298799
0.0010024843150509817
0.0009859923253151895
0.001027951209522928
GEN 60 time 1609969306
0.0014584555404298799
0.0010024843150509817
0.0009859923253151895
0.001027951209522928
GEN 61 time 1609969308
0.0014584555404298799
0.0010024843150509817
0.0009367597024024194
0.001027951209522928
GEN 62 time 1609969310
0.0014584555404298799
0.0010024843150509817
0.0009367597024024194
0.001027951209522928
GEN 63 time 1609969313
0.0014584555404298799
0.0010024843150509817
0.0009367597024024194
0.001027951209522928
GEN 64 time 1609969315
0.0014584555404298799
0.0010024843150509817
0.0009367597024024194
0.001027951209522928
GEN 65 time 1609969317
0.0014584555404298799
0.0010024843150509817
0.0008997342043232971
0.001027951209522928
GEN 66 time 1609969319
0.0014584555404298799
0.0010024843150509817
0.0008997342043232971
0.001027951209522928
GEN 67 time 1609969322
0.0014584555404298799
0.0010024843150509817
0.0008997342043232971
0.001027951209522928
GEN 68 time 1609969324
0.0014584555404298799
0.0010024843150509817
0.0008997342043232971
0.001027951209522928
GEN 69 time 1609969326
0.0014584555404298799
0.0010024843150509817
0.0008997342043232971
0.001027951209522928
GEN 70 time 1609969328
0.0014584555404298799
0.0010024843150509817
0.0008997342043232971
0.001027951209522928
GEN 71 time 1609969330
0.0014584555404298799
0.0009020228424108439
0.0008997342043232971
0.001027951209522928
GEN 72 time 1609969333
0.0014584555404298799
0.0009020228424108439
0.0008997342043232971
0.001027951209522928
GEN 73 time 1609969335
0.0014584555404298799
0.0009020228424108439
0.0008997342043232971
0.001027951209522928
GEN 74 time 1609969337
0.0014584555404298799
0.0009020228424108439
0.0008997342043232971
0.001027951209522928
GEN 75 time 1609969339
0.0014584555404298799
0.0008983909456755724
0.0008997342043232971
0.001027951209522928
GEN 76 time 1609969342
0.0014584555404298799
0.0008983909456755724
0.0008997342043232971
0.001027951209522928
GEN 77 time 1609969344
0.0014584555404298799
0.0008983909456755724
0.0008997342043232971
0.001027951209522928
GEN 78 time 1609969346
0.0014584555404298799
0.0008983909456755724
0.0008997342043232971
0.001027951209522928
GEN 79 time 1609969348
0.0014584555404298799
0.0008770110310762663
0.0008997342043232971
0.001027951209522928
GEN 80 time 1609969350
0.0014584555404298799
0.0008770110310762663
0.0008997342043232971
0.001027951209522928
GEN 81 time 1609969353
0.0014584555404298799
0.0008770110310762663
0.0008997342043232971
0.001027951209522928
GEN 82 time 1609969355
0.0014584555404298799
0.0008770110310762663
0.0008997342043232971
0.001026565241107378
GEN 83 time 1609969357
0.0014584555404298799
0.0008770110310762663
0.0008997342043232971
0.001026565241107378
GEN 84 time 1609969359
0.0014584555404298799
0.0008770110310762663
0.0008997342043232971
0.001026565241107378
GEN 85 time 1609969361
0.0014584555404298799
0.0008770110310762663
0.0008997342043232971
0.001026565241107378
GEN 86 time 1609969364
0.0014584555404298799
0.0008770110310762663
0.0008997342043232971
0.001026565241107378
GEN 87 time 1609969366
0.0014584555404298799
0.0008770110310762663
0.0008997342043232971
0.001026565241107378
GEN 88 time 1609969368
0.0014584555404298799
0.0008770110310762663
0.0008997342043232971
0.001026565241107378
GEN 89 time 1609969370
0.0014584555404298799
0.0008770110310762663
0.0008997342043232971
0.001026565241107378
GEN 90 time 1609969373
0.0014584555404298799
0.0008770110310762663
0.0008997342043232971
0.001026565241107378
GEN 91 time 1609969375
0.0014584555404298799
0.0008770110310762663
0.0008997342043232971
0.001026565241107378
GEN 92 time 1609969377
0.0014584555404298799
0.0008768289051936892
0.0008838458006519738
0.001026565241107378
GEN 93 time 1609969379
0.0014584555404298799
0.0008768289051936892
0.0008838458006519738
0.001026565241107378
GEN 94 time 1609969381
0.0014584555404298799
0.0008768289051936892
0.0008838458006519738
0.001026565241107378
GEN 95 time 1609969384
0.0014584555404298799
0.0008768289051936892
0.0008838458006519738
0.001026565241107378
GEN 96 time 1609969386
0.0014584555404298799
0.0008768289051936892
0.0008838458006519738
0.001026565241107378
GEN 97 time 1609969388
0.0014584555404298799
0.0008768289051936892
0.0008838458006519738
0.001026565241107378
GEN 98 time 1609969390
0.0014584555404298799
0.0008768289051936892
0.0008838458006519738
0.001026565241107378
GEN 99 time 1609969392
0.0014584555404298799
0.0008768289051936892
0.0008838458006519738
0.001026565241107378
GEN 100 time 1609969395
0.0014584555404298799
0.0008768289051936892
0.0008838458006519738
0.001026565241107378
GEN 101 time 1609969397
0.0014584555404298799
0.0008768289051936892
0.0008838458006519738
0.001026565241107378
GEN 102 time 1609969399
0.0014584555404298799
0.0008718671859440512
0.0008838458006519738
0.001002043037350317
GEN 103 time 1609969401
0.0014584555404298799
0.0008718671859440512
0.0008838458006519738
0.001002043037350317
GEN 104 time 1609969403
0.0014584555404298799
0.0008718671859440512
0.0008838458006519738
0.001002043037350317
GEN 105 time 1609969406
0.0014584555404298799
0.0008718671859440512
0.0008838458006519738
0.001002043037350317
GEN 106 time 1609969408
0.0014584555404298799
0.0008718671859440512
0.0008838458006519738
0.001002043037350317
GEN 107 time 1609969410
0.0014584555404298799
0.0008718671859440512
0.0008838458006519738
0.001002043037350317
GEN 108 time 1609969413
0.0014584555404298799
0.0008718671859440512
0.0008838458006519738
0.001002043037350317
GEN 109 time 1609969415
0.0014584555404298799
0.0008718671859440512
0.0008838458006519738
0.001002043037350317
GEN 110 time 1609969417
0.0014584555404298799
0.0008718671859440512
0.0008838458006519738
0.001002043037350317
GEN 111 time 1609969419
0.0014584555404298799
0.0008718671859440512
0.0008838458006519738
0.001002043037350317
GEN 112 time 1609969422
0.0014584555404298799
0.0008718671859440512
0.0008838458006519738
0.001002043037350317
GEN 113 time 1609969424
0.0014584555404298799
0.0008718671859440512
0.0008838458006519738
0.001002043037350317
GEN 114 time 1609969426
0.0014584555404298799
0.0008718671859440512
0.0008838458006519738
0.001002043037350317
GEN 115 time 1609969428
0.0014584555404298799
0.0008718671859440512
0.0008838458006519738
0.001002043037350317
GEN 116 time 1609969430
0.0014584555404298799
0.0008718671859440512
0.0008838458006519738
0.001002043037350317
GEN 117 time 1609969433
0.0014584555404298799
0.0008718671859440512
0.0008838458006519738
0.001002043037350317
GEN 118 time 1609969435
0.0014584555404298799
0.0008718671859440512
0.0008838458006519738
0.001002043037350317
GEN 119 time 1609969437
0.0014584555404298799
0.0008718671859440512
0.0008838458006519738
0.001002043037350317
GEN 120 time 1609969439
0.0014584555404298799
0.0008718671859440512
0.0008838458006519738
0.001002043037350317
GEN 121 time 1609969441
0.0014584555404298799
0.0008718671859440512
0.0008838458006519738
0.001002043037350317
GEN 122 time 1609969443
0.0014584555404298799
0.0008718671859440512
0.0008838458006519738
0.001002043037350317
GEN 123 time 1609969446
0.0014584555404298799
0.0008718671859440512
0.0008838458006519738
0.001002043037350317
GEN 124 time 1609969448
0.0014584555404298799
0.0008699958863258928
0.0008838458006519738
0.001002043037350317
GEN 125 time 1609969450
0.0014584555404298799
0.0008699958863258928
0.0008838458006519738
0.001002043037350317
GEN 126 time 1609969453
0.0014584555404298799
0.0008699958863258928
0.0008838458006519738
0.001002043037350317
GEN 127 time 1609969455
0.0014584555404298799
0.0008699958863258928
0.0008838458006519738
0.001002043037350317
GEN 128 time 1609969457
0.0014584555404298799
0.0008699958863258928
0.0008838458006519738
0.001002043037350317
GEN 129 time 1609969459
0.0014584555404298799
0.0008699958863258928
0.0008838458006519738
0.001002043037350317
GEN 130 time 1609969462
0.0014584555404298799
0.0008699958863258928
0.0008838458006519738
0.001002043037350317
GEN 131 time 1609969464
0.0014584555404298799
0.0008699958863258928
0.0008838458006519738
0.001002043037350317
GEN 132 time 1609969466
0.0014584555404298799
0.0008699958863258928
0.0008838458006519738
0.001002043037350317
GEN 133 time 1609969468
0.0014584555404298799
0.0008677377593918178
0.0008838458006519738
0.001002043037350317
GEN 134 time 1609969470
0.0014584555404298799
0.0008677377593918178
0.0008838458006519738
0.001002043037350317
GEN 135 time 1609969472
0.0014584555404298799
0.0008677377593918178
0.0008838458006519738
0.001002043037350317
GEN 136 time 1609969475
0.0014584555404298799
0.0008677377593918178
0.0008838458006519738
0.001002043037350317
GEN 137 time 1609969477
0.0014584555404298799
0.0008677377593918178
0.0008838458006519738
0.001002043037350317
GEN 138 time 1609969479
0.0014584555404298799
0.0008677377593918178
0.0008838458006519738
0.001002043037350317
GEN 139 time 1609969481
0.0014584555404298799
0.0008677377593918178
0.0008838458006519738
0.001002043037350317
GEN 140 time 1609969483
0.0014584555404298799
0.0008677377593918178
0.0008838458006519738
0.001002043037350317
GEN 141 time 1609969485
0.0014584555404298799
0.0008677377593918178
0.0008838458006519738
0.001002043037350317
GEN 142 time 1609969488
0.0014584555404298799
0.0008677377593918178
0.0008838458006519738
0.001002043037350317
GEN 143 time 1609969490
0.0014584555404298799
0.0008677377593918178
0.0008678456234793058
0.001002043037350317
GEN 144 time 1609969492
0.0014584555404298799
0.0008677377593918178
0.0008678456234793058
0.001002043037350317
GEN 145 time 1609969494
0.0014584555404298799
0.0008677377593918178
0.0008678456234793058
0.001002043037350317
GEN 146 time 1609969496
0.0014584555404298799
0.0008677377593918178
0.0008678456234793058
0.001002043037350317
GEN 147 time 1609969498
0.0014584555404298799
0.0008677377593918178
0.0008678456234793058
0.001002043037350317
GEN 148 time 1609969501
0.0014584555404298799
0.0008677377593918178
0.0008678456234793058
0.001002043037350317
GEN 149 time 1609969503
0.0014584555404298799
0.0008677377593918178
0.0008678456234793058
0.001002043037350317
GEN 150 time 1609969505
0.0014584555404298799
0.0008677377593918178
0.0008678456234793058
0.001002043037350317
GEN 151 time 1609969507
0.0014584555404298799
0.0008677377593918178
0.0008678456234793058
0.001002043037350317
GEN 152 time 1609969509
0.0014584555404298799
0.0008677377593918178
0.0008678456234793058
0.001002043037350317
GEN 153 time 1609969511
0.0014584555404298799
0.0008677377593918178
0.0008678456234793058
0.001002043037350317
GEN 154 time 1609969513
0.0014584555404298799
0.0008677377593918178
0.0008678456234793058
0.001002043037350317
GEN 155 time 1609969516
0.0014584555404298799
0.0008677377593918178
0.0008678456234793058
0.001002043037350317
GEN 156 time 1609969518
0.0014584555404298799
0.0008677377593918178
0.0008678456234793058
0.001002043037350317
GEN 157 time 1609969520
0.0014584555404298799
0.0008677377593918178
0.0008678456234793058
0.001002043037350317
GEN 158 time 1609969522
0.0014584555404298799
0.0008677377593918178
0.0008678456234793058
0.001002043037350317
GEN 159 time 1609969524
0.0014584555404298799
0.0008677377593918178
0.0008678456234793058
0.001002043037350317
GEN 160 time 1609969527
0.0014584555404298799
0.0008677377593918178
0.0008678456234793058
0.001002043037350317
GEN 161 time 1609969529
0.0014584555404298799
0.0008677377593918178
0.0008678456234793058
0.001002043037350317
GEN 162 time 1609969531
0.0014584555404298799
0.0008677377593918178
0.0008592403303560503
0.001002043037350317
GEN 163 time 1609969533
0.0014584555404298799
0.0008677377593918178
0.0008592403303560503
0.001002043037350317
GEN 164 time 1609969535
0.0014584555404298799
0.0008677377593918178
0.0008592403303560503
0.001002043037350317
GEN 165 time 1609969537
0.0014584555404298799
0.0008677377593918178
0.0008592403303560503
0.001002043037350317
GEN 166 time 1609969540
0.0014584555404298799
0.0008677377593918178
0.0008592403303560503
0.001002043037350317
GEN 167 time 1609969542
0.0014584555404298799
0.0008677377593918178
0.0008592403303560503
0.001002043037350317
GEN 168 time 1609969544
0.0014584555404298799
0.0008677377593918178
0.0008592403303560503
0.001002043037350317
GEN 169 time 1609969546
0.0014584555404298799
0.0008677377593918178
0.0008592403303560503
0.001002043037350317
GEN 170 time 1609969548
0.0014584555404298799
0.0008677377593918178
0.0008592403303560503
0.001002043037350317
GEN 171 time 1609969551
0.0014584555404298799
0.0008677377593918178
0.0008592403303560503
0.001002043037350317
GEN 172 time 1609969553
0.0014584555404298799
0.0008677377593918178
0.0008592403303560503
0.001002043037350317
GEN 173 time 1609969555
0.0014584555404298799
0.0008677377593918178
0.0008592403303560503
0.001002043037350317
GEN 174 time 1609969557
0.0014584555404298799
0.0008677377593918178
0.0008592403303560503
0.001002043037350317
GEN 175 time 1609969559
0.0014584555404298799
0.0008677377593918178
0.0008592403303560503
0.001002043037350317
GEN 176 time 1609969561
0.0014584555404298799
0.0008677377593918178
0.0008592403303560503
0.001002043037350317
GEN 177 time 1609969564
0.0014584555404298799
0.0008677377593918178
0.0008592403303560503
0.001002043037350317
GEN 178 time 1609969566
0.0014584555404298799
0.0008677377593918178
0.0008592403303560503
0.001002043037350317
GEN 179 time 1609969568
0.0014584555404298799
0.0008677377593918178
0.0008592403303560503
0.001002043037350317
GEN 180 time 1609969570
0.0014584555404298799
0.0008677377593918178
0.0008592403303560503
0.001002043037350317
GEN 181 time 1609969572
0.0014584555404298799
0.0008677377593918178
0.0008592403303560503
0.001002043037350317
GEN 182 time 1609969574
0.0014584555404298799
0.0008677377593918178
0.0008592403303560503
0.001002043037350317
GEN 183 time 1609969577
0.0014584555404298799
0.0008677377593918178
0.0008592403303560503
0.001002043037350317
GEN 184 time 1609969579
0.0014584555404298799
0.0008677377593918178
0.0008592403303560503
0.001002043037350317
GEN 185 time 1609969581
0.0014584555404298799
0.0008677377593918178
0.0008592403303560503
0.001002043037350317
GEN 186 time 1609969583
0.0014584555404298799
0.0008677377593918178
0.0008592403303560503
0.001002043037350317
GEN 187 time 1609969585
0.0014584555404298799
0.0008677377593918178
0.0008592403303560503
0.001002043037350317
GEN 188 time 1609969587
0.0014584555404298799
0.0008677377593918178
0.0008592403303560503
0.001002043037350317
GEN 189 time 1609969590
0.0014584555404298799
0.0008677377593918178
0.0008592403303560503
0.001002043037350317
GEN 190 time 1609969592
0.0014584555404298799
0.0008677377593918178
0.0008592403303560503
0.001002043037350317
GEN 191 time 1609969594
0.0014584555404298799
0.0008677377593918178
0.0008592403303560503
0.001002043037350317
GEN 192 time 1609969596
0.0014584555404298799
0.0008677377593918178
0.0008592403303560503
0.001002043037350317
GEN 193 time 1609969598
0.0014584555404298799
0.0008677377593918178
0.0008592403303560503
0.001002043037350317
GEN 194 time 1609969600
0.0014584555404298799
0.0008677377593918178
0.0008592403303560503
0.001002043037350317
GEN 195 time 1609969602
0.0014584555404298799
0.0008677377593918178
0.0008592403303560503
0.001002043037350317
GEN 196 time 1609969605
0.0014584555404298799
0.0008677377593918178
0.0008592403303560503
0.001002043037350317
GEN 197 time 1609969607
0.0014584555404298799
0.0008677377593918178
0.0008592403303560503
0.001002043037350317
GEN 198 time 1609969609
0.0014584555404298799
0.0008677377593918178
0.0008592403303560503
0.001002043037350317
GEN 199 time 1609969611
0.0014584555404298799
0.0008677377593918178
0.0008592403303560503
0.001002043037350317
