['./data/small/layer/uu-dem3_r25_1.json', './data/small/hop/uu-dem5_r25_1_0.json', './data/small/hop/uu-dem3_r25_1_0.json', './data/small/hop/uu-dem8_r25_1_0.json']
GEN 0 time 1609964253
0.0017058410808370235
0.0012138119815232667
0.0014233889614769435
0.001206792908622349
GEN 1 time 1609964255
0.0017058410808370235
0.001106900160619208
0.0014233889614769435
0.0012025043150509817
GEN 2 time 1609964258
0.0017058410808370235
0.001106900160619208
0.0012368935592772582
0.0011103894046916125
GEN 3 time 1609964260
0.0017058410808370235
0.001106900160619208
0.0012368935592772582
0.0010941902665559645
GEN 4 time 1609964262
0.0017058410808370235
0.001106900160619208
0.0012368935592772582
0.0010941902665559645
GEN 5 time 1609964264
0.0017058410808370235
0.001052771686465652
0.001231499848534513
0.0010398241808314602
GEN 6 time 1609964266
0.0017058410808370235
0.001052771686465652
0.001231499848534513
0.00101765977956701
GEN 7 time 1609964269
0.0017058410808370235
0.001052771686465652
0.001231499848534513
0.00101765977956701
GEN 8 time 1609964271
0.0017058410808370235
0.001052771686465652
0.001231499848534513
0.00101765977956701
GEN 9 time 1609964273
0.0017058410808370235
0.0010482914239193569
0.001231499848534513
0.00101765977956701
GEN 10 time 1609964275
0.0017058410808370235
0.00104764976545657
0.0012234260747390282
0.00101765977956701
GEN 11 time 1609964278
0.0017058410808370235
0.00104764976545657
0.0012035161658613873
0.00101765977956701
GEN 12 time 1609964280
0.0017058410808370235
0.00104764976545657
0.0012035161658613873
0.00101765977956701
GEN 13 time 1609964282
0.0017058410808370235
0.0010194276903621306
0.0012035161658613873
0.00101765977956701
GEN 14 time 1609964284
0.0017058410808370235
0.0010194276903621306
0.0012035161658613873
0.00101765977956701
GEN 15 time 1609964287
0.0017058410808370235
0.0010194276903621306
0.0012035161658613873
0.00101765977956701
GEN 16 time 1609964289
0.0017058410808370235
0.0010194276903621306
0.0012035161658613873
0.00101765977956701
GEN 17 time 1609964291
0.0017058410808370235
0.0010194276903621306
0.0010439243931561124
0.00101765977956701
GEN 18 time 1609964294
0.0017058410808370235
0.0010194276903621306
0.0010439243931561124
0.00101765977956701
GEN 19 time 1609964296
0.0017058410808370235
0.0010194276903621306
0.0010439243931561124
0.00101765977956701
GEN 20 time 1609964298
0.0017058410808370235
0.0010194276903621306
0.0010439243931561124
0.00101765977956701
GEN 21 time 1609964300
0.0017058410808370235
0.0010194276903621306
0.0010439243931561124
0.00101765977956701
GEN 22 time 1609964303
0.0017058410808370235
0.0010194276903621306
0.0010439243931561124
0.00101765977956701
GEN 23 time 1609964305
0.0017058410808370235
0.000943468498866294
0.0010439243931561124
0.00101765977956701
GEN 24 time 1609964307
0.0017058410808370235
0.000943468498866294
0.0010439243931561124
0.00101765977956701
GEN 25 time 1609964309
0.0017058410808370235
0.000943468498866294
0.0010439243931561124
0.00101765977956701
GEN 26 time 1609964312
0.0017058410808370235
0.000943468498866294
0.0010439243931561124
0.00101765977956701
GEN 27 time 1609964314
0.0017058410808370235
0.000943468498866294
0.0010439243931561124
0.00101765977956701
GEN 28 time 1609964316
0.0017058410808370235
0.000943468498866294
0.0010439243931561124
0.00101765977956701
GEN 29 time 1609964318
0.0017058410808370235
0.000943468498866294
0.0010439243931561124
0.00101765977956701
GEN 30 time 1609964321
0.0017058410808370235
0.000943468498866294
0.0010439243931561124
0.00101765977956701
GEN 31 time 1609964323
0.0017058410808370235
0.000943468498866294
0.0010439243931561124
0.00101765977956701
GEN 32 time 1609964325
0.0017058410808370235
0.000943468498866294
0.0010439243931561124
0.00101765977956701
GEN 33 time 1609964327
0.0017058410808370235
0.000943468498866294
0.0010439243931561124
0.00101765977956701
GEN 34 time 1609964330
0.0017058410808370235
0.000943468498866294
0.0010435229209072023
0.00101765977956701
GEN 35 time 1609964332
0.0017058410808370235
0.000943468498866294
0.0010435229209072023
0.00101765977956701
GEN 36 time 1609964334
0.0017058410808370235
0.000943468498866294
0.0010435229209072023
0.00101765977956701
GEN 37 time 1609964336
0.0017058410808370235
0.000943468498866294
0.0010435229209072023
0.00101765977956701
GEN 38 time 1609964339
0.0017058410808370235
0.000943468498866294
0.0010435229209072023
0.00101765977956701
GEN 39 time 1609964341
0.0017058410808370235
0.000943468498866294
0.0010435229209072023
0.00101765977956701
GEN 40 time 1609964343
0.0017058410808370235
0.000943468498866294
0.0010435229209072023
0.00101765977956701
GEN 41 time 1609964346
0.0017058410808370235
0.000943468498866294
0.001039358286426296
0.00101765977956701
GEN 42 time 1609964348
0.0017058410808370235
0.000943468498866294
0.001039358286426296
0.00101765977956701
GEN 43 time 1609964350
0.0017058410808370235
0.000943468498866294
0.001039358286426296
0.00101765977956701
GEN 44 time 1609964352
0.0017058410808370235
0.000943468498866294
0.001039358286426296
0.00101765977956701
GEN 45 time 1609964355
0.0017058410808370235
0.000943468498866294
0.001039358286426296
0.00101765977956701
GEN 46 time 1609964357
0.0017058410808370235
0.000943468498866294
0.001039358286426296
0.00101765977956701
GEN 47 time 1609964359
0.0017058410808370235
0.000943468498866294
0.001039358286426296
0.00101765977956701
GEN 48 time 1609964361
0.0017058410808370235
0.000943468498866294
0.001039358286426296
0.00101765977956701
GEN 49 time 1609964364
0.0017058410808370235
0.000943468498866294
0.0010022504832899325
0.00101765977956701
GEN 50 time 1609964366
0.0017058410808370235
0.000943468498866294
0.0010022504832899325
0.00101765977956701
GEN 51 time 1609964368
0.0017058410808370235
0.000943468498866294
0.0010022504832899325
0.00101765977956701
GEN 52 time 1609964371
0.0017058410808370235
0.000943468498866294
0.0010022504832899325
0.00101765977956701
GEN 53 time 1609964373
0.0017058410808370235
0.000943468498866294
0.0010022504832899325
0.00101765977956701
GEN 54 time 1609964376
0.0017058410808370235
0.000943468498866294
0.0010022504832899325
0.00101765977956701
GEN 55 time 1609964378
0.0017058410808370235
0.000943468498866294
0.0010022504832899325
0.00101765977956701
GEN 56 time 1609964380
0.0017058410808370235
0.000943468498866294
0.0010022504832899325
0.00101765977956701
GEN 57 time 1609964383
0.0017058410808370235
0.000943468498866294
0.0010022504832899325
0.00101765977956701
GEN 58 time 1609964385
0.0017058410808370235
0.000943468498866294
0.0010022504832899325
0.00101765977956701
GEN 59 time 1609964387
0.0017058410808370235
0.000943468498866294
0.0010022504832899325
0.00101765977956701
GEN 60 time 1609964389
0.0017058410808370235
0.000943468498866294
0.0010022504832899325
0.00101765977956701
GEN 61 time 1609964392
0.0017058410808370235
0.000943468498866294
0.0009771434576621122
0.00101765977956701
GEN 62 time 1609964394
0.0017058410808370235
0.000943468498866294
0.0009771434576621122
0.00101765977956701
GEN 63 time 1609964396
0.0017058410808370235
0.000943468498866294
0.0009771434576621122
0.00101765977956701
GEN 64 time 1609964399
0.0017058410808370235
0.000943468498866294
0.0009771434576621122
0.00101765977956701
GEN 65 time 1609964401
0.0017058410808370235
0.000943468498866294
0.0009771434576621122
0.00101765977956701
GEN 66 time 1609964403
0.0017058410808370235
0.000943468498866294
0.0009771434576621122
0.00101765977956701
GEN 67 time 1609964405
0.0017058410808370235
0.000943468498866294
0.0009771434576621122
0.00101765977956701
GEN 68 time 1609964408
0.0017058410808370235
0.000943468498866294
0.0009771434576621122
0.00101765977956701
GEN 69 time 1609964410
0.0017058410808370235
0.000943468498866294
0.0009771434576621122
0.00101765977956701
GEN 70 time 1609964412
0.0017058410808370235
0.000943468498866294
0.0009771434576621122
0.00101765977956701
GEN 71 time 1609964415
0.0017058410808370235
0.000943468498866294
0.0009746392986628048
0.00101765977956701
GEN 72 time 1609964417
0.0017058410808370235
0.000943468498866294
0.0009746392986628048
0.00101765977956701
GEN 73 time 1609964419
0.0017058410808370235
0.000943468498866294
0.0009746392986628048
0.00101765977956701
GEN 74 time 1609964421
0.0017058410808370235
0.000943468498866294
0.0009746392986628048
0.00101765977956701
GEN 75 time 1609964424
0.0017058410808370235
0.000943468498866294
0.0008815039401971587
0.00101765977956701
GEN 76 time 1609964426
0.0017058410808370235
0.000943468498866294
0.0008815039401971587
0.00101765977956701
GEN 77 time 1609964428
0.0017058410808370235
0.000943468498866294
0.0008815039401971587
0.00101765977956701
GEN 78 time 1609964430
0.0017058410808370235
0.000943468498866294
0.0008815039401971587
0.00101765977956701
GEN 79 time 1609964433
0.0017058410808370235
0.000943468498866294
0.0008815039401971587
0.00101765977956701
GEN 80 time 1609964435
0.0017058410808370235
0.000943468498866294
0.0008815039401971587
0.00101765977956701
GEN 81 time 1609964437
0.0017058410808370235
0.000943468498866294
0.0008815039401971587
0.00101765977956701
GEN 82 time 1609964439
0.0017058410808370235
0.000943468498866294
0.0008815039401971587
0.00101765977956701
GEN 83 time 1609964442
0.0017058410808370235
0.000943468498866294
0.0008815039401971587
0.00101765977956701
GEN 84 time 1609964444
0.0017058410808370235
0.000943468498866294
0.0008815039401971587
0.00101765977956701
GEN 85 time 1609964446
0.0017058410808370235
0.000943468498866294
0.0008815039401971587
0.00101765977956701
GEN 86 time 1609964448
0.0017058410808370235
0.000943468498866294
0.0008815039401971587
0.00101765977956701
GEN 87 time 1609964451
0.0017058410808370235
0.000943468498866294
0.0008815039401971587
0.00101765977956701
GEN 88 time 1609964453
0.0017058410808370235
0.000943468498866294
0.0008815039401971587
0.00101765977956701
GEN 89 time 1609964455
0.0017058410808370235
0.000943468498866294
0.0008815039401971587
0.00101765977956701
GEN 90 time 1609964457
0.0017058410808370235
0.000943468498866294
0.0008815039401971587
0.00101765977956701
GEN 91 time 1609964460
0.0017058410808370235
0.000943468498866294
0.0008815039401971587
0.00101765977956701
GEN 92 time 1609964462
0.0017058410808370235
0.000943468498866294
0.0008815039401971587
0.00101765977956701
GEN 93 time 1609964464
0.0017058410808370235
0.000943468498866294
0.0008815039401971587
0.00101765977956701
GEN 94 time 1609964466
0.0017058410808370235
0.000943468498866294
0.0008815039401971587
0.00101765977956701
GEN 95 time 1609964469
0.0017058410808370235
0.000943468498866294
0.0008815039401971587
0.00101765977956701
GEN 96 time 1609964471
0.0017058410808370235
0.000943468498866294
0.0008815039401971587
0.00101765977956701
GEN 97 time 1609964473
0.0017058410808370235
0.000943468498866294
0.0008815039401971587
0.00101765977956701
GEN 98 time 1609964475
0.0017058410808370235
0.000943468498866294
0.0008815039401971587
0.00101765977956701
GEN 99 time 1609964478
0.0017058410808370235
0.000943468498866294
0.0008815039401971587
0.00101765977956701
GEN 100 time 1609964480
0.0017058410808370235
0.000943468498866294
0.0008815039401971587
0.00101765977956701
GEN 101 time 1609964482
0.0017058410808370235
0.000943468498866294
0.0008815039401971587
0.00101765977956701
GEN 102 time 1609964485
0.0017058410808370235
0.000943468498866294
0.0008815039401971587
0.00101765977956701
GEN 103 time 1609964487
0.0017058410808370235
0.000943468498866294
0.0008815039401971587
0.00101765977956701
GEN 104 time 1609964489
0.0017058410808370235
0.000943468498866294
0.0008815039401971587
0.00101765977956701
GEN 105 time 1609964492
0.0017058410808370235
0.000943468498866294
0.0008815039401971587
0.00101765977956701
GEN 106 time 1609964494
0.0017058410808370235
0.000943468498866294
0.0008815039401971587
0.00101765977956701
GEN 107 time 1609964496
0.0017058410808370235
0.000943468498866294
0.0008815039401971587
0.00101765977956701
GEN 108 time 1609964499
0.0017058410808370235
0.000943468498866294
0.0008815039401971587
0.00101765977956701
GEN 109 time 1609964501
0.0017058410808370235
0.000943468498866294
0.0008815039401971587
0.00101765977956701
GEN 110 time 1609964503
0.0017058410808370235
0.000943468498866294
0.0008815039401971587
0.00101765977956701
GEN 111 time 1609964506
0.0017058410808370235
0.000943468498866294
0.0008815039401971587
0.00101765977956701
GEN 112 time 1609964508
0.0017058410808370235
0.000943468498866294
0.0008815039401971587
0.00101765977956701
GEN 113 time 1609964511
0.0017058410808370235
0.000943468498866294
0.0008815039401971587
0.00101765977956701
GEN 114 time 1609964513
0.0017058410808370235
0.000943468498866294
0.0008815039401971587
0.00101765977956701
GEN 115 time 1609964515
0.0017058410808370235
0.000943468498866294
0.0008815039401971587
0.00101765977956701
GEN 116 time 1609964518
0.0017058410808370235
0.000943468498866294
0.0008815039401971587
0.00101765977956701
GEN 117 time 1609964520
0.0017058410808370235
0.000943468498866294
0.0008815039401971587
0.00101765977956701
GEN 118 time 1609964522
0.0017058410808370235
0.000943468498866294
0.0008815039401971587
0.00101765977956701
GEN 119 time 1609964525
0.0017058410808370235
0.000943468498866294
0.0008815039401971587
0.00101765977956701
GEN 120 time 1609964527
0.0017058410808370235
0.000943468498866294
0.0008815039401971587
0.00101765977956701
GEN 121 time 1609964529
0.0017058410808370235
0.000943468498866294
0.0008815039401971587
0.00101765977956701
GEN 122 time 1609964532
0.0017058410808370235
0.000943468498866294
0.0008815039401971587
0.00101765977956701
GEN 123 time 1609964534
0.0017058410808370235
0.000943468498866294
0.0008815039401971587
0.00101765977956701
GEN 124 time 1609964536
0.0017058410808370235
0.000943468498866294
0.0008815039401971587
0.00101765977956701
GEN 125 time 1609964538
0.0017058410808370235
0.000943468498866294
0.0008815039401971587
0.00101765977956701
GEN 126 time 1609964541
0.0017058410808370235
0.000943468498866294
0.0008815039401971587
0.00101765977956701
GEN 127 time 1609964543
0.0017058410808370235
0.000943468498866294
0.0008815039401971587
0.00101765977956701
GEN 128 time 1609964545
0.0017058410808370235
0.000943468498866294
0.0008815039401971587
0.00101765977956701
GEN 129 time 1609964548
0.0017058410808370235
0.000943468498866294
0.0008815039401971587
0.00101765977956701
GEN 130 time 1609964550
0.0017058410808370235
0.000943468498866294
0.0008815039401971587
0.00101765977956701
GEN 131 time 1609964552
0.0017058410808370235
0.000943468498866294
0.0008815039401971587
0.00101765977956701
GEN 132 time 1609964555
0.0017058410808370235
0.000943468498866294
0.0008815039401971587
0.00101765977956701
GEN 133 time 1609964557
0.0017058410808370235
0.000943468498866294
0.0008815039401971587
0.00101765977956701
GEN 134 time 1609964559
0.0017058410808370235
0.000943468498866294
0.0008815039401971587
0.00101765977956701
GEN 135 time 1609964562
0.0017058410808370235
0.000943468498866294
0.0008815039401971587
0.00101765977956701
GEN 136 time 1609964564
0.0017058410808370235
0.000943468498866294
0.0008815039401971587
0.00101765977956701
GEN 137 time 1609964566
0.0017058410808370235
0.000943468498866294
0.0008815039401971587
0.00101765977956701
GEN 138 time 1609964569
0.0017058410808370235
0.000943468498866294
0.0008815039401971587
0.00101765977956701
GEN 139 time 1609964571
0.0017058410808370235
0.000943468498866294
0.0008815039401971587
0.00101765977956701
GEN 140 time 1609964573
0.0017058410808370235
0.000943468498866294
0.0008815039401971587
0.00101765977956701
GEN 141 time 1609964575
0.0017058410808370235
0.000943468498866294
0.0008815039401971587
0.00101765977956701
GEN 142 time 1609964578
0.0017058410808370235
0.000943468498866294
0.0008815039401971587
0.00101765977956701
GEN 143 time 1609964580
0.0017058410808370235
0.000943468498866294
0.0008815039401971587
0.00101765977956701
GEN 144 time 1609964582
0.0017058410808370235
0.000943468498866294
0.0008815039401971587
0.00101765977956701
GEN 145 time 1609964585
0.0017058410808370235
0.000943468498866294
0.0008815039401971587
0.00101765977956701
GEN 146 time 1609964587
0.0017058410808370235
0.000943468498866294
0.0008815039401971587
0.00101765977956701
GEN 147 time 1609964589
0.0017058410808370235
0.000943468498866294
0.0008815039401971587
0.00101765977956701
GEN 148 time 1609964592
0.0017058410808370235
0.000943468498866294
0.0008815039401971587
0.00101765977956701
GEN 149 time 1609964594
0.0017058410808370235
0.000943468498866294
0.0008815039401971587
0.00101765977956701
GEN 150 time 1609964596
0.0017058410808370235
0.000943468498866294
0.0008815039401971587
0.00101765977956701
GEN 151 time 1609964599
0.0017058410808370235
0.000943468498866294
0.0008815039401971587
0.00101765977956701
GEN 152 time 1609964601
0.0017058410808370235
0.000943468498866294
0.0008815039401971587
0.00101765977956701
GEN 153 time 1609964603
0.0017058410808370235
0.000943468498866294
0.0008815039401971587
0.00101765977956701
GEN 154 time 1609964606
0.0017058410808370235
0.000943468498866294
0.0008815039401971587
0.00101765977956701
GEN 155 time 1609964608
0.0017058410808370235
0.000943468498866294
0.0008815039401971587
0.00101765977956701
GEN 156 time 1609964610
0.0017058410808370235
0.000943468498866294
0.0008815039401971587
0.00101765977956701
GEN 157 time 1609964613
0.0017058410808370235
0.000943468498866294
0.0008815039401971587
0.00101765977956701
GEN 158 time 1609964615
0.0017058410808370235
0.000943468498866294
0.0008815039401971587
0.00101765977956701
GEN 159 time 1609964617
0.0017058410808370235
0.000943468498866294
0.0008815039401971587
0.00101765977956701
GEN 160 time 1609964620
0.0017058410808370235
0.000943468498866294
0.0008815039401971587
0.00101765977956701
GEN 161 time 1609964622
0.0017058410808370235
0.000943468498866294
0.0008815039401971587
0.00101765977956701
GEN 162 time 1609964624
0.0017058410808370235
0.000943468498866294
0.0008815039401971587
0.00101765977956701
GEN 163 time 1609964626
0.0017058410808370235
0.000943468498866294
0.0008815039401971587
0.00101765977956701
GEN 164 time 1609964629
0.0017058410808370235
0.000943468498866294
0.0008815039401971587
0.00101765977956701
GEN 165 time 1609964631
0.0017058410808370235
0.000943468498866294
0.0008815039401971587
0.00101765977956701
GEN 166 time 1609964633
0.0017058410808370235
0.000943468498866294
0.0008815039401971587
0.00101765977956701
GEN 167 time 1609964636
0.0017058410808370235
0.000943468498866294
0.0008815039401971587
0.00101765977956701
GEN 168 time 1609964638
0.0017058410808370235
0.000943468498866294
0.0008815039401971587
0.00101765977956701
GEN 169 time 1609964640
0.0017058410808370235
0.000943468498866294
0.0008815039401971587
0.00101765977956701
GEN 170 time 1609964643
0.0017058410808370235
0.000943468498866294
0.0008815039401971587
0.00101765977956701
GEN 171 time 1609964645
0.0017058410808370235
0.000943468498866294
0.0008815039401971587
0.00101765977956701
GEN 172 time 1609964648
0.0017058410808370235
0.000943468498866294
0.0008815039401971587
0.00101765977956701
GEN 173 time 1609964650
0.0017058410808370235
0.000943468498866294
0.000861197519632954
0.00101765977956701
GEN 174 time 1609964652
0.0017058410808370235
0.000943468498866294
0.000861197519632954
0.00101765977956701
GEN 175 time 1609964655
0.0017058410808370235
0.000943468498866294
0.000861197519632954
0.00101765977956701
GEN 176 time 1609964657
0.0017058410808370235
0.000943468498866294
0.000861197519632954
0.00101765977956701
GEN 177 time 1609964659
0.0017058410808370235
0.000943468498866294
0.000861197519632954
0.00101765977956701
GEN 178 time 1609964662
0.0017058410808370235
0.000943468498866294
0.000861197519632954
0.00101765977956701
GEN 179 time 1609964664
0.0017058410808370235
0.000943468498866294
0.000861197519632954
0.00101765977956701
GEN 180 time 1609964666
0.0017058410808370235
0.000943468498866294
0.000861197519632954
0.00101765977956701
GEN 181 time 1609964669
0.0017058410808370235
0.000943468498866294
0.000861197519632954
0.00101765977956701
GEN 182 time 1609964671
0.0017058410808370235
0.000943468498866294
0.000861197519632954
0.00101765977956701
GEN 183 time 1609964673
0.0017058410808370235
0.000943468498866294
0.000861197519632954
0.00101765977956701
GEN 184 time 1609964676
0.0017058410808370235
0.000943468498866294
0.000861197519632954
0.00101765977956701
GEN 185 time 1609964678
0.0017058410808370235
0.000943468498866294
0.000861197519632954
0.00101765977956701
GEN 186 time 1609964680
0.0017058410808370235
0.000943468498866294
0.0008482487666257729
0.00101765977956701
GEN 187 time 1609964683
0.0017058410808370235
0.000943468498866294
0.0008482487666257729
0.00101765977956701
GEN 188 time 1609964685
0.0017058410808370235
0.000943468498866294
0.0008482487666257729
0.00101765977956701
GEN 189 time 1609964687
0.0017058410808370235
0.000943468498866294
0.0008482487666257729
0.00101765977956701
GEN 190 time 1609964689
0.0017058410808370235
0.000943468498866294
0.0008482487666257729
0.00101765977956701
GEN 191 time 1609964692
0.0017058410808370235
0.000943468498866294
0.0008482487666257729
0.00101765977956701
GEN 192 time 1609964694
0.0017058410808370235
0.000943468498866294
0.0008482487666257729
0.00101765977956701
GEN 193 time 1609964696
0.0017058410808370235
0.000943468498866294
0.0008482487666257729
0.00101765977956701
GEN 194 time 1609964698
0.0017058410808370235
0.000943468498866294
0.0008482487666257729
0.00101765977956701
GEN 195 time 1609964701
0.0017058410808370235
0.000943468498866294
0.0008482487666257729
0.00101765977956701
GEN 196 time 1609964703
0.0017058410808370235
0.000943468498866294
0.0008482487666257729
0.00101765977956701
GEN 197 time 1609964705
0.0017058410808370235
0.000943468498866294
0.0008482487666257729
0.00101765977956701
GEN 198 time 1609964707
0.0017058410808370235
0.000943468498866294
0.0008482487666257729
0.00101765977956701
GEN 199 time 1609964710
0.0017058410808370235
0.000943468498866294
0.0008482487666257729
0.00101765977956701
