['./data/small/layer/uu-dem1_r25_1.json', './data/small/layer/uu-dem4_r25_1.json', './data/small/layer/uu-dem5_r25_1.json', './data/small/hop/uu-dem1_r25_1_0.json']
GEN 0 time 1609873521
0.0016593827280774775
0.0017532925531838558
0.002391184823506423
0.001088054300585161
GEN 1 time 1609873522
0.0015625358359953746
0.0016922587112516807
0.002391184823506423
0.001088054300585161
GEN 2 time 1609873524
0.0014571191963555909
0.0016009619307806487
0.002391184823506423
0.001088054300585161
GEN 3 time 1609873525
0.0014571191963555909
0.0016009619307806487
0.002391184823506423
0.001088054300585161
GEN 4 time 1609873527
0.0014571191963555909
0.0015532725531838558
0.002391184823506423
0.001088054300585161
GEN 5 time 1609873529
0.0014571191963555909
0.0015532725531838558
0.002391184823506423
0.001088054300585161
GEN 6 time 1609873530
0.0014571191963555909
0.0015532725531838558
0.002391184823506423
0.001088054300585161
GEN 7 time 1609873532
0.0014200353557188529
0.0015532725531838558
0.002391184823506423
0.001088054300585161
GEN 8 time 1609873533
0.0014200353557188529
0.0015532725531838558
0.002391184823506423
0.001088054300585161
GEN 9 time 1609873535
0.0014200353557188529
0.0015532725531838558
0.002391184823506423
0.001088054300585161
GEN 10 time 1609873537
0.0014200353557188529
0.0015532725531838558
0.002391184823506423
0.0010695063448259332
GEN 11 time 1609873538
0.0014200353557188529
0.0015532725531838558
0.002391184823506423
0.0010695063448259332
GEN 12 time 1609873540
0.0014200353557188529
0.001517686651654076
0.002391184823506423
0.0010695063448259332
GEN 13 time 1609873541
0.0013089946016198453
0.0014584555404298799
0.002391184823506423
0.0010462474487436216
GEN 14 time 1609873543
0.0013089946016198453
0.0014584555404298799
0.002391184823506423
0.0010462474487436216
GEN 15 time 1609873545
0.0013089946016198453
0.0014584555404298799
0.002391184823506423
0.001027951209522928
GEN 16 time 1609873546
0.0013089946016198453
0.0014584555404298799
0.002391184823506423
0.001027951209522928
GEN 17 time 1609873548
0.0013089946016198453
0.0014584555404298799
0.002191164823506423
0.001027951209522928
GEN 18 time 1609873549
0.0013089946016198453
0.0014584555404298799
0.002191164823506423
0.001027951209522928
GEN 19 time 1609873551
0.0013089946016198453
0.0014584555404298799
0.002191164823506423
0.001027951209522928
GEN 20 time 1609873553
0.0013089946016198453
0.0014584555404298799
0.002191164823506423
0.001027951209522928
GEN 21 time 1609873554
0.0013089946016198453
0.0014584555404298799
0.002191164823506423
0.001027951209522928
GEN 22 time 1609873556
0.0013089946016198453
0.0014584555404298799
0.002191164823506423
0.001027951209522928
GEN 23 time 1609873557
0.0013089946016198453
0.0014584555404298799
0.002191164823506423
0.001027951209522928
GEN 24 time 1609873559
0.0013089946016198453
0.0014584555404298799
0.002191164823506423
0.0008856156652355363
GEN 25 time 1609873561
0.0013089946016198453
0.0014584555404298799
0.002191164823506423
0.0008856156652355363
GEN 26 time 1609873562
0.0013089946016198453
0.0014584555404298799
0.002191164823506423
0.0008856156652355363
GEN 27 time 1609873564
0.0013089946016198453
0.0014584555404298799
0.002191164823506423
0.0008856156652355363
GEN 28 time 1609873566
0.0013089946016198453
0.0014584555404298799
0.002191164823506423
0.0008856156652355363
GEN 29 time 1609873567
0.0012868398269226704
0.0014584555404298799
0.002191164823506423
0.0008856156652355363
GEN 30 time 1609873569
0.0012868398269226704
0.0014584555404298799
0.002191164823506423
0.0008856156652355363
GEN 31 time 1609873571
0.0012868398269226704
0.0014584555404298799
0.002191164823506423
0.0008856156652355363
GEN 32 time 1609873572
0.0012868398269226704
0.0014584555404298799
0.002191164823506423
0.0008856156652355363
GEN 33 time 1609873574
0.0012868398269226704
0.0014584555404298799
0.002191164823506423
0.0008856156652355363
GEN 34 time 1609873575
0.0012868398269226704
0.0014584555404298799
0.002191164823506423
0.0008856156652355363
GEN 35 time 1609873577
0.0012868398269226704
0.0014584555404298799
0.002191164823506423
0.0008856156652355363
GEN 36 time 1609873579
0.0012868398269226704
0.0014584555404298799
0.002191164823506423
0.0008856156652355363
GEN 37 time 1609873580
0.0012868398269226704
0.0014584555404298799
0.002191164823506423
0.0008856156652355363
GEN 38 time 1609873582
0.0012868398269226704
0.0014584555404298799
0.002191164823506423
0.0008856156652355363
GEN 39 time 1609873584
0.0012868398269226704
0.0014584555404298799
0.002191164823506423
0.0008856156652355363
GEN 40 time 1609873585
0.0012868398269226704
0.0014584555404298799
0.002191164823506423
0.0008856156652355363
GEN 41 time 1609873587
0.0012868398269226704
0.0014584555404298799
0.002191164823506423
0.0008856156652355363
GEN 42 time 1609873589
0.0012868398269226704
0.0014584555404298799
0.002191164823506423
0.0008856156652355363
GEN 43 time 1609873590
0.0012868398269226704
0.0014584555404298799
0.002191164823506423
0.0008856156652355363
GEN 44 time 1609873592
0.0012868398269226704
0.0014584555404298799
0.002191164823506423
0.0008856156652355363
GEN 45 time 1609873594
0.0012868398269226704
0.0014584555404298799
0.002191164823506423
0.0008856156652355363
GEN 46 time 1609873595
0.0012868398269226704
0.0014584555404298799
0.002191164823506423
0.0008856156652355363
GEN 47 time 1609873597
0.0012868398269226704
0.0014584555404298799
0.002191164823506423
0.0008856156652355363
GEN 48 time 1609873599
0.0012868398269226704
0.0014584555404298799
0.002191164823506423
0.0008856156652355363
GEN 49 time 1609873600
0.0012868398269226704
0.0014584555404298799
0.002191164823506423
0.0008856156652355363
GEN 50 time 1609873602
0.0012868398269226704
0.0014584555404298799
0.002191164823506423
0.0008856156652355363
GEN 51 time 1609873604
0.0012868398269226704
0.0014584555404298799
0.002191164823506423
0.0008856156652355363
GEN 52 time 1609873605
0.0012868398269226704
0.0014584555404298799
0.002191164823506423
0.0008856156652355363
GEN 53 time 1609873607
0.0012868398269226704
0.0014584555404298799
0.002191164823506423
0.0008856156652355363
GEN 54 time 1609873609
0.0012868398269226704
0.0014584555404298799
0.002191164823506423
0.0008856156652355363
GEN 55 time 1609873610
0.0012868398269226704
0.0014584555404298799
0.002191164823506423
0.0008856156652355363
GEN 56 time 1609873612
0.0012868398269226704
0.0014584555404298799
0.002191164823506423
0.0008856156652355363
GEN 57 time 1609873613
0.0012868398269226704
0.0014584555404298799
0.002191164823506423
0.0008856156652355363
GEN 58 time 1609873615
0.0012868398269226704
0.0014584555404298799
0.002191164823506423
0.0008856156652355363
GEN 59 time 1609873617
0.0012868398269226704
0.0014584555404298799
0.002191164823506423
0.0008856156652355363
GEN 60 time 1609873619
0.0012868398269226704
0.0014584555404298799
0.002191164823506423
0.0008856156652355363
GEN 61 time 1609873620
0.0012868398269226704
0.0014584555404298799
0.002191164823506423
0.0008856156652355363
GEN 62 time 1609873622
0.0012868398269226704
0.0014584555404298799
0.002191164823506423
0.0008856156652355363
GEN 63 time 1609873623
0.0012868398269226704
0.0014584555404298799
0.002191164823506423
0.0008856156652355363
GEN 64 time 1609873625
0.0012868398269226704
0.0014584555404298799
0.002191164823506423
0.0008856156652355363
GEN 65 time 1609873627
0.0012868398269226704
0.0014584555404298799
0.002191164823506423
0.0008856156652355363
GEN 66 time 1609873628
0.0012868398269226704
0.0014584555404298799
0.002191164823506423
0.0008856156652355363
GEN 67 time 1609873630
0.0012868398269226704
0.0014584555404298799
0.002191164823506423
0.0008856156652355363
GEN 68 time 1609873632
0.0012868398269226704
0.0014584555404298799
0.002191164823506423
0.0008856156652355363
GEN 69 time 1609873633
0.0012868398269226704
0.0014584555404298799
0.002191164823506423
0.0008856156652355363
GEN 70 time 1609873635
0.0012868398269226704
0.0014584555404298799
0.002191164823506423
0.0008856156652355363
GEN 71 time 1609873637
0.0012868398269226704
0.0014584555404298799
0.002191164823506423
0.0008856156652355363
GEN 72 time 1609873638
0.0012868398269226704
0.0014584555404298799
0.002191164823506423
0.0008856156652355363
GEN 73 time 1609873640
0.0012868398269226704
0.0014584555404298799
0.002191164823506423
0.0008856156652355363
GEN 74 time 1609873642
0.0012868398269226704
0.0014584555404298799
0.002191164823506423
0.0008856156652355363
GEN 75 time 1609873643
0.0012868398269226704
0.0014584555404298799
0.002191164823506423
0.0008856156652355363
GEN 76 time 1609873645
0.0012868398269226704
0.0014584555404298799
0.002191164823506423
0.0008856156652355363
GEN 77 time 1609873647
0.0012868398269226704
0.0014584555404298799
0.002191164823506423
0.0008856156652355363
GEN 78 time 1609873648
0.0012868398269226704
0.0014584555404298799
0.002191164823506423
0.0008856156652355363
GEN 79 time 1609873650
0.0012868398269226704
0.0014584555404298799
0.002191164823506423
0.0008856156652355363
GEN 80 time 1609873651
0.0012868398269226704
0.0014584555404298799
0.002191164823506423
0.0008856156652355363
GEN 81 time 1609873653
0.0012868398269226704
0.0014584555404298799
0.002191164823506423
0.0008856156652355363
GEN 82 time 1609873655
0.0012868398269226704
0.0014584555404298799
0.002191164823506423
0.0008856156652355363
GEN 83 time 1609873656
0.0012868398269226704
0.0014584555404298799
0.002191164823506423
0.0008856156652355363
GEN 84 time 1609873658
0.001260584106568176
0.0014584555404298799
0.002191164823506423
0.0008856156652355363
GEN 85 time 1609873660
0.001220015355718853
0.0014584555404298799
0.002191164823506423
0.0008856156652355363
GEN 86 time 1609873661
0.001220015355718853
0.0014584555404298799
0.002191164823506423
0.0008856156652355363
GEN 87 time 1609873663
0.001220015355718853
0.0014584555404298799
0.002191164823506423
0.0008856156652355363
GEN 88 time 1609873665
0.001220015355718853
0.0014584555404298799
0.002191164823506423
0.0008856156652355363
GEN 89 time 1609873666
0.001220015355718853
0.0014584555404298799
0.002191164823506423
0.0008856156652355363
GEN 90 time 1609873668
0.001220015355718853
0.0014584555404298799
0.002191164823506423
0.0008856156652355363
GEN 91 time 1609873669
0.001220015355718853
0.0014584555404298799
0.002191164823506423
0.0008856156652355363
GEN 92 time 1609873671
0.001220015355718853
0.0014584555404298799
0.002191164823506423
0.0008856156652355363
GEN 93 time 1609873673
0.001220015355718853
0.0014584555404298799
0.002191164823506423
0.0008856156652355363
GEN 94 time 1609873674
0.001220015355718853
0.0014584555404298799
0.002191164823506423
0.0008856156652355363
GEN 95 time 1609873676
0.001220015355718853
0.0014584555404298799
0.002191164823506423
0.0008856156652355363
GEN 96 time 1609873677
0.001220015355718853
0.0014584555404298799
0.002191164823506423
0.0008823484551961927
GEN 97 time 1609873679
0.001220015355718853
0.0014584555404298799
0.002191164823506423
0.0008823484551961927
GEN 98 time 1609873681
0.001220015355718853
0.0014584555404298799
0.002191164823506423
0.0008823484551961927
GEN 99 time 1609873683
0.001220015355718853
0.0014584555404298799
0.002191164823506423
0.0008823484551961927
GEN 100 time 1609873684
0.001220015355718853
0.0014584555404298799
0.002191164823506423
0.0008823484551961927
GEN 101 time 1609873686
0.001220015355718853
0.0014584555404298799
0.002191164823506423
0.0008823484551961927
GEN 102 time 1609873688
0.001220015355718853
0.0014584555404298799
0.002191164823506423
0.0008823484551961927
GEN 103 time 1609873690
0.001220015355718853
0.0014584555404298799
0.002191164823506423
0.0008823484551961927
GEN 104 time 1609873691
0.001220015355718853
0.0014584555404298799
0.002191164823506423
0.0008823484551961927
GEN 105 time 1609873693
0.001220015355718853
0.0014584555404298799
0.002191164823506423
0.0008823484551961927
GEN 106 time 1609873694
0.001220015355718853
0.0014584555404298799
0.002191164823506423
0.0008823484551961927
GEN 107 time 1609873696
0.001220015355718853
0.0014584555404298799
0.002191164823506423
0.0008823484551961927
GEN 108 time 1609873698
0.001220015355718853
0.0014584555404298799
0.002191164823506423
0.0008823484551961927
GEN 109 time 1609873699
0.001220015355718853
0.0014584555404298799
0.002191164823506423
0.0008823484551961927
GEN 110 time 1609873701
0.001220015355718853
0.0014584555404298799
0.002191164823506423
0.0008823484551961927
GEN 111 time 1609873703
0.001220015355718853
0.0014584555404298799
0.002191164823506423
0.0008823484551961927
GEN 112 time 1609873704
0.001220015355718853
0.0014584555404298799
0.002191164823506423
0.0008823484551961927
GEN 113 time 1609873706
0.001220015355718853
0.0014584555404298799
0.002191164823506423
0.0008823484551961927
GEN 114 time 1609873707
0.001220015355718853
0.0014584555404298799
0.002191164823506423
0.0008823484551961927
GEN 115 time 1609873709
0.001220015355718853
0.0014584555404298799
0.002191164823506423
0.0008823484551961927
GEN 116 time 1609873711
0.001220015355718853
0.0014584555404298799
0.002191164823506423
0.0008823484551961927
GEN 117 time 1609873712
0.001220015355718853
0.0014584555404298799
0.002191164823506423
0.0008823484551961927
GEN 118 time 1609873714
0.001220015355718853
0.0014584555404298799
0.002191164823506423
0.0008823484551961927
GEN 119 time 1609873716
0.001220015355718853
0.0014584555404298799
0.002191164823506423
0.0008823484551961927
GEN 120 time 1609873717
0.001220015355718853
0.0014584555404298799
0.002191164823506423
0.0008823484551961927
GEN 121 time 1609873719
0.0012152876080902808
0.0014584555404298799
0.002191164823506423
0.0008823484551961927
GEN 122 time 1609873720
0.0012152876080902808
0.0014584555404298799
0.002191164823506423
0.0008823484551961927
GEN 123 time 1609873722
0.0012152876080902808
0.0014584555404298799
0.002191164823506423
0.0008823484551961927
GEN 124 time 1609873724
0.0012152876080902808
0.0014584555404298799
0.002191164823506423
0.0008823484551961927
GEN 125 time 1609873725
0.0012152876080902808
0.0014584555404298799
0.002191164823506423
0.0008823484551961927
GEN 126 time 1609873727
0.0012152876080902808
0.0014584555404298799
0.002191164823506423
0.0008823484551961927
GEN 127 time 1609873729
0.0012152876080902808
0.0014584555404298799
0.002191164823506423
0.0008823484551961927
GEN 128 time 1609873730
0.0012152876080902808
0.0014584555404298799
0.002191164823506423
0.0008823484551961927
GEN 129 time 1609873732
0.0012152876080902808
0.0014584555404298799
0.002191164823506423
0.0008823484551961927
GEN 130 time 1609873733
0.0012152876080902808
0.0014584555404298799
0.002191164823506423
0.0008823484551961927
GEN 131 time 1609873735
0.0012152876080902808
0.0014584555404298799
0.002191164823506423
0.0008823484551961927
GEN 132 time 1609873737
0.0012152876080902808
0.0014584555404298799
0.002191164823506423
0.0008823484551961927
GEN 133 time 1609873738
0.0012152876080902808
0.0014584555404298799
0.002191164823506423
0.0008823484551961927
GEN 134 time 1609873740
0.0012152876080902808
0.0014584555404298799
0.002191164823506423
0.0008823484551961927
GEN 135 time 1609873741
0.0012152876080902808
0.0014584555404298799
0.002191164823506423
0.0008823484551961927
GEN 136 time 1609873743
0.0012152876080902808
0.0014584555404298799
0.002191164823506423
0.0008823484551961927
GEN 137 time 1609873745
0.0012152876080902808
0.0014584555404298799
0.002191164823506423
0.0008823484551961927
GEN 138 time 1609873746
0.0012152876080902808
0.0014584555404298799
0.002191164823506423
0.0008823484551961927
GEN 139 time 1609873748
0.0012152876080902808
0.0014584555404298799
0.002191164823506423
0.0008823484551961927
GEN 140 time 1609873750
0.0012152876080902808
0.0014584555404298799
0.002191164823506423
0.0008823484551961927
GEN 141 time 1609873751
0.0012152876080902808
0.0014584555404298799
0.002191164823506423
0.0008823484551961927
GEN 142 time 1609873753
0.0012152876080902808
0.0014584555404298799
0.002191164823506423
0.0008823484551961927
GEN 143 time 1609873755
0.0012152876080902808
0.0014584555404298799
0.002191164823506423
0.0008823484551961927
GEN 144 time 1609873756
0.0012152876080902808
0.0014584555404298799
0.002191164823506423
0.0008823484551961927
GEN 145 time 1609873758
0.0012152876080902808
0.0014584555404298799
0.002191164823506423
0.0008823484551961927
GEN 146 time 1609873760
0.0012152876080902808
0.0014584555404298799
0.002191164823506423
0.0008823484551961927
GEN 147 time 1609873761
0.0012152876080902808
0.0014584555404298799
0.002191164823506423
0.0008823484551961927
GEN 148 time 1609873763
0.0011512795533306461
0.0014584555404298799
0.002191164823506423
0.0008823484551961927
GEN 149 time 1609873765
0.0011512795533306461
0.0014584555404298799
0.002191164823506423
0.0008823484551961927
GEN 150 time 1609873766
0.0011512795533306461
0.0014584555404298799
0.002191164823506423
0.0008823484551961927
GEN 151 time 1609873768
0.0011512795533306461
0.0014584555404298799
0.002191164823506423
0.0008823484551961927
GEN 152 time 1609873770
0.0011512795533306461
0.0014584555404298799
0.002191164823506423
0.0008823484551961927
GEN 153 time 1609873771
0.0011512795533306461
0.0014584555404298799
0.002191164823506423
0.0008823484551961927
GEN 154 time 1609873773
0.0011512795533306461
0.0014584555404298799
0.002191164823506423
0.0008823484551961927
GEN 155 time 1609873775
0.0011512795533306461
0.0014584555404298799
0.002191164823506423
0.0008823484551961927
GEN 156 time 1609873777
0.0011512795533306461
0.0014584555404298799
0.002191164823506423
0.0008823484551961927
GEN 157 time 1609873778
0.0011512795533306461
0.0014584555404298799
0.002191164823506423
0.0008823484551961927
GEN 158 time 1609873780
0.0011512795533306461
0.0014584555404298799
0.002191164823506423
0.0008823484551961927
GEN 159 time 1609873782
0.0011512795533306461
0.0014584555404298799
0.002191164823506423
0.0008823484551961927
GEN 160 time 1609873783
0.0011512795533306461
0.0014584555404298799
0.002191164823506423
0.0008823484551961927
GEN 161 time 1609873785
0.0011512795533306461
0.0014584555404298799
0.002191164823506423
0.0008823484551961927
GEN 162 time 1609873786
0.0011512795533306461
0.0014584555404298799
0.002191164823506423
0.0008823484551961927
GEN 163 time 1609873788
0.0011512795533306461
0.0014584555404298799
0.002191164823506423
0.0008823484551961927
GEN 164 time 1609873790
0.0011512795533306461
0.0014584555404298799
0.002191164823506423
0.0008823484551961927
GEN 165 time 1609873791
0.0011512795533306461
0.0014584555404298799
0.002191164823506423
0.0008823484551961927
GEN 166 time 1609873793
0.0011512795533306461
0.0014584555404298799
0.002191164823506423
0.0008823484551961927
GEN 167 time 1609873795
0.0011512795533306461
0.0014584555404298799
0.002191164823506423
0.0008700855299277395
GEN 168 time 1609873796
0.0011512795533306461
0.0014584555404298799
0.002191164823506423
0.0008700855299277395
GEN 169 time 1609873798
0.0011512795533306461
0.0014584555404298799
0.002191164823506423
0.0008700855299277395
GEN 170 time 1609873800
0.0011512795533306461
0.0014584555404298799
0.002191164823506423
0.0008700855299277395
GEN 171 time 1609873801
0.0011512795533306461
0.0014584555404298799
0.002191164823506423
0.0008700855299277395
GEN 172 time 1609873803
0.0011512795533306461
0.0014584555404298799
0.002191164823506423
0.0008700855299277395
GEN 173 time 1609873804
0.0011512795533306461
0.0014584555404298799
0.002191164823506423
0.0008700855299277395
GEN 174 time 1609873806
0.0011512795533306461
0.0014584555404298799
0.002191164823506423
0.0008700855299277395
GEN 175 time 1609873808
0.0011512795533306461
0.0014584555404298799
0.002191164823506423
0.0008700855299277395
GEN 176 time 1609873809
0.0011512795533306461
0.0014584555404298799
0.002191164823506423
0.0008700855299277395
GEN 177 time 1609873811
0.0011512795533306461
0.0014584555404298799
0.002191164823506423
0.0008700855299277395
GEN 178 time 1609873813
0.0011512795533306461
0.0014584555404298799
0.002191164823506423
0.0008700855299277395
GEN 179 time 1609873814
0.0011512795533306461
0.0014584555404298799
0.002191164823506423
0.0008700855299277395
GEN 180 time 1609873816
0.0011512795533306461
0.0014584555404298799
0.002191164823506423
0.0008700855299277395
GEN 181 time 1609873818
0.0011512795533306461
0.0014584555404298799
0.002191164823506423
0.0008700855299277395
GEN 182 time 1609873819
0.0011512795533306461
0.0014584555404298799
0.002191164823506423
0.0008700855299277395
GEN 183 time 1609873821
0.0011512795533306461
0.0014584555404298799
0.002191164823506423
0.0008700855299277395
GEN 184 time 1609873822
0.0011512795533306461
0.0014584555404298799
0.002191164823506423
0.0008700855299277395
GEN 185 time 1609873824
0.0011512795533306461
0.0014584555404298799
0.002191164823506423
0.0008700855299277395
GEN 186 time 1609873826
0.0011512795533306461
0.0014584555404298799
0.002191164823506423
0.0008700855299277395
GEN 187 time 1609873827
0.0011512795533306461
0.0014584555404298799
0.002191164823506423
0.0008700855299277395
GEN 188 time 1609873829
0.0011512795533306461
0.0014584555404298799
0.002191164823506423
0.0008700855299277395
GEN 189 time 1609873831
0.0011512795533306461
0.0014584555404298799
0.002191164823506423
0.0008700855299277395
GEN 190 time 1609873832
0.0011512795533306461
0.0014584555404298799
0.002191164823506423
0.0008700855299277395
GEN 191 time 1609873834
0.0011512795533306461
0.0014584555404298799
0.002191164823506423
0.0008700855299277395
GEN 192 time 1609873836
0.0011512795533306461
0.0014584555404298799
0.002191164823506423
0.0008700855299277395
GEN 193 time 1609873837
0.0011512795533306461
0.0014584555404298799
0.002191164823506423
0.0008700855299277395
GEN 194 time 1609873839
0.0011512795533306461
0.0014584555404298799
0.002191164823506423
0.0008700855299277395
GEN 195 time 1609873840
0.0011512795533306461
0.0014584555404298799
0.002191164823506423
0.0008700855299277395
GEN 196 time 1609873842
0.0011512795533306461
0.0014584555404298799
0.002191164823506423
0.0008700855299277395
GEN 197 time 1609873844
0.0011512795533306461
0.0014584555404298799
0.002191164823506423
0.0008700855299277395
GEN 198 time 1609873845
0.0011512795533306461
0.0014584555404298799
0.002191164823506423
0.0008700855299277395
GEN 199 time 1609873847
0.0011512795533306461
0.0014584555404298799
0.002191164823506423
0.0008700855299277395
