['./data/small/layer/uu-dem4_r25_1.json', './data/small/layer/uu-dem7_r25_1.json', './data/small/layer/uu-dem4_r50_1.json', './data/small/hop/uu-dem4_r25_1_0.json']
GEN 0 time 1617350622
0.0016645867073912172
0.0023368348238357903
0.0024230574250886407
0.001239862907573002
GEN 1 time 1617350623
0.0016645867073912172
0.0023368348238357903
0.0024230574250886407
0.001239862907573002
GEN 2 time 1617350624
0.0016645867073912172
0.0023368348238357903
0.0024230574250886407
0.0010982244316196262
GEN 3 time 1617350625
0.0016026107352003765
0.0023368348238357903
0.0024230574250886407
0.0010529072647329316
GEN 4 time 1617350626
0.0016026107352003765
0.0023368348238357903
0.0024230574250886407
0.0010529072647329316
GEN 5 time 1617350627
0.0016026107352003765
0.0023368348238357903
0.0024230574250886407
0.0010529072647329316
GEN 6 time 1617350628
0.0016026107352003765
0.0023368348238357903
0.0024230574250886407
0.0010529072647329316
GEN 7 time 1617350629
0.0016026107352003765
0.0023368348238357903
0.0023881709723581114
0.0010529072647329316
GEN 8 time 1617350630
0.0016026107352003765
0.0023368348238357903
0.0023881709723581114
0.0010082939493319299
GEN 9 time 1617350631
0.0015532725531838558
0.0023368348238357903
0.0023881709723581114
0.0010082939493319299
GEN 10 time 1617350632
0.0015532725531838558
0.0023368348238357903
0.0023881709723581114
0.0010082939493319299
GEN 11 time 1617350633
0.0015532725531838558
0.0023368348238357903
0.0023881709723581114
0.0010082939493319299
GEN 12 time 1617350634
0.0014971158080736228
0.0023368348238357903
0.0023881709723581114
0.0010082939493319299
GEN 13 time 1617350635
0.0014971158080736228
0.0023368348238357903
0.0023881709723581114
0.0010082939493319299
GEN 14 time 1617350636
0.0014971158080736228
0.0023368348238357903
0.0023881709723581114
0.0010082183248617718
GEN 15 time 1617350637
0.0014971158080736228
0.0023368348238357903
0.0023881709723581114
0.0010082183248617718
GEN 16 time 1617350638
0.0014971158080736228
0.0023368348238357903
0.0023881709723581114
0.0010082183248617718
GEN 17 time 1617350639
0.0014971158080736228
0.0023368348238357903
0.0023881709723581114
0.0010082183248617718
GEN 18 time 1617350640
0.0014971158080736228
0.0023368348238357903
0.0023881709723581114
0.0010082183248617718
GEN 19 time 1617350641
0.0014971158080736228
0.0023368348238357903
0.0023881709723581114
0.0010082183248617718
GEN 20 time 1617350642
0.0014971158080736228
0.0023368348238357903
0.0023881709723581114
0.0010082183248617718
GEN 21 time 1617350643
0.0014971158080736228
0.0023368348238357903
0.0023881709723581114
0.0010082183248617718
GEN 22 time 1617350644
0.0014971158080736228
0.0023368348238357903
0.0023881709723581114
0.0010082183248617718
GEN 23 time 1617350645
0.0014747726096474745
0.0023368348238357903
0.0023881709723581114
0.0010082183248617718
GEN 24 time 1617350646
0.0014747726096474745
0.0023368348238357903
0.0023881709723581114
0.0010082183248617718
GEN 25 time 1617350647
0.0014747726096474745
0.0023368348238357903
0.0023881709723581114
0.0010082183248617718
GEN 26 time 1617350648
0.0014747726096474745
0.0023368348238357903
0.0023881709723581114
0.0010082183248617718
GEN 27 time 1617350649
0.0014747726096474745
0.0023368348238357903
0.0023881709723581114
0.0010082183248617718
GEN 28 time 1617350650
0.0014747726096474745
0.0023368348238357903
0.0023881709723581114
0.0010082183248617718
GEN 29 time 1617350651
0.0014747726096474745
0.0023368348238357903
0.0023881709723581114
0.0008794656137304529
GEN 30 time 1617350652
0.0014747726096474745
0.0023368348238357903
0.0023881709723581114
0.0008794656137304529
GEN 31 time 1617350653
0.0014584555404298799
0.0023368348238357903
0.0023881709723581114
0.0008794656137304529
GEN 32 time 1617350654
0.0014584555404298799
0.0023368348238357903
0.0023881709723581114
0.0008794656137304529
GEN 33 time 1617350655
0.0014584555404298799
0.0023368348238357903
0.0023881709723581114
0.0008794656137304529
GEN 34 time 1617350656
0.0014584555404298799
0.0023368348238357903
0.0023881709723581114
0.0008794656137304529
GEN 35 time 1617350657
0.0014584555404298799
0.0023368348238357903
0.0023881709723581114
0.0008794656137304529
GEN 36 time 1617350658
0.0014584555404298799
0.0023368348238357903
0.0023881709723581114
0.0008794656137304529
GEN 37 time 1617350659
0.0014584555404298799
0.0023368348238357903
0.0023881709723581114
0.0008794656137304529
GEN 38 time 1617350660
0.0014584555404298799
0.0023368348238357903
0.0023881709723581114
0.0008794656137304529
GEN 39 time 1617350661
0.0014584555404298799
0.0023368348238357903
0.0023881709723581114
0.0008794656137304529
GEN 40 time 1617350662
0.0014584555404298799
0.0023368348238357903
0.0023881709723581114
0.0008794656137304529
GEN 41 time 1617350663
0.0014584555404298799
0.0023368348238357903
0.0023881709723581114
0.0008794656137304529
GEN 42 time 1617350664
0.0014584555404298799
0.0023368348238357903
0.0023881709723581114
0.0008794656137304529
GEN 43 time 1617350665
0.0014584555404298799
0.0023368348238357903
0.0023881709723581114
0.0008794656137304529
GEN 44 time 1617350666
0.0014584555404298799
0.0023368348238357903
0.0023881709723581114
0.0008794656137304529
GEN 45 time 1617350667
0.0014584555404298799
0.0023368348238357903
0.0023881709723581114
0.0008794656137304529
GEN 46 time 1617350668
0.0014584555404298799
0.0023368348238357903
0.0023881709723581114
0.0008794656137304529
GEN 47 time 1617350669
0.0014584555404298799
0.0023368348238357903
0.0023881709723581114
0.0008794656137304529
GEN 48 time 1617350670
0.0014584555404298799
0.0023368348238357903
0.0023881709723581114
0.0008794656137304529
GEN 49 time 1617350671
0.0014584555404298799
0.0023368348238357903
0.0023881709723581114
0.0008794656137304529
GEN 50 time 1617350672
0.0014584555404298799
0.0023368348238357903
0.0023881709723581114
0.0008698921934919838
GEN 51 time 1617350673
0.0014584555404298799
0.0023368348238357903
0.0023881709723581114
0.0008698921934919838
GEN 52 time 1617350674
0.0014584555404298799
0.0023368348238357903
0.0023881709723581114
0.0008698921934919838
GEN 53 time 1617350675
0.0014584555404298799
0.0023368348238357903
0.0023881709723581114
0.0008698921934919838
GEN 54 time 1617350676
0.0014584555404298799
0.0023368348238357903
0.0023881709723581114
0.0008698921934919838
GEN 55 time 1617350677
0.0014584555404298799
0.0023368348238357903
0.0023881709723581114
0.0008698921934919838
GEN 56 time 1617350678
0.0014584555404298799
0.0023368348238357903
0.0023881709723581114
0.0008698921934919838
GEN 57 time 1617350679
0.0014584555404298799
0.0023368348238357903
0.0023881709723581114
0.0008698921934919838
GEN 58 time 1617350680
0.0014584555404298799
0.0023368348238357903
0.0023881709723581114
0.0008698921934919838
GEN 59 time 1617350681
0.0014584555404298799
0.0023368348238357903
0.0023881709723581114
0.0008698921934919838
GEN 60 time 1617350682
0.0014584555404298799
0.0023368348238357903
0.0023881709723581114
0.0008698921934919838
GEN 61 time 1617350683
0.0014584555404298799
0.0023368348238357903
0.0023881709723581114
0.0008698921934919838
GEN 62 time 1617350684
0.0014584555404298799
0.0023368348238357903
0.0023881709723581114
0.0008698921934919838
GEN 63 time 1617350685
0.0014584555404298799
0.0023368348238357903
0.0023881709723581114
0.0008698921934919838
GEN 64 time 1617350686
0.0014584555404298799
0.0023368348238357903
0.0023881709723581114
0.0008698921934919838
GEN 65 time 1617350687
0.0014584555404298799
0.0023368348238357903
0.0023881709723581114
0.0008698921934919838
GEN 66 time 1617350688
0.0014584555404298799
0.0023368348238357903
0.0023881709723581114
0.0008698921934919838
GEN 67 time 1617350689
0.0014584555404298799
0.0023368348238357903
0.0023881709723581114
0.0008698921934919838
GEN 68 time 1617350690
0.0014584555404298799
0.0023368348238357903
0.0023881709723581114
0.0008698921934919838
GEN 69 time 1617350691
0.0014584555404298799
0.0023368348238357903
0.0023881709723581114
0.0008698921934919838
GEN 70 time 1617350692
0.0014584555404298799
0.0023368348238357903
0.0023881709723581114
0.0008698921934919838
GEN 71 time 1617350693
0.0014584555404298799
0.0023368348238357903
0.0023881709723581114
0.0008698921934919838
GEN 72 time 1617350694
0.0014584555404298799
0.0023368348238357903
0.0023881709723581114
0.0008698921934919838
GEN 73 time 1617350695
0.0014584555404298799
0.0023368348238357903
0.0023881709723581114
0.0008691560658184473
GEN 74 time 1617350696
0.0014584555404298799
0.0023368348238357903
0.0023881709723581114
0.0008691560658184473
GEN 75 time 1617350697
0.0014584555404298799
0.0023368348238357903
0.0023881709723581114
0.0008691560658184473
GEN 76 time 1617350698
0.0014584555404298799
0.0023368348238357903
0.0023881709723581114
0.0008691560658184473
GEN 77 time 1617350699
0.0014584555404298799
0.0023368348238357903
0.0023881709723581114
0.0008691560658184473
GEN 78 time 1617350700
0.0014584555404298799
0.0023368348238357903
0.0023881709723581114
0.0008691560658184473
GEN 79 time 1617350701
0.0014584555404298799
0.0023368348238357903
0.0023881709723581114
0.0008691560658184473
GEN 80 time 1617350702
0.0014584555404298799
0.0023368348238357903
0.0023881709723581114
0.0008691560658184473
GEN 81 time 1617350703
0.0014584555404298799
0.0023368348238357903
0.0023881709723581114
0.0008691560658184473
GEN 82 time 1617350704
0.0014584555404298799
0.0023368348238357903
0.0023881709723581114
0.0008691560658184473
GEN 83 time 1617350705
0.0014584555404298799
0.0023368348238357903
0.0023881709723581114
0.0008691560658184473
GEN 84 time 1617350706
0.0014584555404298799
0.0023368348238357903
0.0023881709723581114
0.0008691560658184473
GEN 85 time 1617350707
0.0014584555404298799
0.0023368348238357903
0.0023881709723581114
0.0008691560658184473
GEN 86 time 1617350708
0.0014584555404298799
0.0023368348238357903
0.0023881709723581114
0.0008691560658184473
GEN 87 time 1617350709
0.0014584555404298799
0.0023368348238357903
0.0023881709723581114
0.0008691560658184473
GEN 88 time 1617350710
0.0014584555404298799
0.0023368348238357903
0.0023881709723581114
0.0008691560658184473
GEN 89 time 1617350711
0.0014584555404298799
0.0023368348238357903
0.0023881709723581114
0.0008691560658184473
GEN 90 time 1617350712
0.0014584555404298799
0.0023368348238357903
0.0023881709723581114
0.0008691560658184473
GEN 91 time 1617350713
0.0014584555404298799
0.0023368348238357903
0.0023881709723581114
0.0008691560658184473
GEN 92 time 1617350714
0.0014584555404298799
0.0023368348238357903
0.0023881709723581114
0.0008691560658184473
GEN 93 time 1617350715
0.0014584555404298799
0.0023368348238357903
0.0023881709723581114
0.0008433359766870001
GEN 94 time 1617350716
0.0014584555404298799
0.0023368348238357903
0.0023881709723581114
0.0008433359766870001
GEN 95 time 1617350717
0.0014584555404298799
0.0023368348238357903
0.0023881709723581114
0.0008433359766870001
GEN 96 time 1617350718
0.0014584555404298799
0.0023368348238357903
0.0023881709723581114
0.0008433359766870001
GEN 97 time 1617350720
0.0014584555404298799
0.0023368348238357903
0.0023881709723581114
0.0008433359766870001
GEN 98 time 1617350720
0.0014584555404298799
0.0023368348238357903
0.0023881709723581114
0.0008433359766870001
GEN 99 time 1617350721
0.0014584555404298799
0.0023368348238357903
0.0023881709723581114
0.0008433359766870001
GEN 100 time 1617350722
0.0014584555404298799
0.0023368348238357903
0.0023881709723581114
0.0008433359766870001
GEN 101 time 1617350723
0.0014584555404298799
0.0023368348238357903
0.0023881709723581114
0.0008433359766870001
GEN 102 time 1617350724
0.0014584555404298799
0.0023368348238357903
0.0023881709723581114
0.0008433359766870001
GEN 103 time 1617350725
0.0014584555404298799
0.0023368348238357903
0.0023881709723581114
0.0008433359766870001
GEN 104 time 1617350727
0.0014584555404298799
0.0023368348238357903
0.0023881709723581114
0.0008433359766870001
GEN 105 time 1617350728
0.0014584555404298799
0.0023368348238357903
0.0023881709723581114
0.0008433359766870001
GEN 106 time 1617350729
0.0014584555404298799
0.0023368348238357903
0.0023881709723581114
0.0008433359766870001
GEN 107 time 1617350729
0.0014584555404298799
0.0023368348238357903
0.0023881709723581114
0.0008433359766870001
GEN 108 time 1617350730
0.0014584555404298799
0.0023368348238357903
0.0023881709723581114
0.0008433359766870001
GEN 109 time 1617350731
0.0014584555404298799
0.0023368348238357903
0.0023881709723581114
0.0008433359766870001
GEN 110 time 1617350732
0.0014584555404298799
0.0023368348238357903
0.0023881709723581114
0.0008433359766870001
GEN 111 time 1617350733
0.0014584555404298799
0.0023368348238357903
0.0023881709723581114
0.0008433359766870001
GEN 112 time 1617350735
0.0014584555404298799
0.0023368348238357903
0.0023881709723581114
0.0008433359766870001
GEN 113 time 1617350736
0.0014584555404298799
0.0023368348238357903
0.0023881709723581114
0.0008424164665479517
GEN 114 time 1617350737
0.0014584555404298799
0.0023368348238357903
0.0023881709723581114
0.0008424164665479517
GEN 115 time 1617350738
0.0014584555404298799
0.0023368348238357903
0.0023881709723581114
0.0008424164665479517
GEN 116 time 1617350738
0.0014584555404298799
0.0023368348238357903
0.0023881709723581114
0.0008424164665479517
GEN 117 time 1617350739
0.0014584555404298799
0.0023368348238357903
0.0023881709723581114
0.0008424164665479517
GEN 118 time 1617350740
0.0014584555404298799
0.0023368348238357903
0.0023881709723581114
0.0008424164665479517
GEN 119 time 1617350742
0.0014584555404298799
0.0023368348238357903
0.0023881709723581114
0.0008424164665479517
GEN 120 time 1617350743
0.0014584555404298799
0.0023368348238357903
0.0023881709723581114
0.0008424164665479517
GEN 121 time 1617350744
0.0014584555404298799
0.0023368348238357903
0.0023881709723581114
0.0008424164665479517
GEN 122 time 1617350745
0.0014584555404298799
0.0023368348238357903
0.0023881709723581114
0.0008424164665479517
GEN 123 time 1617350746
0.0014584555404298799
0.0023368348238357903
0.0023881709723581114
0.0008424164665479517
GEN 124 time 1617350746
0.0014584555404298799
0.0023368348238357903
0.0023881709723581114
0.0008424164665479517
GEN 125 time 1617350747
0.0014584555404298799
0.0023368348238357903
0.0023881709723581114
0.0008424164665479517
GEN 126 time 1617350748
0.0014584555404298799
0.0023368348238357903
0.0023881709723581114
0.0008424164665479517
GEN 127 time 1617350749
0.0014584555404298799
0.0023368348238357903
0.0023881709723581114
0.0008424164665479517
GEN 128 time 1617350750
0.0014584555404298799
0.0023368348238357903
0.0023881709723581114
0.0008424164665479517
GEN 129 time 1617350752
0.0014584555404298799
0.0023368348238357903
0.0023881709723581114
0.0008424164665479517
GEN 130 time 1617350752
0.0014584555404298799
0.0023368348238357903
0.0023881709723581114
0.0008424164665479517
GEN 131 time 1617350753
0.0014584555404298799
0.0023368348238357903
0.0023881709723581114
0.0008424164665479517
GEN 132 time 1617350754
0.0014584555404298799
0.0023368348238357903
0.0023881709723581114
0.0008424164665479517
GEN 133 time 1617350755
0.0014584555404298799
0.0023368348238357903
0.0023881709723581114
0.0008424164665479517
GEN 134 time 1617350756
0.0014584555404298799
0.0023368348238357903
0.0023881709723581114
0.0008424164665479517
GEN 135 time 1617350757
0.0014584555404298799
0.0023368348238357903
0.0023881709723581114
0.000839822907573002
GEN 136 time 1617350758
0.0014584555404298799
0.0023368348238357903
0.0023881709723581114
0.000839822907573002
GEN 137 time 1617350759
0.0014584555404298799
0.0023368348238357903
0.0023881709723581114
0.000839822907573002
GEN 138 time 1617350760
0.0014584555404298799
0.0023368348238357903
0.0023881709723581114
0.000839822907573002
GEN 139 time 1617350761
0.0014584555404298799
0.0023368348238357903
0.0023881709723581114
0.000839822907573002
GEN 140 time 1617350762
0.0014584555404298799
0.0023368348238357903
0.0023881709723581114
0.000839822907573002
GEN 141 time 1617350763
0.0014584555404298799
0.0023368348238357903
0.0023881709723581114
0.000839822907573002
GEN 142 time 1617350764
0.0014584555404298799
0.0023368348238357903
0.0023881709723581114
0.000839822907573002
GEN 143 time 1617350765
0.0014584555404298799
0.0023368348238357903
0.0023881709723581114
0.000839822907573002
GEN 144 time 1617350766
0.0014584555404298799
0.0023368348238357903
0.0023881709723581114
0.000839822907573002
GEN 145 time 1617350767
0.0014584555404298799
0.0023368348238357903
0.0023881709723581114
0.0008389803984104202
GEN 146 time 1617350768
0.0014584555404298799
0.0023368348238357903
0.0023881709723581114
0.0008389803984104202
GEN 147 time 1617350769
0.0014584555404298799
0.0023368348238357903
0.0023881709723581114
0.0008389803984104202
GEN 148 time 1617350770
0.0014584555404298799
0.0023368348238357903
0.0023881709723581114
0.0008389803984104202
GEN 149 time 1617350771
0.0014584555404298799
0.0023368348238357903
0.0023881709723581114
0.0008389803984104202
GEN 150 time 1617350772
0.0014584555404298799
0.0023368348238357903
0.0023881709723581114
0.0008389803984104202
GEN 151 time 1617350773
0.0014584555404298799
0.0023368348238357903
0.0023881709723581114
0.0008389803984104202
GEN 152 time 1617350774
0.0014584555404298799
0.0023368348238357903
0.0023881709723581114
0.0008389803984104202
GEN 153 time 1617350775
0.0014584555404298799
0.0023368348238357903
0.0023881709723581114
0.0008389803984104202
GEN 154 time 1617350776
0.0014584555404298799
0.0023368348238357903
0.0023881709723581114
0.0008389803984104202
GEN 155 time 1617350777
0.0014584555404298799
0.0023368348238357903
0.0023881709723581114
0.0008389803984104202
GEN 156 time 1617350778
0.0014584555404298799
0.0023368348238357903
0.0023881709723581114
0.0008389803984104202
GEN 157 time 1617350779
0.0014584555404298799
0.0023368348238357903
0.0023881709723581114
0.0008389803984104202
GEN 158 time 1617350780
0.0014584555404298799
0.0023368348238357903
0.0023881709723581114
0.0008389803984104202
GEN 159 time 1617350781
0.0014584555404298799
0.0023368348238357903
0.0023881709723581114
0.0008389803984104202
GEN 160 time 1617350782
0.0014584555404298799
0.0023368348238357903
0.0023881709723581114
0.0008389803984104202
GEN 161 time 1617350783
0.0014584555404298799
0.0023368348238357903
0.0023881709723581114
0.0008279190055401044
GEN 162 time 1617350784
0.0014584555404298799
0.0023368348238357903
0.0023881709723581114
0.0008279190055401044
GEN 163 time 1617350785
0.0014584555404298799
0.0023368348238357903
0.0023881709723581114
0.0008279190055401044
GEN 164 time 1617350786
0.0014584555404298799
0.0023368348238357903
0.0023881709723581114
0.0008279190055401044
GEN 165 time 1617350787
0.0014584555404298799
0.0023368348238357903
0.0023881709723581114
0.0008279190055401044
GEN 166 time 1617350788
0.0014584555404298799
0.0023368348238357903
0.0023881709723581114
0.0008279190055401044
GEN 167 time 1617350789
0.0014584555404298799
0.0023368348238357903
0.0023881709723581114
0.0008279190055401044
GEN 168 time 1617350790
0.0014584555404298799
0.0023368348238357903
0.0023881709723581114
0.0008279190055401044
GEN 169 time 1617350791
0.0014584555404298799
0.0023368348238357903
0.0023881709723581114
0.0008279190055401044
GEN 170 time 1617350792
0.0014584555404298799
0.0023368348238357903
0.0023881709723581114
0.0008279190055401044
GEN 171 time 1617350793
0.0014584555404298799
0.0023368348238357903
0.0023881709723581114
0.0008279190055401044
GEN 172 time 1617350794
0.0014584555404298799
0.0023368348238357903
0.0023881709723581114
0.0008279190055401044
GEN 173 time 1617350795
0.0014584555404298799
0.0023368348238357903
0.0023881709723581114
0.0008279190055401044
GEN 174 time 1617350796
0.0014584555404298799
0.0023368348238357903
0.0023881709723581114
0.0008279190055401044
GEN 175 time 1617350797
0.0014584555404298799
0.0023368348238357903
0.0023881709723581114
0.0008279190055401044
GEN 176 time 1617350798
0.0014584555404298799
0.0023368348238357903
0.0023881709723581114
0.0008279190055401044
GEN 177 time 1617350799
0.0014584555404298799
0.0023368348238357903
0.0023881709723581114
0.0008279190055401044
GEN 178 time 1617350800
0.0014584555404298799
0.0023368348238357903
0.0023881709723581114
0.0008279190055401044
GEN 179 time 1617350801
0.0014584555404298799
0.0023368348238357903
0.0023881709723581114
0.0008279190055401044
GEN 180 time 1617350802
0.0014584555404298799
0.0023368348238357903
0.0023881709723581114
0.0008279190055401044
GEN 181 time 1617350803
0.0014584555404298799
0.0023368348238357903
0.0023881709723581114
0.0008279190055401044
GEN 182 time 1617350804
0.0014584555404298799
0.0023368348238357903
0.0023881709723581114
0.0008279190055401044
GEN 183 time 1617350805
0.0014584555404298799
0.0023368348238357903
0.0023881709723581114
0.0008279190055401044
GEN 184 time 1617350806
0.0014584555404298799
0.0023368348238357903
0.0023881709723581114
0.0008279190055401044
GEN 185 time 1617350807
0.0014584555404298799
0.0023368348238357903
0.0023881709723581114
0.0008279190055401044
GEN 186 time 1617350808
0.0014584555404298799
0.0023368348238357903
0.0023881709723581114
0.0008279190055401044
GEN 187 time 1617350809
0.0014584555404298799
0.0023368348238357903
0.0023881709723581114
0.0008279190055401044
GEN 188 time 1617350810
0.0014584555404298799
0.0023368348238357903
0.0023881709723581114
0.0008279190055401044
GEN 189 time 1617350811
0.0014584555404298799
0.0023368348238357903
0.0023881709723581114
0.0008279190055401044
GEN 190 time 1617350812
0.0014584555404298799
0.0023368348238357903
0.0023881709723581114
0.0008279190055401044
GEN 191 time 1617350813
0.0014584555404298799
0.0023368348238357903
0.0023881709723581114
0.0008279190055401044
GEN 192 time 1617350814
0.0014584555404298799
0.0023368348238357903
0.0023881709723581114
0.0008279190055401044
GEN 193 time 1617350815
0.0014584555404298799
0.0023368348238357903
0.0023881709723581114
0.0008279190055401044
GEN 194 time 1617350816
0.0014584555404298799
0.0023368348238357903
0.0023881709723581114
0.0008279190055401044
GEN 195 time 1617350817
0.0014584555404298799
0.0023368348238357903
0.0023881709723581114
0.0008279190055401044
GEN 196 time 1617350818
0.0014584555404298799
0.0023368348238357903
0.0023881709723581114
0.0008279190055401044
GEN 197 time 1617350819
0.0014584555404298799
0.0023368348238357903
0.0023881709723581114
0.0008279190055401044
GEN 198 time 1617350820
0.0014584555404298799
0.0023368348238357903
0.0023881709723581114
0.0008279190055401044
GEN 199 time 1617350821
0.0014584555404298799
0.0023368348238357903
0.0023881709723581114
0.0008279190055401044
