['./data/small/layer/uu-dem9_r25_1.json', './data/small/layer/uu-dem8_r25_1.json', './data/small/layer/uu-dem1_r25_1.json', './data/small/hop/uu-dem9_r25_1_0.json', './data/small/hop/uu-dem6_r25_1_0.json', './data/small/hop/uu-dem1_r25_1_0.json']
GEN 0 time 1609988344
0.0022134743549586814
0.0019331241698611365
0.0016253133020812068
0.0018402817825546865
0.0012489907282300693
0.0012476361951847708
GEN 1 time 1609988347
0.0022134743549586814
0.0019331241698611365
0.0016253133020812068
0.0016401942319760696
0.0012489907282300693
0.0012476361951847708
GEN 2 time 1609988351
0.0022134743549586814
0.0019331241698611365
0.0016253133020812068
0.0016401942319760696
0.001218167344764568
0.0010531975046112725
GEN 3 time 1609988354
0.0020291903700840677
0.0019331241698611365
0.0016253133020812068
0.0016401942319760696
0.0010615616969513492
0.0010531975046112725
GEN 4 time 1609988357
0.0018266509095459789
0.0019331241698611365
0.0016253133020812068
0.0016401942319760696
0.0010615616969513492
0.0010531975046112725
GEN 5 time 1609988361
0.0018266509095459789
0.0019331241698611365
0.0016253133020812068
0.0016401942319760696
0.0010615616969513492
0.0010506514730592772
GEN 6 time 1609988364
0.0018266509095459789
0.0019331241698611365
0.0015052332367328583
0.0016401942319760696
0.0010555694322159385
0.0010506514730592772
GEN 7 time 1609988367
0.0018266509095459789
0.0019331241698611365
0.0014593627280774775
0.0016296248738722498
0.0010555694322159385
0.0010506514730592772
GEN 8 time 1609988371
0.0018266509095459789
0.0019331241698611365
0.0014571191963555909
0.0016260671569792284
0.0010555694322159385
0.0010506514730592772
GEN 9 time 1609988374
0.0018266509095459789
0.0019331241698611365
0.0014571191963555909
0.0016260671569792284
0.0010555694322159385
0.0010506514730592772
GEN 10 time 1609988378
0.0018266509095459789
0.0019331241698611365
0.0014571191963555909
0.0016227037446544662
0.0010555694322159385
0.0010506514730592772
GEN 11 time 1609988381
0.0018266509095459789
0.0019331241698611365
0.0014571191963555909
0.0016227037446544662
0.0010555694322159385
0.001026565241107378
GEN 12 time 1609988384
0.0018266509095459789
0.0019331241698611365
0.0014555776769893962
0.0016227037446544662
0.0010555694322159385
0.001026565241107378
GEN 13 time 1609988388
0.0018266509095459789
0.0019331241698611365
0.0014555776769893962
0.0016227037446544662
0.0010555694322159385
0.001026565241107378
GEN 14 time 1609988391
0.0018266509095459789
0.0019331241698611365
0.0014555776769893962
0.0016227037446544662
0.0010555694322159385
0.001026565241107378
GEN 15 time 1609988395
0.0018266509095459789
0.0019331241698611365
0.0014555776769893962
0.0016227037446544662
0.0010483416482588248
0.001026565241107378
GEN 16 time 1609988398
0.0018266509095459789
0.0019331241698611365
0.0014555776769893962
0.0016227037446544662
0.0010483416482588248
0.001026565241107378
GEN 17 time 1609988402
0.0018266509095459789
0.0019331241698611365
0.0012954332389593518
0.0016227037446544662
0.0010483416482588248
0.001026565241107378
GEN 18 time 1609988405
0.0018266509095459789
0.0019331241698611365
0.0012954332389593518
0.0016227037446544662
0.0010483416482588248
0.001026565241107378
GEN 19 time 1609988408
0.0018266509095459789
0.0019331241698611365
0.0012054737486709717
0.0016227037446544662
0.0010483416482588248
0.001026565241107378
GEN 20 time 1609988412
0.0018266509095459789
0.0019331241698611365
0.0012054737486709717
0.0016227037446544662
0.0010483416482588248
0.001026565241107378
GEN 21 time 1609988415
0.0018266509095459789
0.0019331241698611365
0.0012054737486709717
0.0016227037446544662
0.0010384758589111124
0.001026565241107378
GEN 22 time 1609988419
0.0018266509095459789
0.0019331241698611365
0.0012054737486709717
0.0016227037446544662
0.0010384758589111124
0.001026565241107378
GEN 23 time 1609988422
0.0018266509095459789
0.0019331241698611365
0.0012054737486709717
0.0016227037446544662
0.0010384758589111124
0.001026565241107378
GEN 24 time 1609988425
0.0018266509095459789
0.0019331241698611365
0.0012054737486709717
0.001476173183584927
0.0010384758589111124
0.001026565241107378
GEN 25 time 1609988429
0.0018266509095459789
0.0019331241698611365
0.0012054737486709717
0.001476173183584927
0.0010384758589111124
0.001026565241107378
GEN 26 time 1609988432
0.0018266509095459789
0.0019331241698611365
0.0012054737486709717
0.001476173183584927
0.0010384758589111124
0.001026565241107378
GEN 27 time 1609988435
0.0018266509095459789
0.0019331241698611365
0.0012054737486709717
0.001476173183584927
0.0010384758589111124
0.001026565241107378
GEN 28 time 1609988439
0.0018266509095459789
0.0019331241698611365
0.0012054737486709717
0.001476173183584927
0.0010384758589111124
0.001026565241107378
GEN 29 time 1609988442
0.0018266509095459789
0.0019331241698611365
0.0012054737486709717
0.0014226837446544665
0.0010384758589111124
0.001026565241107378
GEN 30 time 1609988446
0.0018266509095459789
0.0019331241698611365
0.0012054737486709717
0.0014226837446544665
0.0010384758589111124
0.0010203540949405958
GEN 31 time 1609988449
0.0018266509095459789
0.0019331241698611365
0.0012054737486709717
0.0014226837446544665
0.0010384758589111124
0.0010203540949405958
GEN 32 time 1609988452
0.0018266509095459789
0.0019331241698611365
0.0012054737486709717
0.0014226837446544665
0.0010384758589111124
0.001002043037350317
GEN 33 time 1609988456
0.0018266509095459789
0.0019331241698611365
0.0012054737486709717
0.0014226837446544665
0.0010384758589111124
0.001002043037350317
GEN 34 time 1609988459
0.0018266509095459789
0.0019331241698611365
0.0012054737486709717
0.0014226837446544665
0.0010384758589111124
0.001002043037350317
GEN 35 time 1609988462
0.0018266509095459789
0.0019331241698611365
0.0012054737486709717
0.0014226837446544665
0.0010384758589111124
0.0009881421523830285
GEN 36 time 1609988466
0.0018266509095459789
0.0019331241698611365
0.0012054737486709717
0.0014226837446544665
0.0010269593500894618
0.0009881421523830285
GEN 37 time 1609988469
0.0018266509095459789
0.0019331241698611365
0.0012054737486709717
0.0014226837446544665
0.0010269593500894618
0.0009881421523830285
GEN 38 time 1609988473
0.0018266509095459789
0.0019331241698611365
0.0012054737486709717
0.0014226837446544665
0.0010269593500894618
0.0009709363290650128
GEN 39 time 1609988476
0.0018266509095459789
0.0019331241698611365
0.0012054737486709717
0.0014226837446544665
0.0010269593500894618
0.0009709363290650128
GEN 40 time 1609988479
0.0018266509095459789
0.0019331241698611365
0.0012054737486709717
0.0014226837446544665
0.0010269593500894618
0.0009709363290650128
GEN 41 time 1609988482
0.0018266509095459789
0.0019331241698611365
0.0012054737486709717
0.0014226837446544665
0.0010269593500894618
0.0009709363290650128
GEN 42 time 1609988486
0.0018266509095459789
0.0019331241698611365
0.0012054737486709717
0.0014226837446544665
0.0010269593500894618
0.0009709363290650128
GEN 43 time 1609988489
0.0018266509095459789
0.0019331241698611365
0.0012054737486709717
0.0014226837446544665
0.0010269593500894618
0.0009709363290650128
GEN 44 time 1609988493
0.0018266509095459789
0.0019331241698611365
0.0012054737486709717
0.0014226837446544665
0.0010269593500894618
0.0009709363290650128
GEN 45 time 1609988496
0.0018266509095459789
0.0019331241698611365
0.0012054737486709717
0.0014226837446544665
0.0010269593500894618
0.0009709363290650128
GEN 46 time 1609988499
0.0018266509095459789
0.0019331241698611365
0.0012054737486709717
0.0014226837446544665
0.0010269593500894618
0.0009709363290650128
GEN 47 time 1609988502
0.0018266509095459789
0.0019331241698611365
0.0012054737486709717
0.0014226837446544665
0.0010269593500894618
0.0009709363290650128
GEN 48 time 1609988506
0.0018266509095459789
0.0019331241698611365
0.0012054737486709717
0.0014226837446544665
0.0010269593500894618
0.0009709363290650128
GEN 49 time 1609988509
0.0018266509095459789
0.0019331241698611365
0.0012054737486709717
0.0014226837446544665
0.0010269593500894618
0.0009709363290650128
GEN 50 time 1609988513
0.0018266509095459789
0.0019331241698611365
0.0012054737486709717
0.0014226837446544665
0.0010269593500894618
0.0009709363290650128
GEN 51 time 1609988516
0.0018266509095459789
0.0019331241698611365
0.0012054737486709717
0.0014226837446544665
0.0010269593500894618
0.0009709363290650128
GEN 52 time 1609988519
0.0018266509095459789
0.0019331241698611365
0.0012054737486709717
0.0014226837446544665
0.0010269593500894618
0.0009709363290650128
GEN 53 time 1609988523
0.0018266509095459789
0.0019331241698611365
0.0012054737486709717
0.0014226837446544665
0.0010269593500894618
0.0009709363290650128
GEN 54 time 1609988526
0.0018266509095459789
0.0019331241698611365
0.0012054737486709717
0.0014226837446544665
0.0010269593500894618
0.0009709363290650128
GEN 55 time 1609988529
0.0018266509095459789
0.0019331241698611365
0.0012054737486709717
0.0014226837446544665
0.0010269593500894618
0.0009709363290650128
GEN 56 time 1609988533
0.0018266509095459789
0.0019331241698611365
0.0012054737486709717
0.0014226837446544665
0.0010269593500894618
0.0009709363290650128
GEN 57 time 1609988536
0.0018266509095459789
0.0019331241698611365
0.0012054737486709717
0.0014226837446544665
0.0010269593500894618
0.0009709363290650128
GEN 58 time 1609988539
0.0018266509095459789
0.0019331241698611365
0.0012054737486709717
0.0014226837446544665
0.0010269593500894618
0.0009709363290650128
GEN 59 time 1609988543
0.0018266509095459789
0.0019331241698611365
0.0012054737486709717
0.0014226837446544665
0.0010269593500894618
0.0009709363290650128
GEN 60 time 1609988546
0.0018266509095459789
0.0019331241698611365
0.0012054737486709717
0.0014226837446544665
0.0010269593500894618
0.0009709363290650128
GEN 61 time 1609988549
0.0018266509095459789
0.0019331241698611365
0.0012054737486709717
0.0014226837446544665
0.0010119814171708425
0.0009709363290650128
GEN 62 time 1609988553
0.0018266509095459789
0.0019331241698611365
0.0012054737486709717
0.0014226837446544665
0.0010119814171708425
0.0009709363290650128
GEN 63 time 1609988556
0.0018266509095459789
0.0019331241698611365
0.0012054737486709717
0.0014226837446544665
0.0010119814171708425
0.0008794736383552051
GEN 64 time 1609988560
0.0018266509095459789
0.0019331241698611365
0.0012054737486709717
0.0014226837446544665
0.0010119814171708425
0.0008794736383552051
GEN 65 time 1609988563
0.0018266509095459789
0.0019331241698611365
0.0012054737486709717
0.0014226837446544665
0.0010119814171708425
0.0008794736383552051
GEN 66 time 1609988566
0.0018266509095459789
0.0019331241698611365
0.0012054737486709717
0.0014226837446544665
0.0010119814171708425
0.0008794736383552051
GEN 67 time 1609988570
0.0018266509095459789
0.0019331241698611365
0.0012054737486709717
0.0014226837446544665
0.0010119814171708425
0.0008794736383552051
GEN 68 time 1609988573
0.0018266509095459789
0.0019331241698611365
0.0012054737486709717
0.0014226837446544665
0.0010119814171708425
0.0008794736383552051
GEN 69 time 1609988577
0.0018266509095459789
0.0019331241698611365
0.0012054737486709717
0.0014226837446544665
0.0010119814171708425
0.0008794736383552051
GEN 70 time 1609988580
0.0018266509095459789
0.0019331241698611365
0.0012054737486709717
0.0014226837446544665
0.0010119814171708425
0.0008794736383552051
GEN 71 time 1609988583
0.0018266509095459789
0.0019331241698611365
0.0012054737486709717
0.0014226837446544665
0.0010119814171708425
0.0008794736383552051
GEN 72 time 1609988587
0.0018266509095459789
0.0019331241698611365
0.0012032245618497693
0.0014226837446544665
0.0010119814171708425
0.0008794736383552051
GEN 73 time 1609988590
0.0018266509095459789
0.0019331241698611365
0.0012032245618497693
0.0014226837446544665
0.0010119814171708425
0.0008794736383552051
GEN 74 time 1609988593
0.0018266509095459789
0.0019331241698611365
0.0012032245618497693
0.0014226837446544665
0.0010119814171708425
0.0008794736383552051
GEN 75 time 1609988597
0.0018266509095459789
0.0019331241698611365
0.0012032245618497693
0.0014226837446544665
0.0010119814171708425
0.0008794736383552051
GEN 76 time 1609988600
0.0018266509095459789
0.0019331241698611365
0.0012032245618497693
0.0014226837446544665
0.0010119814171708425
0.0008794736383552051
GEN 77 time 1609988604
0.0018266509095459789
0.0019331241698611365
0.0012032245618497693
0.0014226837446544665
0.0010119814171708425
0.0008794736383552051
GEN 78 time 1609988607
0.0018266509095459789
0.0019331241698611365
0.0012032245618497693
0.0014226837446544665
0.0010119814171708425
0.0008794736383552051
GEN 79 time 1609988610
0.0018266509095459789
0.0019331241698611365
0.0012032245618497693
0.0014226837446544665
0.0010119814171708425
0.0008794736383552051
GEN 80 time 1609988614
0.0018266509095459789
0.0019331241698611365
0.0012032245618497693
0.0014226837446544665
0.0010119814171708425
0.0008794736383552051
GEN 81 time 1609988617
0.0018266509095459789
0.0019331241698611365
0.0012032245618497693
0.0014226837446544665
0.0010119814171708425
0.0008794736383552051
GEN 82 time 1609988621
0.0018266509095459789
0.0019331241698611365
0.0012032245618497693
0.0014011328268337046
0.0010119814171708425
0.0008794736383552051
GEN 83 time 1609988624
0.0018266509095459789
0.0019331241698611365
0.0012032245618497693
0.0014011328268337046
0.0010119814171708425
0.0008794736383552051
GEN 84 time 1609988627
0.0018266509095459789
0.0019331241698611365
0.0012032245618497693
0.0014011328268337046
0.0010119814171708425
0.0008794736383552051
GEN 85 time 1609988631
0.0018266509095459789
0.0019331241698611365
0.0012032245618497693
0.0014011328268337046
0.0010119814171708425
0.0008794736383552051
GEN 86 time 1609988634
0.0018266509095459789
0.0019331241698611365
0.0012032245618497693
0.0014011328268337046
0.0010119814171708425
0.0008794736383552051
GEN 87 time 1609988638
0.0018266509095459789
0.0019331241698611365
0.0012032245618497693
0.0014011328268337046
0.0010119814171708425
0.0008794736383552051
GEN 88 time 1609988641
0.0018266509095459789
0.0019331241698611365
0.0012032245618497693
0.0014011328268337046
0.0010119814171708425
0.0008794736383552051
GEN 89 time 1609988645
0.0018266509095459789
0.0019331241698611365
0.0012032245618497693
0.0014011328268337046
0.0010119814171708425
0.0008794736383552051
GEN 90 time 1609988648
0.0018266509095459789
0.0019331241698611365
0.0012032245618497693
0.0014011328268337046
0.0010119814171708425
0.0008794736383552051
GEN 91 time 1609988651
0.0018266509095459789
0.0019331241698611365
0.0012032245618497693
0.0014011328268337046
0.0010119814171708425
0.0008794736383552051
GEN 92 time 1609988655
0.0018266509095459789
0.0019331241698611365
0.0012032245618497693
0.0014011328268337046
0.0010119814171708425
0.0008794736383552051
GEN 93 time 1609988658
0.0018266509095459789
0.0019331241698611365
0.0012032245618497693
0.0014011328268337046
0.0010119814171708425
0.0008794736383552051
GEN 94 time 1609988662
0.0018266509095459789
0.0019331241698611365
0.0012032245618497693
0.0014011328268337046
0.0010119814171708425
0.0008794736383552051
GEN 95 time 1609988665
0.0018266509095459789
0.0019331241698611365
0.0012032245618497693
0.0014011328268337046
0.0010119814171708425
0.0008794736383552051
GEN 96 time 1609988669
0.0018266509095459789
0.0019331241698611365
0.0012032245618497693
0.0014011328268337046
0.0010119814171708425
0.0008794736383552051
GEN 97 time 1609988672
0.0018266509095459789
0.0019331241698611365
0.0012032245618497693
0.0014011328268337046
0.0010119814171708425
0.0008794736383552051
GEN 98 time 1609988676
0.0018266509095459789
0.0019331241698611365
0.0012032245618497693
0.0014011328268337046
0.0010119814171708425
0.0008794736383552051
GEN 99 time 1609988679
0.0018266509095459789
0.0019331241698611365
0.0012032245618497693
0.0014011328268337046
0.0010119814171708425
0.0008794736383552051
GEN 100 time 1609988683
0.0018266509095459789
0.0019331241698611365
0.0012032245618497693
0.0014011328268337046
0.0010119814171708425
0.0008794736383552051
GEN 101 time 1609988686
0.0018266509095459789
0.0019331241698611365
0.0012032245618497693
0.0014011328268337046
0.0010119814171708425
0.0008794736383552051
GEN 102 time 1609988690
0.0018266509095459789
0.0019331241698611365
0.0012032245618497693
0.0014011328268337046
0.0010119814171708425
0.0008794736383552051
GEN 103 time 1609988693
0.0018266509095459789
0.0019331241698611365
0.0012032245618497693
0.0014011328268337046
0.0010119814171708425
0.0008794736383552051
GEN 104 time 1609988697
0.0018266509095459789
0.0019331241698611365
0.0012032245618497693
0.0014011328268337046
0.0010119814171708425
0.0008794736383552051
GEN 105 time 1609988700
0.0018266509095459789
0.0019331241698611365
0.0012032245618497693
0.0014011328268337046
0.0010119814171708425
0.0008794736383552051
GEN 106 time 1609988704
0.0018266509095459789
0.0019331241698611365
0.0012032245618497693
0.0014011328268337046
0.0010119814171708425
0.0008794736383552051
GEN 107 time 1609988707
0.0018266509095459789
0.0019331241698611365
0.0012032245618497693
0.0014011328268337046
0.0010119814171708425
0.0008794736383552051
GEN 108 time 1609988711
0.0018266509095459789
0.0019331241698611365
0.0012032245618497693
0.0014011328268337046
0.0010119814171708425
0.0008794736383552051
GEN 109 time 1609988714
0.0018266509095459789
0.0019331241698611365
0.0012032245618497693
0.0014011328268337046
0.0010119814171708425
0.0008794736383552051
GEN 110 time 1609988718
0.0018266509095459789
0.0019331241698611365
0.0012032245618497693
0.0014011328268337046
0.0010119814171708425
0.0008794736383552051
GEN 111 time 1609988721
0.0018266509095459789
0.0019331241698611365
0.0012032245618497693
0.0014011328268337046
0.0010119814171708425
0.0008794736383552051
GEN 112 time 1609988725
0.0018266509095459789
0.0019331241698611365
0.0012032245618497693
0.0014011328268337046
0.0010119814171708425
0.0008794736383552051
GEN 113 time 1609988728
0.0018266509095459789
0.0019331241698611365
0.0012032245618497693
0.0014011328268337046
0.0010119814171708425
0.0008794736383552051
GEN 114 time 1609988732
0.0018266509095459789
0.0019331241698611365
0.0012032245618497693
0.0014011328268337046
0.0010119814171708425
0.0008794736383552051
GEN 115 time 1609988735
0.0018266509095459789
0.0019331241698611365
0.0012032245618497693
0.0014011328268337046
0.0010119814171708425
0.0008794736383552051
GEN 116 time 1609988739
0.0018266509095459789
0.0019331241698611365
0.0012032245618497693
0.0014011328268337046
0.0010119814171708425
0.0008794736383552051
GEN 117 time 1609988742
0.0018266509095459789
0.0019331241698611365
0.0012032245618497693
0.0014011328268337046
0.0010119814171708425
0.0008794736383552051
GEN 118 time 1609988746
0.0018266509095459789
0.0019331241698611365
0.0012032245618497693
0.0014011328268337046
0.0010119814171708425
0.0008794736383552051
GEN 119 time 1609988749
0.0018266509095459789
0.0019331241698611365
0.0012032245618497693
0.0014011328268337046
0.0010119814171708425
0.0008794736383552051
GEN 120 time 1609988753
0.0018266509095459789
0.0019331241698611365
0.0012032245618497693
0.0014011328268337046
0.0010119814171708425
0.0008794736383552051
GEN 121 time 1609988756
0.0018266509095459789
0.0019331241698611365
0.0012032245618497693
0.0014011328268337046
0.0010119814171708425
0.0008794736383552051
GEN 122 time 1609988760
0.0018266509095459789
0.0019331241698611365
0.0012032245618497693
0.0014011328268337046
0.0010119814171708425
0.0008794736383552051
GEN 123 time 1609988763
0.0018266509095459789
0.0019331241698611365
0.0012032245618497693
0.0014011328268337046
0.0010119814171708425
0.0008794736383552051
GEN 124 time 1609988767
0.0018266509095459789
0.0019331241698611365
0.0012032245618497693
0.0014011328268337046
0.0010119814171708425
0.0008794736383552051
GEN 125 time 1609988770
0.0018266509095459789
0.0019331241698611365
0.0012032245618497693
0.0014011328268337046
0.0010119814171708425
0.0008794736383552051
GEN 126 time 1609988774
0.0018266509095459789
0.0019331241698611365
0.0012032245618497693
0.0014011328268337046
0.0010119814171708425
0.0008794736383552051
GEN 127 time 1609988777
0.0018266509095459789
0.0019331241698611365
0.0012032245618497693
0.0014011328268337046
0.0010119814171708425
0.0008794736383552051
GEN 128 time 1609988781
0.0018266509095459789
0.0019331241698611365
0.0012032245618497693
0.0014011328268337046
0.0010119814171708425
0.0008794736383552051
GEN 129 time 1609988784
0.0018266509095459789
0.0019331241698611365
0.0012032245618497693
0.0014011328268337046
0.0010119814171708425
0.0008794736383552051
GEN 130 time 1609988788
0.0018266509095459789
0.0019331241698611365
0.0012032245618497693
0.0014011328268337046
0.0010119814171708425
0.0008794736383552051
GEN 131 time 1609988791
0.0018266509095459789
0.0019331241698611365
0.0012032245618497693
0.0014011328268337046
0.0010119814171708425
0.0008794736383552051
GEN 132 time 1609988795
0.0018266509095459789
0.0019331241698611365
0.0012032245618497693
0.0014011328268337046
0.0010119814171708425
0.0008794736383552051
GEN 133 time 1609988798
0.0018266509095459789
0.0019331241698611365
0.0012032245618497693
0.0014011328268337046
0.0010119814171708425
0.0008794736383552051
GEN 134 time 1609988802
0.0018266509095459789
0.0019331241698611365
0.0012032245618497693
0.0014011328268337046
0.0010119814171708425
0.0008794736383552051
GEN 135 time 1609988805
0.0018266509095459789
0.0019331241698611365
0.0012032245618497693
0.0014011328268337046
0.0010119814171708425
0.0008794736383552051
GEN 136 time 1609988809
0.0018266509095459789
0.0019331241698611365
0.0012032245618497693
0.0014011328268337046
0.0010119814171708425
0.0008794736383552051
GEN 137 time 1609988812
0.0018266509095459789
0.0019331241698611365
0.0012032245618497693
0.0014011328268337046
0.0010119814171708425
0.0008794736383552051
GEN 138 time 1609988816
0.0018266509095459789
0.0019331241698611365
0.0012032245618497693
0.0014011328268337046
0.0010119814171708425
0.0008794736383552051
GEN 139 time 1609988820
0.0018266509095459789
0.0019331241698611365
0.0012032245618497693
0.0014011328268337046
0.0010119814171708425
0.0008794736383552051
GEN 140 time 1609988824
0.0018266509095459789
0.0019331241698611365
0.0012032245618497693
0.0014011328268337046
0.0010119814171708425
0.0008794736383552051
GEN 141 time 1609988827
0.0018266509095459789
0.0019331241698611365
0.0012032245618497693
0.0014011328268337046
0.0010119814171708425
0.0008794736383552051
GEN 142 time 1609988831
0.0018266509095459789
0.0019331241698611365
0.0012032245618497693
0.0014011328268337046
0.0010119814171708425
0.0008794736383552051
GEN 143 time 1609988834
0.0018266509095459789
0.0019331241698611365
0.0012032245618497693
0.0014011328268337046
0.0010119814171708425
0.0008794736383552051
GEN 144 time 1609988838
0.0018266509095459789
0.0019331241698611365
0.0012032245618497693
0.0014011328268337046
0.0010119814171708425
0.0008794736383552051
GEN 145 time 1609988841
0.0018266509095459789
0.0019331241698611365
0.0012032245618497693
0.0014011328268337046
0.0010119814171708425
0.0008794736383552051
GEN 146 time 1609988845
0.0018266509095459789
0.0019331241698611365
0.0012032245618497693
0.0014011328268337046
0.0010119814171708425
0.0008794736383552051
GEN 147 time 1609988848
0.0018266509095459789
0.0019331241698611365
0.0012032245618497693
0.0014011328268337046
0.0010119814171708425
0.0008794736383552051
GEN 148 time 1609988852
0.0018266509095459789
0.0019331241698611365
0.0012032245618497693
0.0014011328268337046
0.0010119814171708425
0.0008794736383552051
GEN 149 time 1609988855
0.0018266509095459789
0.0019331241698611365
0.0012032245618497693
0.0014011328268337046
0.0010119814171708425
0.0008794736383552051
GEN 150 time 1609988859
0.0018266509095459789
0.0019331241698611365
0.0012032245618497693
0.0014011328268337046
0.0010119814171708425
0.0008794736383552051
GEN 151 time 1609988862
0.0018266509095459789
0.0019331241698611365
0.0012032245618497693
0.0014011328268337046
0.0010119814171708425
0.0008794736383552051
GEN 152 time 1609988866
0.0018266509095459789
0.0019331241698611365
0.0012032245618497693
0.0014011328268337046
0.0010119814171708425
0.0008794736383552051
GEN 153 time 1609988869
0.0018266509095459789
0.0019331241698611365
0.0012032245618497693
0.0014011328268337046
0.0010119814171708425
0.0008794736383552051
GEN 154 time 1609988873
0.0018266509095459789
0.0019331241698611365
0.0012032245618497693
0.0014011328268337046
0.0010119814171708425
0.0008794736383552051
GEN 155 time 1609988876
0.0018266509095459789
0.0019331241698611365
0.0012032245618497693
0.0014011328268337046
0.00100503299059371
0.0008794736383552051
GEN 156 time 1609988880
0.0018266509095459789
0.0019331241698611365
0.0012032245618497693
0.0014011328268337046
0.00100503299059371
0.0008794736383552051
GEN 157 time 1609988883
0.0018266509095459789
0.0019331241698611365
0.0012032245618497693
0.0014011328268337046
0.00100503299059371
0.0008794736383552051
GEN 158 time 1609988887
0.0018266509095459789
0.0019331241698611365
0.0012032245618497693
0.0014011328268337046
0.00100503299059371
0.0008794736383552051
GEN 159 time 1609988890
0.0018266509095459789
0.0019331241698611365
0.0012032245618497693
0.0014011328268337046
0.00100503299059371
0.0008794736383552051
GEN 160 time 1609988894
0.0018266509095459789
0.0019331241698611365
0.0012032245618497693
0.0014011328268337046
0.00100503299059371
0.0008794736383552051
GEN 161 time 1609988897
0.0018266509095459789
0.0019331241698611365
0.0012032245618497693
0.0014011328268337046
0.00100503299059371
0.0008794736383552051
GEN 162 time 1609988901
0.0018266509095459789
0.0019331241698611365
0.0012032245618497693
0.0014011328268337046
0.00100503299059371
0.0008794736383552051
GEN 163 time 1609988904
0.0018266509095459789
0.0019331241698611365
0.0012032245618497693
0.0014011328268337046
0.00100503299059371
0.0008794736383552051
GEN 164 time 1609988908
0.0018266509095459789
0.0019331241698611365
0.0012032245618497693
0.0014011328268337046
0.00100503299059371
0.0008794736383552051
GEN 165 time 1609988912
0.0018266509095459789
0.0019331241698611365
0.0012032245618497693
0.0014011328268337046
0.00100503299059371
0.0008794736383552051
GEN 166 time 1609988915
0.0018266509095459789
0.0019331241698611365
0.0012032245618497693
0.0014011328268337046
0.00100503299059371
0.0008794736383552051
GEN 167 time 1609988919
0.0018266509095459789
0.0019331241698611365
0.0012032245618497693
0.0014011328268337046
0.00100503299059371
0.0008794736383552051
GEN 168 time 1609988922
0.0018266509095459789
0.0019331241698611365
0.0012032245618497693
0.0014011328268337046
0.00100503299059371
0.0008794736383552051
GEN 169 time 1609988926
0.0018266509095459789
0.0019331241698611365
0.0012032245618497693
0.0014011328268337046
0.00100503299059371
0.0008794736383552051
GEN 170 time 1609988929
0.0018266509095459789
0.0019331241698611365
0.0012032245618497693
0.0014011328268337046
0.00100503299059371
0.0008794736383552051
GEN 171 time 1609988933
0.0018266509095459789
0.0019331241698611365
0.0012032245618497693
0.0014011328268337046
0.00100503299059371
0.0008794736383552051
GEN 172 time 1609988936
0.0018266509095459789
0.0019331241698611365
0.0012032245618497693
0.0014011328268337046
0.00100503299059371
0.0008794736383552051
GEN 173 time 1609988940
0.0018266509095459789
0.0019331241698611365
0.0012032245618497693
0.0014011328268337046
0.00100503299059371
0.0008794736383552051
GEN 174 time 1609988943
0.0018266509095459789
0.0019331241698611365
0.0012032245618497693
0.0014011328268337046
0.00100503299059371
0.0008794736383552051
GEN 175 time 1609988947
0.0018266509095459789
0.0019331241698611365
0.0012032245618497693
0.0014011328268337046
0.00100503299059371
0.0008794736383552051
GEN 176 time 1609988950
0.0018266509095459789
0.0019331241698611365
0.0012032245618497693
0.0014011328268337046
0.00100503299059371
0.0008794736383552051
GEN 177 time 1609988954
0.0018266509095459789
0.0019331241698611365
0.0012032245618497693
0.0014011328268337046
0.00100503299059371
0.0008794736383552051
GEN 178 time 1609988957
0.0018266509095459789
0.0019331241698611365
0.0012032245618497693
0.0014011328268337046
0.00100503299059371
0.0008794736383552051
GEN 179 time 1609988961
0.0018266509095459789
0.0019331241698611365
0.0012032245618497693
0.0014011328268337046
0.00100503299059371
0.0008794736383552051
GEN 180 time 1609988964
0.0018266509095459789
0.0019331241698611365
0.0012032245618497693
0.0014011328268337046
0.00100503299059371
0.0008794736383552051
GEN 181 time 1609988968
0.0018266509095459789
0.0019331241698611365
0.0012032245618497693
0.0014011328268337046
0.00100503299059371
0.0008794736383552051
GEN 182 time 1609988971
0.0018266509095459789
0.0019331241698611365
0.0012032245618497693
0.0014011328268337046
0.00100503299059371
0.0008794736383552051
GEN 183 time 1609988975
0.0018266509095459789
0.0019331241698611365
0.0012032245618497693
0.0014011328268337046
0.00100503299059371
0.0008794736383552051
GEN 184 time 1609988978
0.0018266509095459789
0.0019331241698611365
0.0012032245618497693
0.0014011328268337046
0.00100503299059371
0.0008794736383552051
GEN 185 time 1609988982
0.0018266509095459789
0.0019331241698611365
0.0012032245618497693
0.0014011328268337046
0.00100503299059371
0.0008794736383552051
GEN 186 time 1609988985
0.0018266509095459789
0.0019331241698611365
0.0012032245618497693
0.0014011328268337046
0.00100503299059371
0.0008794736383552051
GEN 187 time 1609988989
0.0018266509095459789
0.0019331241698611365
0.0012032245618497693
0.0012652458730022804
0.00100503299059371
0.0008794736383552051
GEN 188 time 1609988993
0.0018266509095459789
0.0019331241698611365
0.0012032245618497693
0.0012652458730022804
0.00100503299059371
0.0008794736383552051
GEN 189 time 1609988996
0.0018266509095459789
0.0019331241698611365
0.0012032245618497693
0.0012652458730022804
0.00100503299059371
0.0008794736383552051
GEN 190 time 1609989000
0.0018266509095459789
0.0019331241698611365
0.0012032245618497693
0.0012652458730022804
0.00100503299059371
0.0008794736383552051
GEN 191 time 1609989003
0.0018266509095459789
0.0019331241698611365
0.0012032245618497693
0.0012652458730022804
0.00100503299059371
0.0008794736383552051
GEN 192 time 1609989007
0.0018266509095459789
0.0019331241698611365
0.0012032245618497693
0.0012652458730022804
0.00100503299059371
0.0008794736383552051
GEN 193 time 1609989010
0.0018266509095459789
0.0019331241698611365
0.0012032245618497693
0.0012652458730022804
0.00100503299059371
0.0008794736383552051
GEN 194 time 1609989014
0.0018266509095459789
0.0019331241698611365
0.0012032245618497693
0.0012652458730022804
0.00100503299059371
0.0008794736383552051
GEN 195 time 1609989017
0.0018266509095459789
0.0019331241698611365
0.0012032245618497693
0.0012652458730022804
0.00100503299059371
0.0008794736383552051
GEN 196 time 1609989021
0.0018266509095459789
0.0019331241698611365
0.0012032245618497693
0.0012652458730022804
0.00100503299059371
0.0008794736383552051
GEN 197 time 1609989024
0.0018266509095459789
0.0019331241698611365
0.0012032245618497693
0.0012652458730022804
0.00100503299059371
0.0008794736383552051
GEN 198 time 1609989028
0.0018266509095459789
0.0019331241698611365
0.0012032245618497693
0.0012652458730022804
0.00100503299059371
0.0008794736383552051
GEN 199 time 1609989031
0.0018266509095459789
0.0019331241698611365
0.0012032245618497693
0.0012652458730022804
0.00100503299059371
0.0008794736383552051
