['./data/small/layer/uu-dem5_r50_1.json', './data/small/layer/uu-dem5_r25_1.json', './data/small/layer/uu-dem6_r25_1.json', './data/small/hop/uu-dem5_r25_1_0.json', './data/small/hop/uu-dem5_r25_1_40.json', './data/small/hop/uu-dem6_r25_1_0.json']
GEN 0 time 1617383622
0.0027330636720968218
inf
0.0017484773311283294
0.0012486265069036556
0.0036027792747138974
0.0010744623461123254
GEN 1 time 1617383624
0.0027034571272860383
inf
0.0017484773311283294
0.0012388531590855345
0.0036027792747138974
0.0010744623461123254
GEN 2 time 1617383626
0.0027034571272860383
inf
0.0017484773311283294
0.0012388531590855345
0.0034366038439145644
0.0010744623461123254
GEN 3 time 1617383627
0.0027034571272860383
inf
0.0017484773311283294
0.0012388531590855345
0.0034366038439145644
0.0010744623461123254
GEN 4 time 1617383629
0.0027034571272860383
inf
0.001596963160098174
0.0011589205782002116
0.0034366038439145644
0.0010744623461123254
GEN 5 time 1617383631
0.0027034571272860383
inf
0.001596963160098174
0.001137361177792832
0.0034366038439145644
0.0010637076246623274
GEN 6 time 1617383633
0.0027034571272860383
inf
0.001596963160098174
0.001137361177792832
0.0034366038439145644
0.0010637076246623274
GEN 7 time 1617383634
0.0027034571272860383
inf
0.001596963160098174
0.001137361177792832
0.0034366038439145644
0.0010637076246623274
GEN 8 time 1617383636
0.0027034571272860383
inf
0.001596963160098174
0.001106900160619208
0.0034366038439145644
0.001029372661443232
GEN 9 time 1617383638
0.0027034571272860383
inf
0.001596963160098174
0.001106900160619208
0.0034366038439145644
0.001029372661443232
GEN 10 time 1617383640
0.0027034571272860383
inf
0.001596963160098174
0.0010836611133709124
0.003400579831765595
0.001029372661443232
GEN 11 time 1617383642
0.0027034571272860383
inf
0.001596963160098174
0.0010836611133709124
0.003400579831765595
0.001029372661443232
GEN 12 time 1617383643
0.0027034571272860383
inf
0.001596963160098174
0.0010836611133709124
0.003400579831765595
0.0010029678264128234
GEN 13 time 1617383645
0.0027034571272860383
inf
0.001596963160098174
0.0010836611133709124
0.003400579831765595
0.0010029678264128234
GEN 14 time 1617383647
0.0027034571272860383
inf
0.001596963160098174
0.0010836611133709124
0.003400579831765595
0.0010029678264128234
GEN 15 time 1617383649
0.0027034571272860383
inf
0.001596963160098174
0.0010836611133709124
0.003400579831765595
0.0010029678264128234
GEN 16 time 1617383650
0.0027034571272860383
inf
0.001596963160098174
0.0010836611133709124
0.003400579831765595
0.0010029678264128234
GEN 17 time 1617383652
0.0027034571272860383
0.0022212617460994517
0.001596963160098174
0.0010836611133709124
0.003400579831765595
0.0010029678264128234
GEN 18 time 1617383654
0.0027034571272860383
0.0022212617460994517
0.001596963160098174
0.0010836611133709124
0.0032120995952386695
0.0010029678264128234
GEN 19 time 1617383656
0.0027034571272860383
0.0022212617460994517
0.001596963160098174
0.0010836611133709124
0.0032120995952386695
0.0010029678264128234
GEN 20 time 1617383658
0.0027034571272860383
0.0022212617460994517
0.001596963160098174
0.0010836611133709124
0.0032120995952386695
0.0010029678264128234
GEN 21 time 1617383659
0.0027034571272860383
0.002191164823506423
0.001596963160098174
0.0010272792470805054
0.003203700394833316
0.0008636876246623274
GEN 22 time 1617383661
0.0027034571272860383
0.002191164823506423
0.001596963160098174
0.0010272792470805054
0.003203700394833316
0.0008636876246623274
GEN 23 time 1617383663
0.0027034571272860383
0.002191164823506423
0.001596963160098174
0.0010272792470805054
0.003203700394833316
0.0008636876246623274
GEN 24 time 1617383665
0.0027034571272860383
0.002191164823506423
0.001596963160098174
0.0010272792470805054
0.003203700394833316
0.0008636876246623274
GEN 25 time 1617383666
0.0027034571272860383
0.002191164823506423
0.001596963160098174
0.0010272792470805054
0.003203700394833316
0.0008636876246623274
GEN 26 time 1617383668
0.0027034571272860383
0.002191164823506423
0.001596963160098174
0.0010272792470805054
0.0032015715129390682
0.0008636876246623274
GEN 27 time 1617383670
0.0027034571272860383
0.002191164823506423
0.001596963160098174
0.0010272792470805054
0.0032015715129390682
0.0008636876246623274
GEN 28 time 1617383672
0.0027034571272860383
0.002191164823506423
0.001596963160098174
0.0010272792470805054
0.0032015715129390682
0.0008636876246623274
GEN 29 time 1617383674
0.0027034571272860383
0.002191164823506423
0.001596963160098174
0.0010272792470805054
0.0032015715129390682
0.0008636876246623274
GEN 30 time 1617383675
0.0027034571272860383
0.002191164823506423
0.001596963160098174
0.0010272792470805054
0.0032015715129390682
0.0008636876246623274
GEN 31 time 1617383677
0.0027034571272860383
0.002191164823506423
0.001596963160098174
0.0010272792470805054
0.0032015715129390682
0.0008636876246623274
GEN 32 time 1617383679
0.0027034571272860383
0.002191164823506423
0.001596963160098174
0.0010272792470805054
0.0032015715129390682
0.0008636876246623274
GEN 33 time 1617383681
0.0027034571272860383
0.002191164823506423
0.001596963160098174
0.0010272792470805054
0.0032015715129390682
0.0008636876246623274
GEN 34 time 1617383683
0.0027034571272860383
0.002191164823506423
0.001596963160098174
0.0010272792470805054
0.0032015715129390682
0.0008636876246623274
GEN 35 time 1617383684
0.0027034571272860383
0.002191164823506423
0.001596963160098174
0.0010272792470805054
0.0032015715129390682
0.0008636876246623274
GEN 36 time 1617383686
0.0027034571272860383
0.002191164823506423
0.001596963160098174
0.0010272792470805054
0.002802852106440786
0.0008636876246623274
GEN 37 time 1617383688
0.0027034571272860383
0.002191164823506423
0.001596963160098174
0.0010272792470805054
0.002802852106440786
0.0008636876246623274
GEN 38 time 1617383690
0.0027034571272860383
0.002191164823506423
0.001596963160098174
0.0010272792470805054
0.002802852106440786
0.0008520097590504097
GEN 39 time 1617383692
0.0027034571272860383
0.002191164823506423
0.001596963160098174
0.0010272792470805054
0.002802852106440786
0.0008520097590504097
GEN 40 time 1617383693
0.0027034571272860383
0.002191164823506423
0.001596963160098174
0.0010272792470805054
0.002802852106440786
0.0008520097590504097
GEN 41 time 1617383695
0.0027034571272860383
0.002191164823506423
0.001596963160098174
0.001015163404843462
0.002802852106440786
0.0008520097590504097
GEN 42 time 1617383697
0.0027034571272860383
0.002191164823506423
0.001596963160098174
0.000943468498866294
0.002802852106440786
0.0008520097590504097
GEN 43 time 1617383699
0.0027034571272860383
0.002191164823506423
0.001596963160098174
0.000943468498866294
0.002802852106440786
0.0008520097590504097
GEN 44 time 1617383701
0.0027034571272860383
0.002191164823506423
0.001596963160098174
0.000943468498866294
0.002802852106440786
0.0008520097590504097
GEN 45 time 1617383702
0.0027034571272860383
0.002191164823506423
0.001596963160098174
0.000943468498866294
0.002802852106440786
0.0008520097590504097
GEN 46 time 1617383704
0.0027034571272860383
0.002191164823506423
0.001596963160098174
0.000943468498866294
0.002802852106440786
0.0008520097590504097
GEN 47 time 1617383706
0.0027034571272860383
0.002191164823506423
0.001596963160098174
0.000943468498866294
0.002802852106440786
0.0008520097590504097
GEN 48 time 1617383708
0.0027034571272860383
0.002191164823506423
0.001596963160098174
0.000943468498866294
0.002802852106440786
0.0008520097590504097
GEN 49 time 1617383710
0.0027034571272860383
0.002191164823506423
0.001596963160098174
0.000943468498866294
0.002802852106440786
0.0008520097590504097
GEN 50 time 1617383711
0.0027034571272860383
0.002191164823506423
0.001596963160098174
0.000943468498866294
0.002802852106440786
0.0008520097590504097
GEN 51 time 1617383713
0.0027034571272860383
0.002191164823506423
0.001596963160098174
0.000943468498866294
0.002802852106440786
0.0008520097590504097
GEN 52 time 1617383715
0.0027034571272860383
0.002191164823506423
0.001596963160098174
0.000943468498866294
0.002802852106440786
0.0008520097590504097
GEN 53 time 1617383717
0.0027034571272860383
0.002191164823506423
0.001596963160098174
0.000943468498866294
0.002802852106440786
0.0008520097590504097
GEN 54 time 1617383719
0.0027034571272860383
0.002191164823506423
0.001596963160098174
0.000943468498866294
0.002802852106440786
0.0008384558589111125
GEN 55 time 1617383720
0.0027034571272860383
0.002191164823506423
0.001596963160098174
0.000943468498866294
0.002802852106440786
0.0008384558589111125
GEN 56 time 1617383722
0.0027034571272860383
0.002191164823506423
0.001596963160098174
0.000943468498866294
0.002802852106440786
0.0008384558589111125
GEN 57 time 1617383724
0.0027034571272860383
0.002191164823506423
0.001596963160098174
0.000943468498866294
0.002802852106440786
0.0008384558589111125
GEN 58 time 1617383726
0.0027034571272860383
0.002191164823506423
0.001596963160098174
0.000943468498866294
0.002802852106440786
0.0008384558589111125
GEN 59 time 1617383728
0.0027034571272860383
0.002191164823506423
0.001596963160098174
0.000943468498866294
0.002802852106440786
0.0008384558589111125
GEN 60 time 1617383729
0.0027034571272860383
0.002191164823506423
0.001596963160098174
0.000943468498866294
0.002802852106440786
0.0008384558589111125
GEN 61 time 1617383731
0.0027034571272860383
0.002191164823506423
0.001596963160098174
0.000943468498866294
0.002802852106440786
0.0008384558589111125
GEN 62 time 1617383733
0.0027034571272860383
0.002191164823506423
0.001596963160098174
0.000943468498866294
0.002802852106440786
0.0008384558589111125
GEN 63 time 1617383735
0.0027034571272860383
0.002191164823506423
0.001596963160098174
0.000943468498866294
0.002802852106440786
0.0008384558589111125
GEN 64 time 1617383737
0.0027034571272860383
0.002191164823506423
0.001596963160098174
0.000943468498866294
0.002802852106440786
0.0008384558589111125
GEN 65 time 1617383739
0.0027034571272860383
0.002191164823506423
0.001596963160098174
0.000943468498866294
0.002802852106440786
0.0008384558589111125
GEN 66 time 1617383740
0.0027034571272860383
0.002191164823506423
0.001596963160098174
0.000943468498866294
0.002802852106440786
0.0008384558589111125
GEN 67 time 1617383742
0.0027034571272860383
0.002191164823506423
0.001596963160098174
0.000943468498866294
0.00280134359729491
0.0008384558589111125
GEN 68 time 1617383744
0.0027034571272860383
0.002191164823506423
0.001596963160098174
0.000943468498866294
0.00280134359729491
0.0008384558589111125
GEN 69 time 1617383746
0.0027034571272860383
0.002191164823506423
0.001596963160098174
0.000943468498866294
0.00280134359729491
0.0008384558589111125
GEN 70 time 1617383748
0.0027034571272860383
0.002191164823506423
0.001596963160098174
0.000943468498866294
0.00280134359729491
0.0008384558589111125
GEN 71 time 1617383749
0.0027034571272860383
0.002191164823506423
0.001596963160098174
0.000943468498866294
0.002602832106440786
0.0008384558589111125
GEN 72 time 1617383751
0.0027034571272860383
0.002191164823506423
0.001596963160098174
0.000943468498866294
0.002602832106440786
0.0008384558589111125
GEN 73 time 1617383753
0.0027034571272860383
0.002191164823506423
0.001596963160098174
0.000943468498866294
0.002602832106440786
0.0008384558589111125
GEN 74 time 1617383755
0.0027034571272860383
0.002191164823506423
0.001596963160098174
0.000943468498866294
0.0024028121064407857
0.0008384558589111125
GEN 75 time 1617383757
0.0027034571272860383
0.002191164823506423
0.001596963160098174
0.000943468498866294
0.0024028121064407857
0.0008384558589111125
GEN 76 time 1617383758
0.0027034571272860383
0.002191164823506423
0.001596963160098174
0.000943468498866294
0.0024028121064407857
0.0008384558589111125
GEN 77 time 1617383760
0.0027034571272860383
0.002191164823506423
0.001596963160098174
0.000943468498866294
0.0024028121064407857
0.0008384558589111125
GEN 78 time 1617383762
0.0027034571272860383
0.002191164823506423
0.001596963160098174
0.000943468498866294
0.0024028121064407857
0.0008384558589111125
GEN 79 time 1617383764
0.0027034571272860383
0.002191164823506423
0.001596963160098174
0.000943468498866294
0.0024028121064407857
0.0008384558589111125
GEN 80 time 1617383766
0.0027034571272860383
0.002191164823506423
0.001596963160098174
0.000943468498866294
0.0024028121064407857
0.0008384558589111125
GEN 81 time 1617383768
0.0027034571272860383
0.002191164823506423
0.001596963160098174
0.000943468498866294
0.0024028121064407857
0.0008384558589111125
GEN 82 time 1617383769
0.0027034571272860383
0.002191164823506423
0.001596963160098174
0.000943468498866294
0.0024028121064407857
0.0008384558589111125
GEN 83 time 1617383771
0.0027034571272860383
0.002191164823506423
0.001596963160098174
0.000943468498866294
0.002402257711487282
0.0008384558589111125
GEN 84 time 1617383773
0.0027034571272860383
0.002191164823506423
0.001596963160098174
0.000943468498866294
0.002402257711487282
0.0008384558589111125
GEN 85 time 1617383775
0.0027034571272860383
0.002191164823506423
0.001596963160098174
0.000943468498866294
0.002402257711487282
0.0008384558589111125
GEN 86 time 1617383777
0.0027034571272860383
0.002191164823506423
0.001596963160098174
0.000943468498866294
0.002402257711487282
0.0008384558589111125
GEN 87 time 1617383778
0.0027034571272860383
0.002191164823506423
0.001596963160098174
0.000943468498866294
0.002402257711487282
0.0008384558589111125
GEN 88 time 1617383780
0.0027034571272860383
0.002191164823506423
0.001596963160098174
0.000943468498866294
0.002402257711487282
0.0008384558589111125
GEN 89 time 1617383782
0.0027034571272860383
0.002191164823506423
0.001596963160098174
0.000943468498866294
0.002402257711487282
0.0008384558589111125
GEN 90 time 1617383784
0.0027034571272860383
0.002191164823506423
0.001596963160098174
0.000943468498866294
0.002402257711487282
0.0008384558589111125
GEN 91 time 1617383786
0.0027034571272860383
0.002191164823506423
0.001596963160098174
0.000943468498866294
0.002402257711487282
0.0008384558589111125
GEN 92 time 1617383788
0.0027034571272860383
0.002191164823506423
0.001596963160098174
0.000943468498866294
0.002402257711487282
0.0008384558589111125
GEN 93 time 1617383789
0.0027034571272860383
0.002191164823506423
0.001596963160098174
0.000943468498866294
0.002402257711487282
0.0008384558589111125
GEN 94 time 1617383791
0.0027034571272860383
0.002191164823506423
0.001596963160098174
0.000943468498866294
0.002402257711487282
0.0008384558589111125
GEN 95 time 1617383793
0.0027034571272860383
0.002191164823506423
0.001596963160098174
0.000943468498866294
0.002402257711487282
0.0008384558589111125
GEN 96 time 1617383795
0.0027034571272860383
0.002191164823506423
0.001596963160098174
0.000943468498866294
0.002402257711487282
0.0008384558589111125
GEN 97 time 1617383797
0.0027034571272860383
0.002191164823506423
0.001596963160098174
0.000943468498866294
0.002402257711487282
0.0008384558589111125
GEN 98 time 1617383799
0.0027034571272860383
0.002191164823506423
0.001596963160098174
0.000943468498866294
0.0022022377114872824
0.0008384558589111125
GEN 99 time 1617383800
0.0027034571272860383
0.002191164823506423
0.001596963160098174
0.000943468498866294
0.0022022377114872824
0.0008384558589111125
GEN 100 time 1617383802
0.0027034571272860383
0.002191164823506423
0.001596963160098174
0.000943468498866294
0.0022022377114872824
0.0008384558589111125
GEN 101 time 1617383804
0.0027034571272860383
0.002191164823506423
0.001596963160098174
0.000943468498866294
0.0022022377114872824
0.0008384558589111125
GEN 102 time 1617383806
0.0027034571272860383
0.002191164823506423
0.001596963160098174
0.000943468498866294
0.0022022377114872824
0.0008384558589111125
GEN 103 time 1617383808
0.0027034571272860383
0.002191164823506423
0.001596963160098174
0.000943468498866294
0.0022022377114872824
0.0008293526614432319
GEN 104 time 1617383810
0.0027034571272860383
0.002191164823506423
0.001596963160098174
0.000943468498866294
0.0022022377114872824
0.0008293526614432319
GEN 105 time 1617383811
0.0027034571272860383
0.002191164823506423
0.001596963160098174
0.000943468498866294
0.0022022377114872824
0.0008293526614432319
GEN 106 time 1617383813
0.0027034571272860383
0.002191164823506423
0.001596963160098174
0.000943468498866294
0.0022022377114872824
0.0008293526614432319
GEN 107 time 1617383815
0.0027034571272860383
0.002191164823506423
0.001596963160098174
0.000943468498866294
0.0022022377114872824
0.0008293526614432319
GEN 108 time 1617383817
0.0027034571272860383
0.002191164823506423
0.001596963160098174
0.000943468498866294
0.0022022377114872824
0.0008293526614432319
GEN 109 time 1617383819
0.0027034571272860383
0.002191164823506423
0.001596963160098174
0.000943468498866294
0.0022022377114872824
0.0008293526614432319
GEN 110 time 1617383820
0.0027034571272860383
0.002191164823506423
0.001596963160098174
0.000943468498866294
0.0022022377114872824
0.0008293526614432319
GEN 111 time 1617383822
0.0027034571272860383
0.002191164823506423
0.001596963160098174
0.000943468498866294
0.0022022377114872824
0.0008293526614432319
GEN 112 time 1617383824
0.0027034571272860383
0.002191164823506423
0.001596963160098174
0.000943468498866294
0.0022022377114872824
0.0008293526614432319
GEN 113 time 1617383826
0.0027034571272860383
0.002191164823506423
0.001596963160098174
0.000943468498866294
0.0022022377114872824
0.0008293526614432319
GEN 114 time 1617383828
0.0027034571272860383
0.002191164823506423
0.001596963160098174
0.000943468498866294
0.0022022377114872824
0.0008293526614432319
GEN 115 time 1617383830
0.0027034571272860383
0.002191164823506423
0.001596963160098174
0.000943468498866294
0.0022022377114872824
0.0008293526614432319
GEN 116 time 1617383832
0.0027034571272860383
0.002191164823506423
0.001596963160098174
0.000943468498866294
0.0022022377114872824
0.0008293526614432319
GEN 117 time 1617383833
0.0027034571272860383
0.002191164823506423
0.001596963160098174
0.000943468498866294
0.0022022377114872824
0.0008293526614432319
GEN 118 time 1617383835
0.0027034571272860383
0.002191164823506423
0.001596963160098174
0.000943468498866294
0.0022022377114872824
0.0008293526614432319
GEN 119 time 1617383837
0.0027034571272860383
0.002191164823506423
0.001596963160098174
0.000943468498866294
0.0022022377114872824
0.0008293526614432319
GEN 120 time 1617383839
0.0027034571272860383
0.002191164823506423
0.001596963160098174
0.000943468498866294
0.0022022377114872824
0.0008293526614432319
GEN 121 time 1617383841
0.0027034571272860383
0.002191164823506423
0.001596963160098174
0.000943468498866294
0.0022022377114872824
0.0008293526614432319
GEN 122 time 1617383842
0.0027034571272860383
0.002191164823506423
0.001596963160098174
0.000943468498866294
0.0022022377114872824
0.0008293526614432319
GEN 123 time 1617383844
0.0027034571272860383
0.002191164823506423
0.001596963160098174
0.000943468498866294
0.0022022377114872824
0.0008256449202168144
GEN 124 time 1617383846
0.0027034571272860383
0.002191164823506423
0.001596963160098174
0.000943468498866294
0.0022022377114872824
0.000819565863810469
GEN 125 time 1617383848
0.0027034571272860383
0.002191164823506423
0.001596963160098174
0.000943468498866294
0.0022022377114872824
0.000819565863810469
GEN 126 time 1617383850
0.0027034571272860383
0.002191164823506423
0.001596963160098174
0.000943468498866294
0.0022022377114872824
0.000819565863810469
GEN 127 time 1617383852
0.0027034571272860383
0.002191164823506423
0.001596963160098174
0.000943468498866294
0.0022022377114872824
0.000819565863810469
GEN 128 time 1617383853
0.0027034571272860383
0.002191164823506423
0.001596963160098174
0.000943468498866294
0.0022022377114872824
0.000819565863810469
GEN 129 time 1617383855
0.0027034571272860383
0.002191164823506423
0.001596963160098174
0.000943468498866294
0.0022022377114872824
0.000819565863810469
GEN 130 time 1617383857
0.0027034571272860383
0.002191164823506423
0.001596963160098174
0.000943468498866294
0.0022022377114872824
0.000819565863810469
GEN 131 time 1617383859
0.0027034571272860383
0.002191164823506423
0.001596963160098174
0.000943468498866294
0.0022022377114872824
0.000819565863810469
GEN 132 time 1617383861
0.0027034571272860383
0.002191164823506423
0.001596963160098174
0.000943468498866294
0.0022022377114872824
0.000819565863810469
GEN 133 time 1617383863
0.0027034571272860383
0.002191164823506423
0.001596963160098174
0.000943468498866294
0.0022022377114872824
0.000819565863810469
GEN 134 time 1617383865
0.0027034571272860383
0.002191164823506423
0.001596963160098174
0.000943468498866294
0.0022022377114872824
0.000819565863810469
GEN 135 time 1617383866
0.0027034571272860383
0.002191164823506423
0.001596963160098174
0.000943468498866294
0.0022022377114872824
0.000819565863810469
GEN 136 time 1617383868
0.0027034571272860383
0.002191164823506423
0.001596963160098174
0.000943468498866294
0.0022022377114872824
0.000819565863810469
GEN 137 time 1617383870
0.0027034571272860383
0.002191164823506423
0.001596963160098174
0.000943468498866294
0.0022022377114872824
0.0008182376530114435
GEN 138 time 1617383872
0.0027034571272860383
0.002191164823506423
0.001596963160098174
0.000943468498866294
0.0022022377114872824
0.0008182376530114435
GEN 139 time 1617383874
0.0027034571272860383
0.002191164823506423
0.001596963160098174
0.000943468498866294
0.0022022377114872824
0.0008182376530114435
GEN 140 time 1617383876
0.0027034571272860383
0.002191164823506423
0.001596963160098174
0.000943468498866294
0.0022022377114872824
0.0008182376530114435
GEN 141 time 1617383878
0.0027034571272860383
0.002191164823506423
0.001596963160098174
0.000943468498866294
0.0022022377114872824
0.0008182376530114435
GEN 142 time 1617383879
0.0027034571272860383
0.002191164823506423
0.001596963160098174
0.000943468498866294
0.0022022377114872824
0.0008182376530114435
GEN 143 time 1617383881
0.0027034571272860383
0.002191164823506423
0.001596963160098174
0.000943468498866294
0.0022022377114872824
0.0008182376530114435
GEN 144 time 1617383883
0.0027034571272860383
0.002191164823506423
0.001596963160098174
0.000943468498866294
0.0022022377114872824
0.0008182376530114435
GEN 145 time 1617383885
0.0027034571272860383
0.002191164823506423
0.001596963160098174
0.000943468498866294
0.0022022377114872824
0.0008182376530114435
GEN 146 time 1617383887
0.0027034571272860383
0.002191164823506423
0.001596963160098174
0.000943468498866294
0.0022022377114872824
0.0008182376530114435
GEN 147 time 1617383889
0.0027034571272860383
0.002191164823506423
0.001596963160098174
0.000943468498866294
0.0022022377114872824
0.0008182376530114435
GEN 148 time 1617383891
0.0027034571272860383
0.002191164823506423
0.001596963160098174
0.000943468498866294
0.0022022377114872824
0.0008182376530114435
GEN 149 time 1617383892
0.0027034571272860383
0.002191164823506423
0.001596963160098174
0.000943468498866294
0.0022022377114872824
0.0008182376530114435
GEN 150 time 1617383894
0.0027034571272860383
0.002191164823506423
0.001596963160098174
0.000943468498866294
0.0022022377114872824
0.0008182376530114435
GEN 151 time 1617383896
0.0027034571272860383
0.002191164823506423
0.001596963160098174
0.000943468498866294
0.0022022377114872824
0.0008182376530114435
GEN 152 time 1617383898
0.0027034571272860383
0.002191164823506423
0.001596963160098174
0.000943468498866294
0.0022022377114872824
0.0008182376530114435
GEN 153 time 1617383900
0.0027034571272860383
0.002191164823506423
0.001596963160098174
0.000943468498866294
0.0022022377114872824
0.0008182376530114435
GEN 154 time 1617383902
0.0027034571272860383
0.002191164823506423
0.001596963160098174
0.000943468498866294
0.0022022377114872824
0.0008182376530114435
GEN 155 time 1617383904
0.0027034571272860383
0.002191164823506423
0.001596963160098174
0.000943468498866294
0.0022022377114872824
0.0008182376530114435
GEN 156 time 1617383905
0.0027034571272860383
0.002191164823506423
0.001596963160098174
0.000943468498866294
0.0022022377114872824
0.0008182376530114435
GEN 157 time 1617383907
0.0027034571272860383
0.002191164823506423
0.001596963160098174
0.000943468498866294
0.0022022377114872824
0.0008182376530114435
GEN 158 time 1617383909
0.0027034571272860383
0.002191164823506423
0.001596963160098174
0.000943468498866294
0.0022022377114872824
0.0008182376530114435
GEN 159 time 1617383911
0.0027034571272860383
0.002191164823506423
0.001596963160098174
0.000943468498866294
0.0022022377114872824
0.0008182376530114435
GEN 160 time 1617383913
0.0027034571272860383
0.002191164823506423
0.001596963160098174
0.000943468498866294
0.0022022377114872824
0.0008182376530114435
GEN 161 time 1617383915
0.0027034571272860383
0.002191164823506423
0.001596963160098174
0.000943468498866294
0.0022022377114872824
0.0008182376530114435
GEN 162 time 1617383916
0.0027034571272860383
0.002191164823506423
0.001596963160098174
0.000943468498866294
0.0022022377114872824
0.0008182376530114435
GEN 163 time 1617383918
0.0027034571272860383
0.002191164823506423
0.001596963160098174
0.000943468498866294
0.0022022377114872824
0.0008182376530114435
GEN 164 time 1617383920
0.0027034571272860383
0.002191164823506423
0.001596963160098174
0.000943468498866294
0.0022022377114872824
0.0008182376530114435
GEN 165 time 1617383922
0.0027034571272860383
0.002191164823506423
0.001596963160098174
0.000943468498866294
0.0022022377114872824
0.0008182376530114435
GEN 166 time 1617383924
0.0027034571272860383
0.002191164823506423
0.001596963160098174
0.000943468498866294
0.0022022377114872824
0.0008182376530114435
GEN 167 time 1617383926
0.0027034571272860383
0.002191164823506423
0.001596963160098174
0.000943468498866294
0.0022022377114872824
0.0008182376530114435
GEN 168 time 1617383927
0.0027034571272860383
0.002191164823506423
0.001596963160098174
0.000943468498866294
0.0022022377114872824
0.0008182376530114435
GEN 169 time 1617383929
0.0027034571272860383
0.002191164823506423
0.001596963160098174
0.000943468498866294
0.0022022377114872824
0.0008182376530114435
GEN 170 time 1617383931
0.0027034571272860383
0.002191164823506423
0.001596963160098174
0.000943468498866294
0.0022022377114872824
0.0008182376530114435
GEN 171 time 1617383933
0.0027034571272860383
0.002191164823506423
0.001596963160098174
0.000943468498866294
0.0022022377114872824
0.0008182376530114435
GEN 172 time 1617383935
0.0027034571272860383
0.002191164823506423
0.001596963160098174
0.000943468498866294
0.0022022377114872824
0.0008182376530114435
GEN 173 time 1617383937
0.0027034571272860383
0.002191164823506423
0.001596963160098174
0.000943468498866294
0.0022022377114872824
0.0008182376530114435
GEN 174 time 1617383938
0.0027034571272860383
0.002191164823506423
0.001596963160098174
0.000943468498866294
0.0022022377114872824
0.0008182376530114435
GEN 175 time 1617383940
0.0027034571272860383
0.002191164823506423
0.001596963160098174
0.000943468498866294
0.0022022377114872824
0.0008182376530114435
GEN 176 time 1617383942
0.0027034571272860383
0.002191164823506423
0.001596963160098174
0.000943468498866294
0.0022022377114872824
0.0008182376530114435
GEN 177 time 1617383944
0.0027034571272860383
0.002191164823506423
0.001596963160098174
0.000943468498866294
0.0022022377114872824
0.0008182376530114435
GEN 178 time 1617383946
0.0027034571272860383
0.002191164823506423
0.001596963160098174
0.000943468498866294
0.0022022377114872824
0.0008182376530114435
GEN 179 time 1617383947
0.0027034571272860383
0.002191164823506423
0.001596963160098174
0.000943468498866294
0.0022022377114872824
0.0008182376530114435
GEN 180 time 1617383949
0.0027034571272860383
0.002191164823506423
0.001596963160098174
0.000943468498866294
0.0022022377114872824
0.0008182376530114435
GEN 181 time 1617383951
0.0027034571272860383
0.002191164823506423
0.001596963160098174
0.000943468498866294
0.0022022377114872824
0.0008182376530114435
GEN 182 time 1617383953
0.0027034571272860383
0.002191164823506423
0.001596963160098174
0.000943468498866294
0.0022022377114872824
0.0008182376530114435
GEN 183 time 1617383955
0.0027034571272860383
0.002191164823506423
0.001596963160098174
0.000943468498866294
0.0022022377114872824
0.0008182376530114435
GEN 184 time 1617383957
0.0027034571272860383
0.002191164823506423
0.001596963160098174
0.000943468498866294
0.0022022377114872824
0.0008182376530114435
GEN 185 time 1617383958
0.0027034571272860383
0.002191164823506423
0.001596963160098174
0.000943468498866294
0.0022022377114872824
0.0008182376530114435
GEN 186 time 1617383960
0.0027034571272860383
0.002191164823506423
0.001596963160098174
0.000943468498866294
0.0022022377114872824
0.0008182376530114435
GEN 187 time 1617383962
0.0027034571272860383
0.002191164823506423
0.001596963160098174
0.000943468498866294
0.0022022377114872824
0.0008182376530114435
GEN 188 time 1617383964
0.0027034571272860383
0.002191164823506423
0.001596963160098174
0.000943468498866294
0.0022022377114872824
0.0008182376530114435
GEN 189 time 1617383966
0.0027034571272860383
0.002191164823506423
0.001596963160098174
0.000943468498866294
0.0022022377114872824
0.0008182376530114435
GEN 190 time 1617383968
0.0027034571272860383
0.002191164823506423
0.001596963160098174
0.000943468498866294
0.0022022377114872824
0.0008182376530114435
GEN 191 time 1617383969
0.0027034571272860383
0.002191164823506423
0.001596963160098174
0.000943468498866294
0.0022022377114872824
0.0008182376530114435
GEN 192 time 1617383971
0.0027034571272860383
0.002191164823506423
0.001596963160098174
0.000943468498866294
0.0022022377114872824
0.0008182376530114435
GEN 193 time 1617383973
0.0027034571272860383
0.002191164823506423
0.001596963160098174
0.000943468498866294
0.0022022377114872824
0.0008182376530114435
GEN 194 time 1617383975
0.0027034571272860383
0.002191164823506423
0.001596963160098174
0.000943468498866294
0.0022022377114872824
0.0008182376530114435
GEN 195 time 1617383977
0.0027034571272860383
0.002191164823506423
0.001596963160098174
0.000943468498866294
0.0022022377114872824
0.0008182376530114435
GEN 196 time 1617383979
0.0027034571272860383
0.002191164823506423
0.001596963160098174
0.000943468498866294
0.0022022377114872824
0.0008182376530114435
GEN 197 time 1617383981
0.0027034571272860383
0.002191164823506423
0.001596963160098174
0.000943468498866294
0.0022022377114872824
0.0008182376530114435
GEN 198 time 1617383982
0.0027034571272860383
0.002191164823506423
0.001596963160098174
0.000943468498866294
0.0022022377114872824
0.0008182376530114435
GEN 199 time 1617383984
0.0027034571272860383
0.002191164823506423
0.001596963160098174
0.000943468498866294
0.0022022377114872824
0.0008182376530114435
