['./data/small/layer/uu-dem3_r25_1.json', './data/small/layer/uu-dem5_r25_1.json', './data/small/layer/uu-dem6_r25_1.json', './data/small/hop/uu-dem5_r25_1_0.json', './data/small/hop/uu-dem3_r25_1_0.json', './data/small/hop/uu-dem2_r25_1_0.json']
GEN 0 time 1609951321
0.0017058410808370235
inf
0.001596963160098174
0.001143488498866294
0.0012471238169685576
0.0010138878572969272
GEN 1 time 1609951324
0.0017058410808370235
inf
0.001596963160098174
0.001143488498866294
0.0012471238169685576
0.0010138878572969272
GEN 2 time 1609951327
0.0017058410808370235
inf
0.001596963160098174
0.001143488498866294
0.0012471238169685576
0.0010138878572969272
GEN 3 time 1609951330
0.0017058410808370235
0.0024212817460994513
0.001596963160098174
0.001143488498866294
0.0012471238169685576
0.0010138878572969272
GEN 4 time 1609951332
0.0017058410808370235
0.0024212817460994513
0.001596963160098174
0.001143488498866294
0.0012368935592772582
0.0010138878572969272
GEN 5 time 1609951335
0.0017058410808370235
0.0024212817460994513
0.001596963160098174
0.001143488498866294
0.0012368935592772582
0.0010138878572969272
GEN 6 time 1609951338
0.0017058410808370235
0.0024212817460994513
0.001596963160098174
0.001143488498866294
0.0012368935592772582
0.0010138878572969272
GEN 7 time 1609951340
0.0017058410808370235
0.0024212817460994513
0.001596963160098174
0.001143488498866294
0.00123193136556126
0.0010138878572969272
GEN 8 time 1609951343
0.0017058410808370235
0.0024212817460994513
0.001596963160098174
0.001143488498866294
0.00123193136556126
0.0010138878572969272
GEN 9 time 1609951346
0.0017058410808370235
0.0024212817460994513
0.001596963160098174
0.001143488498866294
0.00123193136556126
0.0010138878572969272
GEN 10 time 1609951348
0.0017058410808370235
0.0024212817460994513
0.001596963160098174
0.001143488498866294
0.0010812292482631628
0.0010138878572969272
GEN 11 time 1609951351
0.0017058410808370235
0.0024212817460994513
0.001596963160098174
0.001143488498866294
0.0010812292482631628
0.001011159072528193
GEN 12 time 1609951354
0.0017058410808370235
0.0024212817460994513
0.001596963160098174
0.001106900160619208
0.001061217519632954
0.0008944066335870733
GEN 13 time 1609951356
0.0017058410808370235
0.0022212617460994517
0.001596963160098174
0.001106900160619208
0.001061217519632954
0.0008944066335870733
GEN 14 time 1609951359
0.0017058410808370235
0.0022212617460994517
0.001596963160098174
0.001106900160619208
0.001061217519632954
0.0008944066335870733
GEN 15 time 1609951362
0.0017058410808370235
0.0022212617460994517
0.001596963160098174
0.001106900160619208
0.001061217519632954
0.0008944066335870733
GEN 16 time 1609951364
0.0017058410808370235
0.0022212617460994517
0.001596963160098174
0.001106900160619208
0.001061217519632954
0.0008944066335870733
GEN 17 time 1609951367
0.0017058410808370235
0.0022212617460994517
0.001596963160098174
0.001106900160619208
0.0010388001319101045
0.0008944066335870733
GEN 18 time 1609951370
0.0017058410808370235
0.0022212617460994517
0.001596963160098174
0.001106900160619208
0.0010388001319101045
0.0008944066335870733
GEN 19 time 1609951373
0.0017058410808370235
0.0022212617460994517
0.001596963160098174
0.001106900160619208
0.0010388001319101045
0.0008944066335870733
GEN 20 time 1609951376
0.0017058410808370235
0.0022212617460994517
0.001596963160098174
0.001106900160619208
0.0010388001319101045
0.0008944066335870733
GEN 21 time 1609951379
0.0017058410808370235
0.0022212617460994517
0.001596963160098174
0.001106900160619208
0.0010388001319101045
0.0008944066335870733
GEN 22 time 1609951382
0.0017058410808370235
0.0022212617460994517
0.001596963160098174
0.001106900160619208
0.0010388001319101045
0.0008944066335870733
GEN 23 time 1609951384
0.0017058410808370235
0.0022212617460994517
0.001596963160098174
0.001106900160619208
0.0010388001319101045
0.0008944066335870733
GEN 24 time 1609951387
0.0017058410808370235
0.0022212617460994517
0.001596963160098174
0.001106900160619208
0.0009771434576621122
0.0008944066335870733
GEN 25 time 1609951390
0.0017058410808370235
0.0022212617460994517
0.001596963160098174
0.001106900160619208
0.0009771434576621122
0.0008944066335870733
GEN 26 time 1609951393
0.0017058410808370235
0.0022212617460994517
0.001596963160098174
0.001106900160619208
0.0009771434576621122
0.0008944066335870733
GEN 27 time 1609951395
0.0017058410808370235
0.0022212617460994517
0.001596963160098174
0.001106900160619208
0.0009771434576621122
0.0008944066335870733
GEN 28 time 1609951398
0.0017058410808370235
0.0022212617460994517
0.001596963160098174
0.001106900160619208
0.0009771434576621122
0.0008944066335870733
GEN 29 time 1609951401
0.0017058410808370235
0.0022212617460994517
0.001596963160098174
0.001106900160619208
0.0009771434576621122
0.0008944066335870733
GEN 30 time 1609951404
0.0017058410808370235
0.0022212617460994517
0.001596963160098174
0.001106900160619208
0.0009771434576621122
0.0008944066335870733
GEN 31 time 1609951406
0.0017058410808370235
0.002191164823506423
0.001596963160098174
0.001106900160619208
0.0009771434576621122
0.0008944066335870733
GEN 32 time 1609951409
0.0017058410808370235
0.002191164823506423
0.001596963160098174
0.001106900160619208
0.0009771434576621122
0.0008944066335870733
GEN 33 time 1609951412
0.0017058410808370235
0.002191164823506423
0.001596963160098174
0.001106900160619208
0.0009771434576621122
0.0008944066335870733
GEN 34 time 1609951415
0.0017058410808370235
0.002191164823506423
0.001596963160098174
0.001106900160619208
0.0009771434576621122
0.0008944066335870733
GEN 35 time 1609951418
0.0017058410808370235
0.002191164823506423
0.001596963160098174
0.001106900160619208
0.0008601566701016831
0.0008944066335870733
GEN 36 time 1609951421
0.0017058410808370235
0.002191164823506423
0.001596963160098174
0.001106900160619208
0.0008601566701016831
0.0008944066335870733
GEN 37 time 1609951424
0.0017058410808370235
0.002191164823506423
0.001596963160098174
0.001106900160619208
0.0008601566701016831
0.0008944066335870733
GEN 38 time 1609951426
0.0017058410808370235
0.002191164823506423
0.001596963160098174
0.001106900160619208
0.0008601566701016831
0.0008944066335870733
GEN 39 time 1609951429
0.0017058410808370235
0.002191164823506423
0.001596963160098174
0.001106900160619208
0.0008601566701016831
0.0008944066335870733
GEN 40 time 1609951432
0.0017058410808370235
0.002191164823506423
0.001596963160098174
0.001106900160619208
0.0008601566701016831
0.0008944066335870733
GEN 41 time 1609951435
0.0017058410808370235
0.002191164823506423
0.001596963160098174
0.0010883008266692373
0.0008601566701016831
0.0008944066335870733
GEN 42 time 1609951438
0.0017058410808370235
0.002191164823506423
0.001596963160098174
0.0010883008266692373
0.0008601566701016831
0.0008944066335870733
GEN 43 time 1609951441
0.0017058410808370235
0.002191164823506423
0.001596963160098174
0.0010883008266692373
0.0008601566701016831
0.0008944066335870733
GEN 44 time 1609951443
0.0017058410808370235
0.002191164823506423
0.001596963160098174
0.0010883008266692373
0.0008601566701016831
0.0008944066335870733
GEN 45 time 1609951446
0.0017058410808370235
0.002191164823506423
0.001596963160098174
0.0010883008266692373
0.0008601566701016831
0.0008944066335870733
GEN 46 time 1609951449
0.0017058410808370235
0.002191164823506423
0.001596963160098174
0.0010883008266692373
0.0008601566701016831
0.0008944066335870733
GEN 47 time 1609951452
0.0017058410808370235
0.002191164823506423
0.001596963160098174
0.0010883008266692373
0.0008601566701016831
0.0008944066335870733
GEN 48 time 1609951454
0.0017058410808370235
0.002191164823506423
0.001596963160098174
0.0010883008266692373
0.0008601566701016831
0.0008944066335870733
GEN 49 time 1609951457
0.0017058410808370235
0.002191164823506423
0.001596963160098174
0.0010883008266692373
0.0008601566701016831
0.0008944066335870733
GEN 50 time 1609951460
0.0017058410808370235
0.002191164823506423
0.001596963160098174
0.0010883008266692373
0.0008601566701016831
0.0008944066335870733
GEN 51 time 1609951463
0.0017058410808370235
0.002191164823506423
0.001596963160098174
0.0010883008266692373
0.0008368535592772582
0.0008944066335870733
GEN 52 time 1609951465
0.0017058410808370235
0.002191164823506423
0.001596963160098174
0.0010883008266692373
0.0008368535592772582
0.0008944066335870733
GEN 53 time 1609951468
0.0017058410808370235
0.002191164823506423
0.001596963160098174
0.0010836611133709124
0.0008368535592772582
0.0008944066335870733
GEN 54 time 1609951471
0.0017058410808370235
0.002191164823506423
0.001596963160098174
0.0010836611133709124
0.0008368535592772582
0.0008944066335870733
GEN 55 time 1609951474
0.0017058410808370235
0.002191164823506423
0.001596963160098174
0.0010836611133709124
0.0008368535592772582
0.0008944066335870733
GEN 56 time 1609951477
0.0017058410808370235
0.002191164823506423
0.001596963160098174
0.0010836611133709124
0.0008368535592772582
0.0008944066335870733
GEN 57 time 1609951480
0.0017058410808370235
0.002191164823506423
0.001596963160098174
0.0010836611133709124
0.0008368535592772582
0.0008944066335870733
GEN 58 time 1609951483
0.0017058410808370235
0.002191164823506423
0.001596963160098174
0.0010836611133709124
0.0008368535592772582
0.0008944066335870733
GEN 59 time 1609951485
0.0017058410808370235
0.002191164823506423
0.001596963160098174
0.0010836611133709124
0.0008368535592772582
0.0008944066335870733
GEN 60 time 1609951488
0.0017058410808370235
0.002191164823506423
0.001596963160098174
0.0010836611133709124
0.0008368535592772582
0.0008944066335870733
GEN 61 time 1609951491
0.0017058410808370235
0.002191164823506423
0.001596963160098174
0.0010836611133709124
0.0008368535592772582
0.0008944066335870733
GEN 62 time 1609951494
0.0017058410808370235
0.002191164823506423
0.001596963160098174
0.0010836611133709124
0.0008368535592772582
0.0008944066335870733
GEN 63 time 1609951496
0.0017058410808370235
0.002191164823506423
0.001596963160098174
0.0010836611133709124
0.0008368535592772582
0.0008944066335870733
GEN 64 time 1609951499
0.0017058410808370235
0.002191164823506423
0.001596963160098174
0.0010836611133709124
0.0008368535592772582
0.000872156089063247
GEN 65 time 1609951502
0.0017058410808370235
0.002191164823506423
0.001596963160098174
0.0010836611133709124
0.0008368535592772582
0.000872156089063247
GEN 66 time 1609951505
0.0017058410808370235
0.002191164823506423
0.001596963160098174
0.0010836611133709124
0.0008368535592772582
0.000872156089063247
GEN 67 time 1609951507
0.0017058410808370235
0.002191164823506423
0.001596963160098174
0.0010836611133709124
0.0008368535592772582
0.000872156089063247
GEN 68 time 1609951510
0.0017058410808370235
0.002191164823506423
0.001596963160098174
0.0010836611133709124
0.0008368535592772582
0.000872156089063247
GEN 69 time 1609951513
0.0017058410808370235
0.002191164823506423
0.001596963160098174
0.0010831886476676143
0.0008368535592772582
0.000872156089063247
GEN 70 time 1609951515
0.0017058410808370235
0.002191164823506423
0.001596963160098174
0.0010831886476676143
0.0008368535592772582
0.000872156089063247
GEN 71 time 1609951518
0.0017058410808370235
0.002191164823506423
0.001596963160098174
0.001061246728831647
0.0008368535592772582
0.000872156089063247
GEN 72 time 1609951521
0.0017058410808370235
0.002191164823506423
0.001596963160098174
0.001061246728831647
0.0008368535592772582
0.000872156089063247
GEN 73 time 1609951524
0.0017058410808370235
0.002191164823506423
0.001596963160098174
0.001061246728831647
0.0008368535592772582
0.000872156089063247
GEN 74 time 1609951526
0.0017058410808370235
0.002191164823506423
0.001596963160098174
0.001061246728831647
0.0008368535592772582
0.000872156089063247
GEN 75 time 1609951529
0.0017058410808370235
0.002191164823506423
0.001596963160098174
0.001061246728831647
0.0008368535592772582
0.000872156089063247
GEN 76 time 1609951532
0.0017058410808370235
0.002191164823506423
0.001596963160098174
0.001061246728831647
0.0008368535592772582
0.0008524685971238834
GEN 77 time 1609951535
0.0017058410808370235
0.002191164823506423
0.001596963160098174
0.001061246728831647
0.0008368535592772582
0.0008524685971238834
GEN 78 time 1609951538
0.0017058410808370235
0.002191164823506423
0.001596963160098174
0.001061246728831647
0.0008368535592772582
0.0008524685971238834
GEN 79 time 1609951541
0.0017058410808370235
0.002191164823506423
0.001596963160098174
0.001061246728831647
0.0008266512680868472
0.0008524685971238834
GEN 80 time 1609951543
0.0017058410808370235
0.002191164823506423
0.001596963160098174
0.001061246728831647
0.0008266512680868472
0.0008524685971238834
GEN 81 time 1609951546
0.0017058410808370235
0.002191164823506423
0.001596963160098174
0.001052771686465652
0.0008266512680868472
0.0008524685971238834
GEN 82 time 1609951549
0.0017058410808370235
0.002191164823506423
0.001596963160098174
0.001052771686465652
0.0008266512680868472
0.0008524685971238834
GEN 83 time 1609951552
0.0017058410808370235
0.002191164823506423
0.001596963160098174
0.001052771686465652
0.0008266512680868472
0.0008524685971238834
GEN 84 time 1609951554
0.0017058410808370235
0.002191164823506423
0.001596963160098174
0.001052771686465652
0.0008266512680868472
0.0008524685971238834
GEN 85 time 1609951557
0.0017058410808370235
0.002191164823506423
0.001596963160098174
0.001052771686465652
0.0008266512680868472
0.0008524685971238834
GEN 86 time 1609951560
0.0017058410808370235
0.002191164823506423
0.001596963160098174
0.001052771686465652
0.0008266512680868472
0.0008524685971238834
GEN 87 time 1609951562
0.0017058410808370235
0.002191164823506423
0.001596963160098174
0.001052771686465652
0.0008241299227290948
0.0008524685971238834
GEN 88 time 1609951565
0.0017058410808370235
0.002191164823506423
0.001596963160098174
0.001052771686465652
0.0008241299227290948
0.0008524685971238834
GEN 89 time 1609951568
0.0017058410808370235
0.002191164823506423
0.001596963160098174
0.001052771686465652
0.0008241299227290948
0.0008524685971238834
GEN 90 time 1609951571
0.0017058410808370235
0.002191164823506423
0.001596963160098174
0.001052771686465652
0.0008236825124729097
0.0008524685971238834
GEN 91 time 1609951573
0.0017058410808370235
0.002191164823506423
0.001596963160098174
0.001052771686465652
0.0008236825124729097
0.0008524685971238834
GEN 92 time 1609951576
0.0017058410808370235
0.002191164823506423
0.001596963160098174
0.001052771686465652
0.0008236825124729097
0.0008524685971238834
GEN 93 time 1609951579
0.0017058410808370235
0.002191164823506423
0.001596963160098174
0.001052771686465652
0.0008236825124729097
0.0008524685971238834
GEN 94 time 1609951581
0.0017058410808370235
0.002191164823506423
0.001596963160098174
0.001052771686465652
0.0008236825124729097
0.0008524685971238834
GEN 95 time 1609951584
0.0017058410808370235
0.002191164823506423
0.001596963160098174
0.001052771686465652
0.0008236825124729097
0.0008524685971238834
GEN 96 time 1609951587
0.0017058410808370235
0.002191164823506423
0.001596963160098174
0.001052771686465652
0.0008236825124729097
0.0008524685971238834
GEN 97 time 1609951589
0.0017058410808370235
0.002191164823506423
0.001596963160098174
0.001052771686465652
0.0008236825124729097
0.0008524685971238834
GEN 98 time 1609951592
0.0017058410808370235
0.002191164823506423
0.001596963160098174
0.001052771686465652
0.0008236825124729097
0.0008524685971238834
GEN 99 time 1609951595
0.0017058410808370235
0.002191164823506423
0.001596963160098174
0.001052771686465652
0.0008236825124729097
0.0008524685971238834
GEN 100 time 1609951598
0.0017058410808370235
0.002191164823506423
0.001596963160098174
0.001052771686465652
0.0008236825124729097
0.0008524685971238834
GEN 101 time 1609951600
0.0017058410808370235
0.002191164823506423
0.001596963160098174
0.001052771686465652
0.0008236825124729097
0.0008524685971238834
GEN 102 time 1609951603
0.0017058410808370235
0.002191164823506423
0.001596963160098174
0.001052771686465652
0.0008236825124729097
0.0008524685971238834
GEN 103 time 1609951606
0.0017058410808370235
0.002191164823506423
0.001596963160098174
0.001052771686465652
0.0008236825124729097
0.0008524685971238834
GEN 104 time 1609951609
0.0017058410808370235
0.002191164823506423
0.001596963160098174
0.001052771686465652
0.0008236825124729097
0.0008524685971238834
GEN 105 time 1609951612
0.0017058410808370235
0.002191164823506423
0.001596963160098174
0.001052771686465652
0.0008236825124729097
0.0008524685971238834
GEN 106 time 1609951614
0.0017058410808370235
0.002191164823506423
0.001596963160098174
0.001052771686465652
0.0008236825124729097
0.0008524685971238834
GEN 107 time 1609951617
0.0017058410808370235
0.002191164823506423
0.001596963160098174
0.001052771686465652
0.0008236825124729097
0.0008524685971238834
GEN 108 time 1609951620
0.0017058410808370235
0.002191164823506423
0.001596963160098174
0.001052771686465652
0.0008192000643347034
0.0008524685971238834
GEN 109 time 1609951623
0.0017058410808370235
0.002191164823506423
0.001596963160098174
0.001052771686465652
0.0008192000643347034
0.0008524685971238834
GEN 110 time 1609951625
0.0017058410808370235
0.002191164823506423
0.001596963160098174
0.001052771686465652
0.0008192000643347034
0.0008524685971238834
GEN 111 time 1609951628
0.0017058410808370235
0.002191164823506423
0.001596963160098174
0.0010482914239193569
0.0008192000643347034
0.0008524685971238834
GEN 112 time 1609951631
0.0017058410808370235
0.002191164823506423
0.001596963160098174
0.0010482914239193569
0.0008192000643347034
0.0008524685971238834
GEN 113 time 1609951633
0.0017058410808370235
0.002191164823506423
0.001596963160098174
0.0010482914239193569
0.0008192000643347034
0.0008524685971238834
GEN 114 time 1609951636
0.0017058410808370235
0.002191164823506423
0.001596963160098174
0.0010482914239193569
0.0008192000643347034
0.0008524685971238834
GEN 115 time 1609951639
0.0017058410808370235
0.002191164823506423
0.001596963160098174
0.0010482914239193569
0.0008192000643347034
0.0008524685971238834
GEN 116 time 1609951641
0.0017058410808370235
0.002191164823506423
0.001596963160098174
0.0010482914239193569
0.0008192000643347034
0.0008524685971238834
GEN 117 time 1609951644
0.0017058410808370235
0.002191164823506423
0.001596963160098174
0.0010482914239193569
0.0008192000643347034
0.0008524685971238834
GEN 118 time 1609951647
0.0017058410808370235
0.002191164823506423
0.001596963160098174
0.0010482914239193569
0.0008192000643347034
0.0008524685971238834
GEN 119 time 1609951650
0.0017058410808370235
0.002191164823506423
0.001596963160098174
0.0010482914239193569
0.0008192000643347034
0.0008524685971238834
GEN 120 time 1609951652
0.0017058410808370235
0.002191164823506423
0.001596963160098174
0.0010482914239193569
0.0008192000643347034
0.0008524685971238834
GEN 121 time 1609951655
0.0017058410808370235
0.002191164823506423
0.001596963160098174
0.0010482914239193569
0.0008192000643347034
0.0008524685971238834
GEN 122 time 1609951658
0.0017058410808370235
0.002191164823506423
0.001596963160098174
0.0010482914239193569
0.0008192000643347034
0.0008524685971238834
GEN 123 time 1609951660
0.0017058410808370235
0.002191164823506423
0.001596963160098174
0.0010482914239193569
0.0008192000643347034
0.0008524685971238834
GEN 124 time 1609951663
0.0017058410808370235
0.002191164823506423
0.001596963160098174
0.0010482914239193569
0.0008192000643347034
0.0008524685971238834
GEN 125 time 1609951666
0.0017058410808370235
0.002191164823506423
0.001596963160098174
0.0010482914239193569
0.0008192000643347034
0.0008524685971238834
GEN 126 time 1609951668
0.0017058410808370235
0.002191164823506423
0.001596963160098174
0.0010482914239193569
0.0008192000643347034
0.0008524685971238834
GEN 127 time 1609951671
0.0017058410808370235
0.002191164823506423
0.001596963160098174
0.0010482914239193569
0.0008192000643347034
0.0008524685971238834
GEN 128 time 1609951674
0.0017058410808370235
0.002191164823506423
0.001596963160098174
0.000943468498866294
0.0008192000643347034
0.0008524685971238834
GEN 129 time 1609951677
0.0017058410808370235
0.002191164823506423
0.001596963160098174
0.000943468498866294
0.0008192000643347034
0.0008524685971238834
GEN 130 time 1609951680
0.0017058410808370235
0.002191164823506423
0.001596963160098174
0.000943468498866294
0.0008192000643347034
0.0008524685971238834
GEN 131 time 1609951683
0.0017058410808370235
0.002191164823506423
0.001596963160098174
0.000943468498866294
0.0008192000643347034
0.0008524685971238834
GEN 132 time 1609951685
0.0017058410808370235
0.002191164823506423
0.001596963160098174
0.000943468498866294
0.0008192000643347034
0.0008524685971238834
GEN 133 time 1609951688
0.0017058410808370235
0.002191164823506423
0.001596963160098174
0.000943468498866294
0.0008192000643347034
0.0008524685971238834
GEN 134 time 1609951691
0.0017058410808370235
0.002191164823506423
0.001596963160098174
0.000943468498866294
0.0008192000643347034
0.0008524685971238834
GEN 135 time 1609951693
0.0017058410808370235
0.002191164823506423
0.001596963160098174
0.000943468498866294
0.0008192000643347034
0.0008524685971238834
GEN 136 time 1609951696
0.0017058410808370235
0.002191164823506423
0.001596963160098174
0.000943468498866294
0.0008192000643347034
0.0008524685971238834
GEN 137 time 1609951699
0.0017058410808370235
0.002191164823506423
0.001596963160098174
0.000943468498866294
0.0008192000643347034
0.0008524685971238834
GEN 138 time 1609951702
0.0017058410808370235
0.002191164823506423
0.001596963160098174
0.000943468498866294
0.0008192000643347034
0.0008524685971238834
GEN 139 time 1609951704
0.0017058410808370235
0.002191164823506423
0.001596963160098174
0.000943468498866294
0.0008192000643347034
0.0008524685971238834
GEN 140 time 1609951707
0.0017058410808370235
0.002191164823506423
0.001596963160098174
0.000943468498866294
0.0008192000643347034
0.0008524685971238834
GEN 141 time 1609951710
0.0017058410808370235
0.002191164823506423
0.001596963160098174
0.000943468498866294
0.0008192000643347034
0.0008524685971238834
GEN 142 time 1609951713
0.0017058410808370235
0.002191164823506423
0.001596963160098174
0.000943468498866294
0.0008192000643347034
0.0008524685971238834
GEN 143 time 1609951715
0.0017058410808370235
0.002191164823506423
0.001596963160098174
0.000943468498866294
0.0008192000643347034
0.0008524685971238834
GEN 144 time 1609951718
0.0017058410808370235
0.002191164823506423
0.001596963160098174
0.000943468498866294
0.0008192000643347034
0.0008524685971238834
GEN 145 time 1609951721
0.0017058410808370235
0.002191164823506423
0.001596963160098174
0.000943468498866294
0.0008192000643347034
0.0008524685971238834
GEN 146 time 1609951723
0.0017058410808370235
0.002191164823506423
0.001596963160098174
0.000943468498866294
0.0008192000643347034
0.0008524685971238834
GEN 147 time 1609951726
0.0017058410808370235
0.002191164823506423
0.001596963160098174
0.000943468498866294
0.0008192000643347034
0.0008524685971238834
GEN 148 time 1609951729
0.0017058410808370235
0.002191164823506423
0.001596963160098174
0.000943468498866294
0.0008192000643347034
0.0008524685971238834
GEN 149 time 1609951732
0.0017058410808370235
0.002191164823506423
0.001596963160098174
0.000943468498866294
0.0008192000643347034
0.0008524685971238834
GEN 150 time 1609951734
0.0017058410808370235
0.002191164823506423
0.001596963160098174
0.000943468498866294
0.0008192000643347034
0.0008524685971238834
GEN 151 time 1609951737
0.0017058410808370235
0.002191164823506423
0.001596963160098174
0.000943468498866294
0.0008192000643347034
0.0008524685971238834
GEN 152 time 1609951740
0.0017058410808370235
0.002191164823506423
0.001596963160098174
0.000943468498866294
0.0008192000643347034
0.0008524685971238834
GEN 153 time 1609951743
0.0017058410808370235
0.002191164823506423
0.001596963160098174
0.000943468498866294
0.0008192000643347034
0.0008524685971238834
GEN 154 time 1609951746
0.0017058410808370235
0.002191164823506423
0.001596963160098174
0.000943468498866294
0.0008192000643347034
0.0008524685971238834
GEN 155 time 1609951749
0.0017058410808370235
0.002191164823506423
0.001596963160098174
0.000943468498866294
0.0008192000643347034
0.0008524685971238834
GEN 156 time 1609951752
0.0017058410808370235
0.002191164823506423
0.001596963160098174
0.000943468498866294
0.0008192000643347034
0.0008524685971238834
GEN 157 time 1609951755
0.0017058410808370235
0.002191164823506423
0.001596963160098174
0.000943468498866294
0.0008192000643347034
0.0008524685971238834
GEN 158 time 1609951758
0.0017058410808370235
0.002191164823506423
0.001596963160098174
0.000943468498866294
0.0008192000643347034
0.0008524685971238834
GEN 159 time 1609951760
0.0017058410808370235
0.002191164823506423
0.001596963160098174
0.000943468498866294
0.0008192000643347034
0.0008524685971238834
GEN 160 time 1609951763
0.0017058410808370235
0.002191164823506423
0.001596963160098174
0.000943468498866294
0.0008192000643347034
0.0008524685971238834
GEN 161 time 1609951766
0.0017058410808370235
0.002191164823506423
0.001596963160098174
0.000943468498866294
0.0008192000643347034
0.0008524685971238834
GEN 162 time 1609951769
0.0017058410808370235
0.002191164823506423
0.001596963160098174
0.000943468498866294
0.0008192000643347034
0.0008524685971238834
GEN 163 time 1609951772
0.0017058410808370235
0.002191164823506423
0.001596963160098174
0.000943468498866294
0.0008192000643347034
0.0008524685971238834
GEN 164 time 1609951774
0.0017058410808370235
0.002191164823506423
0.001596963160098174
0.000943468498866294
0.0008192000643347034
0.0008524685971238834
GEN 165 time 1609951777
0.0017058410808370235
0.002191164823506423
0.001596963160098174
0.000943468498866294
0.0008192000643347034
0.0008524685971238834
GEN 166 time 1609951780
0.0017058410808370235
0.002191164823506423
0.001596963160098174
0.000943468498866294
0.0008192000643347034
0.0008524685971238834
GEN 167 time 1609951783
0.0017058410808370235
0.002191164823506423
0.001596963160098174
0.000943468498866294
0.0008192000643347034
0.0008524685971238834
GEN 168 time 1609951786
0.0017058410808370235
0.002191164823506423
0.001596963160098174
0.000943468498866294
0.0008192000643347034
0.0008524685971238834
GEN 169 time 1609951789
0.0017058410808370235
0.002191164823506423
0.001596963160098174
0.000943468498866294
0.0008192000643347034
0.0008524685971238834
GEN 170 time 1609951792
0.0017058410808370235
0.002191164823506423
0.001596963160098174
0.000943468498866294
0.0008192000643347034
0.0008524685971238834
GEN 171 time 1609951795
0.0017058410808370235
0.002191164823506423
0.001596963160098174
0.000943468498866294
0.0008192000643347034
0.0008524685971238834
GEN 172 time 1609951798
0.0017058410808370235
0.002191164823506423
0.001596963160098174
0.000943468498866294
0.0008192000643347034
0.0008524685971238834
GEN 173 time 1609951801
0.0017058410808370235
0.002191164823506423
0.001596963160098174
0.000943468498866294
0.0008192000643347034
0.0008524685971238834
GEN 174 time 1609951803
0.0017058410808370235
0.002191164823506423
0.001596963160098174
0.000943468498866294
0.0008192000643347034
0.0008524685971238834
GEN 175 time 1609951806
0.0017058410808370235
0.002191164823506423
0.001596963160098174
0.000943468498866294
0.0008192000643347034
0.0008524685971238834
GEN 176 time 1609951809
0.0017058410808370235
0.002191164823506423
0.001596963160098174
0.000943468498866294
0.0008192000643347034
0.0008524685971238834
GEN 177 time 1609951812
0.0017058410808370235
0.002191164823506423
0.001596963160098174
0.000943468498866294
0.0008192000643347034
0.0008524685971238834
GEN 178 time 1609951815
0.0017058410808370235
0.002191164823506423
0.001596963160098174
0.000943468498866294
0.0008192000643347034
0.0008524685971238834
GEN 179 time 1609951817
0.0017058410808370235
0.002191164823506423
0.001596963160098174
0.000943468498866294
0.0008192000643347034
0.0008524685971238834
GEN 180 time 1609951820
0.0017058410808370235
0.002191164823506423
0.001596963160098174
0.000943468498866294
0.0008192000643347034
0.0008524685971238834
GEN 181 time 1609951823
0.0017058410808370235
0.002191164823506423
0.001596963160098174
0.000943468498866294
0.0008192000643347034
0.0008524685971238834
GEN 182 time 1609951826
0.0017058410808370235
0.002191164823506423
0.001596963160098174
0.000943468498866294
0.0008192000643347034
0.0008524685971238834
GEN 183 time 1609951829
0.0017058410808370235
0.002191164823506423
0.001596963160098174
0.000943468498866294
0.0008192000643347034
0.0008524685971238834
GEN 184 time 1609951832
0.0017058410808370235
0.002191164823506423
0.001596963160098174
0.000943468498866294
0.0008192000643347034
0.0008524685971238834
GEN 185 time 1609951834
0.0017058410808370235
0.002191164823506423
0.001596963160098174
0.000943468498866294
0.0008192000643347034
0.0008524685971238834
GEN 186 time 1609951837
0.0017058410808370235
0.002191164823506423
0.001596963160098174
0.000943468498866294
0.0008192000643347034
0.0008524685971238834
GEN 187 time 1609951840
0.0017058410808370235
0.002191164823506423
0.001596963160098174
0.000943468498866294
0.0008192000643347034
0.0008524685971238834
GEN 188 time 1609951843
0.0017058410808370235
0.002191164823506423
0.001596963160098174
0.000943468498866294
0.0008192000643347034
0.0008524685971238834
GEN 189 time 1609951846
0.0017058410808370235
0.002191164823506423
0.001596963160098174
0.000943468498866294
0.0008192000643347034
0.0008524685971238834
GEN 190 time 1609951848
0.0017058410808370235
0.002191164823506423
0.001596963160098174
0.000943468498866294
0.0008192000643347034
0.0008524685971238834
GEN 191 time 1609951851
0.0017058410808370235
0.002191164823506423
0.001596963160098174
0.000943468498866294
0.0008192000643347034
0.0008524685971238834
GEN 192 time 1609951855
0.0017058410808370235
0.002191164823506423
0.001596963160098174
0.000943468498866294
0.0008192000643347034
0.0008524685971238834
GEN 193 time 1609951858
0.0017058410808370235
0.002191164823506423
0.001596963160098174
0.000943468498866294
0.0008192000643347034
0.0008524685971238834
GEN 194 time 1609951860
0.0017058410808370235
0.002191164823506423
0.001596963160098174
0.000943468498866294
0.0008192000643347034
0.0008524685971238834
GEN 195 time 1609951863
0.0017058410808370235
0.002191164823506423
0.001596963160098174
0.000943468498866294
0.0008192000643347034
0.0008524685971238834
GEN 196 time 1609951866
0.0017058410808370235
0.002191164823506423
0.001596963160098174
0.000943468498866294
0.0008192000643347034
0.0008524685971238834
GEN 197 time 1609951869
0.0017058410808370235
0.002191164823506423
0.001596963160098174
0.000943468498866294
0.0008192000643347034
0.0008524685971238834
GEN 198 time 1609951872
0.0017058410808370235
0.002191164823506423
0.001596963160098174
0.000943468498866294
0.0008192000643347034
0.0008524685971238834
GEN 199 time 1609951875
0.0017058410808370235
0.002191164823506423
0.001596963160098174
0.000943468498866294
0.0008192000643347034
0.0008524685971238834
