['./data/small/layer/uu-dem6_r25_1.json', './data/small/layer/uu-dem10_r25_1.json', './data/small/layer/uu-dem8_r25_1.json', './data/small/hop/uu-dem5_r25_1_0.json', './data/small/hop/uu-dem4_r25_1_0.json', './data/small/hop/uu-dem3_r25_1_0.json']
GEN 0 time 1609939979
0.0017484773311283294
0.0018122043816207161
0.0019331241698611365
0.0012223875371536602
0.0012024411283769836
0.0012465549141024456
GEN 1 time 1609939982
0.0017484773311283294
0.0018122043816207161
0.0019331241698611365
0.0012223875371536602
0.0012024411283769836
0.0012231300246162966
GEN 2 time 1609939984
0.0017484773311283294
0.0018122043816207161
0.0019331241698611365
0.0012223875371536602
0.0010945331609226712
0.0012231300246162966
GEN 3 time 1609939987
0.0017484773311283294
0.0018122043816207161
0.0019331241698611365
0.0012223875371536602
0.0010945331609226712
0.0010861403975329573
GEN 4 time 1609939990
0.0017484773311283294
0.0018122043816207161
0.0019331241698611365
0.00121994459969225
0.0010945331609226712
0.0010861403975329573
GEN 5 time 1609939993
0.0017484773311283294
0.0018122043816207161
0.0019331241698611365
0.001143488498866294
0.0010945331609226712
0.0010861403975329573
GEN 6 time 1609939995
0.0017484773311283294
0.0018122043816207161
0.0019331241698611365
0.001143488498866294
0.0010576508892175263
0.0010861403975329573
GEN 7 time 1609939998
0.0016590848646682664
0.0018122043816207161
0.0019331241698611365
0.001143488498866294
0.0010576508892175263
0.0010861403975329573
GEN 8 time 1609940001
0.001596963160098174
0.0018009796529498184
0.0019331241698611365
0.001143488498866294
0.0010570179474523318
0.0010861403975329573
GEN 9 time 1609940004
0.001596963160098174
0.0018009796529498184
0.0019331241698611365
0.001143488498866294
0.0010570179474523318
0.0010861403975329573
GEN 10 time 1609940006
0.001596963160098174
0.0018009796529498184
0.0019331241698611365
0.001143488498866294
0.0010570179474523318
0.0010861403975329573
GEN 11 time 1609940010
0.001596963160098174
0.0018009796529498184
0.0019331241698611365
0.0011321767372452353
0.0010570179474523318
0.0010861403975329573
GEN 12 time 1609940012
0.001596963160098174
0.0018009796529498184
0.0019331241698611365
0.0011321767372452353
0.0010570179474523318
0.0010861403975329573
GEN 13 time 1609940015
0.001596963160098174
0.0018009796529498184
0.0019331241698611365
0.0011321767372452353
0.0010402921045064373
0.0010861403975329573
GEN 14 time 1609940018
0.001596963160098174
0.0018009796529498184
0.0019331241698611365
0.0011321767372452353
0.0010402921045064373
0.0010861403975329573
GEN 15 time 1609940021
0.001596963160098174
0.0018009796529498184
0.0019331241698611365
0.0011321767372452353
0.0010402921045064373
0.0010828067708690075
GEN 16 time 1609940024
0.001596963160098174
0.0018009796529498184
0.0019331241698611365
0.0011321767372452353
0.0010402921045064373
0.0010828067708690075
GEN 17 time 1609940027
0.001596963160098174
0.0016053951384742253
0.0019331241698611365
0.0011321767372452353
0.0010402921045064373
0.0010751144803111466
GEN 18 time 1609940029
0.001596963160098174
0.0016053951384742253
0.0019331241698611365
0.0011321767372452353
0.0010398646395012251
0.0010751144803111466
GEN 19 time 1609940032
0.001596963160098174
0.0016053951384742253
0.0019331241698611365
0.0011321767372452353
0.0010398646395012251
0.0010751144803111466
GEN 20 time 1609940035
0.001596963160098174
0.0016053951384742253
0.0019331241698611365
0.0011321767372452353
0.0010398646395012251
0.0010751144803111466
GEN 21 time 1609940038
0.001596963160098174
0.0016053951384742253
0.0019331241698611365
0.0011321767372452353
0.0010398646395012251
0.0010751144803111466
GEN 22 time 1609940041
0.001596963160098174
0.001415016387548214
0.0019331241698611365
0.0010883008266692373
0.0010398646395012251
0.0010695507457207252
GEN 23 time 1609940043
0.001596963160098174
0.001415016387548214
0.0019331241698611365
0.0010883008266692373
0.0010155780970812463
0.0010695507457207252
GEN 24 time 1609940046
0.001596963160098174
0.001415016387548214
0.0019331241698611365
0.0010671422883325233
0.0010155780970812463
0.0010695507457207252
GEN 25 time 1609940049
0.001596963160098174
0.0014010463019446075
0.0019331241698611365
0.0010671422883325233
0.0010155780970812463
0.0010524787914736884
GEN 26 time 1609940052
0.001596963160098174
0.0014010463019446075
0.0019331241698611365
0.0010671422883325233
0.0010155780970812463
0.0010524787914736884
GEN 27 time 1609940055
0.001596963160098174
0.0014010463019446075
0.0019331241698611365
0.0010671422883325233
0.0010155780970812463
0.0010524787914736884
GEN 28 time 1609940057
0.001596963160098174
0.0014010463019446075
0.0019331241698611365
0.0010671422883325233
0.0010155780970812463
0.0010262694018268862
GEN 29 time 1609940060
0.001596963160098174
0.0014010463019446075
0.0019331241698611365
0.001022728728588194
0.0010155780970812463
0.0010262694018268862
GEN 30 time 1609940063
0.001596963160098174
0.0014010463019446075
0.0019331241698611365
0.001022728728588194
0.0010134743090847765
0.0010262694018268862
GEN 31 time 1609940066
0.001596963160098174
0.0014010463019446075
0.0019331241698611365
0.001022728728588194
0.0010134743090847765
0.0010262694018268862
GEN 32 time 1609940069
0.001596963160098174
0.0014010463019446075
0.0019331241698611365
0.001022728728588194
0.0010134743090847765
0.0010262694018268862
GEN 33 time 1609940071
0.001596963160098174
0.0014010463019446075
0.0019331241698611365
0.001022728728588194
0.0010134743090847765
0.0010262694018268862
GEN 34 time 1609940074
0.001596963160098174
0.0014010463019446075
0.0019331241698611365
0.001022728728588194
0.0010134743090847765
0.0010262694018268862
GEN 35 time 1609940077
0.001596963160098174
0.0014010463019446075
0.0019331241698611365
0.001022728728588194
0.0010134743090847765
0.0010262694018268862
GEN 36 time 1609940080
0.001596963160098174
0.0014010463019446075
0.0019331241698611365
0.001022728728588194
0.0009865053737264208
0.0010262694018268862
GEN 37 time 1609940083
0.001596963160098174
0.0014010463019446075
0.0019331241698611365
0.001022728728588194
0.0009865053737264208
0.0010262694018268862
GEN 38 time 1609940086
0.001596963160098174
0.0014010463019446075
0.0019331241698611365
0.001022728728588194
0.0009865053737264208
0.0010262694018268862
GEN 39 time 1609940088
0.001596963160098174
0.0014010463019446075
0.0019331241698611365
0.001022728728588194
0.0009865053737264208
0.0010232801523455807
GEN 40 time 1609940091
0.001596963160098174
0.0014010463019446075
0.0019331241698611365
0.001022728728588194
0.0009865053737264208
0.0010232801523455807
GEN 41 time 1609940094
0.001596963160098174
0.0014010463019446075
0.0019331241698611365
0.001022728728588194
0.0009865053737264208
0.0010232801523455807
GEN 42 time 1609940097
0.001596963160098174
0.0014010463019446075
0.0019331241698611365
0.001022728728588194
0.0009865053737264208
0.0010232801523455807
GEN 43 time 1609940100
0.001596963160098174
0.0014010463019446075
0.0019331241698611365
0.001022728728588194
0.0009865053737264208
0.0010232801523455807
GEN 44 time 1609940102
0.001596963160098174
0.0014010463019446075
0.0019331241698611365
0.001022728728588194
0.0009865053737264208
0.0010232801523455807
GEN 45 time 1609940105
0.001596963160098174
0.0014010463019446075
0.0019331241698611365
0.001022728728588194
0.0009865053737264208
0.0010232801523455807
GEN 46 time 1609940108
0.001596963160098174
0.0014010463019446075
0.0019331241698611365
0.001022728728588194
0.0009865053737264208
0.0010232801523455807
GEN 47 time 1609940111
0.001596963160098174
0.0014010463019446075
0.0019331241698611365
0.001022728728588194
0.0009865053737264208
0.0010232801523455807
GEN 48 time 1609940114
0.001596963160098174
0.0014010463019446075
0.0019331241698611365
0.001022728728588194
0.0009865053737264208
0.0010232801523455807
GEN 49 time 1609940117
0.001596963160098174
0.0014010463019446075
0.0019331241698611365
0.001022728728588194
0.0009865053737264208
0.0010232801523455807
GEN 50 time 1609940120
0.001596963160098174
0.0014010463019446075
0.0019331241698611365
0.001022728728588194
0.0009865053737264208
0.0010232801523455807
GEN 51 time 1609940123
0.001596963160098174
0.0014010463019446075
0.0019331241698611365
0.001022728728588194
0.0009865053737264208
0.0010212468475386826
GEN 52 time 1609940126
0.001596963160098174
0.0014010463019446075
0.0019331241698611365
0.001022728728588194
0.0009656222154562319
0.0010212468475386826
GEN 53 time 1609940129
0.001596963160098174
0.0014010463019446075
0.0019331241698611365
0.001022728728588194
0.0009656222154562319
0.0010212468475386826
GEN 54 time 1609940132
0.001596963160098174
0.0014010463019446075
0.0019331241698611365
0.001022728728588194
0.0009656222154562319
0.0010212468475386826
GEN 55 time 1609940135
0.001596963160098174
0.0014010463019446075
0.0019331241698611365
0.001022728728588194
0.0009656222154562319
0.0010024154484566511
GEN 56 time 1609940138
0.001596963160098174
0.0014010463019446075
0.0019331241698611365
0.001022728728588194
0.0009656222154562319
0.0010024154484566511
GEN 57 time 1609940140
0.001596963160098174
0.0014010463019446075
0.0019331241698611365
0.001022728728588194
0.0009656222154562319
0.0010024154484566511
GEN 58 time 1609940143
0.001596963160098174
0.0014010463019446075
0.0019331241698611365
0.001022728728588194
0.0009656222154562319
0.0010024154484566511
GEN 59 time 1609940146
0.001596963160098174
0.0014010463019446075
0.0019331241698611365
0.001022728728588194
0.0009656222154562319
0.0010024154484566511
GEN 60 time 1609940149
0.001596963160098174
0.0014010463019446075
0.0019331241698611365
0.001022728728588194
0.0009656222154562319
0.0010024154484566511
GEN 61 time 1609940152
0.001596963160098174
0.0014010463019446075
0.0019331241698611365
0.001022728728588194
0.0009656222154562319
0.0010024154484566511
GEN 62 time 1609940155
0.001596963160098174
0.0014010463019446075
0.0019331241698611365
0.001022728728588194
0.0008789090510554155
0.0010024154484566511
GEN 63 time 1609940158
0.001596963160098174
0.0014010463019446075
0.0019331241698611365
0.001022728728588194
0.0008789090510554155
0.0010024154484566511
GEN 64 time 1609940161
0.001596963160098174
0.0014010463019446075
0.0019331241698611365
0.001022728728588194
0.0008789090510554155
0.0010024154484566511
GEN 65 time 1609940164
0.001596963160098174
0.0014010463019446075
0.0019331241698611365
0.001022728728588194
0.0008789090510554155
0.0010024154484566511
GEN 66 time 1609940167
0.001596963160098174
0.0014010463019446075
0.0019331241698611365
0.001022728728588194
0.0008789090510554155
0.0010024154484566511
GEN 67 time 1609940169
0.001596963160098174
0.0014010463019446075
0.0019331241698611365
0.001022728728588194
0.0008789090510554155
0.0010024154484566511
GEN 68 time 1609940172
0.001596963160098174
0.0014010463019446075
0.0019331241698611365
0.001022728728588194
0.0008789090510554155
0.0010024154484566511
GEN 69 time 1609940175
0.001596963160098174
0.0014010463019446075
0.0019331241698611365
0.001022728728588194
0.0008789090510554155
0.0010024154484566511
GEN 70 time 1609940178
0.001596963160098174
0.0014010463019446075
0.0019331241698611365
0.001022728728588194
0.0008789090510554155
0.0010024154484566511
GEN 71 time 1609940181
0.001596963160098174
0.0014010463019446075
0.0019331241698611365
0.001022728728588194
0.0008789090510554155
0.0010024154484566511
GEN 72 time 1609940184
0.001596963160098174
0.0014010463019446075
0.0019331241698611365
0.001022728728588194
0.0008789090510554155
0.0010024154484566511
GEN 73 time 1609940186
0.001596963160098174
0.0014010463019446075
0.0019331241698611365
0.001022728728588194
0.0008789090510554155
0.0010024154484566511
GEN 74 time 1609940189
0.001596963160098174
0.0014010463019446075
0.0019331241698611365
0.001022728728588194
0.0008789090510554155
0.0009600797378061911
GEN 75 time 1609940192
0.001596963160098174
0.0014010463019446075
0.0019331241698611365
0.001022728728588194
0.0008789090510554155
0.0009600797378061911
GEN 76 time 1609940195
0.001596963160098174
0.0014010463019446075
0.0019331241698611365
0.001022728728588194
0.0008789090510554155
0.0009600797378061911
GEN 77 time 1609940198
0.001596963160098174
0.0014010463019446075
0.0019331241698611365
0.001022728728588194
0.0008789090510554155
0.0009600797378061911
GEN 78 time 1609940201
0.001596963160098174
0.0014010463019446075
0.0019331241698611365
0.001022728728588194
0.0008789090510554155
0.0009600797378061911
GEN 79 time 1609940203
0.001596963160098174
0.0014010463019446075
0.0019331241698611365
0.001022728728588194
0.0008789090510554155
0.0009600797378061911
GEN 80 time 1609940206
0.001596963160098174
0.0014010463019446075
0.0019331241698611365
0.001022728728588194
0.0008789090510554155
0.0009600797378061911
GEN 81 time 1609940209
0.001596963160098174
0.0014010463019446075
0.0019331241698611365
0.001022728728588194
0.0008789090510554155
0.0009600797378061911
GEN 82 time 1609940212
0.001596963160098174
0.0014010463019446075
0.0019331241698611365
0.001022728728588194
0.0008789090510554155
0.0009600797378061911
GEN 83 time 1609940215
0.001596963160098174
0.0014010463019446075
0.0019331241698611365
0.001022728728588194
0.0008789090510554155
0.0009600797378061911
GEN 84 time 1609940218
0.001596963160098174
0.0014010463019446075
0.0019331241698611365
0.0010171373826098778
0.0008789090510554155
0.0009600797378061911
GEN 85 time 1609940220
0.001596963160098174
0.0014010463019446075
0.0019331241698611365
0.0010171373826098778
0.0008789090510554155
0.0009600797378061911
GEN 86 time 1609940223
0.001596963160098174
0.0014010463019446075
0.0019331241698611365
0.0010171373826098778
0.0008789090510554155
0.0009600797378061911
GEN 87 time 1609940226
0.001596963160098174
0.0014010463019446075
0.0019331241698611365
0.001009008564204611
0.0008727886164937005
0.0009600797378061911
GEN 88 time 1609940229
0.001596963160098174
0.0014010463019446075
0.0019331241698611365
0.0009762097659009243
0.0008727886164937005
0.0009600797378061911
GEN 89 time 1609940232
0.001596963160098174
0.0014010463019446075
0.0019331241698611365
0.0009762097659009243
0.0008727886164937005
0.0009600797378061911
GEN 90 time 1609940235
0.001596963160098174
0.0014010463019446075
0.0019331241698611365
0.0009762097659009243
0.0008727886164937005
0.0009600797378061911
GEN 91 time 1609940237
0.001596963160098174
0.0014010463019446075
0.0019331241698611365
0.0009762097659009243
0.0008727886164937005
0.0009600797378061911
GEN 92 time 1609940240
0.001596963160098174
0.0014010463019446075
0.0019331241698611365
0.0009762097659009243
0.0008727886164937005
0.0009600797378061911
GEN 93 time 1609940243
0.001596963160098174
0.0014010463019446075
0.0019331241698611365
0.0009762097659009243
0.0008727886164937005
0.0009600797378061911
GEN 94 time 1609940246
0.001596963160098174
0.0014010463019446075
0.0019331241698611365
0.0009762097659009243
0.0008727886164937005
0.0009600797378061911
GEN 95 time 1609940249
0.001596963160098174
0.0014010463019446075
0.0019331241698611365
0.0009762097659009243
0.0008727886164937005
0.0009600797378061911
GEN 96 time 1609940252
0.001596963160098174
0.0014010463019446075
0.0019331241698611365
0.0009762097659009243
0.0008727886164937005
0.0009600797378061911
GEN 97 time 1609940254
0.001596963160098174
0.0014010463019446075
0.0019331241698611365
0.0009762097659009243
0.0008727886164937005
0.0009600797378061911
GEN 98 time 1609940257
0.001596963160098174
0.0014010463019446075
0.0019331241698611365
0.0009762097659009243
0.0008727886164937005
0.0009600797378061911
GEN 99 time 1609940260
0.001596963160098174
0.0014010463019446075
0.0019331241698611365
0.0009762097659009243
0.0008727886164937005
0.0009600797378061911
GEN 100 time 1609940263
0.001596963160098174
0.0014010463019446075
0.0019331241698611365
0.0009762097659009243
0.0008727886164937005
0.0009600797378061911
GEN 101 time 1609940266
0.001596963160098174
0.0014010463019446075
0.0019331241698611365
0.0009762097659009243
0.0008727886164937005
0.0009600797378061911
GEN 102 time 1609940269
0.001596963160098174
0.0014010463019446075
0.0019331241698611365
0.0009762097659009243
0.0008727886164937005
0.0009600797378061911
GEN 103 time 1609940272
0.001596963160098174
0.0014010463019446075
0.0019331241698611365
0.0009762097659009243
0.0008727886164937005
0.0009600797378061911
GEN 104 time 1609940274
0.001596963160098174
0.0014010463019446075
0.0019331241698611365
0.0009762097659009243
0.0008727886164937005
0.0009600797378061911
GEN 105 time 1609940277
0.001596963160098174
0.0014010463019446075
0.0019331241698611365
0.0009762097659009243
0.0008727886164937005
0.0009600797378061911
GEN 106 time 1609940280
0.001596963160098174
0.0014010463019446075
0.0019331241698611365
0.0009762097659009243
0.0008727886164937005
0.0009600797378061911
GEN 107 time 1609940283
0.001596963160098174
0.0014010463019446075
0.0019331241698611365
0.0009762097659009243
0.0008727886164937005
0.0009600797378061911
GEN 108 time 1609940286
0.001596963160098174
0.0014010463019446075
0.0019331241698611365
0.0009762097659009243
0.0008727886164937005
0.0009600797378061911
GEN 109 time 1609940289
0.001596963160098174
0.0014010463019446075
0.0019331241698611365
0.0009762097659009243
0.0008727886164937005
0.0009600797378061911
GEN 110 time 1609940291
0.001596963160098174
0.0014010463019446075
0.0019331241698611365
0.0009762097659009243
0.0008727886164937005
0.0009600797378061911
GEN 111 time 1609940294
0.001596963160098174
0.0014010463019446075
0.0019331241698611365
0.0009762097659009243
0.0008727886164937005
0.0009600797378061911
GEN 112 time 1609940297
0.001596963160098174
0.0014010463019446075
0.0019331241698611365
0.0009762097659009243
0.0008727886164937005
0.0009600797378061911
GEN 113 time 1609940300
0.001596963160098174
0.0014010463019446075
0.0019331241698611365
0.0009762097659009243
0.0008727886164937005
0.0009600797378061911
GEN 114 time 1609940303
0.001596963160098174
0.0014010463019446075
0.0019331241698611365
0.0009762097659009243
0.0008727886164937005
0.0009600797378061911
GEN 115 time 1609940306
0.001596963160098174
0.0014010463019446075
0.0019331241698611365
0.0009762097659009243
0.0008727886164937005
0.0009600797378061911
GEN 116 time 1609940308
0.001596963160098174
0.0014010463019446075
0.0019331241698611365
0.0009762097659009243
0.0008727886164937005
0.0009600797378061911
GEN 117 time 1609940311
0.001596963160098174
0.0014010463019446075
0.0019331241698611365
0.0009762097659009243
0.0008727886164937005
0.0009600797378061911
GEN 118 time 1609940314
0.001596963160098174
0.0014010463019446075
0.0019331241698611365
0.0009762097659009243
0.0008727886164937005
0.0009600797378061911
GEN 119 time 1609940317
0.001596963160098174
0.0014010463019446075
0.0019331241698611365
0.0009762097659009243
0.0008727886164937005
0.0009600797378061911
GEN 120 time 1609940320
0.001596963160098174
0.0014010463019446075
0.0019331241698611365
0.0009762097659009243
0.0008727886164937005
0.0009600797378061911
GEN 121 time 1609940323
0.001596963160098174
0.0014010463019446075
0.0019331241698611365
0.0009762097659009243
0.0008727886164937005
0.0009600797378061911
GEN 122 time 1609940325
0.001596963160098174
0.0014010463019446075
0.0019331241698611365
0.0009762097659009243
0.0008727886164937005
0.0009600797378061911
GEN 123 time 1609940328
0.001596963160098174
0.0014010463019446075
0.0019331241698611365
0.0009762097659009243
0.0008727886164937005
0.0009600797378061911
GEN 124 time 1609940331
0.001596963160098174
0.0014010463019446075
0.0019331241698611365
0.0009762097659009243
0.0008727886164937005
0.0009600797378061911
GEN 125 time 1609940334
0.001596963160098174
0.0014010463019446075
0.0019331241698611365
0.0009762097659009243
0.0008727886164937005
0.0009600797378061911
GEN 126 time 1609940337
0.001596963160098174
0.0014010463019446075
0.0019331241698611365
0.0009762097659009243
0.0008727886164937005
0.0009600797378061911
GEN 127 time 1609940339
0.001596963160098174
0.0014010463019446075
0.0019331241698611365
0.0009762097659009243
0.0008727886164937005
0.0009600797378061911
GEN 128 time 1609940342
0.001596963160098174
0.0014010463019446075
0.0019331241698611365
0.0009762097659009243
0.0008727886164937005
0.0009600797378061911
GEN 129 time 1609940345
0.001596963160098174
0.0014010463019446075
0.0019331241698611365
0.0009762097659009243
0.0008727886164937005
0.0009600797378061911
GEN 130 time 1609940348
0.001596963160098174
0.0014010463019446075
0.0019331241698611365
0.0009762097659009243
0.0008727886164937005
0.0009600797378061911
GEN 131 time 1609940351
0.001596963160098174
0.0014010463019446075
0.0019331241698611365
0.0009762097659009243
0.0008727886164937005
0.0009600797378061911
GEN 132 time 1609940354
0.001596963160098174
0.0014010463019446075
0.0019331241698611365
0.0009762097659009243
0.0008727886164937005
0.0009600797378061911
GEN 133 time 1609940357
0.001596963160098174
0.0014010463019446075
0.0019331241698611365
0.0009762097659009243
0.0008727886164937005
0.0009600797378061911
GEN 134 time 1609940360
0.001596963160098174
0.0014010463019446075
0.0019331241698611365
0.0009762097659009243
0.0008727886164937005
0.0009600797378061911
GEN 135 time 1609940363
0.001596963160098174
0.0014010463019446075
0.0019331241698611365
0.0009762097659009243
0.0008727886164937005
0.0009600797378061911
GEN 136 time 1609940366
0.001596963160098174
0.0014010463019446075
0.0019331241698611365
0.0009762097659009243
0.0008727886164937005
0.0009600797378061911
GEN 137 time 1609940368
0.001596963160098174
0.0014010463019446075
0.0019331241698611365
0.0009762097659009243
0.0008727886164937005
0.0009600797378061911
GEN 138 time 1609940371
0.001596963160098174
0.0014010463019446075
0.0019331241698611365
0.0009762097659009243
0.0008727886164937005
0.0009600797378061911
GEN 139 time 1609940374
0.001596963160098174
0.0014010463019446075
0.0019331241698611365
0.0009762097659009243
0.0008727886164937005
0.0009600797378061911
GEN 140 time 1609940377
0.001596963160098174
0.0014010463019446075
0.0019331241698611365
0.0009762097659009243
0.0008727886164937005
0.0009600797378061911
GEN 141 time 1609940380
0.001596963160098174
0.0014010463019446075
0.0019331241698611365
0.0009762097659009243
0.0008665352182437396
0.0009600797378061911
GEN 142 time 1609940383
0.001596963160098174
0.0014010463019446075
0.0019331241698611365
0.0009762097659009243
0.0008665352182437396
0.0009600797378061911
GEN 143 time 1609940386
0.001596963160098174
0.0014010463019446075
0.0019331241698611365
0.0009762097659009243
0.0008665352182437396
0.0009600797378061911
GEN 144 time 1609940389
0.001596963160098174
0.0014010463019446075
0.0019331241698611365
0.0009762097659009243
0.0008665352182437396
0.0009600797378061911
GEN 145 time 1609940392
0.001596963160098174
0.0014010463019446075
0.0019331241698611365
0.0009762097659009243
0.0008665352182437396
0.0009600797378061911
GEN 146 time 1609940395
0.001596963160098174
0.0014010463019446075
0.0019331241698611365
0.0009762097659009243
0.0008665352182437396
0.0009600797378061911
GEN 147 time 1609940397
0.001596963160098174
0.0014010463019446075
0.0019331241698611365
0.0009762097659009243
0.0008665352182437396
0.0009600797378061911
GEN 148 time 1609940400
0.001596963160098174
0.0014010463019446075
0.0019331241698611365
0.0009762097659009243
0.0008665352182437396
0.0009600797378061911
GEN 149 time 1609940403
0.001596963160098174
0.0014010463019446075
0.0019331241698611365
0.0009762097659009243
0.0008665352182437396
0.0009600797378061911
GEN 150 time 1609940406
0.001596963160098174
0.0014010463019446075
0.0019331241698611365
0.0009762097659009243
0.0008665352182437396
0.0009600797378061911
GEN 151 time 1609940409
0.001596963160098174
0.0014010463019446075
0.0019331241698611365
0.0009762097659009243
0.0008665352182437396
0.0009600797378061911
GEN 152 time 1609940412
0.001596963160098174
0.0014010463019446075
0.0019331241698611365
0.0009762097659009243
0.0008665352182437396
0.0009600797378061911
GEN 153 time 1609940414
0.001596963160098174
0.0014010463019446075
0.0019331241698611365
0.0009762097659009243
0.0008665352182437396
0.0009600797378061911
GEN 154 time 1609940417
0.001596963160098174
0.0014010463019446075
0.0019331241698611365
0.0009762097659009243
0.0008665352182437396
0.0009600797378061911
GEN 155 time 1609940420
0.001596963160098174
0.0014010463019446075
0.0019331241698611365
0.0009762097659009243
0.0008665352182437396
0.0009600797378061911
GEN 156 time 1609940423
0.001596963160098174
0.0014010463019446075
0.0019331241698611365
0.0009762097659009243
0.0008665352182437396
0.0009600797378061911
GEN 157 time 1609940426
0.001596963160098174
0.0014010463019446075
0.0019331241698611365
0.0009762097659009243
0.0008665352182437396
0.0009600797378061911
GEN 158 time 1609940429
0.001596963160098174
0.0014010463019446075
0.0019331241698611365
0.0009762097659009243
0.0008665352182437396
0.0009600797378061911
GEN 159 time 1609940431
0.001596963160098174
0.0014010463019446075
0.0019331241698611365
0.0009762097659009243
0.0008665352182437396
0.0009600797378061911
GEN 160 time 1609940434
0.001596963160098174
0.0014010463019446075
0.0019331241698611365
0.0009762097659009243
0.0008665352182437396
0.0009600797378061911
GEN 161 time 1609940437
0.001596963160098174
0.0014010463019446075
0.0019331241698611365
0.0009762097659009243
0.0008665352182437396
0.0009600797378061911
GEN 162 time 1609940440
0.001596963160098174
0.0014010463019446075
0.0019331241698611365
0.0009762097659009243
0.0008665352182437396
0.0009600797378061911
GEN 163 time 1609940443
0.001596963160098174
0.0014010463019446075
0.0019331241698611365
0.0009762097659009243
0.0008665352182437396
0.0009600797378061911
GEN 164 time 1609940446
0.001596963160098174
0.0014010463019446075
0.0019331241698611365
0.0009762097659009243
0.0008665352182437396
0.0009600797378061911
GEN 165 time 1609940448
0.001596963160098174
0.0014010463019446075
0.0019331241698611365
0.0009762097659009243
0.0008665352182437396
0.0009600797378061911
GEN 166 time 1609940451
0.001596963160098174
0.0014010463019446075
0.0019331241698611365
0.0009762097659009243
0.0008665352182437396
0.0009600797378061911
GEN 167 time 1609940454
0.001596963160098174
0.0014010463019446075
0.0019331241698611365
0.0009762097659009243
0.0008665352182437396
0.0009600797378061911
GEN 168 time 1609940457
0.001596963160098174
0.0014010463019446075
0.0019331241698611365
0.0009762097659009243
0.0008665352182437396
0.0009600797378061911
GEN 169 time 1609940460
0.001596963160098174
0.0014010463019446075
0.0019331241698611365
0.0009762097659009243
0.0008665352182437396
0.0009600797378061911
GEN 170 time 1609940463
0.001596963160098174
0.0014010463019446075
0.0019331241698611365
0.0009762097659009243
0.0008665352182437396
0.0009600797378061911
GEN 171 time 1609940465
0.001596963160098174
0.0014010463019446075
0.0019331241698611365
0.0009762097659009243
0.0008665352182437396
0.0009600797378061911
GEN 172 time 1609940468
0.001596963160098174
0.0014010463019446075
0.0019331241698611365
0.0009762097659009243
0.0008665352182437396
0.0009600797378061911
GEN 173 time 1609940471
0.001596963160098174
0.0014010463019446075
0.0019331241698611365
0.0009762097659009243
0.0008665352182437396
0.0009600797378061911
GEN 174 time 1609940474
0.001596963160098174
0.0014010463019446075
0.0019331241698611365
0.0009762097659009243
0.0008665352182437396
0.0009600797378061911
GEN 175 time 1609940477
0.001596963160098174
0.0014010463019446075
0.0019331241698611365
0.0009762097659009243
0.0008665352182437396
0.0009600797378061911
GEN 176 time 1609940480
0.001596963160098174
0.0014010463019446075
0.0019331241698611365
0.0009762097659009243
0.0008665352182437396
0.0009600797378061911
GEN 177 time 1609940482
0.001596963160098174
0.0014010463019446075
0.0019331241698611365
0.0009762097659009243
0.0008665352182437396
0.0009600797378061911
GEN 178 time 1609940485
0.001596963160098174
0.0014010463019446075
0.0019331241698611365
0.0009762097659009243
0.0008615087985145071
0.0009600797378061911
GEN 179 time 1609940488
0.001596963160098174
0.0014010463019446075
0.0019331241698611365
0.0009762097659009243
0.0008615087985145071
0.0008931821738535398
GEN 180 time 1609940491
0.001596963160098174
0.0014010463019446075
0.0019331241698611365
0.0009762097659009243
0.0008615087985145071
0.0008931821738535398
GEN 181 time 1609940494
0.001596963160098174
0.0014010463019446075
0.0019331241698611365
0.0009762097659009243
0.0008615087985145071
0.0008931821738535398
GEN 182 time 1609940497
0.001596963160098174
0.0014010463019446075
0.0019331241698611365
0.0009762097659009243
0.0008615087985145071
0.0008931821738535398
GEN 183 time 1609940499
0.001596963160098174
0.0014010463019446075
0.0019331241698611365
0.0009762097659009243
0.0008615087985145071
0.0008931821738535398
GEN 184 time 1609940502
0.001596963160098174
0.0014010463019446075
0.0019331241698611365
0.0009762097659009243
0.0008615087985145071
0.0008931821738535398
GEN 185 time 1609940505
0.001596963160098174
0.0014010463019446075
0.0019331241698611365
0.0009762097659009243
0.0008615087985145071
0.0008931821738535398
GEN 186 time 1609940508
0.001596963160098174
0.0014010463019446075
0.0019331241698611365
0.0009762097659009243
0.0008615087985145071
0.0008931821738535398
GEN 187 time 1609940511
0.001596963160098174
0.0014010463019446075
0.0019331241698611365
0.0009762097659009243
0.0008615087985145071
0.0008931821738535398
GEN 188 time 1609940514
0.001596963160098174
0.0014010463019446075
0.0019331241698611365
0.0009762097659009243
0.0008615087985145071
0.0008931821738535398
GEN 189 time 1609940517
0.001596963160098174
0.0014010463019446075
0.0019331241698611365
0.0009762097659009243
0.0008615087985145071
0.0008931821738535398
GEN 190 time 1609940520
0.001596963160098174
0.0014010463019446075
0.0019331241698611365
0.0009762097659009243
0.0008615087985145071
0.0008931821738535398
GEN 191 time 1609940523
0.001596963160098174
0.0014010463019446075
0.0019331241698611365
0.0009762097659009243
0.0008615087985145071
0.0008931821738535398
GEN 192 time 1609940526
0.001596963160098174
0.0014010463019446075
0.0019331241698611365
0.0009762097659009243
0.0008615087985145071
0.0008931821738535398
GEN 193 time 1609940528
0.001596963160098174
0.0014010463019446075
0.0019331241698611365
0.0009762097659009243
0.0008615087985145071
0.0008931821738535398
GEN 194 time 1609940531
0.001596963160098174
0.0014010463019446075
0.0019331241698611365
0.0009762097659009243
0.0008615087985145071
0.0008931821738535398
GEN 195 time 1609940534
0.001596963160098174
0.0014010463019446075
0.0019331241698611365
0.0009762097659009243
0.0008615087985145071
0.0008931821738535398
GEN 196 time 1609940537
0.001596963160098174
0.0014010463019446075
0.0019331241698611365
0.0009762097659009243
0.0008615087985145071
0.0008931821738535398
GEN 197 time 1609940540
0.001596963160098174
0.0014010463019446075
0.0019331241698611365
0.0009762097659009243
0.0008615087985145071
0.0008931821738535398
GEN 198 time 1609940542
0.001596963160098174
0.0014010463019446075
0.0019331241698611365
0.0009762097659009243
0.0008615087985145071
0.0008931821738535398
GEN 199 time 1609940545
0.001596963160098174
0.0014010463019446075
0.0019331241698611365
0.0009762097659009243
0.0008615087985145071
0.0008931821738535398
