['./data/small/layer/uu-dem6_r25_1.json', './data/small/layer/uu-dem10_r25_1.json', './data/small/layer/uu-dem8_r25_1.json', './data/small/hop/uu-dem5_r25_1_0.json']
GEN 0 time 1609940653
0.0018336649781763785
0.0018122043816207161
0.0019331241698611365
0.001244431890345166
GEN 1 time 1609940654
0.0017669009947228053
0.0018122043816207161
0.0019331241698611365
0.001244431890345166
GEN 2 time 1609940656
0.0017484773311283294
0.0018122043816207161
0.0019331241698611365
0.0011762297659009243
GEN 3 time 1609940657
0.0016590848646682664
0.0018122043816207161
0.0019331241698611365
0.0011762297659009243
GEN 4 time 1609940659
0.0016590848646682664
0.0018122043816207161
0.0019331241698611365
0.0011762297659009243
GEN 5 time 1609940660
0.0016590848646682664
0.0018122043816207161
0.0019331241698611365
0.0011762297659009243
GEN 6 time 1609940662
0.0016590848646682664
0.0018122043816207161
0.0019331241698611365
0.0010868699774607303
GEN 7 time 1609940663
0.001596963160098174
0.0018122043816207161
0.0019331241698611365
0.0010868699774607303
GEN 8 time 1609940665
0.001596963160098174
0.0018122043816207161
0.0019331241698611365
0.0010868699774607303
GEN 9 time 1609940666
0.001596963160098174
0.001800529679145944
0.0019331241698611365
0.0010868699774607303
GEN 10 time 1609940668
0.001596963160098174
0.001800529679145944
0.0019331241698611365
0.0010868699774607303
GEN 11 time 1609940669
0.001596963160098174
0.001800529679145944
0.0019331241698611365
0.0010868699774607303
GEN 12 time 1609940671
0.001596963160098174
0.001800529679145944
0.0019331241698611365
0.0010633463113135333
GEN 13 time 1609940673
0.001596963160098174
0.001800529679145944
0.0019331241698611365
0.0010633463113135333
GEN 14 time 1609940674
0.001596963160098174
0.001800529679145944
0.0019331241698611365
0.0010633463113135333
GEN 15 time 1609940676
0.001596963160098174
0.0016074198541744253
0.0019331241698611365
0.0010482914239193569
GEN 16 time 1609940678
0.001596963160098174
0.0016074198541744253
0.0019331241698611365
0.0010482914239193569
GEN 17 time 1609940679
0.001596963160098174
0.0016074198541744253
0.0019331241698611365
0.0010482914239193569
GEN 18 time 1609940681
0.001596963160098174
0.0016074198541744253
0.0019331241698611365
0.0010482914239193569
GEN 19 time 1609940682
0.001596963160098174
0.0016074198541744253
0.0019331241698611365
0.0010482914239193569
GEN 20 time 1609940684
0.001596963160098174
0.0016005096791459443
0.0019331241698611365
0.0010482914239193569
GEN 21 time 1609940686
0.001596963160098174
0.0016005096791459443
0.0019331241698611365
0.0010482914239193569
GEN 22 time 1609940687
0.001596963160098174
0.0016005096791459443
0.0019331241698611365
0.0010482914239193569
GEN 23 time 1609940689
0.001596963160098174
0.0016005096791459443
0.0019331241698611365
0.0010482914239193569
GEN 24 time 1609940690
0.001596963160098174
0.0016005096791459443
0.0019331241698611365
0.0010482914239193569
GEN 25 time 1609940692
0.001596963160098174
0.0016005096791459443
0.0019331241698611365
0.0010482914239193569
GEN 26 time 1609940693
0.001596963160098174
0.0016005096791459443
0.0019331241698611365
0.0010482914239193569
GEN 27 time 1609940695
0.001596963160098174
0.0014010603749703904
0.0019331241698611365
0.0010482914239193569
GEN 28 time 1609940696
0.001596963160098174
0.0014010603749703904
0.0019331241698611365
0.0010482914239193569
GEN 29 time 1609940698
0.001596963160098174
0.0014010603749703904
0.0019331241698611365
0.0010482914239193569
GEN 30 time 1609940699
0.001596963160098174
0.0014010603749703904
0.0019331241698611365
0.0010482914239193569
GEN 31 time 1609940701
0.001596963160098174
0.0014010603749703904
0.0019331241698611365
0.0010482914239193569
GEN 32 time 1609940702
0.001596963160098174
0.0014010603749703904
0.0019331241698611365
0.0010357208105696814
GEN 33 time 1609940704
0.001596963160098174
0.0014010603749703904
0.0019331241698611365
0.0010357208105696814
GEN 34 time 1609940706
0.001596963160098174
0.0014010603749703904
0.0019331241698611365
0.0010357208105696814
GEN 35 time 1609940707
0.001596963160098174
0.0014010603749703904
0.0019331241698611365
0.0010357208105696814
GEN 36 time 1609940709
0.001596963160098174
0.0014010603749703904
0.0019331241698611365
0.0010357208105696814
GEN 37 time 1609940710
0.001596963160098174
0.0014010603749703904
0.0019331241698611365
0.0010357208105696814
GEN 38 time 1609940712
0.001596963160098174
0.0014010603749703904
0.0019331241698611365
0.0010357208105696814
GEN 39 time 1609940713
0.001596963160098174
0.0014010603749703904
0.0019331241698611365
0.0010357208105696814
GEN 40 time 1609940715
0.001596963160098174
0.0014010603749703904
0.0019331241698611365
0.0010357208105696814
GEN 41 time 1609940716
0.001596963160098174
0.0014010603749703904
0.0019331241698611365
0.0010357208105696814
GEN 42 time 1609940718
0.001596963160098174
0.0014010603749703904
0.0019331241698611365
0.0010357208105696814
GEN 43 time 1609940719
0.001596963160098174
0.0014010603749703904
0.0019331241698611365
0.0010357208105696814
GEN 44 time 1609940721
0.001596963160098174
0.0014010603749703904
0.0019331241698611365
0.0010357208105696814
GEN 45 time 1609940722
0.001596963160098174
0.0014010603749703904
0.0019331241698611365
0.0010355435253625368
GEN 46 time 1609940724
0.001596963160098174
0.0014010603749703904
0.0019331241698611365
0.0010355435253625368
GEN 47 time 1609940726
0.001596963160098174
0.0014010603749703904
0.0019331241698611365
0.0010355435253625368
GEN 48 time 1609940727
0.001596963160098174
0.0014010603749703904
0.0019331241698611365
0.0010355435253625368
GEN 49 time 1609940729
0.001596963160098174
0.0014010603749703904
0.0019331241698611365
0.0010355435253625368
GEN 50 time 1609940730
0.001596963160098174
0.0014010603749703904
0.0019331241698611365
0.0010355435253625368
GEN 51 time 1609940732
0.001596963160098174
0.0014010603749703904
0.0019331241698611365
0.0010355435253625368
GEN 52 time 1609940733
0.001596963160098174
0.0014010603749703904
0.0019331241698611365
0.0010355435253625368
GEN 53 time 1609940735
0.001596963160098174
0.0014010463019446075
0.0019331241698611365
0.0010355435253625368
GEN 54 time 1609940736
0.001596963160098174
0.0014010463019446075
0.0019331241698611365
0.0010355435253625368
GEN 55 time 1609940738
0.001596963160098174
0.0014010463019446075
0.0019331241698611365
0.0010355435253625368
GEN 56 time 1609940739
0.001596963160098174
0.0014010463019446075
0.0019331241698611365
0.0010355435253625368
GEN 57 time 1609940741
0.001596963160098174
0.0014010463019446075
0.0019331241698611365
0.0010355435253625368
GEN 58 time 1609940743
0.001596963160098174
0.0014010463019446075
0.0019331241698611365
0.0010355435253625368
GEN 59 time 1609940744
0.001596963160098174
0.0014010463019446075
0.0019331241698611365
0.0010355435253625368
GEN 60 time 1609940746
0.001596963160098174
0.0014010463019446075
0.0019331241698611365
0.0010355435253625368
GEN 61 time 1609940747
0.001596963160098174
0.0014010463019446075
0.0019331241698611365
0.0010355435253625368
GEN 62 time 1609940749
0.001596963160098174
0.0014010463019446075
0.0019331241698611365
0.0010355435253625368
GEN 63 time 1609940750
0.001596963160098174
0.0014010463019446075
0.0019331241698611365
0.001015163404843462
GEN 64 time 1609940752
0.001596963160098174
0.0014010463019446075
0.0019331241698611365
0.001015163404843462
GEN 65 time 1609940754
0.001596963160098174
0.0014010463019446075
0.0019331241698611365
0.001015163404843462
GEN 66 time 1609940755
0.001596963160098174
0.0014010463019446075
0.0019331241698611365
0.001015163404843462
GEN 67 time 1609940757
0.001596963160098174
0.0014010463019446075
0.0019331241698611365
0.001015163404843462
GEN 68 time 1609940759
0.001596963160098174
0.0014010463019446075
0.0019331241698611365
0.001015163404843462
GEN 69 time 1609940760
0.001596963160098174
0.0014010463019446075
0.0019331241698611365
0.001015163404843462
GEN 70 time 1609940762
0.001596963160098174
0.0014010463019446075
0.0019331241698611365
0.001015163404843462
GEN 71 time 1609940763
0.001596963160098174
0.0014010463019446075
0.0019331241698611365
0.001015163404843462
GEN 72 time 1609940765
0.001596963160098174
0.0014010463019446075
0.0019331241698611365
0.001015163404843462
GEN 73 time 1609940766
0.001596963160098174
0.0014010463019446075
0.0019331241698611365
0.001015163404843462
GEN 74 time 1609940768
0.001596963160098174
0.0014010463019446075
0.0019331241698611365
0.001015163404843462
GEN 75 time 1609940769
0.001596963160098174
0.0014010463019446075
0.0019331241698611365
0.0009929858416129684
GEN 76 time 1609940771
0.001596963160098174
0.0014010463019446075
0.0019331241698611365
0.0009929858416129684
GEN 77 time 1609940772
0.001596963160098174
0.0014010463019446075
0.0019331241698611365
0.0009929858416129684
GEN 78 time 1609940774
0.001596963160098174
0.0014010463019446075
0.0019331241698611365
0.0009929858416129684
GEN 79 time 1609940775
0.001596963160098174
0.0014010463019446075
0.0019331241698611365
0.0009929858416129684
GEN 80 time 1609940777
0.001596963160098174
0.0014010463019446075
0.0019331241698611365
0.000943468498866294
GEN 81 time 1609940778
0.001596963160098174
0.0014010463019446075
0.0019331241698611365
0.000943468498866294
GEN 82 time 1609940780
0.001596963160098174
0.0014010463019446075
0.0019331241698611365
0.000943468498866294
GEN 83 time 1609940781
0.001596963160098174
0.0014010463019446075
0.0019331241698611365
0.000943468498866294
GEN 84 time 1609940783
0.001596963160098174
0.0014010463019446075
0.0019331241698611365
0.000943468498866294
GEN 85 time 1609940784
0.001596963160098174
0.0014010463019446075
0.0019331241698611365
0.000943468498866294
GEN 86 time 1609940786
0.001596963160098174
0.0014010463019446075
0.0019331241698611365
0.000943468498866294
GEN 87 time 1609940787
0.001596963160098174
0.0014010463019446075
0.0019331241698611365
0.000943468498866294
GEN 88 time 1609940789
0.001596963160098174
0.0014010463019446075
0.0019331241698611365
0.000943468498866294
GEN 89 time 1609940791
0.001596963160098174
0.0014010463019446075
0.0019331241698611365
0.000943468498866294
GEN 90 time 1609940792
0.001596963160098174
0.0014010463019446075
0.0019331241698611365
0.000943468498866294
GEN 91 time 1609940794
0.001596963160098174
0.0014010463019446075
0.0019331241698611365
0.000943468498866294
GEN 92 time 1609940795
0.001596963160098174
0.0014010463019446075
0.0019331241698611365
0.000943468498866294
GEN 93 time 1609940797
0.001596963160098174
0.0014010463019446075
0.0019331241698611365
0.000943468498866294
GEN 94 time 1609940798
0.001596963160098174
0.0014010463019446075
0.0019331241698611365
0.000943468498866294
GEN 95 time 1609940800
0.001596963160098174
0.0014010463019446075
0.0019331241698611365
0.000943468498866294
GEN 96 time 1609940801
0.001596963160098174
0.0014010463019446075
0.0019331241698611365
0.000943468498866294
GEN 97 time 1609940803
0.001596963160098174
0.0014010463019446075
0.0019331241698611365
0.000943468498866294
GEN 98 time 1609940804
0.001596963160098174
0.0014010463019446075
0.0019331241698611365
0.000943468498866294
GEN 99 time 1609940806
0.001596963160098174
0.0014010463019446075
0.0019331241698611365
0.000943468498866294
GEN 100 time 1609940807
0.001596963160098174
0.0014010463019446075
0.0019331241698611365
0.000943468498866294
GEN 101 time 1609940809
0.001596963160098174
0.0014010463019446075
0.0019331241698611365
0.000943468498866294
GEN 102 time 1609940810
0.001596963160098174
0.0014010463019446075
0.0019331241698611365
0.000943468498866294
GEN 103 time 1609940812
0.001596963160098174
0.0014010463019446075
0.0019331241698611365
0.000943468498866294
GEN 104 time 1609940813
0.001596963160098174
0.0014010463019446075
0.0019331241698611365
0.000943468498866294
GEN 105 time 1609940815
0.001596963160098174
0.0014010463019446075
0.0019331241698611365
0.000943468498866294
GEN 106 time 1609940817
0.001596963160098174
0.0014010463019446075
0.0019331241698611365
0.000943468498866294
GEN 107 time 1609940818
0.001596963160098174
0.0014010463019446075
0.0019331241698611365
0.000943468498866294
GEN 108 time 1609940820
0.001596963160098174
0.0014010463019446075
0.0019331241698611365
0.000943468498866294
GEN 109 time 1609940821
0.001596963160098174
0.0014010463019446075
0.0019331241698611365
0.000943468498866294
GEN 110 time 1609940823
0.001596963160098174
0.0014010463019446075
0.0019331241698611365
0.000943468498866294
GEN 111 time 1609940824
0.001596963160098174
0.0014010463019446075
0.0019331241698611365
0.000943468498866294
GEN 112 time 1609940826
0.001596963160098174
0.0014010463019446075
0.0019331241698611365
0.000943468498866294
GEN 113 time 1609940827
0.001596963160098174
0.0014010463019446075
0.0019331241698611365
0.000943468498866294
GEN 114 time 1609940829
0.001596963160098174
0.0014010463019446075
0.0019331241698611365
0.000943468498866294
GEN 115 time 1609940830
0.001596963160098174
0.0014010463019446075
0.0019331241698611365
0.000943468498866294
GEN 116 time 1609940832
0.001596963160098174
0.0014010463019446075
0.0019331241698611365
0.000943468498866294
GEN 117 time 1609940833
0.001596963160098174
0.0014010463019446075
0.0019331241698611365
0.000943468498866294
GEN 118 time 1609940835
0.001596963160098174
0.0014010463019446075
0.0019331241698611365
0.000943468498866294
GEN 119 time 1609940837
0.001596963160098174
0.0014010463019446075
0.0019331241698611365
0.000943468498866294
GEN 120 time 1609940838
0.001596963160098174
0.0014010463019446075
0.0019331241698611365
0.000943468498866294
GEN 121 time 1609940840
0.001596963160098174
0.0014010463019446075
0.0019331241698611365
0.000943468498866294
GEN 122 time 1609940841
0.001596963160098174
0.0014010463019446075
0.0019331241698611365
0.000943468498866294
GEN 123 time 1609940843
0.001596963160098174
0.0014010463019446075
0.0019331241698611365
0.000943468498866294
GEN 124 time 1609940844
0.001596963160098174
0.0014010463019446075
0.0019331241698611365
0.000943468498866294
GEN 125 time 1609940846
0.001596963160098174
0.0014010463019446075
0.0019331241698611365
0.000943468498866294
GEN 126 time 1609940847
0.001596963160098174
0.0014010463019446075
0.0019331241698611365
0.000943468498866294
GEN 127 time 1609940849
0.001596963160098174
0.0014010463019446075
0.0019331241698611365
0.000943468498866294
GEN 128 time 1609940851
0.001596963160098174
0.0014010463019446075
0.0019331241698611365
0.000943468498866294
GEN 129 time 1609940852
0.001596963160098174
0.0014010463019446075
0.0019331241698611365
0.000943468498866294
GEN 130 time 1609940854
0.001596963160098174
0.0014010463019446075
0.0019331241698611365
0.000943468498866294
GEN 131 time 1609940855
0.001596963160098174
0.0014010463019446075
0.0019331241698611365
0.000943468498866294
GEN 132 time 1609940857
0.001596963160098174
0.0014010463019446075
0.0019331241698611365
0.000943468498866294
GEN 133 time 1609940858
0.001596963160098174
0.0014010463019446075
0.0019331241698611365
0.000943468498866294
GEN 134 time 1609940860
0.001596963160098174
0.0014010463019446075
0.0019331241698611365
0.000943468498866294
GEN 135 time 1609940861
0.001596963160098174
0.0014010463019446075
0.0019331241698611365
0.000943468498866294
GEN 136 time 1609940863
0.001596963160098174
0.0014010463019446075
0.0019331241698611365
0.000943468498866294
GEN 137 time 1609940864
0.001596963160098174
0.0014010463019446075
0.0019331241698611365
0.000943468498866294
GEN 138 time 1609940866
0.001596963160098174
0.0014010463019446075
0.0019331241698611365
0.000943468498866294
GEN 139 time 1609940867
0.001596963160098174
0.0014010463019446075
0.0019331241698611365
0.000943468498866294
GEN 140 time 1609940869
0.001596963160098174
0.0014010463019446075
0.0019331241698611365
0.000943468498866294
GEN 141 time 1609940870
0.001596963160098174
0.0014010463019446075
0.0019331241698611365
0.000943468498866294
GEN 142 time 1609940872
0.001596963160098174
0.0014010463019446075
0.0019331241698611365
0.000943468498866294
GEN 143 time 1609940873
0.001596963160098174
0.0014010463019446075
0.0019331241698611365
0.000943468498866294
GEN 144 time 1609940875
0.001596963160098174
0.0014010463019446075
0.0019331241698611365
0.000943468498866294
GEN 145 time 1609940876
0.001596963160098174
0.0014010463019446075
0.0019331241698611365
0.000943468498866294
GEN 146 time 1609940878
0.001596963160098174
0.0014010463019446075
0.0019331241698611365
0.000943468498866294
GEN 147 time 1609940879
0.001596963160098174
0.0014010463019446075
0.0019331241698611365
0.000943468498866294
GEN 148 time 1609940881
0.001596963160098174
0.0014010463019446075
0.0019331241698611365
0.000943468498866294
GEN 149 time 1609940882
0.001596963160098174
0.0014010463019446075
0.0019331241698611365
0.000943468498866294
GEN 150 time 1609940884
0.001596963160098174
0.0014010463019446075
0.0019331241698611365
0.000943468498866294
GEN 151 time 1609940885
0.001596963160098174
0.0014010463019446075
0.0019331241698611365
0.000943468498866294
GEN 152 time 1609940887
0.001596963160098174
0.0014010463019446075
0.0019331241698611365
0.000943468498866294
GEN 153 time 1609940888
0.001596963160098174
0.0014010463019446075
0.0019331241698611365
0.000943468498866294
GEN 154 time 1609940890
0.001596963160098174
0.0014010463019446075
0.0019331241698611365
0.000943468498866294
GEN 155 time 1609940892
0.001596963160098174
0.0014010463019446075
0.0019331241698611365
0.000943468498866294
GEN 156 time 1609940893
0.001596963160098174
0.0014010463019446075
0.0019331241698611365
0.000943468498866294
GEN 157 time 1609940895
0.001596963160098174
0.0014010463019446075
0.0019331241698611365
0.000943468498866294
GEN 158 time 1609940896
0.001596963160098174
0.0014010463019446075
0.0019331241698611365
0.000943468498866294
GEN 159 time 1609940898
0.001596963160098174
0.0014010463019446075
0.0019331241698611365
0.000943468498866294
GEN 160 time 1609940899
0.001596963160098174
0.0014010463019446075
0.0019331241698611365
0.000943468498866294
GEN 161 time 1609940901
0.001596963160098174
0.0014010463019446075
0.0019331241698611365
0.000943468498866294
GEN 162 time 1609940902
0.001596963160098174
0.0014010463019446075
0.0019331241698611365
0.000943468498866294
GEN 163 time 1609940904
0.001596963160098174
0.0014010463019446075
0.0019331241698611365
0.000943468498866294
GEN 164 time 1609940905
0.001596963160098174
0.0014010463019446075
0.0019331241698611365
0.000943468498866294
GEN 165 time 1609940907
0.001596963160098174
0.0014010463019446075
0.0019331241698611365
0.000943468498866294
GEN 166 time 1609940908
0.001596963160098174
0.0014010463019446075
0.0019331241698611365
0.000943468498866294
GEN 167 time 1609940910
0.001596963160098174
0.0014010463019446075
0.0019331241698611365
0.000943468498866294
GEN 168 time 1609940912
0.001596963160098174
0.0014010463019446075
0.0019331241698611365
0.000943468498866294
GEN 169 time 1609940913
0.001596963160098174
0.0014010463019446075
0.0019331241698611365
0.000943468498866294
GEN 170 time 1609940915
0.001596963160098174
0.0014010463019446075
0.0019331241698611365
0.000943468498866294
GEN 171 time 1609940916
0.001596963160098174
0.0014010463019446075
0.0019331241698611365
0.000943468498866294
GEN 172 time 1609940918
0.001596963160098174
0.0014010463019446075
0.0019331241698611365
0.000943468498866294
GEN 173 time 1609940920
0.001596963160098174
0.0014010463019446075
0.0019331241698611365
0.000943468498866294
GEN 174 time 1609940921
0.001596963160098174
0.0014010463019446075
0.0019331241698611365
0.000943468498866294
GEN 175 time 1609940923
0.001596963160098174
0.0014010463019446075
0.0019331241698611365
0.000943468498866294
GEN 176 time 1609940924
0.001596963160098174
0.0014010463019446075
0.0019331241698611365
0.000943468498866294
GEN 177 time 1609940926
0.001596963160098174
0.0014010463019446075
0.0019331241698611365
0.000943468498866294
GEN 178 time 1609940927
0.001596963160098174
0.0014010463019446075
0.0019331241698611365
0.000943468498866294
GEN 179 time 1609940929
0.001596963160098174
0.0014010463019446075
0.0019331241698611365
0.000943468498866294
GEN 180 time 1609940930
0.001596963160098174
0.0014010463019446075
0.0019331241698611365
0.000943468498866294
GEN 181 time 1609940932
0.001596963160098174
0.0014010463019446075
0.0019331241698611365
0.000943468498866294
GEN 182 time 1609940933
0.001596963160098174
0.0014010463019446075
0.0019331241698611365
0.000943468498866294
GEN 183 time 1609940935
0.001596963160098174
0.0014010463019446075
0.0019331241698611365
0.000943468498866294
GEN 184 time 1609940936
0.001596963160098174
0.0014010463019446075
0.0019331241698611365
0.000943468498866294
GEN 185 time 1609940938
0.001596963160098174
0.0014010463019446075
0.0019331241698611365
0.000943468498866294
GEN 186 time 1609940939
0.001596963160098174
0.0014010463019446075
0.0019331241698611365
0.000943468498866294
GEN 187 time 1609940941
0.001596963160098174
0.0014010463019446075
0.0019331241698611365
0.000943468498866294
GEN 188 time 1609940943
0.001596963160098174
0.0014010463019446075
0.0019331241698611365
0.000943468498866294
GEN 189 time 1609940944
0.001596963160098174
0.0014010463019446075
0.0019331241698611365
0.000943468498866294
GEN 190 time 1609940946
0.001596963160098174
0.0014010463019446075
0.0019331241698611365
0.000943468498866294
GEN 191 time 1609940947
0.001596963160098174
0.0014010463019446075
0.0019331241698611365
0.000943468498866294
GEN 192 time 1609940949
0.001596963160098174
0.0014010463019446075
0.0019331241698611365
0.000943468498866294
GEN 193 time 1609940950
0.001596963160098174
0.0014010463019446075
0.0019331241698611365
0.000943468498866294
GEN 194 time 1609940952
0.001596963160098174
0.0014010463019446075
0.0019331241698611365
0.000943468498866294
GEN 195 time 1609940954
0.001596963160098174
0.0014010463019446075
0.0019331241698611365
0.000943468498866294
GEN 196 time 1609940955
0.001596963160098174
0.0014010463019446075
0.0019331241698611365
0.000943468498866294
GEN 197 time 1609940957
0.001596963160098174
0.0014010463019446075
0.0019331241698611365
0.000943468498866294
GEN 198 time 1609940959
0.001596963160098174
0.0014010463019446075
0.0019331241698611365
0.000943468498866294
GEN 199 time 1609940960
0.001596963160098174
0.0014010463019446075
0.0019331241698611365
0.000943468498866294
