['./data/small/layer/uu-dem10_r25_1.json', './data/small/layer/uu-dem6_r25_1.json', './data/small/layer/uu-dem9_r25_1.json', './data/small/hop/uu-dem5_r25_1_0.json', './data/small/hop/uu-dem4_r25_1_0.json', './data/small/hop/uu-dem9_r25_1_0.json']
GEN 0 time 1599117181
0.0022150963875482146
0.0017669009947228053
0.002216911166457097
0.0023028058444607667
0.0018859520134868514
0.002864350001538725
GEN 1 time 1599117184
0.0020202465023135274
0.0017669009947228053
0.0020297297183441685
0.0023028058444607667
0.0018859520134868514
0.002864350001538725
GEN 2 time 1599117187
0.0018122043816207161
0.0017669009947228053
0.0020297297183441685
0.0023028058444607667
0.0018859520134868514
0.002864350001538725
GEN 3 time 1599117190
0.0018122043816207161
0.001596963160098174
0.0020297297183441685
0.0023028058444607667
0.0018859520134868514
0.002604154086531108
GEN 4 time 1599117194
0.0018122043816207161
0.001596963160098174
0.0020297297183441685
0.0023028058444607667
0.0018859520134868514
0.002604154086531108
GEN 5 time 1599117197
0.0018122043816207161
0.001596963160098174
0.002000750810671921
0.002208176886071355
0.0018790090510554156
0.002494666354466548
GEN 6 time 1599117201
0.0018122043816207161
0.001596963160098174
0.002000750810671921
0.0018558651694694677
0.0018790090510554156
0.002494666354466548
GEN 7 time 1599117205
0.0018122043816207161
0.001596963160098174
0.002000750810671921
0.0018558651694694677
0.0018790090510554156
0.002494666354466548
GEN 8 time 1599117209
0.0018122043816207161
0.001596963160098174
0.002000750810671921
0.0018558651694694677
0.0018790090510554156
0.002494666354466548
GEN 9 time 1599117213
0.0016074198541744253
0.001596963160098174
0.002000750810671921
0.0018558651694694677
0.0018161098146044275
0.002413238456388722
GEN 10 time 1599117217
0.0016074198541744253
0.001596963160098174
0.002000750810671921
0.0018558651694694677
0.0018161098146044275
0.002413238456388722
GEN 11 time 1599117221
0.0016074198541744253
0.001596963160098174
0.002000750810671921
0.0018558651694694677
0.0018161098146044275
0.002413238456388722
GEN 12 time 1599117226
0.0016074198541744253
0.001596963160098174
0.002000750810671921
0.0018558651694694677
0.0018161098146044275
0.002413238456388722
GEN 13 time 1599117230
0.0016074198541744253
0.001596963160098174
0.002000750810671921
0.0018558651694694677
0.0018161098146044275
0.002413238456388722
GEN 14 time 1599117234
0.0016060762741334665
0.001596963160098174
0.002000750810671921
0.0018558651694694677
0.0018161098146044275
0.0022932488763364265
GEN 15 time 1599117239
0.0016060762741334665
0.001596963160098174
0.002000750810671921
0.0018558651694694677
0.0018161098146044275
0.002279638681424642
GEN 16 time 1599117243
0.0016060762741334665
0.001596963160098174
0.002000750810671921
0.0018558651694694677
0.0018161098146044275
0.002064270001538725
GEN 17 time 1599117247
0.0016013026033269517
0.001596963160098174
0.002000750810671921
0.0018558651694694677
0.0018125254010504565
0.002064270001538725
GEN 18 time 1599117251
0.001415016387548214
0.001596963160098174
0.002000750810671921
0.0018558651694694677
0.0018125254010504565
0.002064270001538725
GEN 19 time 1599117255
0.001415016387548214
0.001596963160098174
0.002000750810671921
0.0018558651694694677
0.0018125254010504565
0.002064270001538725
GEN 20 time 1599117259
0.001415016387548214
0.001596963160098174
0.002000750810671921
0.0018364609495579768
0.0018125254010504565
0.002064270001538725
GEN 21 time 1599117263
0.001415016387548214
0.001596963160098174
0.002000750810671921
0.0018364609495579768
0.0018125254010504565
0.002064270001538725
GEN 22 time 1599117268
0.001415016387548214
0.001596963160098174
0.002000750810671921
0.0017293523317674282
0.0017409363148460238
0.002064270001538725
GEN 23 time 1599117272
0.001415016387548214
0.001596963160098174
0.002000750810671921
0.0017293523317674282
0.0017409363148460238
0.002064270001538725
GEN 24 time 1599117277
0.001415016387548214
0.001596963160098174
0.002000750810671921
0.0017293523317674282
0.0017409363148460238
0.002064270001538725
GEN 25 time 1599117281
0.001415016387548214
0.001596963160098174
0.002000750810671921
0.0017293523317674282
0.0017409363148460238
0.002064270001538725
GEN 26 time 1599117285
0.001415016387548214
0.001596963160098174
0.002000750810671921
0.0017293523317674282
0.0017409363148460238
0.002064270001538725
GEN 27 time 1599117289
0.001415016387548214
0.001596963160098174
0.002000750810671921
0.0017293523317674282
0.0017409363148460238
0.002064270001538725
GEN 28 time 1599117294
0.001415016387548214
0.001596963160098174
0.002000750810671921
0.0017293523317674282
0.0017409363148460238
0.002064270001538725
GEN 29 time 1599117298
0.0014010463019446075
0.001596963160098174
0.002000750810671921
0.0017293523317674282
0.0017409363148460238
0.002064270001538725
GEN 30 time 1599117302
0.0014010463019446075
0.001596963160098174
0.002000750810671921
0.0017293523317674282
0.0017409363148460238
0.002064270001538725
GEN 31 time 1599117306
0.0014010463019446075
0.001596963160098174
0.002000750810671921
0.0017293523317674282
0.0017409363148460238
0.002064270001538725
GEN 32 time 1599117310
0.0014010463019446075
0.001596963160098174
0.002000750810671921
0.0017293523317674282
0.0017409363148460238
0.002064270001538725
GEN 33 time 1599117314
0.0014010463019446075
0.001596963160098174
0.002000750810671921
0.0017293523317674282
0.0017409363148460238
0.002064270001538725
GEN 34 time 1599117319
0.0014010463019446075
0.001596963160098174
0.002000750810671921
0.0017293523317674282
0.0017409363148460238
0.002064270001538725
GEN 35 time 1599117323
0.0014010463019446075
0.001596963160098174
0.002000750810671921
0.0017293523317674282
0.0017409363148460238
0.002064270001538725
GEN 36 time 1599117327
0.0014010463019446075
0.001596963160098174
0.002000750810671921
0.0017293523317674282
0.0017409363148460238
0.002064270001538725
GEN 37 time 1599117331
0.0014010463019446075
0.001596963160098174
0.002000750810671921
0.0017293523317674282
0.0017409363148460238
0.002064270001538725
GEN 38 time 1599117335
0.0014010463019446075
0.001596963160098174
0.0018266509095459789
0.0017293523317674282
0.0017409363148460238
0.002064270001538725
GEN 39 time 1599117339
0.0014010463019446075
0.001596963160098174
0.0018266509095459789
0.0017293523317674282
0.0017409363148460238
0.002064270001538725
GEN 40 time 1599117343
0.0014010463019446075
0.001596963160098174
0.0018266509095459789
0.0017293523317674282
0.0017409363148460238
0.002064270001538725
GEN 41 time 1599117347
0.0014010463019446075
0.001596963160098174
0.0018266509095459789
0.0017293523317674282
0.0017409363148460238
0.002064270001538725
GEN 42 time 1599117351
0.0014010463019446075
0.001596963160098174
0.0018266509095459789
0.0017293523317674282
0.0017409363148460238
0.002064270001538725
GEN 43 time 1599117355
0.0014010463019446075
0.001596963160098174
0.0018266509095459789
0.0017293523317674282
0.0017409363148460238
0.002064270001538725
GEN 44 time 1599117359
0.0014010463019446075
0.001596963160098174
0.0018266509095459789
0.0017293523317674282
0.0017409363148460238
0.002064270001538725
GEN 45 time 1599117363
0.0014010463019446075
0.001596963160098174
0.0018266509095459789
0.0017293523317674282
0.0017409363148460238
0.002064270001538725
GEN 46 time 1599117367
0.0014010463019446075
0.001596963160098174
0.0018266509095459789
0.0017293523317674282
0.0017409363148460238
0.002064270001538725
GEN 47 time 1599117371
0.0014010463019446075
0.001596963160098174
0.0018266509095459789
0.0017293523317674282
0.0016686596994612002
0.002064270001538725
GEN 48 time 1599117374
0.0014010463019446075
0.001596963160098174
0.0018266509095459789
0.0017293523317674282
0.0016686596994612002
0.002064270001538725
GEN 49 time 1599117378
0.0014010463019446075
0.001596963160098174
0.0018266509095459789
0.0017293523317674282
0.0016686596994612002
0.002064270001538725
GEN 50 time 1599117383
0.0014010463019446075
0.001596963160098174
0.0018266509095459789
0.0017293523317674282
0.0016686596994612002
0.002064270001538725
GEN 51 time 1599117386
0.0014010463019446075
0.001596963160098174
0.0018266509095459789
0.0017293523317674282
0.0016686596994612002
0.002064270001538725
GEN 52 time 1599117390
0.0014010463019446075
0.001596963160098174
0.0018266509095459789
0.0017293523317674282
0.0016686596994612002
0.002064270001538725
GEN 53 time 1599117394
0.0014010463019446075
0.001596963160098174
0.0018266509095459789
0.0017293523317674282
0.0016686596994612002
0.002064270001538725
GEN 54 time 1599117398
0.0014010463019446075
0.001596963160098174
0.0018266509095459789
0.0017293523317674282
0.0016686596994612002
0.002064270001538725
GEN 55 time 1599117402
0.0014010463019446075
0.001596963160098174
0.0018266509095459789
0.0017293523317674282
0.0016686596994612002
0.002064270001538725
GEN 56 time 1599117406
0.0014010463019446075
0.001596963160098174
0.0018266509095459789
0.0017293523317674282
0.0016686596994612002
0.002064270001538725
GEN 57 time 1599117411
0.0014010463019446075
0.001596963160098174
0.0018266509095459789
0.0017293523317674282
0.0016686596994612002
0.002064270001538725
GEN 58 time 1599117415
0.0014010463019446075
0.001596963160098174
0.0018266509095459789
0.0017293523317674282
0.0016686596994612002
0.002064270001538725
GEN 59 time 1599117419
0.0014010463019446075
0.001596963160098174
0.0018266509095459789
0.0017293523317674282
0.0016686596994612002
0.002064270001538725
GEN 60 time 1599117423
0.0014010463019446075
0.001596963160098174
0.0018266509095459789
0.0017293523317674282
0.0016686596994612002
0.002064270001538725
GEN 61 time 1599117427
0.0014010463019446075
0.001596963160098174
0.0018266509095459789
0.0017293523317674282
0.0016686596994612002
0.002064270001538725
GEN 62 time 1599117432
0.0014010463019446075
0.001596963160098174
0.0018266509095459789
0.0017293523317674282
0.0016686596994612002
0.002064270001538725
GEN 63 time 1599117436
0.0014010463019446075
0.001596963160098174
0.0018266509095459789
0.0017293523317674282
0.0016686596994612002
0.002064270001538725
GEN 64 time 1599117440
0.0014010463019446075
0.001596963160098174
0.0018266509095459789
0.0017293523317674282
0.0016686596994612002
0.002064270001538725
GEN 65 time 1599117445
0.0014010463019446075
0.001596963160098174
0.0018266509095459789
0.0017293523317674282
0.0016686596994612002
0.002064270001538725
GEN 66 time 1599117449
0.0014010463019446075
0.001596963160098174
0.0018266509095459789
0.0017293523317674282
0.0016686596994612002
0.002064270001538725
GEN 67 time 1599117454
0.0014010463019446075
0.001596963160098174
0.0018266509095459789
0.0017293523317674282
0.0016686596994612002
0.002064270001538725
GEN 68 time 1599117458
0.0014010463019446075
0.001596963160098174
0.0018266509095459789
0.0017293523317674282
0.0016171861389345553
0.002064270001538725
GEN 69 time 1599117462
0.0014010463019446075
0.001596963160098174
0.0018266509095459789
0.0017293523317674282
0.0016171861389345553
0.002064270001538725
GEN 70 time 1599117467
0.0014010463019446075
0.001596963160098174
0.0018266509095459789
0.0017293523317674282
0.0016171861389345553
0.002064270001538725
GEN 71 time 1599117471
0.0014010463019446075
0.001596963160098174
0.0018266509095459789
0.0017293523317674282
0.0016171861389345553
0.002064270001538725
GEN 72 time 1599117476
0.0014010463019446075
0.001596963160098174
0.0018266509095459789
0.0017293523317674282
0.0016171861389345553
0.002064270001538725
GEN 73 time 1599117480
0.0014010463019446075
0.001596963160098174
0.0018266509095459789
0.0017293523317674282
0.0016171861389345553
0.002064270001538725
GEN 74 time 1599117484
0.0014010463019446075
0.001596963160098174
0.0018266509095459789
0.0017293523317674282
0.0016171861389345553
0.002064270001538725
GEN 75 time 1599117488
0.0014010463019446075
0.001596963160098174
0.0018266509095459789
0.0017293523317674282
0.0016171861389345553
0.002064270001538725
GEN 76 time 1599117492
0.0014010463019446075
0.001596963160098174
0.0018266509095459789
0.0017293523317674282
0.0016171861389345553
0.002064270001538725
GEN 77 time 1599117496
0.0014010463019446075
0.001596963160098174
0.0018266509095459789
0.0017293523317674282
0.0016171861389345553
0.002064270001538725
GEN 78 time 1599117501
0.0014010463019446075
0.001596963160098174
0.0018266509095459789
0.0017293523317674282
0.0016171861389345553
0.002064270001538725
GEN 79 time 1599117505
0.0014010463019446075
0.001596963160098174
0.0018266509095459789
0.0017293523317674282
0.0016171861389345553
0.002064270001538725
GEN 80 time 1599117509
0.0014010463019446075
0.001596963160098174
0.0018266509095459789
0.0017293523317674282
0.0016171861389345553
0.002064270001538725
GEN 81 time 1599117513
0.0014010463019446075
0.001596963160098174
0.0018266509095459789
0.0017293523317674282
0.0016171861389345553
0.002064270001538725
GEN 82 time 1599117517
0.0014010463019446075
0.001596963160098174
0.0018266509095459789
0.0017293523317674282
0.0016171861389345553
0.002064270001538725
GEN 83 time 1599117521
0.0014010463019446075
0.001596963160098174
0.0018266509095459789
0.0017293523317674282
0.0016171861389345553
0.002064270001538725
GEN 84 time 1599117526
0.0014010463019446075
0.001596963160098174
0.0018266509095459789
0.0017293523317674282
0.0016171861389345553
0.002064270001538725
GEN 85 time 1599117530
0.0014010463019446075
0.001596963160098174
0.0018266509095459789
0.0017293523317674282
0.0016171861389345553
0.002064270001538725
GEN 86 time 1599117534
0.0014010463019446075
0.001596963160098174
0.0018266509095459789
0.0017293523317674282
0.0016171861389345553
0.002064270001538725
GEN 87 time 1599117538
0.0014010463019446075
0.001596963160098174
0.0018266509095459789
0.0017293523317674282
0.0016171861389345553
0.002064270001538725
GEN 88 time 1599117542
0.0014010463019446075
0.001596963160098174
0.0018266509095459789
0.0017293523317674282
0.0016171861389345553
0.002064270001538725
GEN 89 time 1599117546
0.0014010463019446075
0.001596963160098174
0.0018266509095459789
0.0017293523317674282
0.0016171861389345553
0.002064270001538725
GEN 90 time 1599117550
0.0014010463019446075
0.001596963160098174
0.0018266509095459789
0.0017293523317674282
0.0016171861389345553
0.002064270001538725
GEN 91 time 1599117554
0.0014010463019446075
0.001596963160098174
0.0018266509095459789
0.0017293523317674282
0.0016171861389345553
0.002064270001538725
GEN 92 time 1599117559
0.0014010463019446075
0.001596963160098174
0.0018266509095459789
0.0017293523317674282
0.0016171861389345553
0.002051571326616379
GEN 93 time 1599117563
0.0014010463019446075
0.001596963160098174
0.0018266509095459789
0.0017293523317674282
0.0016125054010504565
0.002051571326616379
GEN 94 time 1599117567
0.0014010463019446075
0.001596963160098174
0.0018266509095459789
0.0017293523317674282
0.0016125054010504565
0.002051571326616379
GEN 95 time 1599117570
0.0014010463019446075
0.001596963160098174
0.0018266509095459789
0.0017293523317674282
0.0016125054010504565
0.002051571326616379
GEN 96 time 1599117575
0.0014010463019446075
0.001596963160098174
0.0018266509095459789
0.0017293523317674282
0.0016125054010504565
0.002051571326616379
GEN 97 time 1599117578
0.0014010463019446075
0.001596963160098174
0.0018266509095459789
0.0017293523317674282
0.0016125054010504565
0.002051571326616379
GEN 98 time 1599117582
0.0014010463019446075
0.001596963160098174
0.0018266509095459789
0.0017293523317674282
0.0015869575491546189
0.002051571326616379
GEN 99 time 1599117586
0.0014010463019446075
0.001596963160098174
0.0018266509095459789
0.0017293523317674282
0.0015869575491546189
0.002051571326616379
GEN 100 time 1599117590
0.0014010463019446075
0.001596963160098174
0.0018266509095459789
0.0017293523317674282
0.0015869575491546189
0.002051571326616379
GEN 101 time 1599117594
0.0014010463019446075
0.001596963160098174
0.0018266509095459789
0.0017293523317674282
0.0015869575491546189
0.002051571326616379
GEN 102 time 1599117598
0.0014010463019446075
0.001596963160098174
0.0018266509095459789
0.0017293523317674282
0.0015869575491546189
0.002051571326616379
GEN 103 time 1599117601
0.0014010463019446075
0.001596963160098174
0.0018266509095459789
0.0017293523317674282
0.0015869575491546189
0.002051571326616379
GEN 104 time 1599117605
0.0014010463019446075
0.001596963160098174
0.0018266509095459789
0.0017293523317674282
0.0015869575491546189
0.002051571326616379
GEN 105 time 1599117609
0.0014010463019446075
0.001596963160098174
0.0018266509095459789
0.0017293523317674282
0.0015869575491546189
0.002051571326616379
GEN 106 time 1599117613
0.0014010463019446075
0.001596963160098174
0.0018266509095459789
0.0017293523317674282
0.0015869575491546189
0.002051571326616379
GEN 107 time 1599117617
0.0014010463019446075
0.001596963160098174
0.0018266509095459789
0.0017293523317674282
0.0015869575491546189
0.002051571326616379
GEN 108 time 1599117621
0.0014010463019446075
0.001596963160098174
0.0018266509095459789
0.0017293523317674282
0.0015869575491546189
0.002051571326616379
GEN 109 time 1599117625
0.0014010463019446075
0.001596963160098174
0.0018266509095459789
0.0017293523317674282
0.0015869575491546189
0.002051571326616379
GEN 110 time 1599117628
0.0014010463019446075
0.001596963160098174
0.0018266509095459789
0.0017293523317674282
0.0015869575491546189
0.002051571326616379
GEN 111 time 1599117632
0.0014010463019446075
0.001596963160098174
0.0018266509095459789
0.0017293523317674282
0.0015434560699210615
0.002051571326616379
GEN 112 time 1599117636
0.0014010463019446075
0.001596963160098174
0.0018266509095459789
0.0017293523317674282
0.0015434560699210615
0.002051571326616379
GEN 113 time 1599117640
0.0014010463019446075
0.001596963160098174
0.0018266509095459789
0.0017293523317674282
0.0015434560699210615
0.002051571326616379
GEN 114 time 1599117644
0.0014010463019446075
0.001596963160098174
0.0018266509095459789
0.0017293523317674282
0.0015434560699210615
0.002051571326616379
GEN 115 time 1599117648
0.0014010463019446075
0.001596963160098174
0.0018266509095459789
0.0017293523317674282
0.0015434560699210615
0.002051571326616379
GEN 116 time 1599117652
0.0014010463019446075
0.001596963160098174
0.0018266509095459789
0.0017293523317674282
0.0015434560699210615
0.002051571326616379
GEN 117 time 1599117656
0.0014010463019446075
0.001596963160098174
0.0018266509095459789
0.0017293523317674282
0.0015434560699210615
0.002051571326616379
GEN 118 time 1599117660
0.0014010463019446075
0.001596963160098174
0.0018266509095459789
0.0017293523317674282
0.0015434560699210615
0.002051571326616379
GEN 119 time 1599117664
0.0014010463019446075
0.001596963160098174
0.0018266509095459789
0.0017293523317674282
0.0015434560699210615
0.002051571326616379
GEN 120 time 1599117668
0.0014010463019446075
0.001596963160098174
0.0018266509095459789
0.0017293523317674282
0.0015434560699210615
0.002051571326616379
GEN 121 time 1599117671
0.0014010463019446075
0.001596963160098174
0.0018266509095459789
0.0017293523317674282
0.0015434560699210615
0.002051571326616379
GEN 122 time 1599117676
0.0014010463019446075
0.001596963160098174
0.0018266509095459789
0.0017293523317674282
0.0015434560699210615
0.002051571326616379
GEN 123 time 1599117680
0.0014010463019446075
0.001596963160098174
0.0018266509095459789
0.0017293523317674282
0.0015434560699210615
0.002051571326616379
GEN 124 time 1599117684
0.0014010463019446075
0.001596963160098174
0.0018266509095459789
0.0017293523317674282
0.0015434560699210615
0.002051571326616379
GEN 125 time 1599117687
0.0014010463019446075
0.001596963160098174
0.0018266509095459789
0.0017293523317674282
0.0015434560699210615
0.002051571326616379
GEN 126 time 1599117692
0.0014010463019446075
0.001596963160098174
0.0018266509095459789
0.0017293523317674282
0.0015434560699210615
0.002051571326616379
GEN 127 time 1599117696
0.0014010463019446075
0.001596963160098174
0.0018266509095459789
0.0017293523317674282
0.0015434560699210615
0.002051571326616379
GEN 128 time 1599117700
0.0014010463019446075
0.001596963160098174
0.0018266509095459789
0.0017293523317674282
0.0015434560699210615
0.002051571326616379
GEN 129 time 1599117704
0.0014010463019446075
0.001596963160098174
0.0018266509095459789
0.0017293523317674282
0.0015434560699210615
0.002051571326616379
GEN 130 time 1599117708
0.0014010463019446075
0.001596963160098174
0.0018266509095459789
0.0017293523317674282
0.0015434560699210615
0.002051571326616379
GEN 131 time 1599117711
0.0014010463019446075
0.001596963160098174
0.0018266509095459789
0.0017293523317674282
0.0015434560699210615
0.002051571326616379
GEN 132 time 1599117715
0.0014010463019446075
0.001596963160098174
0.0018266509095459789
0.0017293523317674282
0.0015434560699210615
0.002051571326616379
GEN 133 time 1599117719
0.0014010463019446075
0.001596963160098174
0.0018266509095459789
0.0017293523317674282
0.0015434560699210615
0.002051571326616379
GEN 134 time 1599117723
0.0014010463019446075
0.001596963160098174
0.0018266509095459789
0.0017293523317674282
0.0015434560699210615
0.002051571326616379
GEN 135 time 1599117728
0.0014010463019446075
0.001596963160098174
0.0018266509095459789
0.0017293523317674282
0.0015434560699210615
0.002051571326616379
GEN 136 time 1599117732
0.0014010463019446075
0.001596963160098174
0.0018266509095459789
0.0017293523317674282
0.0015434560699210615
0.002051571326616379
GEN 137 time 1599117736
0.0014010463019446075
0.001596963160098174
0.0018266509095459789
0.0017293523317674282
0.0015434560699210615
0.002051571326616379
GEN 138 time 1599117739
0.0014010463019446075
0.001596963160098174
0.0018266509095459789
0.0017293523317674282
0.0015434560699210615
0.002051571326616379
GEN 139 time 1599117743
0.0014010463019446075
0.001596963160098174
0.0018266509095459789
0.0017293523317674282
0.0015434560699210615
0.002051571326616379
GEN 140 time 1599117747
0.0014010463019446075
0.001596963160098174
0.0018266509095459789
0.0017293523317674282
0.0015434560699210615
0.0020303010189959485
GEN 141 time 1599117751
0.0014010463019446075
0.001596963160098174
0.0018266509095459789
0.0017293523317674282
0.0015434560699210615
0.0020303010189959485
GEN 142 time 1599117755
0.0014010463019446075
0.001596963160098174
0.0018266509095459789
0.0017293523317674282
0.0015434560699210615
0.0020303010189959485
GEN 143 time 1599117759
0.0014010463019446075
0.001596963160098174
0.0018266509095459789
0.0017293523317674282
0.0015434560699210615
0.0020303010189959485
GEN 144 time 1599117763
0.0014010463019446075
0.001596963160098174
0.0018266509095459789
0.0017293523317674282
0.0015434560699210615
0.0020303010189959485
GEN 145 time 1599117767
0.0014010463019446075
0.001596963160098174
0.0018266509095459789
0.0017293523317674282
0.0015434560699210615
0.0020303010189959485
GEN 146 time 1599117771
0.0014010463019446075
0.001596963160098174
0.0018266509095459789
0.0017293523317674282
0.0015434560699210615
0.0020303010189959485
GEN 147 time 1599117775
0.0014010463019446075
0.001596963160098174
0.0018266509095459789
0.0017293523317674282
0.0015434560699210615
0.0020303010189959485
GEN 148 time 1599117779
0.0014010463019446075
0.001596963160098174
0.0018266509095459789
0.0017293523317674282
0.0015434560699210615
0.0020303010189959485
GEN 149 time 1599117783
0.0014010463019446075
0.001596963160098174
0.0018266509095459789
0.0017293523317674282
0.0015434560699210615
0.0020303010189959485
GEN 150 time 1599117787
0.0014010463019446075
0.001596963160098174
0.0018266509095459789
0.0017293523317674282
0.0015434560699210615
0.0020303010189959485
GEN 151 time 1599117791
0.0014010463019446075
0.001596963160098174
0.0018266509095459789
0.0017293523317674282
0.0015434560699210615
0.0020303010189959485
GEN 152 time 1599117795
0.0014010463019446075
0.001596963160098174
0.0018266509095459789
0.0017293523317674282
0.0015434560699210615
0.0020303010189959485
GEN 153 time 1599117799
0.0014010463019446075
0.001596963160098174
0.0018266509095459789
0.0017293523317674282
0.0015434560699210615
0.0020303010189959485
GEN 154 time 1599117803
0.0014010463019446075
0.001596963160098174
0.0018266509095459789
0.0017293523317674282
0.0015434560699210615
0.0020303010189959485
GEN 155 time 1599117808
0.0014010463019446075
0.001596963160098174
0.0018266509095459789
0.0017293523317674282
0.0015434560699210615
0.0020303010189959485
GEN 156 time 1599117812
0.0014010463019446075
0.001596963160098174
0.0018266509095459789
0.0017293523317674282
0.0015434560699210615
0.0020303010189959485
GEN 157 time 1599117816
0.0014010463019446075
0.001596963160098174
0.0018266509095459789
0.0017293523317674282
0.0015434560699210615
0.0020303010189959485
GEN 158 time 1599117820
0.0014010463019446075
0.001596963160098174
0.0018266509095459789
0.0017293523317674282
0.0015434560699210615
0.0020303010189959485
GEN 159 time 1599117824
0.0014010463019446075
0.001596963160098174
0.0018266509095459789
0.0017293523317674282
0.0015434560699210615
0.0020303010189959485
GEN 160 time 1599117828
0.0014010463019446075
0.001596963160098174
0.0018266509095459789
0.0017293523317674282
0.0015434560699210615
0.0020303010189959485
GEN 161 time 1599117832
0.0014010463019446075
0.001596963160098174
0.0018266509095459789
0.0017293523317674282
0.0015434560699210615
0.0020303010189959485
GEN 162 time 1599117836
0.0014010463019446075
0.001596963160098174
0.0018266509095459789
0.0017293523317674282
0.0015434560699210615
0.0020303010189959485
GEN 163 time 1599117840
0.0014010463019446075
0.001596963160098174
0.0018266509095459789
0.0017293523317674282
0.0015434560699210615
0.0020303010189959485
GEN 164 time 1599117843
0.0014010463019446075
0.001596963160098174
0.0018266509095459789
0.0017293523317674282
0.0015434560699210615
0.0020303010189959485
GEN 165 time 1599117847
0.0014010463019446075
0.001596963160098174
0.0018266509095459789
0.0017293523317674282
0.0015434560699210615
0.0020303010189959485
GEN 166 time 1599117851
0.0014010463019446075
0.001596963160098174
0.0018266509095459789
0.0017293523317674282
0.0015434560699210615
0.0020303010189959485
GEN 167 time 1599117855
0.0014010463019446075
0.001596963160098174
0.0018266509095459789
0.0017293523317674282
0.0015434560699210615
0.0020303010189959485
GEN 168 time 1599117859
0.0014010463019446075
0.001596963160098174
0.0018266509095459789
0.0017293523317674282
0.0015434560699210615
0.0020303010189959485
GEN 169 time 1599117863
0.0014010463019446075
0.001596963160098174
0.0018266509095459789
0.0017293523317674282
0.0015434560699210615
0.0020303010189959485
GEN 170 time 1599117867
0.0014010463019446075
0.001596963160098174
0.0018266509095459789
0.0017293523317674282
0.0015434560699210615
0.0020303010189959485
GEN 171 time 1599117871
0.0014010463019446075
0.001596963160098174
0.0018266509095459789
0.0017293523317674282
0.0015434560699210615
0.0020303010189959485
GEN 172 time 1599117875
0.0014010463019446075
0.001596963160098174
0.0018266509095459789
0.0017293523317674282
0.0015434560699210615
0.0020303010189959485
GEN 173 time 1599117879
0.0014010463019446075
0.001596963160098174
0.0018266509095459789
0.0017293523317674282
0.0015434560699210615
0.0020303010189959485
GEN 174 time 1599117883
0.0014010463019446075
0.001596963160098174
0.0018266509095459789
0.0017293523317674282
0.0015434560699210615
0.0020303010189959485
GEN 175 time 1599117887
0.0014010463019446075
0.001596963160098174
0.0018266509095459789
0.0017293523317674282
0.0015434560699210615
0.0020303010189959485
GEN 176 time 1599117890
0.0014010463019446075
0.001596963160098174
0.0018266509095459789
0.0017293523317674282
0.0015434560699210615
0.0020303010189959485
GEN 177 time 1599117895
0.0014010463019446075
0.001596963160098174
0.0018266509095459789
0.0017293523317674282
0.0015434560699210615
0.0020303010189959485
GEN 178 time 1599117899
0.0014010463019446075
0.001596963160098174
0.0018266509095459789
0.0017293523317674282
0.0015434560699210615
0.0020303010189959485
GEN 179 time 1599117902
0.0014010463019446075
0.001596963160098174
0.0018266509095459789
0.0017293523317674282
0.0015434560699210615
0.0020303010189959485
GEN 180 time 1599117907
0.0014010463019446075
0.001596963160098174
0.0018266509095459789
0.0017293523317674282
0.0015434560699210615
0.0020303010189959485
GEN 181 time 1599117911
0.0014010463019446075
0.001596963160098174
0.0018266509095459789
0.0017293523317674282
0.0015434560699210615
0.0020303010189959485
GEN 182 time 1599117914
0.0014010463019446075
0.001596963160098174
0.0018266509095459789
0.0017293523317674282
0.0015434560699210615
0.0020303010189959485
GEN 183 time 1599117918
0.0014010463019446075
0.001596963160098174
0.0018266509095459789
0.0017293523317674282
0.0015434560699210615
0.0020303010189959485
GEN 184 time 1599117922
0.0014010463019446075
0.001596963160098174
0.0018266509095459789
0.0017293523317674282
0.0015434560699210615
0.0020303010189959485
GEN 185 time 1599117926
0.0014010463019446075
0.001596963160098174
0.0018266509095459789
0.0017293523317674282
0.0015434560699210615
0.0020303010189959485
GEN 186 time 1599117930
0.0014010463019446075
0.001596963160098174
0.0018266509095459789
0.0017293523317674282
0.0015434560699210615
0.0020303010189959485
GEN 187 time 1599117934
0.0014010463019446075
0.001596963160098174
0.0018266509095459789
0.0017293523317674282
0.0015434560699210615
0.0020303010189959485
GEN 188 time 1599117938
0.0014010463019446075
0.001596963160098174
0.0018266509095459789
0.0017293523317674282
0.0015434560699210615
0.0020303010189959485
GEN 189 time 1599117942
0.0014010463019446075
0.001596963160098174
0.0018266509095459789
0.0017293523317674282
0.0015434560699210615
0.0020303010189959485
GEN 190 time 1599117946
0.0014010463019446075
0.001596963160098174
0.0018266509095459789
0.0017293523317674282
0.0015434560699210615
0.0020303010189959485
GEN 191 time 1599117950
0.0014010463019446075
0.001596963160098174
0.0018266509095459789
0.0017293523317674282
0.0015434560699210615
0.0020303010189959485
GEN 192 time 1599117954
0.0014010463019446075
0.001596963160098174
0.0018266509095459789
0.0017293523317674282
0.0015434560699210615
0.0020303010189959485
GEN 193 time 1599117958
0.0014010463019446075
0.001596963160098174
0.0018266509095459789
0.0017293523317674282
0.0015434560699210615
0.0020303010189959485
GEN 194 time 1599117962
0.0014010463019446075
0.001596963160098174
0.0018266509095459789
0.0017293523317674282
0.0015434560699210615
0.0020303010189959485
GEN 195 time 1599117966
0.0014010463019446075
0.001596963160098174
0.0018266509095459789
0.0017293523317674282
0.0015434560699210615
0.0020303010189959485
GEN 196 time 1599117970
0.0014010463019446075
0.001596963160098174
0.0018266509095459789
0.0017293523317674282
0.0015434560699210615
0.0020303010189959485
GEN 197 time 1599117974
0.0014010463019446075
0.001596963160098174
0.0018266509095459789
0.0017293523317674282
0.0015434560699210615
0.0020303010189959485
GEN 198 time 1599117978
0.0014010463019446075
0.001596963160098174
0.0018266509095459789
0.0017293523317674282
0.0015434560699210615
0.0020303010189959485
GEN 199 time 1599117982
0.0014010463019446075
0.001596963160098174
0.0018266509095459789
0.0017293523317674282
0.0015434560699210615
0.0020303010189959485
