['./data/small/layer/no-dem5_r25_1.json', './data/small/layer/no-dem2_r25_1.json', './data/small/layer/no-dem7_r25_1.json', './data/small/hop/no-dem9_r25_1_0.json']
GEN 0 time 1616962079
0.0010292991353028265
0.0012710955683517815
0.0014432114271393068
0.0022538061020088143
GEN 1 time 1616962081
0.0010292991353028265
0.0012710955683517815
0.0014210867449438616
0.0022538061020088143
GEN 2 time 1616962082
0.0010292991353028265
0.0012710955683517815
0.0014210867449438616
0.0020887236966363742
GEN 3 time 1616962084
0.0010292991353028265
0.0012132561527626008
0.0014210867449438616
0.0020887236966363742
GEN 4 time 1616962085
0.0010292991353028265
0.0012132561527626008
0.0014210867449438616
0.0020887236966363742
GEN 5 time 1616962087
0.0010292991353028265
0.0012132561527626008
0.0014134357716180396
0.0020887236966363742
GEN 6 time 1616962088
0.0010292991353028265
0.0011936943947650908
0.0014134357716180396
0.0020887236966363742
GEN 7 time 1616962090
0.0010292991353028265
0.0011936943947650908
0.0014134357716180396
0.00208432850526447
GEN 8 time 1616962091
0.0010292991353028265
0.0010099519020717858
0.0013660991001124172
0.00208432850526447
GEN 9 time 1616962092
0.0010292991353028265
0.0010099519020717858
0.0013660991001124172
0.00208432850526447
GEN 10 time 1616962094
0.0010292991353028265
0.0010099519020717858
0.0013660991001124172
0.002054844272623622
GEN 11 time 1616962095
0.0010188506959784734
0.0010099519020717858
0.0013660991001124172
0.002054844272623622
GEN 12 time 1616962097
0.0010188506959784734
0.0010099519020717858
0.0013660991001124172
0.002007702846942268
GEN 13 time 1616962098
0.0010188506959784734
0.0010099519020717858
0.0013660991001124172
0.002007702846942268
GEN 14 time 1616962100
0.0010188506959784734
0.001003496100480047
0.0013660991001124172
0.001815410935456487
GEN 15 time 1616962101
0.0010188506959784734
0.001003496100480047
0.0013660991001124172
0.001815410935456487
GEN 16 time 1616962103
0.0010143070045362007
0.001003496100480047
0.0013660991001124172
0.001815410935456487
GEN 17 time 1616962104
0.0010143070045362007
0.001003496100480047
0.001307559526313687
0.0016886836966363743
GEN 18 time 1616962105
0.0010143070045362007
0.001003496100480047
0.001307559526313687
0.0016886836966363743
GEN 19 time 1616962107
0.0010098527172580315
0.001003496100480047
0.001307559526313687
0.0016886836966363743
GEN 20 time 1616962108
0.0010098527172580315
0.001003496100480047
0.001307559526313687
0.0016886836966363743
GEN 21 time 1616962110
0.0010098527172580315
0.001003496100480047
0.001307559526313687
0.0016886836966363743
GEN 22 time 1616962111
0.001002441060185794
0.001003496100480047
0.001307559526313687
0.0014718395038230202
GEN 23 time 1616962113
0.001002441060185794
0.0009837543363073675
0.001307559526313687
0.0014718395038230202
GEN 24 time 1616962114
0.001002441060185794
0.0009837543363073675
0.001307559526313687
0.0014718395038230202
GEN 25 time 1616962116
0.001002441060185794
0.0009837543363073675
0.001307559526313687
0.0014718395038230202
GEN 26 time 1616962117
0.001002441060185794
0.0009837543363073675
0.001307559526313687
0.0014718395038230202
GEN 27 time 1616962119
0.001002441060185794
0.0009837543363073675
0.001307559526313687
0.0014718395038230202
GEN 28 time 1616962120
0.001002441060185794
0.0009837543363073675
0.001307559526313687
0.0014560524026104404
GEN 29 time 1616962122
0.001002441060185794
0.0009837543363073675
0.001307559526313687
0.0014425237146573054
GEN 30 time 1616962123
0.001002441060185794
0.0009837543363073675
0.001307559526313687
0.0014425237146573054
GEN 31 time 1616962124
0.001002441060185794
0.0009837543363073675
0.001307559526313687
0.0014425237146573054
GEN 32 time 1616962126
0.001002441060185794
0.0009837543363073675
0.0012698340002913152
0.0014425237146573054
GEN 33 time 1616962127
0.001002441060185794
0.0008862244148481067
0.0012698340002913152
0.0014425237146573054
GEN 34 time 1616962129
0.001002441060185794
0.0008862244148481067
0.0012698340002913152
0.0014425237146573054
GEN 35 time 1616962130
0.001002441060185794
0.0008862244148481067
0.0012698340002913152
0.0014425237146573054
GEN 36 time 1616962132
0.001002441060185794
0.0008862244148481067
0.0012698340002913152
0.0014425237146573054
GEN 37 time 1616962133
0.001002441060185794
0.0008862244148481067
0.0012698340002913152
0.0014425237146573054
GEN 38 time 1616962135
0.001002441060185794
0.0008862244148481067
0.0012698340002913152
0.0012763366091250452
GEN 39 time 1616962136
0.001002441060185794
0.0008862244148481067
0.0012698340002913152
0.0012763366091250452
GEN 40 time 1616962138
0.001002441060185794
0.0008862244148481067
0.0012698340002913152
0.0012763366091250452
GEN 41 time 1616962139
0.001002441060185794
0.0008862244148481067
0.0012698340002913152
0.0012559497290066351
GEN 42 time 1616962140
0.001002441060185794
0.0008862244148481067
0.0012698340002913152
0.0012559497290066351
GEN 43 time 1616962142
0.001002441060185794
0.0008862244148481067
0.0012698340002913152
0.0012559497290066351
GEN 44 time 1616962143
0.001002441060185794
0.0008862244148481067
0.0012695134941603165
0.0012559497290066351
GEN 45 time 1616962145
0.001002441060185794
0.0008862244148481067
0.0012695134941603165
0.0012559497290066351
GEN 46 time 1616962146
0.001002441060185794
0.0008862244148481067
0.0012695134941603165
0.0012559497290066351
GEN 47 time 1616962148
0.001002441060185794
0.0008770142104328032
0.0012695134941603165
0.0012463718812107992
GEN 48 time 1616962149
0.001002441060185794
0.0008770142104328032
0.0012695134941603165
0.0012463718812107992
GEN 49 time 1616962151
0.001002441060185794
0.0008770142104328032
0.0012695134941603165
0.001226389713932425
GEN 50 time 1616962152
0.001002441060185794
0.0008770142104328032
0.0012695134941603165
0.001226389713932425
GEN 51 time 1616962154
0.001002441060185794
0.0008770142104328032
0.0012695134941603165
0.0010927392540316192
GEN 52 time 1616962155
0.001002441060185794
0.0008770142104328032
0.0012695134941603165
0.0010927392540316192
GEN 53 time 1616962156
0.001002441060185794
0.0008770142104328032
0.0012695134941603165
0.0010927392540316192
GEN 54 time 1616962158
0.001002441060185794
0.0008770142104328032
0.0012695134941603165
0.0010927392540316192
GEN 55 time 1616962159
0.001002441060185794
0.0008770142104328032
0.0012695134941603165
0.0010927392540316192
GEN 56 time 1616962161
0.001002441060185794
0.0008770142104328032
0.0012695134941603165
0.0010927392540316192
GEN 57 time 1616962162
0.001002441060185794
0.0008770142104328032
0.0012695134941603165
0.0010927392540316192
GEN 58 time 1616962164
0.001002441060185794
0.0008770142104328032
0.0012695134941603165
0.0010927392540316192
GEN 59 time 1616962165
0.001002441060185794
0.0008770142104328032
0.0012695134941603165
0.0010927392540316192
GEN 60 time 1616962166
0.001002441060185794
0.0008770142104328032
0.0012695134941603165
0.0010927392540316192
GEN 61 time 1616962168
0.001002441060185794
0.0008770142104328032
0.0012695134941603165
0.0010927392540316192
GEN 62 time 1616962169
0.001002441060185794
0.0008770142104328032
0.0012695134941603165
0.0010927392540316192
GEN 63 time 1616962171
0.001002441060185794
0.0008770142104328032
0.0012695134941603165
0.0010927392540316192
GEN 64 time 1616962172
0.001002441060185794
0.0008770142104328032
0.0012695134941603165
0.0010927392540316192
GEN 65 time 1616962174
0.001002441060185794
0.0008770142104328032
0.0012695134941603165
0.0010927392540316192
GEN 66 time 1616962175
0.001002441060185794
0.0008770142104328032
0.0012695134941603165
0.0010927392540316192
GEN 67 time 1616962177
0.001002441060185794
0.0008770142104328032
0.0012695134941603165
0.0010927392540316192
GEN 68 time 1616962178
0.001002441060185794
0.0008770142104328032
0.0012695134941603165
0.0010927392540316192
GEN 69 time 1616962180
0.001002441060185794
0.0008770142104328032
0.0012695134941603165
0.0010927392540316192
GEN 70 time 1616962181
0.001002441060185794
0.0008770142104328032
0.0012695134941603165
0.0010927392540316192
GEN 71 time 1616962183
0.001002441060185794
0.0008770142104328032
0.0012695134941603165
0.0010927392540316192
GEN 72 time 1616962184
0.001002441060185794
0.0008770142104328032
0.0012695134941603165
0.0010927392540316192
GEN 73 time 1616962185
0.001002441060185794
0.0008770142104328032
0.0012695134941603165
0.0010927392540316192
GEN 74 time 1616962187
0.001002441060185794
0.0008770142104328032
0.0012695134941603165
0.0010927392540316192
GEN 75 time 1616962188
0.001002441060185794
0.0008770142104328032
0.0012695134941603165
0.0010927392540316192
GEN 76 time 1616962190
0.001002441060185794
0.0008770142104328032
0.0012695134941603165
0.0010927392540316192
GEN 77 time 1616962191
0.001002441060185794
0.0008770142104328032
0.0012695134941603165
0.0010927392540316192
GEN 78 time 1616962193
0.001002441060185794
0.0008770142104328032
0.0012695134941603165
0.0010927392540316192
GEN 79 time 1616962194
0.001002441060185794
0.0008770142104328032
0.0012695134941603165
0.0010927392540316192
GEN 80 time 1616962196
0.001002441060185794
0.0008770142104328032
0.0012695134941603165
0.0010927392540316192
GEN 81 time 1616962197
0.001002441060185794
0.0008770142104328032
0.0012695134941603165
0.0010927392540316192
GEN 82 time 1616962198
0.001002441060185794
0.0008770142104328032
0.0012695134941603165
0.0010927392540316192
GEN 83 time 1616962200
0.0010016622141568955
0.0008770142104328032
0.0012695134941603165
0.0010927392540316192
GEN 84 time 1616962201
0.0010016622141568955
0.0008770142104328032
0.0012695134941603165
0.0010927392540316192
GEN 85 time 1616962203
0.0010016622141568955
0.0008770142104328032
0.0012695134941603165
0.0010927392540316192
GEN 86 time 1616962204
0.0010016622141568955
0.0008770142104328032
0.0012695134941603165
0.0010927392540316192
GEN 87 time 1616962206
0.0010016622141568955
0.0008770142104328032
0.0012695134941603165
0.0010927392540316192
GEN 88 time 1616962207
0.0010016622141568955
0.0008770142104328032
0.0012695134941603165
0.0010927392540316192
GEN 89 time 1616962209
0.0010016622141568955
0.0008770142104328032
0.0012695134941603165
0.0010927392540316192
GEN 90 time 1616962210
0.0010016622141568955
0.0008770142104328032
0.0012695134941603165
0.0010927392540316192
GEN 91 time 1616962212
0.0010016622141568955
0.0008770142104328032
0.0012695134941603165
0.0010927392540316192
GEN 92 time 1616962213
0.0010016622141568955
0.0008770142104328032
0.0012695134941603165
0.0010927392540316192
GEN 93 time 1616962214
0.0010016622141568955
0.0008770142104328032
0.0012695134941603165
0.0010927392540316192
GEN 94 time 1616962216
0.0010016622141568955
0.0008770142104328032
0.0012695134941603165
0.0010927392540316192
GEN 95 time 1616962217
0.0010016622141568955
0.0008770142104328032
0.0012695134941603165
0.0010927392540316192
GEN 96 time 1616962219
0.0010016622141568955
0.0008770142104328032
0.0012695134941603165
0.0010927392540316192
GEN 97 time 1616962220
0.0010016622141568955
0.0008770142104328032
0.0012695134941603165
0.0010927392540316192
GEN 98 time 1616962222
0.0010016622141568955
0.0008770142104328032
0.0012695134941603165
0.0010927392540316192
GEN 99 time 1616962223
0.0010016622141568955
0.0008770142104328032
0.0012695134941603165
0.0010927392540316192
GEN 100 time 1616962225
0.0010016622141568955
0.0008770142104328032
0.0012695134941603165
0.0010927392540316192
GEN 101 time 1616962226
0.0010016622141568955
0.0008770142104328032
0.0012695134941603165
0.0010927392540316192
GEN 102 time 1616962228
0.0010016622141568955
0.0008770142104328032
0.0012695134941603165
0.0010927392540316192
GEN 103 time 1616962229
0.0010016622141568955
0.0008770142104328032
0.0012695134941603165
0.0010927392540316192
GEN 104 time 1616962230
0.0010016622141568955
0.0008770142104328032
0.0012695134941603165
0.0010927392540316192
GEN 105 time 1616962232
0.0010016622141568955
0.0008770142104328032
0.0012695134941603165
0.0010927392540316192
GEN 106 time 1616962233
0.0010016622141568955
0.0008770142104328032
0.0012695134941603165
0.0010927392540316192
GEN 107 time 1616962235
0.0010016622141568955
0.0008770142104328032
0.0012695134941603165
0.0010927392540316192
GEN 108 time 1616962236
0.0010016622141568955
0.0008770142104328032
0.0012695134941603165
0.0010927392540316192
GEN 109 time 1616962238
0.0010016622141568955
0.0008770142104328032
0.0012695134941603165
0.0010927392540316192
GEN 110 time 1616962239
0.0010016622141568955
0.0008770142104328032
0.0012695134941603165
0.0010927392540316192
GEN 111 time 1616962241
0.0010016622141568955
0.0008770142104328032
0.0012695134941603165
0.0010927392540316192
GEN 112 time 1616962242
0.0010016622141568955
0.0008770142104328032
0.0012695134941603165
0.0010927392540316192
GEN 113 time 1616962244
0.0010016622141568955
0.0008770142104328032
0.0012695134941603165
0.0010927392540316192
GEN 114 time 1616962245
0.0010016622141568955
0.0008770142104328032
0.0012695134941603165
0.0010927392540316192
GEN 115 time 1616962246
0.0010016622141568955
0.0008770142104328032
0.0012695134941603165
0.0010927392540316192
GEN 116 time 1616962248
0.0010016622141568955
0.0008770142104328032
0.0012695134941603165
0.0010927392540316192
GEN 117 time 1616962249
0.0010016622141568955
0.0008770142104328032
0.0012695134941603165
0.0010927392540316192
GEN 118 time 1616962251
0.0010016622141568955
0.0008770142104328032
0.0012695134941603165
0.0010927392540316192
GEN 119 time 1616962252
0.0010016622141568955
0.0008770142104328032
0.0012695134941603165
0.0010927392540316192
GEN 120 time 1616962254
0.0010016622141568955
0.0008770142104328032
0.0012695134941603165
0.0010927392540316192
GEN 121 time 1616962255
0.0010016622141568955
0.0008770142104328032
0.0012695134941603165
0.0010927392540316192
GEN 122 time 1616962256
0.0010016622141568955
0.0008770142104328032
0.0012695134941603165
0.0010927392540316192
GEN 123 time 1616962258
0.0010016622141568955
0.0008770142104328032
0.0012695134941603165
0.0010927392540316192
GEN 124 time 1616962259
0.0010016622141568955
0.0008770142104328032
0.0012695134941603165
0.0010927392540316192
GEN 125 time 1616962261
0.0010016622141568955
0.0008770142104328032
0.0012695134941603165
0.0010927392540316192
GEN 126 time 1616962262
0.0010016622141568955
0.0008770142104328032
0.0012695134941603165
0.0010927392540316192
GEN 127 time 1616962263
0.0010016622141568955
0.0008770142104328032
0.0012695134941603165
0.0010927392540316192
GEN 128 time 1616962265
0.0010016622141568955
0.0008770142104328032
0.0012695134941603165
0.0010927392540316192
GEN 129 time 1616962266
0.0010016622141568955
0.0008770142104328032
0.0012695134941603165
0.0010927392540316192
GEN 130 time 1616962268
0.0010016622141568955
0.0008770142104328032
0.0012695134941603165
0.0010927392540316192
GEN 131 time 1616962269
0.0010016622141568955
0.0008770142104328032
0.0012695134941603165
0.0010927392540316192
GEN 132 time 1616962271
0.0010016622141568955
0.0008770142104328032
0.0012695134941603165
0.0010927392540316192
GEN 133 time 1616962272
0.0010016622141568955
0.0008770142104328032
0.0012695134941603165
0.0010927392540316192
GEN 134 time 1616962274
0.0010016622141568955
0.0008770142104328032
0.0012695134941603165
0.0010927392540316192
GEN 135 time 1616962275
0.0010016622141568955
0.0008770142104328032
0.0012695134941603165
0.0010927392540316192
GEN 136 time 1616962277
0.0010016622141568955
0.0008770142104328032
0.0012695134941603165
0.0010927392540316192
GEN 137 time 1616962278
0.0010016622141568955
0.0008770142104328032
0.0012695134941603165
0.0010927392540316192
GEN 138 time 1616962280
0.0010016622141568955
0.0008770142104328032
0.0012695134941603165
0.0010927392540316192
GEN 139 time 1616962281
0.0010016622141568955
0.0008770142104328032
0.0012695134941603165
0.0010927392540316192
GEN 140 time 1616962282
0.0010016622141568955
0.0008770142104328032
0.0012695134941603165
0.0010927392540316192
GEN 141 time 1616962284
0.0010016622141568955
0.0008770142104328032
0.0012695134941603165
0.0010927392540316192
GEN 142 time 1616962285
0.0010016622141568955
0.0008770142104328032
0.0012695134941603165
0.0010927392540316192
GEN 143 time 1616962287
0.0010016622141568955
0.0008770142104328032
0.0012695134941603165
0.0010927392540316192
GEN 144 time 1616962288
0.0010016622141568955
0.0008770142104328032
0.0012695134941603165
0.0010927392540316192
GEN 145 time 1616962290
0.0010016622141568955
0.0008770142104328032
0.0012695134941603165
0.0010927392540316192
GEN 146 time 1616962291
0.0010016622141568955
0.0008770142104328032
0.0012695134941603165
0.0010927392540316192
GEN 147 time 1616962292
0.0010016622141568955
0.0008770142104328032
0.0012695134941603165
0.0010927392540316192
GEN 148 time 1616962294
0.0010016622141568955
0.0008770142104328032
0.0012695134941603165
0.0010927392540316192
GEN 149 time 1616962295
0.0010016622141568955
0.0008770142104328032
0.0012695134941603165
0.0010927392540316192
GEN 150 time 1616962297
0.0010016622141568955
0.0008770142104328032
0.0012695134941603165
0.0010927392540316192
GEN 151 time 1616962298
0.0010016622141568955
0.0008770142104328032
0.0012695134941603165
0.0010927392540316192
GEN 152 time 1616962300
0.0010016622141568955
0.0008770142104328032
0.0012695134941603165
0.0010927392540316192
GEN 153 time 1616962301
0.0010016622141568955
0.0008770142104328032
0.0012695134941603165
0.0010927392540316192
GEN 154 time 1616962303
0.0010016622141568955
0.0008770142104328032
0.0012695134941603165
0.0010927392540316192
GEN 155 time 1616962304
0.0010016622141568955
0.0008770142104328032
0.0012695134941603165
0.0010927392540316192
GEN 156 time 1616962306
0.0010016622141568955
0.0008770142104328032
0.0012695134941603165
0.0010927392540316192
GEN 157 time 1616962307
0.0010016622141568955
0.0008770142104328032
0.0012695134941603165
0.0010927392540316192
GEN 158 time 1616962309
0.0010016622141568955
0.0008770142104328032
0.0012695134941603165
0.0010927392540316192
GEN 159 time 1616962310
0.0010016622141568955
0.0008770142104328032
0.0012695134941603165
0.0010927392540316192
GEN 160 time 1616962311
0.0010016622141568955
0.0008770142104328032
0.0012695134941603165
0.0010927392540316192
GEN 161 time 1616962313
0.0010016622141568955
0.0008770142104328032
0.0012695134941603165
0.0010927392540316192
GEN 162 time 1616962314
0.0010016622141568955
0.0008770142104328032
0.0012695134941603165
0.0010927392540316192
GEN 163 time 1616962316
0.0010016622141568955
0.0008770142104328032
0.0012695134941603165
0.0010927392540316192
GEN 164 time 1616962317
0.0010016622141568955
0.0008770142104328032
0.0012695134941603165
0.0010927392540316192
GEN 165 time 1616962319
0.0010016622141568955
0.0008770142104328032
0.0012695134941603165
0.0010927392540316192
GEN 166 time 1616962320
0.0010016622141568955
0.0008770142104328032
0.0012695134941603165
0.0010927392540316192
GEN 167 time 1616962322
0.0010016622141568955
0.0008770142104328032
0.0012695134941603165
0.0010927392540316192
GEN 168 time 1616962323
0.0010016622141568955
0.0008770142104328032
0.0012695134941603165
0.0010927392540316192
GEN 169 time 1616962324
0.0010016622141568955
0.0008770142104328032
0.0012695134941603165
0.0010927392540316192
GEN 170 time 1616962326
0.0010016622141568955
0.0008770142104328032
0.0012695134941603165
0.0010927392540316192
GEN 171 time 1616962327
0.0010016622141568955
0.0008770142104328032
0.0012695134941603165
0.0010927392540316192
GEN 172 time 1616962329
0.0010016622141568955
0.0008770142104328032
0.0012695134941603165
0.0010927392540316192
GEN 173 time 1616962330
0.0010016622141568955
0.0008770142104328032
0.0012695134941603165
0.0010927392540316192
GEN 174 time 1616962332
0.0010016622141568955
0.0008770142104328032
0.0012695134941603165
0.0010927392540316192
GEN 175 time 1616962333
0.0010016622141568955
0.0008770142104328032
0.0012695134941603165
0.0010927392540316192
GEN 176 time 1616962335
0.0010016622141568955
0.0008770142104328032
0.0012695134941603165
0.0010927392540316192
GEN 177 time 1616962336
0.0010016622141568955
0.0008770142104328032
0.0012695134941603165
0.0010927392540316192
GEN 178 time 1616962337
0.0010016622141568955
0.0008770142104328032
0.0012695134941603165
0.0010927392540316192
GEN 179 time 1616962339
0.0010016622141568955
0.0008770142104328032
0.0012695134941603165
0.0010927392540316192
GEN 180 time 1616962340
0.0010016622141568955
0.0008770142104328032
0.0012695134941603165
0.0010927392540316192
GEN 181 time 1616962342
0.0010016622141568955
0.0008770142104328032
0.0012695134941603165
0.0010927392540316192
GEN 182 time 1616962343
0.0010016622141568955
0.0008770142104328032
0.0012695134941603165
0.0010927392540316192
GEN 183 time 1616962344
0.0010016622141568955
0.0008770142104328032
0.0012695134941603165
0.0010927392540316192
GEN 184 time 1616962346
0.0010016622141568955
0.0008770142104328032
0.0012695134941603165
0.0010927392540316192
GEN 185 time 1616962347
0.0010016622141568955
0.0008770142104328032
0.0012695134941603165
0.0010927392540316192
GEN 186 time 1616962349
0.0010016622141568955
0.0008770142104328032
0.0012695134941603165
0.0010927392540316192
GEN 187 time 1616962350
0.0010016622141568955
0.0008770142104328032
0.0012695134941603165
0.0010927392540316192
GEN 188 time 1616962352
0.0010016622141568955
0.0008770142104328032
0.0012695134941603165
0.0010927392540316192
GEN 189 time 1616962353
0.0010016622141568955
0.0008770142104328032
0.0012695134941603165
0.0010927392540316192
GEN 190 time 1616962355
0.0010016622141568955
0.0008770142104328032
0.0012695134941603165
0.0010927392540316192
GEN 191 time 1616962356
0.0010016622141568955
0.0008770142104328032
0.0012695134941603165
0.0010927392540316192
GEN 192 time 1616962358
0.0010016622141568955
0.0008770142104328032
0.0012695134941603165
0.0010927392540316192
GEN 193 time 1616962359
0.0010016622141568955
0.0008770142104328032
0.0012695134941603165
0.0010927392540316192
GEN 194 time 1616962361
0.0010016622141568955
0.0008770142104328032
0.0012695134941603165
0.0010927392540316192
GEN 195 time 1616962362
0.0010016622141568955
0.0008770142104328032
0.0012695134941603165
0.0010927392540316192
GEN 196 time 1616962363
0.0010016622141568955
0.0008770142104328032
0.0012695134941603165
0.0010927392540316192
GEN 197 time 1616962365
0.0010016622141568955
0.0008770142104328032
0.0012695134941603165
0.0010927392540316192
GEN 198 time 1616962366
0.0010016622141568955
0.0008770142104328032
0.0012695134941603165
0.0010927392540316192
GEN 199 time 1616962368
0.0010016622141568955
0.0008770142104328032
0.0012695134941603165
0.0010927392540316192
