['./data/small/layer/uu-dem9_r50_1.json', './data/small/layer/uu-dem5_r50_1.json', './data/small/layer/uu-dem6_r50_1.json', './data/small/hop/uu-dem8_r50_1_0.json']
GEN 0 time 1616906419
0.002238103574588436
0.0027034571272860383
0.002685508690100542
0.00235457921038517
GEN 1 time 1616906421
0.0021194264759297502
0.0027034571272860383
0.002685508690100542
0.00235457921038517
GEN 2 time 1616906423
0.0021194264759297502
0.0027034571272860383
0.002685508690100542
0.00235457921038517
GEN 3 time 1616906425
0.0018982914136083827
0.0027034571272860383
0.002685508690100542
0.00235457921038517
GEN 4 time 1616906426
0.0018982914136083827
0.0027034571272860383
0.002685508690100542
0.00235457921038517
GEN 5 time 1616906428
0.0018879907519804508
0.0027034571272860383
0.002685508690100542
0.00235457921038517
GEN 6 time 1616906430
0.001853559631485543
0.0027034571272860383
0.002685508690100542
0.00235457921038517
GEN 7 time 1616906431
0.0018332055830689478
0.0027034571272860383
0.002685508690100542
0.00235457921038517
GEN 8 time 1616906433
0.0018332055830689478
0.0027034571272860383
0.002685508690100542
0.00235457921038517
GEN 9 time 1616906435
0.0017514928819395612
0.0027034571272860383
0.002685508690100542
0.00215455921038517
GEN 10 time 1616906436
0.0017514928819395612
0.0027034571272860383
0.002685508690100542
0.00215455921038517
GEN 11 time 1616906438
0.0017514928819395612
0.0027034571272860383
0.002685508690100542
0.00215455921038517
GEN 12 time 1616906440
0.0017514928819395612
0.0027034571272860383
0.002685508690100542
0.00215455921038517
GEN 13 time 1616906441
0.0017514928819395612
0.0027034571272860383
0.002685508690100542
0.00215455921038517
GEN 14 time 1616906443
0.0017514928819395612
0.0027034571272860383
0.002685508690100542
0.00215455921038517
GEN 15 time 1616906445
0.0017514928819395612
0.0027034571272860383
0.002685508690100542
0.00215455921038517
GEN 16 time 1616906446
0.0017514928819395612
0.0027034571272860383
0.002685508690100542
0.00215455921038517
GEN 17 time 1616906448
0.0017514928819395612
0.0027034571272860383
0.002685508690100542
0.00215455921038517
GEN 18 time 1616906449
0.0017514928819395612
0.0027034571272860383
0.002685508690100542
0.00215455921038517
GEN 19 time 1616906451
0.0017514928819395612
0.0027034571272860383
0.002685508690100542
0.00215455921038517
GEN 20 time 1616906453
0.0017514928819395612
0.0027034571272860383
0.002685508690100542
0.00215455921038517
GEN 21 time 1616906455
0.0017514928819395612
0.0027034571272860383
0.002685508690100542
0.00215455921038517
GEN 22 time 1616906456
0.0017514928819395612
0.0027034571272860383
0.002685508690100542
0.00215455921038517
GEN 23 time 1616906458
0.0017514928819395612
0.0027034571272860383
0.002685508690100542
0.00215455921038517
GEN 24 time 1616906460
0.0017514928819395612
0.0027034571272860383
0.002685508690100542
0.0021368428441587393
GEN 25 time 1616906461
0.0017514928819395612
0.0027034571272860383
0.002685508690100542
0.0021368428441587393
GEN 26 time 1616906463
0.0017514928819395612
0.0027034571272860383
0.002685508690100542
0.00195453921038517
GEN 27 time 1616906465
0.0017514928819395612
0.0027034571272860383
0.002685508690100542
0.00195453921038517
GEN 28 time 1616906467
0.0017514928819395612
0.0027034571272860383
0.002685508690100542
0.00195453921038517
GEN 29 time 1616906468
0.0017514928819395612
0.0027034571272860383
0.002685508690100542
0.00195453921038517
GEN 30 time 1616906470
0.0017514928819395612
0.0027034571272860383
0.002685508690100542
0.00195453921038517
GEN 31 time 1616906471
0.0017514928819395612
0.0027034571272860383
0.002685508690100542
0.00195453921038517
GEN 32 time 1616906473
0.0017514928819395612
0.0027034571272860383
0.002685508690100542
0.00195453921038517
GEN 33 time 1616906475
0.0017514928819395612
0.0027034571272860383
0.002685508690100542
0.00195453921038517
GEN 34 time 1616906477
0.0017514928819395612
0.0027034571272860383
0.002685508690100542
0.00195453921038517
GEN 35 time 1616906478
0.0017514928819395612
0.0027034571272860383
0.002685508690100542
0.00195453921038517
GEN 36 time 1616906480
0.0017514928819395612
0.0027034571272860383
0.002685508690100542
0.0019368228441587394
GEN 37 time 1616906481
0.0017514928819395612
0.0027034571272860383
0.002685508690100542
0.0019368228441587394
GEN 38 time 1616906483
0.0017514928819395612
0.0027034571272860383
0.002685508690100542
0.0019368228441587394
GEN 39 time 1616906485
0.0017514928819395612
0.0027034571272860383
0.002685508690100542
0.0019368228441587394
GEN 40 time 1616906486
0.0017514928819395612
0.0027034571272860383
0.002685508690100542
0.0019368228441587394
GEN 41 time 1616906488
0.0017514928819395612
0.0027034571272860383
0.002685508690100542
0.0019368228441587394
GEN 42 time 1616906490
0.0017514928819395612
0.0027034571272860383
0.002685508690100542
0.0019368228441587394
GEN 43 time 1616906491
0.0017514928819395612
0.0027034571272860383
0.002685508690100542
0.0019368228441587394
GEN 44 time 1616906493
0.0017514928819395612
0.0027034571272860383
0.002685508690100542
0.0019368228441587394
GEN 45 time 1616906494
0.0017514928819395612
0.0027034571272860383
0.002685508690100542
0.0019368228441587394
GEN 46 time 1616906496
0.0017514928819395612
0.0027034571272860383
0.002685508690100542
0.0017545192103851697
GEN 47 time 1616906498
0.0017514928819395612
0.0027034571272860383
0.002685508690100542
0.0017545192103851697
GEN 48 time 1616906500
0.0017514928819395612
0.0027034571272860383
0.002685508690100542
0.0017545192103851697
GEN 49 time 1616906502
0.0017514928819395612
0.0027034571272860383
0.002685508690100542
0.0017545192103851697
GEN 50 time 1616906503
0.0017514928819395612
0.0027034571272860383
0.002685508690100542
0.0017545192103851697
GEN 51 time 1616906505
0.0017514928819395612
0.0027034571272860383
0.002685508690100542
0.0017545192103851697
GEN 52 time 1616906507
0.0017514928819395612
0.0027034571272860383
0.002685508690100542
0.0017545192103851697
GEN 53 time 1616906508
0.0017514928819395612
0.0027034571272860383
0.002685508690100542
0.0017545192103851697
GEN 54 time 1616906510
0.0017514928819395612
0.0027034571272860383
0.002685508690100542
0.0017545192103851697
GEN 55 time 1616906512
0.0017514928819395612
0.0027034571272860383
0.002685508690100542
0.0017545192103851697
GEN 56 time 1616906513
0.0017514928819395612
0.0027034571272860383
0.002685508690100542
0.0017545192103851697
GEN 57 time 1616906515
0.0017514928819395612
0.0027034571272860383
0.002685508690100542
0.0017545192103851697
GEN 58 time 1616906517
0.0017514928819395612
0.0027034571272860383
0.002685508690100542
0.0017545192103851697
GEN 59 time 1616906518
0.0017514928819395612
0.0027034571272860383
0.002685508690100542
0.0017545192103851697
GEN 60 time 1616906520
0.0017514928819395612
0.0027034571272860383
0.002685508690100542
0.0017545192103851697
GEN 61 time 1616906522
0.0017514928819395612
0.0027034571272860383
0.002685508690100542
0.0017545192103851697
GEN 62 time 1616906523
0.0017514928819395612
0.0027034571272860383
0.002685508690100542
0.0017545192103851697
GEN 63 time 1616906525
0.0017514928819395612
0.0027034571272860383
0.002685508690100542
0.0017545192103851697
GEN 64 time 1616906527
0.0017514928819395612
0.0027034571272860383
0.002685508690100542
0.0017545192103851697
GEN 65 time 1616906528
0.0017514928819395612
0.0027034571272860383
0.002685508690100542
0.0017545192103851697
GEN 66 time 1616906530
0.0017514928819395612
0.0027034571272860383
0.002685508690100542
0.0017545192103851697
GEN 67 time 1616906532
0.0017514928819395612
0.0027034571272860383
0.002685508690100542
0.0017545192103851697
GEN 68 time 1616906533
0.0017514928819395612
0.0027034571272860383
0.002685508690100542
0.0017545192103851697
GEN 69 time 1616906535
0.0017514928819395612
0.0027034571272860383
0.002685508690100542
0.0017545192103851697
GEN 70 time 1616906537
0.0017514928819395612
0.0027034571272860383
0.002685508690100542
0.0017545192103851697
GEN 71 time 1616906538
0.0017514928819395612
0.0027034571272860383
0.002685508690100542
0.0017545192103851697
GEN 72 time 1616906540
0.0017514928819395612
0.0027034571272860383
0.002685508690100542
0.0017545192103851697
GEN 73 time 1616906542
0.0017514928819395612
0.0027034571272860383
0.002685508690100542
0.0017545192103851697
GEN 74 time 1616906543
0.0017514928819395612
0.0027034571272860383
0.002685508690100542
0.0017545192103851697
GEN 75 time 1616906545
0.0017514928819395612
0.0027034571272860383
0.002685508690100542
0.0017545192103851697
GEN 76 time 1616906547
0.0017514928819395612
0.0027034571272860383
0.002685508690100542
0.0017545192103851697
GEN 77 time 1616906548
0.0017514928819395612
0.0027034571272860383
0.002685508690100542
0.0017545192103851697
GEN 78 time 1616906550
0.0017514928819395612
0.0027034571272860383
0.002685508690100542
0.0017545192103851697
GEN 79 time 1616906552
0.0017514928819395612
0.0027034571272860383
0.002685508690100542
0.0017545192103851697
GEN 80 time 1616906553
0.0017514928819395612
0.0027034571272860383
0.002685508690100542
0.0017545192103851697
GEN 81 time 1616906555
0.0017514928819395612
0.0027034571272860383
0.002685508690100542
0.0017545192103851697
GEN 82 time 1616906557
0.0017514928819395612
0.0027034571272860383
0.002685508690100542
0.0017545192103851697
GEN 83 time 1616906559
0.0017514928819395612
0.0027034571272860383
0.002685508690100542
0.0017545192103851697
GEN 84 time 1616906560
0.0017514928819395612
0.0027034571272860383
0.002685508690100542
0.0017545192103851697
GEN 85 time 1616906562
0.0017514928819395612
0.0027034571272860383
0.002685508690100542
0.0017545192103851697
GEN 86 time 1616906564
0.0017514928819395612
0.0027034571272860383
0.002685508690100542
0.0017545192103851697
GEN 87 time 1616906565
0.0017514928819395612
0.0027034571272860383
0.002685508690100542
0.0017545192103851697
GEN 88 time 1616906567
0.0017514928819395612
0.0027034571272860383
0.002685508690100542
0.0017545192103851697
GEN 89 time 1616906569
0.0017514928819395612
0.0027034571272860383
0.002685508690100542
0.0017545192103851697
GEN 90 time 1616906570
0.0017514928819395612
0.0027034571272860383
0.002685508690100542
0.0017545192103851697
GEN 91 time 1616906572
0.0017514928819395612
0.0027034571272860383
0.002685508690100542
0.0017545192103851697
GEN 92 time 1616906574
0.0017514928819395612
0.0027034571272860383
0.002685508690100542
0.0017545192103851697
GEN 93 time 1616906575
0.0017514928819395612
0.0027034571272860383
0.002685508690100542
0.0017545192103851697
GEN 94 time 1616906577
0.0017514928819395612
0.0027034571272860383
0.002685508690100542
0.0017545192103851697
GEN 95 time 1616906579
0.0017514928819395612
0.0027034571272860383
0.002685508690100542
0.0017545192103851697
GEN 96 time 1616906580
0.0017514928819395612
0.0027034571272860383
0.002685508690100542
0.0017545192103851697
GEN 97 time 1616906582
0.0017514928819395612
0.0027034571272860383
0.002685508690100542
0.0017545192103851697
GEN 98 time 1616906584
0.0017514928819395612
0.0027034571272860383
0.002685508690100542
0.0017545192103851697
GEN 99 time 1616906585
0.0017514928819395612
0.0027034571272860383
0.002685508690100542
0.0017545192103851697
GEN 100 time 1616906587
0.0017514928819395612
0.0027034571272860383
0.002685508690100542
0.0017545192103851697
GEN 101 time 1616906589
0.0017514928819395612
0.0027034571272860383
0.002685508690100542
0.0017545192103851697
GEN 102 time 1616906591
0.0017514928819395612
0.0027034571272860383
0.002685508690100542
0.0017545192103851697
GEN 103 time 1616906592
0.0017514928819395612
0.0027034571272860383
0.002685508690100542
0.0017545192103851697
GEN 104 time 1616906594
0.0017514928819395612
0.0027034571272860383
0.002685508690100542
0.0017545192103851697
GEN 105 time 1616906596
0.0017514928819395612
0.0027034571272860383
0.002685508690100542
0.0017545192103851697
GEN 106 time 1616906597
0.0017514928819395612
0.0027034571272860383
0.002685508690100542
0.0017545192103851697
GEN 107 time 1616906599
0.0017514928819395612
0.0027034571272860383
0.002685508690100542
0.0017545192103851697
GEN 108 time 1616906600
0.0017514928819395612
0.0027034571272860383
0.002685508690100542
0.0017545192103851697
GEN 109 time 1616906602
0.0017514928819395612
0.0027034571272860383
0.002685508690100542
0.0017545192103851697
GEN 110 time 1616906604
0.0017514928819395612
0.0027034571272860383
0.002685508690100542
0.0017545192103851697
GEN 111 time 1616906605
0.0017514928819395612
0.0027034571272860383
0.002685508690100542
0.0017545192103851697
GEN 112 time 1616906607
0.0017514928819395612
0.0027034571272860383
0.002685508690100542
0.0017545192103851697
GEN 113 time 1616906609
0.0017514928819395612
0.0027034571272860383
0.002685508690100542
0.0017545192103851697
GEN 114 time 1616906610
0.0017514928819395612
0.0027034571272860383
0.002685508690100542
0.0017545192103851697
GEN 115 time 1616906612
0.0017514928819395612
0.0027034571272860383
0.002685508690100542
0.0017545192103851697
GEN 116 time 1616906614
0.0017514928819395612
0.0027034571272860383
0.002685508690100542
0.0017545192103851697
GEN 117 time 1616906616
0.0017514928819395612
0.0027034571272860383
0.002685508690100542
0.0017545192103851697
GEN 118 time 1616906617
0.0017514928819395612
0.0027034571272860383
0.002685508690100542
0.0017545192103851697
GEN 119 time 1616906619
0.0017514928819395612
0.0027034571272860383
0.002685508690100542
0.0017545192103851697
GEN 120 time 1616906621
0.0017514928819395612
0.0027034571272860383
0.002685508690100542
0.0017545192103851697
GEN 121 time 1616906622
0.0017514928819395612
0.0027034571272860383
0.002685508690100542
0.0017545192103851697
GEN 122 time 1616906624
0.0017514928819395612
0.0027034571272860383
0.002685508690100542
0.0017545192103851697
GEN 123 time 1616906626
0.0017514928819395612
0.0027034571272860383
0.002685508690100542
0.0017545192103851697
GEN 124 time 1616906627
0.0017514928819395612
0.0027034571272860383
0.002685508690100542
0.0017545192103851697
GEN 125 time 1616906629
0.0017514928819395612
0.0027034571272860383
0.002685508690100542
0.0017545192103851697
GEN 126 time 1616906631
0.0017514928819395612
0.0027034571272860383
0.002685508690100542
0.0017545192103851697
GEN 127 time 1616906632
0.0017514928819395612
0.0027034571272860383
0.002685508690100542
0.0017545192103851697
GEN 128 time 1616906634
0.0017514928819395612
0.0027034571272860383
0.002685508690100542
0.0017545192103851697
GEN 129 time 1616906636
0.0017514928819395612
0.0027034571272860383
0.002685508690100542
0.0017545192103851697
GEN 130 time 1616906637
0.0017514928819395612
0.0027034571272860383
0.002685508690100542
0.0017545192103851697
GEN 131 time 1616906639
0.0017514928819395612
0.0027034571272860383
0.002685508690100542
0.0017545192103851697
GEN 132 time 1616906641
0.0017514928819395612
0.0027034571272860383
0.002685508690100542
0.0017545192103851697
GEN 133 time 1616906642
0.0017514928819395612
0.0027034571272860383
0.002685508690100542
0.0017545192103851697
GEN 134 time 1616906644
0.0017514928819395612
0.0027034571272860383
0.002685508690100542
0.0017545192103851697
GEN 135 time 1616906646
0.0017514928819395612
0.0027034571272860383
0.002685508690100542
0.0017545192103851697
GEN 136 time 1616906647
0.0017514928819395612
0.0027034571272860383
0.002685508690100542
0.0017545192103851697
GEN 137 time 1616906649
0.0017514928819395612
0.0027034571272860383
0.002685508690100542
0.0017545192103851697
GEN 138 time 1616906650
0.0017514928819395612
0.0027034571272860383
0.002685508690100542
0.0017545192103851697
GEN 139 time 1616906652
0.0017514928819395612
0.0027034571272860383
0.002685508690100542
0.0017545192103851697
GEN 140 time 1616906654
0.0017514928819395612
0.0027034571272860383
0.002685508690100542
0.0017545192103851697
GEN 141 time 1616906655
0.0017514928819395612
0.0027034571272860383
0.002685508690100542
0.0017545192103851697
GEN 142 time 1616906657
0.0017514928819395612
0.0027034571272860383
0.002685508690100542
0.0017545192103851697
GEN 143 time 1616906659
0.0017514928819395612
0.0027034571272860383
0.002685508690100542
0.0017545192103851697
GEN 144 time 1616906661
0.0017514928819395612
0.0027034571272860383
0.002685508690100542
0.0017545192103851697
GEN 145 time 1616906662
0.0017514928819395612
0.0027034571272860383
0.002685508690100542
0.0017545192103851697
GEN 146 time 1616906664
0.0017514928819395612
0.0027034571272860383
0.002685508690100542
0.0017545192103851697
GEN 147 time 1616906666
0.0017514928819395612
0.0027034571272860383
0.002685508690100542
0.0017545192103851697
GEN 148 time 1616906667
0.0017514928819395612
0.0027034571272860383
0.002685508690100542
0.0017545192103851697
GEN 149 time 1616906669
0.0017514928819395612
0.0027034571272860383
0.002685508690100542
0.0017545192103851697
GEN 150 time 1616906671
0.0017514928819395612
0.0027034571272860383
0.002685508690100542
0.0017545192103851697
GEN 151 time 1616906672
0.0017514928819395612
0.0027034571272860383
0.002685508690100542
0.0017545192103851697
GEN 152 time 1616906674
0.0017514928819395612
0.0027034571272860383
0.002685508690100542
0.0017545192103851697
GEN 153 time 1616906676
0.0017514928819395612
0.0027034571272860383
0.002685508690100542
0.0017545192103851697
GEN 154 time 1616906677
0.0017514928819395612
0.0027034571272860383
0.002685508690100542
0.0017545192103851697
GEN 155 time 1616906679
0.0017514928819395612
0.0027034571272860383
0.002685508690100542
0.0017545192103851697
GEN 156 time 1616906681
0.0017514928819395612
0.0027034571272860383
0.002685508690100542
0.0017545192103851697
GEN 157 time 1616906682
0.0017514928819395612
0.0027034571272860383
0.002685508690100542
0.0017545192103851697
GEN 158 time 1616906684
0.0017514928819395612
0.0027034571272860383
0.002685508690100542
0.0017545192103851697
GEN 159 time 1616906686
0.0017514928819395612
0.0027034571272860383
0.002685508690100542
0.0017545192103851697
GEN 160 time 1616906687
0.0017514928819395612
0.0027034571272860383
0.002685508690100542
0.0017545192103851697
GEN 161 time 1616906689
0.0017514928819395612
0.0027034571272860383
0.002685508690100542
0.0017545192103851697
GEN 162 time 1616906691
0.0017514928819395612
0.0027034571272860383
0.002685508690100542
0.0017545192103851697
GEN 163 time 1616906692
0.0017514928819395612
0.0027034571272860383
0.002685508690100542
0.0017545192103851697
GEN 164 time 1616906694
0.0017514928819395612
0.0027034571272860383
0.002685508690100542
0.0017545192103851697
GEN 165 time 1616906696
0.0017514928819395612
0.0027034571272860383
0.002685508690100542
0.0017545192103851697
GEN 166 time 1616906698
0.0017514928819395612
0.0027034571272860383
0.002685508690100542
0.0017545192103851697
GEN 167 time 1616906699
0.0017514928819395612
0.0027034571272860383
0.002685508690100542
0.0017545192103851697
GEN 168 time 1616906701
0.0017514928819395612
0.0027034571272860383
0.002685508690100542
0.0017545192103851697
GEN 169 time 1616906703
0.0017514928819395612
0.0027034571272860383
0.002685508690100542
0.0017545192103851697
GEN 170 time 1616906704
0.0017514928819395612
0.0027034571272860383
0.002685508690100542
0.0017545192103851697
GEN 171 time 1616906706
0.0017514928819395612
0.0027034571272860383
0.002685508690100542
0.0017545192103851697
GEN 172 time 1616906708
0.0017514928819395612
0.0027034571272860383
0.002685508690100542
0.0017545192103851697
GEN 173 time 1616906709
0.0017514928819395612
0.0027034571272860383
0.002685508690100542
0.0017545192103851697
GEN 174 time 1616906711
0.0017514928819395612
0.0027034571272860383
0.002685508690100542
0.0017545192103851697
GEN 175 time 1616906713
0.0017514928819395612
0.0027034571272860383
0.002685508690100542
0.0017545192103851697
GEN 176 time 1616906714
0.0017514928819395612
0.0027034571272860383
0.002685508690100542
0.0017545192103851697
GEN 177 time 1616906716
0.0017514928819395612
0.0027034571272860383
0.002685508690100542
0.0017545192103851697
GEN 178 time 1616906718
0.0017514928819395612
0.0027034571272860383
0.002685508690100542
0.0017545192103851697
GEN 179 time 1616906719
0.0017514928819395612
0.0027034571272860383
0.002685508690100542
0.0017545192103851697
GEN 180 time 1616906721
0.0017514928819395612
0.0027034571272860383
0.002685508690100542
0.0017545192103851697
GEN 181 time 1616906723
0.0017514928819395612
0.0027034571272860383
0.002685508690100542
0.0017545192103851697
GEN 182 time 1616906724
0.0017514928819395612
0.0027034571272860383
0.002685508690100542
0.0017545192103851697
GEN 183 time 1616906726
0.0017514928819395612
0.0027034571272860383
0.002685508690100542
0.0017545192103851697
GEN 184 time 1616906728
0.0017514928819395612
0.0027034571272860383
0.002685508690100542
0.0017545192103851697
GEN 185 time 1616906730
0.0017514928819395612
0.0027034571272860383
0.002685508690100542
0.0017545192103851697
GEN 186 time 1616906731
0.0017514928819395612
0.0027034571272860383
0.002685508690100542
0.0017545192103851697
GEN 187 time 1616906733
0.0017514928819395612
0.0027034571272860383
0.002685508690100542
0.0017545192103851697
GEN 188 time 1616906735
0.0017514928819395612
0.0027034571272860383
0.002685508690100542
0.0017545192103851697
GEN 189 time 1616906736
0.0017514928819395612
0.0027034571272860383
0.002685508690100542
0.0017545192103851697
GEN 190 time 1616906738
0.0017514928819395612
0.0027034571272860383
0.002685508690100542
0.0017545192103851697
GEN 191 time 1616906740
0.0017514928819395612
0.0027034571272860383
0.002685508690100542
0.0017545192103851697
GEN 192 time 1616906741
0.0017514928819395612
0.0027034571272860383
0.002685508690100542
0.0017545192103851697
GEN 193 time 1616906743
0.0017514928819395612
0.0027034571272860383
0.002685508690100542
0.0017545192103851697
GEN 194 time 1616906745
0.0017514928819395612
0.0027034571272860383
0.002685508690100542
0.0017545192103851697
GEN 195 time 1616906746
0.0017514928819395612
0.0027034571272860383
0.002685508690100542
0.0017545192103851697
GEN 196 time 1616906748
0.0017514928819395612
0.0027034571272860383
0.002685508690100542
0.0017545192103851697
GEN 197 time 1616906750
0.0017514928819395612
0.0027034571272860383
0.002685508690100542
0.0017545192103851697
GEN 198 time 1616906751
0.0017514928819395612
0.0027034571272860383
0.002685508690100542
0.0017545192103851697
GEN 199 time 1616906753
0.0017514928819395612
0.0027034571272860383
0.002685508690100542
0.0017545192103851697
