['./data/small/layer/uu-dem5_r50_1.json', './data/small/layer/uu-dem8_r50_1.json', './data/small/layer/uu-dem9_r50_1.json', './data/small/hop/uu-dem9_r50_1_0.json']
GEN 0 time 1616893352
0.0027034571272860383
0.0030269426232689646
0.002295303296185398
0.002052485790384896
GEN 1 time 1616893353
0.0027034571272860383
0.0030269426232689646
0.0018879907519804508
0.002052485790384896
GEN 2 time 1616893355
0.0027034571272860383
0.0030269426232689646
0.0018879907519804508
0.002052485790384896
GEN 3 time 1616893356
0.0027034571272860383
0.0030269426232689646
0.0018879907519804508
0.002052485790384896
GEN 4 time 1616893358
0.0027034571272860383
0.0030269426232689646
0.0018879907519804508
0.002046786194385697
GEN 5 time 1616893360
0.0027034571272860383
0.0030269426232689646
0.0018879907519804508
0.0018566091982749615
GEN 6 time 1616893361
0.0027034571272860383
0.0030269426232689646
0.0018879907519804508
0.0017561635993190885
GEN 7 time 1616893363
0.0027034571272860383
0.0030269426232689646
0.0018879907519804508
0.0017561635993190885
GEN 8 time 1616893364
0.0027034571272860383
0.0030269426232689646
0.0018792959315195711
0.0017561635993190885
GEN 9 time 1616893366
0.0027034571272860383
0.0030269426232689646
0.0018380635745884352
0.0017561635993190885
GEN 10 time 1616893368
0.0027034571272860383
0.0030269426232689646
0.0017514928819395612
0.0017561635993190885
GEN 11 time 1616893369
0.0027034571272860383
0.0030269426232689646
0.0017514928819395612
0.0017561635993190885
GEN 12 time 1616893371
0.0027034571272860383
0.0030269426232689646
0.0017514928819395612
0.0017561635993190885
GEN 13 time 1616893372
0.0027034571272860383
0.0030269426232689646
0.0017514928819395612
0.0017561635993190885
GEN 14 time 1616893374
0.0027034571272860383
0.0030269426232689646
0.0017514928819395612
0.0017413004359554695
GEN 15 time 1616893376
0.0027034571272860383
0.0030269426232689646
0.0017514928819395612
0.001668331236607582
GEN 16 time 1616893377
0.0027034571272860383
0.0030269426232689646
0.0017514928819395612
0.001668331236607582
GEN 17 time 1616893379
0.0027034571272860383
0.0030269426232689646
0.0017514928819395612
0.001668331236607582
GEN 18 time 1616893381
0.0027034571272860383
0.0030269426232689646
0.0017514928819395612
0.0016297382244484589
GEN 19 time 1616893382
0.0027034571272860383
0.0030269426232689646
0.0017514928819395612
0.0016297382244484589
GEN 20 time 1616893384
0.0027034571272860383
0.0030269426232689646
0.0017514928819395612
0.0016297382244484589
GEN 21 time 1616893385
0.0027034571272860383
0.0030269426232689646
0.0017514928819395612
0.0016297382244484589
GEN 22 time 1616893387
0.0027034571272860383
0.0030269426232689646
0.0017514928819395612
0.0016297382244484589
GEN 23 time 1616893389
0.0027034571272860383
0.0030269426232689646
0.0017514928819395612
0.0016297382244484589
GEN 24 time 1616893390
0.0027034571272860383
0.0030269426232689646
0.0017514928819395612
0.001618436238715349
GEN 25 time 1616893392
0.0027034571272860383
0.0030269426232689646
0.0017514928819395612
0.0014013693750740605
GEN 26 time 1616893393
0.0027034571272860383
0.0030269426232689646
0.0017514928819395612
0.0014013693750740605
GEN 27 time 1616893395
0.0027034571272860383
0.0030269426232689646
0.0017514928819395612
0.0014013693750740605
GEN 28 time 1616893397
0.0027034571272860383
0.0030269426232689646
0.0017514928819395612
0.0014013693750740605
GEN 29 time 1616893398
0.0027034571272860383
0.0030269426232689646
0.0017514928819395612
0.0014013693750740605
GEN 30 time 1616893400
0.0027034571272860383
0.0030269426232689646
0.0017514928819395612
0.0014013693750740605
GEN 31 time 1616893401
0.0027034571272860383
0.0030269426232689646
0.0017514928819395612
0.0014013693750740605
GEN 32 time 1616893403
0.0027034571272860383
0.0030269426232689646
0.0017514928819395612
0.0014013693750740605
GEN 33 time 1616893404
0.0027034571272860383
0.0030269426232689646
0.0017514928819395612
0.0014013693750740605
GEN 34 time 1616893406
0.0027034571272860383
0.0030269426232689646
0.0017514928819395612
0.0014013693750740605
GEN 35 time 1616893408
0.0027034571272860383
0.0030269426232689646
0.0017514928819395612
0.0014013693750740605
GEN 36 time 1616893410
0.0027034571272860383
0.0030269426232689646
0.0017514928819395612
0.0014013693750740605
GEN 37 time 1616893411
0.0027034571272860383
0.0030269426232689646
0.0017514928819395612
0.0014013693750740605
GEN 38 time 1616893413
0.0027034571272860383
0.0030269426232689646
0.0017514928819395612
0.0014013693750740605
GEN 39 time 1616893415
0.0027034571272860383
0.0030269426232689646
0.0017514928819395612
0.0014013693750740605
GEN 40 time 1616893416
0.0027034571272860383
0.0030269426232689646
0.0017514928819395612
0.0014013693750740605
GEN 41 time 1616893418
0.0027034571272860383
0.0030269426232689646
0.0017514928819395612
0.0014002531614439786
GEN 42 time 1616893419
0.0027034571272860383
0.0030269426232689646
0.0017514928819395612
0.0014002531614439786
GEN 43 time 1616893421
0.0027034571272860383
0.0030269426232689646
0.0017514928819395612
0.0014002531614439786
GEN 44 time 1616893423
0.0027034571272860383
0.0030269426232689646
0.0017514928819395612
0.0014002531614439786
GEN 45 time 1616893424
0.0027034571272860383
0.0030269426232689646
0.0017514928819395612
0.0014002531614439786
GEN 46 time 1616893426
0.0027034571272860383
0.0030269426232689646
0.0017514928819395612
0.0014002531614439786
GEN 47 time 1616893427
0.0027034571272860383
0.0030269426232689646
0.0017514928819395612
0.0014002531614439786
GEN 48 time 1616893429
0.0027034571272860383
0.0030269426232689646
0.0017514928819395612
0.0014002531614439786
GEN 49 time 1616893431
0.0027034571272860383
0.0030269426232689646
0.0017514928819395612
0.0014002531614439786
GEN 50 time 1616893432
0.0027034571272860383
0.0030269426232689646
0.0017514928819395612
0.0014002531614439786
GEN 51 time 1616893434
0.0027034571272860383
0.0030269426232689646
0.0017514928819395612
0.0014002531614439786
GEN 52 time 1616893436
0.0027034571272860383
0.0030269426232689646
0.0017514928819395612
0.0014002531614439786
GEN 53 time 1616893437
0.0027034571272860383
0.0030269426232689646
0.0017514928819395612
0.0014002531614439786
GEN 54 time 1616893439
0.0027034571272860383
0.0030269426232689646
0.0017514928819395612
0.0014002531614439786
GEN 55 time 1616893440
0.0027034571272860383
0.0030269426232689646
0.0017514928819395612
0.0014002531614439786
GEN 56 time 1616893442
0.0027034571272860383
0.0030269426232689646
0.0017514928819395612
0.0014002531614439786
GEN 57 time 1616893444
0.0027034571272860383
0.0030269426232689646
0.0017514928819395612
0.0014002531614439786
GEN 58 time 1616893445
0.0027034571272860383
0.0030269426232689646
0.0017514928819395612
0.0014002531614439786
GEN 59 time 1616893447
0.0027034571272860383
0.0030269426232689646
0.0017514928819395612
0.0014002531614439786
GEN 60 time 1616893448
0.0027034571272860383
0.0030269426232689646
0.0017514928819395612
0.0014002531614439786
GEN 61 time 1616893450
0.0027034571272860383
0.0030269426232689646
0.0017514928819395612
0.0014002531614439786
GEN 62 time 1616893452
0.0027034571272860383
0.0030269426232689646
0.0017514928819395612
0.0014002531614439786
GEN 63 time 1616893453
0.0027034571272860383
0.0030269426232689646
0.0017514928819395612
0.0014002531614439786
GEN 64 time 1616893455
0.0027034571272860383
0.0030269426232689646
0.0017514928819395612
0.0014002531614439786
GEN 65 time 1616893456
0.0027034571272860383
0.0030269426232689646
0.0017514928819395612
0.0014002531614439786
GEN 66 time 1616893458
0.0027034571272860383
0.0030269426232689646
0.0017514928819395612
0.0014002531614439786
GEN 67 time 1616893460
0.0027034571272860383
0.0030269426232689646
0.0017514928819395612
0.0014002531614439786
GEN 68 time 1616893461
0.0027034571272860383
0.0030269426232689646
0.0017514928819395612
0.0014002531614439786
GEN 69 time 1616893463
0.0027034571272860383
0.0030269426232689646
0.0017514928819395612
0.0014002531614439786
GEN 70 time 1616893465
0.0027034571272860383
0.0030269426232689646
0.0017514928819395612
0.0014002531614439786
GEN 71 time 1616893466
0.0027034571272860383
0.0030269426232689646
0.0017514928819395612
0.0014002531614439786
GEN 72 time 1616893468
0.0027034571272860383
0.0030269426232689646
0.0017514928819395612
0.0014002531614439786
GEN 73 time 1616893469
0.0027034571272860383
0.0030269426232689646
0.0017514928819395612
0.0014002531614439786
GEN 74 time 1616893471
0.0027034571272860383
0.0030269426232689646
0.0017514928819395612
0.0014002531614439786
GEN 75 time 1616893473
0.0027034571272860383
0.0030269426232689646
0.0017514928819395612
0.0014002531614439786
GEN 76 time 1616893474
0.0027034571272860383
0.0030269426232689646
0.0017514928819395612
0.0014002531614439786
GEN 77 time 1616893476
0.0027034571272860383
0.0030269426232689646
0.0017514928819395612
0.0014002531614439786
GEN 78 time 1616893477
0.0027034571272860383
0.0030269426232689646
0.0017514928819395612
0.0014002531614439786
GEN 79 time 1616893479
0.0027034571272860383
0.0030269426232689646
0.0017514928819395612
0.0014002531614439786
GEN 80 time 1616893481
0.0027034571272860383
0.0030269426232689646
0.0017514928819395612
0.0014002531614439786
GEN 81 time 1616893482
0.0027034571272860383
0.0030269426232689646
0.0017514928819395612
0.0014002531614439786
GEN 82 time 1616893484
0.0027034571272860383
0.0030269426232689646
0.0017514928819395612
0.0014002531614439786
GEN 83 time 1616893486
0.0027034571272860383
0.0030269426232689646
0.0017514928819395612
0.0014002531614439786
GEN 84 time 1616893487
0.0027034571272860383
0.0030269426232689646
0.0017514928819395612
0.0014002531614439786
GEN 85 time 1616893489
0.0027034571272860383
0.0030269426232689646
0.0017514928819395612
0.0014002531614439786
GEN 86 time 1616893490
0.0027034571272860383
0.0030269426232689646
0.0017514928819395612
0.0014002531614439786
GEN 87 time 1616893492
0.0027034571272860383
0.0030269426232689646
0.0017514928819395612
0.0014002531614439786
GEN 88 time 1616893494
0.0027034571272860383
0.0030269426232689646
0.0017514928819395612
0.0014002531614439786
GEN 89 time 1616893495
0.0027034571272860383
0.0030269426232689646
0.0017514928819395612
0.0014002531614439786
GEN 90 time 1616893497
0.0027034571272860383
0.0030269426232689646
0.0017514928819395612
0.0014002531614439786
GEN 91 time 1616893499
0.0027034571272860383
0.0030269426232689646
0.0017514928819395612
0.0014002531614439786
GEN 92 time 1616893500
0.0027034571272860383
0.0030269426232689646
0.0017514928819395612
0.0014002531614439786
GEN 93 time 1616893502
0.0027034571272860383
0.0030269426232689646
0.0017514928819395612
0.0014002531614439786
GEN 94 time 1616893503
0.0027034571272860383
0.0030269426232689646
0.0017514928819395612
0.0014002531614439786
GEN 95 time 1616893505
0.0027034571272860383
0.0030269426232689646
0.0017514928819395612
0.0014002531614439786
GEN 96 time 1616893507
0.0027034571272860383
0.0030269426232689646
0.0017514928819395612
0.0014002531614439786
GEN 97 time 1616893508
0.0027034571272860383
0.0030269426232689646
0.0017514928819395612
0.0014002531614439786
GEN 98 time 1616893510
0.0027034571272860383
0.0030269426232689646
0.0017514928819395612
0.0014002531614439786
GEN 99 time 1616893511
0.0027034571272860383
0.0030269426232689646
0.0017514928819395612
0.0014002531614439786
GEN 100 time 1616893513
0.0027034571272860383
0.0030269426232689646
0.0017514928819395612
0.0014002531614439786
GEN 101 time 1616893515
0.0027034571272860383
0.0030269426232689646
0.0017514928819395612
0.0014002531614439786
GEN 102 time 1616893516
0.0027034571272860383
0.0030269426232689646
0.0017514928819395612
0.0014002531614439786
GEN 103 time 1616893518
0.0027034571272860383
0.0030269426232689646
0.0017514928819395612
0.0014002531614439786
GEN 104 time 1616893519
0.0027034571272860383
0.0030269426232689646
0.0017514928819395612
0.0014002531614439786
GEN 105 time 1616893521
0.0027034571272860383
0.0030269426232689646
0.0017514928819395612
0.0014002531614439786
GEN 106 time 1616893523
0.0027034571272860383
0.0030269426232689646
0.0017514928819395612
0.0014002531614439786
GEN 107 time 1616893524
0.0027034571272860383
0.0030269426232689646
0.0017514928819395612
0.0014002531614439786
GEN 108 time 1616893526
0.0027034571272860383
0.0030269426232689646
0.0017514928819395612
0.0014002531614439786
GEN 109 time 1616893527
0.0027034571272860383
0.0030269426232689646
0.0017514928819395612
0.0014002531614439786
GEN 110 time 1616893529
0.0027034571272860383
0.0030269426232689646
0.0017514928819395612
0.0014002531614439786
GEN 111 time 1616893530
0.0027034571272860383
0.0030269426232689646
0.0017514928819395612
0.0014002531614439786
GEN 112 time 1616893532
0.0027034571272860383
0.0030269426232689646
0.0017514928819395612
0.0014002531614439786
GEN 113 time 1616893534
0.0027034571272860383
0.0030269426232689646
0.0017514928819395612
0.0014002531614439786
GEN 114 time 1616893535
0.0027034571272860383
0.0030269426232689646
0.0017514928819395612
0.0014002531614439786
GEN 115 time 1616893537
0.0027034571272860383
0.0030269426232689646
0.0017514928819395612
0.0014002531614439786
GEN 116 time 1616893538
0.0027034571272860383
0.0030269426232689646
0.0017514928819395612
0.0014002531614439786
GEN 117 time 1616893540
0.0027034571272860383
0.0030269426232689646
0.0017514928819395612
0.0014002531614439786
GEN 118 time 1616893541
0.0027034571272860383
0.0030269426232689646
0.0017514928819395612
0.0014002531614439786
GEN 119 time 1616893543
0.0027034571272860383
0.0030269426232689646
0.0017514928819395612
0.0014002531614439786
GEN 120 time 1616893545
0.0027034571272860383
0.0030269426232689646
0.0017514928819395612
0.0014002531614439786
GEN 121 time 1616893547
0.0027034571272860383
0.0030269426232689646
0.0017514928819395612
0.0014002531614439786
GEN 122 time 1616893548
0.0027034571272860383
0.0030269426232689646
0.0017514928819395612
0.0014002531614439786
GEN 123 time 1616893550
0.0027034571272860383
0.0030269426232689646
0.0017514928819395612
0.001383728737501898
GEN 124 time 1616893551
0.0027034571272860383
0.0030269426232689646
0.0017514928819395612
0.001383728737501898
GEN 125 time 1616893553
0.0027034571272860383
0.0030269426232689646
0.0017514928819395612
0.001383728737501898
GEN 126 time 1616893555
0.0027034571272860383
0.0030269426232689646
0.0017514928819395612
0.001383728737501898
GEN 127 time 1616893556
0.0027034571272860383
0.0030269426232689646
0.0017514928819395612
0.001383728737501898
GEN 128 time 1616893558
0.0027034571272860383
0.0030269426232689646
0.0017514928819395612
0.001383728737501898
GEN 129 time 1616893560
0.0027034571272860383
0.0030269426232689646
0.0017514928819395612
0.001383728737501898
GEN 130 time 1616893561
0.0027034571272860383
0.0030269426232689646
0.0017514928819395612
0.001383728737501898
GEN 131 time 1616893563
0.0027034571272860383
0.0030269426232689646
0.0017514928819395612
0.001383728737501898
GEN 132 time 1616893564
0.0027034571272860383
0.0030269426232689646
0.0017514928819395612
0.001383728737501898
GEN 133 time 1616893566
0.0027034571272860383
0.0030269426232689646
0.0017514928819395612
0.001383728737501898
GEN 134 time 1616893568
0.0027034571272860383
0.0030269426232689646
0.0017514928819395612
0.001383728737501898
GEN 135 time 1616893569
0.0027034571272860383
0.0030269426232689646
0.0017514928819395612
0.001383728737501898
GEN 136 time 1616893571
0.0027034571272860383
0.0030269426232689646
0.0017514928819395612
0.001383728737501898
GEN 137 time 1616893572
0.0027034571272860383
0.0030269426232689646
0.0017514928819395612
0.001383728737501898
GEN 138 time 1616893574
0.0027034571272860383
0.0030269426232689646
0.0017514928819395612
0.001383728737501898
GEN 139 time 1616893576
0.0027034571272860383
0.0030269426232689646
0.0017514928819395612
0.0013319091619390857
GEN 140 time 1616893577
0.0027034571272860383
0.0030269426232689646
0.0017514928819395612
0.0013319091619390857
GEN 141 time 1616893579
0.0027034571272860383
0.0030269426232689646
0.0017514928819395612
0.0013319091619390857
GEN 142 time 1616893580
0.0027034571272860383
0.0030269426232689646
0.0017514928819395612
0.0013319091619390857
GEN 143 time 1616893582
0.0027034571272860383
0.0030269426232689646
0.0017514928819395612
0.0013319091619390857
GEN 144 time 1616893584
0.0027034571272860383
0.0030269426232689646
0.0017514928819395612
0.0013319091619390857
GEN 145 time 1616893585
0.0027034571272860383
0.0030269426232689646
0.0017514928819395612
0.0013319091619390857
GEN 146 time 1616893587
0.0027034571272860383
0.0030269426232689646
0.0017514928819395612
0.0013319091619390857
GEN 147 time 1616893589
0.0027034571272860383
0.0030269426232689646
0.0017514928819395612
0.0013319091619390857
GEN 148 time 1616893590
0.0027034571272860383
0.0030269426232689646
0.0017514928819395612
0.0013319091619390857
GEN 149 time 1616893592
0.0027034571272860383
0.0030269426232689646
0.0017514928819395612
0.0013319091619390857
GEN 150 time 1616893593
0.0027034571272860383
0.0030269426232689646
0.0017514928819395612
0.0013319091619390857
GEN 151 time 1616893595
0.0027034571272860383
0.0030269426232689646
0.0017514928819395612
0.001331888343051766
GEN 152 time 1616893597
0.0027034571272860383
0.0030269426232689646
0.0017514928819395612
0.001331888343051766
GEN 153 time 1616893598
0.0027034571272860383
0.0030269426232689646
0.0017514928819395612
0.001331888343051766
GEN 154 time 1616893600
0.0027034571272860383
0.0030269426232689646
0.0017514928819395612
0.001331888343051766
GEN 155 time 1616893602
0.0027034571272860383
0.0030269426232689646
0.0017514928819395612
0.001331888343051766
GEN 156 time 1616893603
0.0027034571272860383
0.0030269426232689646
0.0017514928819395612
0.001331888343051766
GEN 157 time 1616893605
0.0027034571272860383
0.0030269426232689646
0.0017514928819395612
0.001331888343051766
GEN 158 time 1616893606
0.0027034571272860383
0.0030269426232689646
0.0017514928819395612
0.0013210310502584327
GEN 159 time 1616893608
0.0027034571272860383
0.0030269426232689646
0.0017514928819395612
0.0013210310502584327
GEN 160 time 1616893609
0.0027034571272860383
0.0030269426232689646
0.0017514928819395612
0.0013210310502584327
GEN 161 time 1616893611
0.0027034571272860383
0.0030269426232689646
0.0017514928819395612
0.0013210310502584327
GEN 162 time 1616893613
0.0027034571272860383
0.0030269426232689646
0.0017514928819395612
0.0013210310502584327
GEN 163 time 1616893615
0.0027034571272860383
0.0030269426232689646
0.0017514928819395612
0.0013210310502584327
GEN 164 time 1616893616
0.0027034571272860383
0.0030269426232689646
0.0017514928819395612
0.0013210310502584327
GEN 165 time 1616893618
0.0027034571272860383
0.0030269426232689646
0.0017514928819395612
0.0013210310502584327
GEN 166 time 1616893619
0.0027034571272860383
0.0030269426232689646
0.0017514928819395612
0.0013210310502584327
GEN 167 time 1616893621
0.0027034571272860383
0.0030269426232689646
0.0017514928819395612
0.0013210310502584327
GEN 168 time 1616893623
0.0027034571272860383
0.0030269426232689646
0.0017514928819395612
0.0013210310502584327
GEN 169 time 1616893624
0.0027034571272860383
0.0030269426232689646
0.0017514928819395612
0.0013210310502584327
GEN 170 time 1616893626
0.0027034571272860383
0.0030269426232689646
0.0017514928819395612
0.0013210310502584327
GEN 171 time 1616893628
0.0027034571272860383
0.0030269426232689646
0.0017514928819395612
0.0013210310502584327
GEN 172 time 1616893629
0.0027034571272860383
0.0030269426232689646
0.0017514928819395612
0.0013210310502584327
GEN 173 time 1616893631
0.0027034571272860383
0.0030269426232689646
0.0017514928819395612
0.0013210310502584327
GEN 174 time 1616893632
0.0027034571272860383
0.0030269426232689646
0.0017514928819395612
0.0013210310502584327
GEN 175 time 1616893634
0.0027034571272860383
0.0030269426232689646
0.0017514928819395612
0.0012907527559207418
GEN 176 time 1616893636
0.0027034571272860383
0.0030269426232689646
0.0017514928819395612
0.0012907527559207418
GEN 177 time 1616893637
0.0027034571272860383
0.0030269426232689646
0.0017514928819395612
0.0012907527559207418
GEN 178 time 1616893639
0.0027034571272860383
0.0030269426232689646
0.0017514928819395612
0.0012907527559207418
GEN 179 time 1616893640
0.0027034571272860383
0.0030269426232689646
0.0017514928819395612
0.0012013493750740606
GEN 180 time 1616893642
0.0027034571272860383
0.0030269426232689646
0.0017514928819395612
0.0012013493750740606
GEN 181 time 1616893644
0.0027034571272860383
0.0030269426232689646
0.0017514928819395612
0.0012013493750740606
GEN 182 time 1616893645
0.0027034571272860383
0.0030269426232689646
0.0017514928819395612
0.0012013493750740606
GEN 183 time 1616893647
0.0027034571272860383
0.0030269426232689646
0.0017514928819395612
0.0012013493750740606
GEN 184 time 1616893649
0.0027034571272860383
0.0030269426232689646
0.0017514928819395612
0.0012013493750740606
GEN 185 time 1616893650
0.0027034571272860383
0.0030269426232689646
0.0017514928819395612
0.0012013493750740606
GEN 186 time 1616893652
0.0027034571272860383
0.0030269426232689646
0.0017514928819395612
0.0012013493750740606
GEN 187 time 1616893653
0.0027034571272860383
0.0030269426232689646
0.0017514928819395612
0.0012013493750740606
GEN 188 time 1616893655
0.0027034571272860383
0.0030269426232689646
0.0017514928819395612
0.0012013493750740606
GEN 189 time 1616893657
0.0027034571272860383
0.0030269426232689646
0.0017514928819395612
0.0012013493750740606
GEN 190 time 1616893658
0.0027034571272860383
0.0030269426232689646
0.0017514928819395612
0.0012013493750740606
GEN 191 time 1616893660
0.0027034571272860383
0.0030269426232689646
0.0017514928819395612
0.0012013493750740606
GEN 192 time 1616893661
0.0027034571272860383
0.0030269426232689646
0.0017514928819395612
0.0012013493750740606
GEN 193 time 1616893663
0.0027034571272860383
0.0030269426232689646
0.0017514928819395612
0.0012013493750740606
GEN 194 time 1616893665
0.0027034571272860383
0.0030269426232689646
0.0017514928819395612
0.0012013493750740606
GEN 195 time 1616893666
0.0027034571272860383
0.0030269426232689646
0.0017514928819395612
0.0012013493750740606
GEN 196 time 1616893668
0.0027034571272860383
0.0030269426232689646
0.0017514928819395612
0.0012013493750740606
GEN 197 time 1616893670
0.0027034571272860383
0.0030269426232689646
0.0017514928819395612
0.0012013493750740606
GEN 198 time 1616893671
0.0027034571272860383
0.0030269426232689646
0.0017514928819395612
0.0012013493750740606
GEN 199 time 1616893673
0.0027034571272860383
0.0030269426232689646
0.0017514928819395612
0.0012013493750740606
