['./data/small/layer/uu-dem5_r25_1.json', './data/small/layer/uu-dem6_r25_1.json', './data/small/layer/uu-dem2_r25_1.json', './data/small/hop/uu-dem10_r25_1_40.json']
GEN 0 time 1616883675
0.002191164823506423
0.001596963160098174
0.0012281042040629903
0.002010230672764334
GEN 1 time 1616883677
0.002191164823506423
0.001596963160098174
0.0012281042040629903
0.002010230672764334
GEN 2 time 1616883678
0.002191164823506423
0.001596963160098174
0.0012281042040629903
0.002010230672764334
GEN 3 time 1616883679
0.002191164823506423
0.001596963160098174
0.0012281042040629903
0.0018207473126344905
GEN 4 time 1616883680
0.002191164823506423
0.001596963160098174
0.0011714334893155446
0.0018207473126344905
GEN 5 time 1616883682
0.002191164823506423
0.001596963160098174
0.0011714334893155446
0.0018207473126344905
GEN 6 time 1616883683
0.002191164823506423
0.001596963160098174
0.0011714334893155446
0.0016080744680283979
GEN 7 time 1616883684
0.002191164823506423
0.001596963160098174
0.0011714334893155446
0.0016080744680283979
GEN 8 time 1616883686
0.002191164823506423
0.001596963160098174
0.0011714334893155446
0.0016080744680283979
GEN 9 time 1616883687
0.002191164823506423
0.001596963160098174
0.0011714334893155446
0.0016080744680283979
GEN 10 time 1616883688
0.002191164823506423
0.001596963160098174
0.0011714334893155446
0.0016080744680283979
GEN 11 time 1616883689
0.002191164823506423
0.001596963160098174
0.0011714334893155446
0.0016080744680283979
GEN 12 time 1616883691
0.002191164823506423
0.001596963160098174
0.0011714334893155446
0.0016080744680283979
GEN 13 time 1616883692
0.002191164823506423
0.001596963160098174
0.0011714334893155446
0.0016080744680283979
GEN 14 time 1616883693
0.002191164823506423
0.001596963160098174
0.0011714334893155446
0.0016080744680283979
GEN 15 time 1616883695
0.002191164823506423
0.001596963160098174
0.0011714334893155446
0.0016080744680283979
GEN 16 time 1616883696
0.002191164823506423
0.001596963160098174
0.0011714334893155446
0.0016080744680283979
GEN 17 time 1616883697
0.002191164823506423
0.001596963160098174
0.0011714334893155446
0.0016080744680283979
GEN 18 time 1616883698
0.002191164823506423
0.001596963160098174
0.0011714334893155446
0.0016080744680283979
GEN 19 time 1616883700
0.002191164823506423
0.001596963160098174
0.0011714334893155446
0.0016080744680283979
GEN 20 time 1616883701
0.002191164823506423
0.001596963160098174
0.0011714334893155446
0.0016080744680283979
GEN 21 time 1616883702
0.002191164823506423
0.001596963160098174
0.0011714334893155446
0.0016080744680283979
GEN 22 time 1616883703
0.002191164823506423
0.001596963160098174
0.0011714334893155446
0.001470000918507465
GEN 23 time 1616883705
0.002191164823506423
0.001596963160098174
0.0011714334893155446
0.001470000918507465
GEN 24 time 1616883706
0.002191164823506423
0.001596963160098174
0.0011714334893155446
0.001470000918507465
GEN 25 time 1616883707
0.002191164823506423
0.001596963160098174
0.0011714334893155446
0.001470000918507465
GEN 26 time 1616883708
0.002191164823506423
0.001596963160098174
0.0011714334893155446
0.001470000918507465
GEN 27 time 1616883710
0.002191164823506423
0.001596963160098174
0.0011714334893155446
0.001470000918507465
GEN 28 time 1616883711
0.002191164823506423
0.001596963160098174
0.0011714334893155446
0.001470000918507465
GEN 29 time 1616883712
0.002191164823506423
0.001596963160098174
0.0011714334893155446
0.001408054468028398
GEN 30 time 1616883714
0.002191164823506423
0.001596963160098174
0.0011714334893155446
0.001408054468028398
GEN 31 time 1616883715
0.002191164823506423
0.001596963160098174
0.0011714334893155446
0.001408054468028398
GEN 32 time 1616883717
0.002191164823506423
0.001596963160098174
0.0011714334893155446
0.001408054468028398
GEN 33 time 1616883718
0.002191164823506423
0.001596963160098174
0.0011714334893155446
0.001408054468028398
GEN 34 time 1616883719
0.002191164823506423
0.001596963160098174
0.0011714334893155446
0.001408054468028398
GEN 35 time 1616883721
0.002191164823506423
0.001596963160098174
0.0011714334893155446
0.001408054468028398
GEN 36 time 1616883722
0.002191164823506423
0.001596963160098174
0.0011714334893155446
0.001408054468028398
GEN 37 time 1616883723
0.002191164823506423
0.001596963160098174
0.0011714334893155446
0.001408054468028398
GEN 38 time 1616883724
0.002191164823506423
0.001596963160098174
0.0011714334893155446
0.001408054468028398
GEN 39 time 1616883726
0.002191164823506423
0.001596963160098174
0.0011714334893155446
0.001408054468028398
GEN 40 time 1616883727
0.002191164823506423
0.001596963160098174
0.0011714334893155446
0.001408054468028398
GEN 41 time 1616883728
0.002191164823506423
0.001596963160098174
0.0011714334893155446
0.001408054468028398
GEN 42 time 1616883729
0.002191164823506423
0.001596963160098174
0.0011714334893155446
0.001408054468028398
GEN 43 time 1616883731
0.002191164823506423
0.001596963160098174
0.0011714334893155446
0.001408054468028398
GEN 44 time 1616883732
0.002191164823506423
0.001596963160098174
0.0011714334893155446
0.001408054468028398
GEN 45 time 1616883733
0.002191164823506423
0.001596963160098174
0.0011714334893155446
0.001408054468028398
GEN 46 time 1616883735
0.002191164823506423
0.001596963160098174
0.0011714334893155446
0.001408054468028398
GEN 47 time 1616883736
0.002191164823506423
0.001596963160098174
0.0011714334893155446
0.001408054468028398
GEN 48 time 1616883737
0.002191164823506423
0.001596963160098174
0.0011714334893155446
0.001408054468028398
GEN 49 time 1616883739
0.002191164823506423
0.001596963160098174
0.0011714334893155446
0.001408054468028398
GEN 50 time 1616883740
0.002191164823506423
0.001596963160098174
0.0011714334893155446
0.001408054468028398
GEN 51 time 1616883741
0.002191164823506423
0.001596963160098174
0.0011714334893155446
0.001408054468028398
GEN 52 time 1616883743
0.002191164823506423
0.001596963160098174
0.0011714334893155446
0.001408054468028398
GEN 53 time 1616883744
0.002191164823506423
0.001596963160098174
0.0011714334893155446
0.001408054468028398
GEN 54 time 1616883745
0.002191164823506423
0.001596963160098174
0.0011714334893155446
0.001408054468028398
GEN 55 time 1616883746
0.002191164823506423
0.001596963160098174
0.0011714334893155446
0.001408054468028398
GEN 56 time 1616883748
0.002191164823506423
0.001596963160098174
0.0011714334893155446
0.001408054468028398
GEN 57 time 1616883749
0.002191164823506423
0.001596963160098174
0.0011714334893155446
0.001408054468028398
GEN 58 time 1616883750
0.002191164823506423
0.001596963160098174
0.0011714334893155446
0.001408054468028398
GEN 59 time 1616883752
0.002191164823506423
0.001596963160098174
0.0011714334893155446
0.001408054468028398
GEN 60 time 1616883753
0.002191164823506423
0.001596963160098174
0.0011714334893155446
0.001408054468028398
GEN 61 time 1616883754
0.002191164823506423
0.001596963160098174
0.0011714334893155446
0.001408054468028398
GEN 62 time 1616883755
0.002191164823506423
0.001596963160098174
0.0011714334893155446
0.001408054468028398
GEN 63 time 1616883757
0.002191164823506423
0.001596963160098174
0.0011714334893155446
0.001408054468028398
GEN 64 time 1616883758
0.002191164823506423
0.001596963160098174
0.0011714334893155446
0.001408054468028398
GEN 65 time 1616883759
0.002191164823506423
0.001596963160098174
0.0011714334893155446
0.001408054468028398
GEN 66 time 1616883761
0.002191164823506423
0.001596963160098174
0.0011714334893155446
0.001408054468028398
GEN 67 time 1616883762
0.002191164823506423
0.001596963160098174
0.0011714334893155446
0.001408054468028398
GEN 68 time 1616883763
0.002191164823506423
0.001596963160098174
0.0011714334893155446
0.001408054468028398
GEN 69 time 1616883765
0.002191164823506423
0.001596963160098174
0.0011714334893155446
0.001408054468028398
GEN 70 time 1616883766
0.002191164823506423
0.001596963160098174
0.0011714334893155446
0.001408054468028398
GEN 71 time 1616883767
0.002191164823506423
0.001596963160098174
0.0011714334893155446
0.001408054468028398
GEN 72 time 1616883768
0.002191164823506423
0.001596963160098174
0.0011714334893155446
0.001408054468028398
GEN 73 time 1616883770
0.002191164823506423
0.001596963160098174
0.0011714334893155446
0.001408054468028398
GEN 74 time 1616883771
0.002191164823506423
0.001596963160098174
0.0011714334893155446
0.001408054468028398
GEN 75 time 1616883772
0.002191164823506423
0.001596963160098174
0.0011714334893155446
0.001408054468028398
GEN 76 time 1616883773
0.002191164823506423
0.001596963160098174
0.0011714334893155446
0.001408054468028398
GEN 77 time 1616883775
0.002191164823506423
0.001596963160098174
0.0011714334893155446
0.001408054468028398
GEN 78 time 1616883776
0.002191164823506423
0.001596963160098174
0.0011714334893155446
0.001408054468028398
GEN 79 time 1616883777
0.002191164823506423
0.001596963160098174
0.0011714334893155446
0.001408054468028398
GEN 80 time 1616883778
0.002191164823506423
0.001596963160098174
0.0011714334893155446
0.001408054468028398
GEN 81 time 1616883780
0.002191164823506423
0.001596963160098174
0.0011714334893155446
0.001408054468028398
GEN 82 time 1616883781
0.002191164823506423
0.001596963160098174
0.0011714334893155446
0.001408054468028398
GEN 83 time 1616883782
0.002191164823506423
0.001596963160098174
0.0011714334893155446
0.001408054468028398
GEN 84 time 1616883783
0.002191164823506423
0.001596963160098174
0.0011714334893155446
0.001408054468028398
GEN 85 time 1616883785
0.002191164823506423
0.001596963160098174
0.0011714334893155446
0.001408054468028398
GEN 86 time 1616883786
0.002191164823506423
0.001596963160098174
0.0011714334893155446
0.001408054468028398
GEN 87 time 1616883787
0.002191164823506423
0.001596963160098174
0.0011714334893155446
0.001408054468028398
GEN 88 time 1616883788
0.002191164823506423
0.001596963160098174
0.0011714334893155446
0.001408054468028398
GEN 89 time 1616883790
0.002191164823506423
0.001596963160098174
0.0011714334893155446
0.001408054468028398
GEN 90 time 1616883791
0.002191164823506423
0.001596963160098174
0.0011714334893155446
0.001408054468028398
GEN 91 time 1616883792
0.002191164823506423
0.001596963160098174
0.0011714334893155446
0.001408054468028398
GEN 92 time 1616883794
0.002191164823506423
0.001596963160098174
0.0011714334893155446
0.001408054468028398
GEN 93 time 1616883795
0.002191164823506423
0.001596963160098174
0.0011714334893155446
0.001408054468028398
GEN 94 time 1616883796
0.002191164823506423
0.001596963160098174
0.0011714334893155446
0.001408054468028398
GEN 95 time 1616883798
0.002191164823506423
0.001596963160098174
0.0011714334893155446
0.001408054468028398
GEN 96 time 1616883799
0.002191164823506423
0.001596963160098174
0.0011714334893155446
0.001408054468028398
GEN 97 time 1616883800
0.002191164823506423
0.001596963160098174
0.0011714334893155446
0.001408054468028398
GEN 98 time 1616883801
0.002191164823506423
0.001596963160098174
0.0011714334893155446
0.001408054468028398
GEN 99 time 1616883803
0.002191164823506423
0.001596963160098174
0.0011714334893155446
0.001408054468028398
GEN 100 time 1616883804
0.002191164823506423
0.001596963160098174
0.0011714334893155446
0.001408054468028398
GEN 101 time 1616883805
0.002191164823506423
0.001596963160098174
0.0011714334893155446
0.001408054468028398
GEN 102 time 1616883806
0.002191164823506423
0.001596963160098174
0.0011714334893155446
0.001408054468028398
GEN 103 time 1616883808
0.002191164823506423
0.001596963160098174
0.0011714334893155446
0.001408054468028398
GEN 104 time 1616883809
0.002191164823506423
0.001596963160098174
0.0011714334893155446
0.001408054468028398
GEN 105 time 1616883810
0.002191164823506423
0.001596963160098174
0.0011714334893155446
0.001408054468028398
GEN 106 time 1616883812
0.002191164823506423
0.001596963160098174
0.0011714334893155446
0.001408054468028398
GEN 107 time 1616883813
0.002191164823506423
0.001596963160098174
0.0011714334893155446
0.001408054468028398
GEN 108 time 1616883814
0.002191164823506423
0.001596963160098174
0.0011714334893155446
0.001408054468028398
GEN 109 time 1616883815
0.002191164823506423
0.001596963160098174
0.0011714334893155446
0.001408054468028398
GEN 110 time 1616883817
0.002191164823506423
0.001596963160098174
0.0011714334893155446
0.001408054468028398
GEN 111 time 1616883818
0.002191164823506423
0.001596963160098174
0.0011714334893155446
0.001408054468028398
GEN 112 time 1616883819
0.002191164823506423
0.001596963160098174
0.0011714334893155446
0.001408054468028398
GEN 113 time 1616883821
0.002191164823506423
0.001596963160098174
0.0011714334893155446
0.001408054468028398
GEN 114 time 1616883822
0.002191164823506423
0.001596963160098174
0.0011714334893155446
0.001408054468028398
GEN 115 time 1616883823
0.002191164823506423
0.001596963160098174
0.0011714334893155446
0.001408054468028398
GEN 116 time 1616883824
0.002191164823506423
0.001596963160098174
0.0011714334893155446
0.001408054468028398
GEN 117 time 1616883825
0.002191164823506423
0.001596963160098174
0.0011714334893155446
0.001408054468028398
GEN 118 time 1616883827
0.002191164823506423
0.001596963160098174
0.0011714334893155446
0.001408054468028398
GEN 119 time 1616883828
0.002191164823506423
0.001596963160098174
0.0011714334893155446
0.001408054468028398
GEN 120 time 1616883829
0.002191164823506423
0.001596963160098174
0.0011714334893155446
0.001408054468028398
GEN 121 time 1616883831
0.002191164823506423
0.001596963160098174
0.0011714334893155446
0.001408054468028398
GEN 122 time 1616883832
0.002191164823506423
0.001596963160098174
0.0011714334893155446
0.001408054468028398
GEN 123 time 1616883833
0.002191164823506423
0.001596963160098174
0.0011714334893155446
0.001408054468028398
GEN 124 time 1616883835
0.002191164823506423
0.001596963160098174
0.0011714334893155446
0.001408054468028398
GEN 125 time 1616883836
0.002191164823506423
0.001596963160098174
0.0011714334893155446
0.001408054468028398
GEN 126 time 1616883837
0.002191164823506423
0.001596963160098174
0.0011714334893155446
0.001408054468028398
GEN 127 time 1616883838
0.002191164823506423
0.001596963160098174
0.0011714334893155446
0.001408054468028398
GEN 128 time 1616883840
0.002191164823506423
0.001596963160098174
0.0011714334893155446
0.001408054468028398
GEN 129 time 1616883841
0.002191164823506423
0.001596963160098174
0.0011714334893155446
0.001408054468028398
GEN 130 time 1616883842
0.002191164823506423
0.001596963160098174
0.0011714334893155446
0.001408054468028398
GEN 131 time 1616883844
0.002191164823506423
0.001596963160098174
0.0011714334893155446
0.001408054468028398
GEN 132 time 1616883845
0.002191164823506423
0.001596963160098174
0.0011714334893155446
0.001408054468028398
GEN 133 time 1616883846
0.002191164823506423
0.001596963160098174
0.0011714334893155446
0.001408054468028398
GEN 134 time 1616883847
0.002191164823506423
0.001596963160098174
0.0011714334893155446
0.001408054468028398
GEN 135 time 1616883849
0.002191164823506423
0.001596963160098174
0.0011714334893155446
0.001408054468028398
GEN 136 time 1616883850
0.002191164823506423
0.001596963160098174
0.0011714334893155446
0.001408054468028398
GEN 137 time 1616883851
0.002191164823506423
0.001596963160098174
0.0011714334893155446
0.001408054468028398
GEN 138 time 1616883853
0.002191164823506423
0.001596963160098174
0.0011714334893155446
0.001408054468028398
GEN 139 time 1616883854
0.002191164823506423
0.001596963160098174
0.0011714334893155446
0.001408054468028398
GEN 140 time 1616883855
0.002191164823506423
0.001596963160098174
0.0011714334893155446
0.001408054468028398
GEN 141 time 1616883856
0.002191164823506423
0.001596963160098174
0.0011714334893155446
0.001408054468028398
GEN 142 time 1616883858
0.002191164823506423
0.001596963160098174
0.0011714334893155446
0.001408054468028398
GEN 143 time 1616883859
0.002191164823506423
0.001596963160098174
0.0011714334893155446
0.001408054468028398
GEN 144 time 1616883860
0.002191164823506423
0.001596963160098174
0.0011714334893155446
0.001408054468028398
GEN 145 time 1616883862
0.002191164823506423
0.001596963160098174
0.0011714334893155446
0.001408054468028398
GEN 146 time 1616883863
0.002191164823506423
0.001596963160098174
0.0011714334893155446
0.001408054468028398
GEN 147 time 1616883864
0.002191164823506423
0.001596963160098174
0.0011714334893155446
0.001408054468028398
GEN 148 time 1616883866
0.002191164823506423
0.001596963160098174
0.0011714334893155446
0.001408054468028398
GEN 149 time 1616883867
0.002191164823506423
0.001596963160098174
0.0011714334893155446
0.001408054468028398
GEN 150 time 1616883868
0.002191164823506423
0.001596963160098174
0.0011714334893155446
0.001408054468028398
GEN 151 time 1616883869
0.002191164823506423
0.001596963160098174
0.0011714334893155446
0.001408054468028398
GEN 152 time 1616883871
0.002191164823506423
0.001596963160098174
0.0011714334893155446
0.001408054468028398
GEN 153 time 1616883872
0.002191164823506423
0.001596963160098174
0.0011714334893155446
0.001408054468028398
GEN 154 time 1616883873
0.002191164823506423
0.001596963160098174
0.0011714334893155446
0.001408054468028398
GEN 155 time 1616883875
0.002191164823506423
0.001596963160098174
0.0011714334893155446
0.001408054468028398
GEN 156 time 1616883876
0.002191164823506423
0.001596963160098174
0.0011714334893155446
0.001408054468028398
GEN 157 time 1616883877
0.002191164823506423
0.001596963160098174
0.0011714334893155446
0.001408054468028398
GEN 158 time 1616883879
0.002191164823506423
0.001596963160098174
0.0011714334893155446
0.001408054468028398
GEN 159 time 1616883880
0.002191164823506423
0.001596963160098174
0.0011714334893155446
0.001408054468028398
GEN 160 time 1616883881
0.002191164823506423
0.001596963160098174
0.0011714334893155446
0.001408054468028398
GEN 161 time 1616883882
0.002191164823506423
0.001596963160098174
0.0011714334893155446
0.001408054468028398
GEN 162 time 1616883884
0.002191164823506423
0.001596963160098174
0.0011714334893155446
0.001408054468028398
GEN 163 time 1616883885
0.002191164823506423
0.001596963160098174
0.0011714334893155446
0.001408054468028398
GEN 164 time 1616883886
0.002191164823506423
0.001596963160098174
0.0011714334893155446
0.001408054468028398
GEN 165 time 1616883888
0.002191164823506423
0.001596963160098174
0.0011714334893155446
0.001408054468028398
GEN 166 time 1616883889
0.002191164823506423
0.001596963160098174
0.0011714334893155446
0.001408054468028398
GEN 167 time 1616883890
0.002191164823506423
0.001596963160098174
0.0011714334893155446
0.001408054468028398
GEN 168 time 1616883891
0.002191164823506423
0.001596963160098174
0.0011714334893155446
0.001408054468028398
GEN 169 time 1616883892
0.002191164823506423
0.001596963160098174
0.0011714334893155446
0.001408054468028398
GEN 170 time 1616883894
0.002191164823506423
0.001596963160098174
0.0011714334893155446
0.001408054468028398
GEN 171 time 1616883895
0.002191164823506423
0.001596963160098174
0.0011714334893155446
0.001408054468028398
GEN 172 time 1616883896
0.002191164823506423
0.001596963160098174
0.0011714334893155446
0.001408054468028398
GEN 173 time 1616883898
0.002191164823506423
0.001596963160098174
0.0011714334893155446
0.001408054468028398
GEN 174 time 1616883899
0.002191164823506423
0.001596963160098174
0.0011714334893155446
0.001408054468028398
GEN 175 time 1616883900
0.002191164823506423
0.001596963160098174
0.0011714334893155446
0.001408054468028398
GEN 176 time 1616883902
0.002191164823506423
0.001596963160098174
0.0011714334893155446
0.001408054468028398
GEN 177 time 1616883903
0.002191164823506423
0.001596963160098174
0.0011714334893155446
0.001408054468028398
GEN 178 time 1616883904
0.002191164823506423
0.001596963160098174
0.0011714334893155446
0.001408054468028398
GEN 179 time 1616883905
0.002191164823506423
0.001596963160098174
0.0011714334893155446
0.001408054468028398
GEN 180 time 1616883907
0.002191164823506423
0.001596963160098174
0.0011714334893155446
0.001408054468028398
GEN 181 time 1616883908
0.002191164823506423
0.001596963160098174
0.0011714334893155446
0.001408054468028398
GEN 182 time 1616883909
0.002191164823506423
0.001596963160098174
0.0011714334893155446
0.001408054468028398
GEN 183 time 1616883910
0.002191164823506423
0.001596963160098174
0.0011714334893155446
0.001408054468028398
GEN 184 time 1616883912
0.002191164823506423
0.001596963160098174
0.0011714334893155446
0.001408054468028398
GEN 185 time 1616883913
0.002191164823506423
0.001596963160098174
0.0011714334893155446
0.001408054468028398
GEN 186 time 1616883914
0.002191164823506423
0.001596963160098174
0.0011714334893155446
0.001408054468028398
GEN 187 time 1616883915
0.002191164823506423
0.001596963160098174
0.0011714334893155446
0.001408054468028398
GEN 188 time 1616883917
0.002191164823506423
0.001596963160098174
0.0011714334893155446
0.001408054468028398
GEN 189 time 1616883918
0.002191164823506423
0.001596963160098174
0.0011714334893155446
0.001408054468028398
GEN 190 time 1616883919
0.002191164823506423
0.001596963160098174
0.0011714334893155446
0.001408054468028398
GEN 191 time 1616883921
0.002191164823506423
0.001596963160098174
0.0011714334893155446
0.001408054468028398
GEN 192 time 1616883922
0.002191164823506423
0.001596963160098174
0.0011714334893155446
0.001408054468028398
GEN 193 time 1616883923
0.002191164823506423
0.001596963160098174
0.0011714334893155446
0.001408054468028398
GEN 194 time 1616883925
0.002191164823506423
0.001596963160098174
0.0011714334893155446
0.001408054468028398
GEN 195 time 1616883926
0.002191164823506423
0.001596963160098174
0.0011714334893155446
0.001408054468028398
GEN 196 time 1616883927
0.002191164823506423
0.001596963160098174
0.0011714334893155446
0.001408054468028398
GEN 197 time 1616883928
0.002191164823506423
0.001596963160098174
0.0011714334893155446
0.001408054468028398
GEN 198 time 1616883930
0.002191164823506423
0.001596963160098174
0.0011714334893155446
0.001408054468028398
GEN 199 time 1616883931
0.002191164823506423
0.001596963160098174
0.0011714334893155446
0.001408054468028398
