['./data/small/layer/uu-dem2_r50_1.json', './data/small/layer/uu-dem9_r50_1.json', './data/small/layer/uu-dem3_r50_1.json', './data/small/hop/uu-dem2_r50_1_0.json', './data/small/hop/uu-dem3_r50_1_0.json', './data/small/hop/uu-dem9_r50_1_0.json']
GEN 0 time 1616916421
0.002666090116770952
0.0021451530174167676
0.0029563221065951784
0.002241305131373949
0.0023520416526760703
0.0021262702045216613
GEN 1 time 1616916423
0.002666090116770952
0.0021176828887570515
0.0029563221065951784
0.0022305400034465443
0.0023520416526760703
0.0021262702045216613
GEN 2 time 1616916426
0.002666090116770952
0.0021176828887570515
0.0029563221065951784
0.0022305400034465443
0.0023520416526760703
0.0021262702045216613
GEN 3 time 1616916429
0.002666090116770952
0.0021176828887570515
0.0029563221065951784
0.0022305400034465443
0.0022917285263908825
0.0021262702045216613
GEN 4 time 1616916432
0.002666090116770952
0.0021176828887570515
0.0029563221065951784
0.0020454765228281628
0.0021486847022072716
0.0021262702045216613
GEN 5 time 1616916435
0.002666090116770952
0.0020545687806421318
0.0029563221065951784
0.0020454765228281628
0.0021486847022072716
0.0021262702045216613
GEN 6 time 1616916437
0.002666090116770952
0.0020026118036031975
0.0029563221065951784
0.0020454765228281628
0.0021486847022072716
0.002025924474671177
GEN 7 time 1616916440
0.002666090116770952
0.0019432255169339217
0.0029563221065951784
0.0020146498377750883
0.0021486847022072716
0.002025924474671177
GEN 8 time 1616916443
0.002666090116770952
0.0019432255169339217
0.0029563221065951784
0.0020146498377750883
0.0021486847022072716
0.002025924474671177
GEN 9 time 1616916446
0.002666090116770952
0.0019432255169339217
0.0029563221065951784
0.0020146498377750883
0.0021486847022072716
0.002025924474671177
GEN 10 time 1616916449
0.002666090116770952
0.0019432255169339217
0.0029563221065951784
0.0020146498377750883
0.0021486847022072716
0.002016001008333996
GEN 11 time 1616916451
0.002666090116770952
0.0019432255169339217
0.0029563221065951784
0.0020146498377750883
0.0021486847022072716
0.002016001008333996
GEN 12 time 1616916454
0.002666090116770952
0.0018792959315195711
0.0029563221065951784
0.0018796270040402404
0.0021486847022072716
0.002016001008333996
GEN 13 time 1616916457
0.002666090116770952
0.0018792959315195711
0.0029563221065951784
0.0018796270040402404
0.00206263614082522
0.002016001008333996
GEN 14 time 1616916460
0.002666090116770952
0.0018792959315195711
0.0029563221065951784
0.0018796270040402404
0.0020112493973205754
0.002016001008333996
GEN 15 time 1616916462
0.002666090116770952
0.0018792959315195711
0.0029563221065951784
0.0018796270040402404
0.0020112493973205754
0.002016001008333996
GEN 16 time 1616916465
0.002666090116770952
0.0017514928819395612
0.0029563221065951784
0.0018796270040402404
0.0019865940107565722
0.002016001008333996
GEN 17 time 1616916468
0.002666090116770952
0.0017514928819395612
0.0029563221065951784
0.0018796270040402404
0.0019865940107565722
0.001983788737501898
GEN 18 time 1616916471
0.002666090116770952
0.0017514928819395612
0.0029563221065951784
0.0018796270040402404
0.0019865940107565722
0.001983788737501898
GEN 19 time 1616916474
0.002666090116770952
0.0017514928819395612
0.0029563221065951784
0.0018796270040402404
0.0019865940107565722
0.001983788737501898
GEN 20 time 1616916476
0.002666090116770952
0.0017514928819395612
0.0029563221065951784
0.0018796270040402404
0.0019293721705430605
0.001830474952712486
GEN 21 time 1616916479
0.002666090116770952
0.0017514928819395612
0.0029563221065951784
0.0018796270040402404
0.0019293721705430605
0.001830474952712486
GEN 22 time 1616916482
0.002666090116770952
0.0017514928819395612
0.0029563221065951784
0.0018796270040402404
0.0019293721705430605
0.001830474952712486
GEN 23 time 1616916485
0.002666090116770952
0.0017514928819395612
0.0029563221065951784
0.0018796270040402404
0.0019293721705430605
0.001830474952712486
GEN 24 time 1616916488
0.002666090116770952
0.0017514928819395612
0.0029563221065951784
0.0018289784648235156
0.0019293721705430605
0.001830474952712486
GEN 25 time 1616916490
0.002666090116770952
0.0017514928819395612
0.0029563221065951784
0.0016904554970778877
0.0019293721705430605
0.001830474952712486
GEN 26 time 1616916493
0.002666090116770952
0.0017514928819395612
0.0029563221065951784
0.0016904554970778877
0.0019293721705430605
0.0017561635993190885
GEN 27 time 1616916496
0.002666090116770952
0.0017514928819395612
0.0029563221065951784
0.0016904554970778877
0.0019293721705430605
0.0017561635993190885
GEN 28 time 1616916499
0.002666090116770952
0.0017514928819395612
0.0029563221065951784
0.0016904554970778877
0.0019293721705430605
0.0017561635993190885
GEN 29 time 1616916502
0.002666090116770952
0.0017514928819395612
0.0029563221065951784
0.0016904554970778877
0.0019293721705430605
0.0017561635993190885
GEN 30 time 1616916504
0.002666090116770952
0.0017514928819395612
0.0029563221065951784
0.0016904554970778877
0.0018166972538978185
0.0017561635993190885
GEN 31 time 1616916507
0.002666090116770952
0.0017514928819395612
0.0029563221065951784
0.0016904554970778877
0.0018166972538978185
0.0017561635993190885
GEN 32 time 1616916510
0.002666090116770952
0.0017514928819395612
0.0029563221065951784
0.0016904554970778877
0.0018166972538978185
0.0017561635993190885
GEN 33 time 1616916513
0.002666090116770952
0.0017514928819395612
0.0029563221065951784
0.0016904554970778877
0.0018166972538978185
0.0017561635993190885
GEN 34 time 1616916516
0.002666090116770952
0.0017514928819395612
0.0029563221065951784
0.0016904554970778877
0.0018166972538978185
0.0017561635993190885
GEN 35 time 1616916518
0.002666090116770952
0.0017514928819395612
0.0029563221065951784
0.0016904554970778877
0.0018166972538978185
0.0017561635993190885
GEN 36 time 1616916521
0.002666090116770952
0.0017514928819395612
0.0029563221065951784
0.0016904554970778877
0.0018166972538978185
0.0017561635993190885
GEN 37 time 1616916524
0.002666090116770952
0.0017514928819395612
0.0029563221065951784
0.0016904554970778877
0.0018166972538978185
0.0017561635993190885
GEN 38 time 1616916527
0.002666090116770952
0.0017514928819395612
0.0029563221065951784
0.0016904554970778877
0.0018137962516027166
0.0017561635993190885
GEN 39 time 1616916529
0.002666090116770952
0.0017514928819395612
0.0029563221065951784
0.001619381271032849
0.0018137962516027166
0.0017561635993190885
GEN 40 time 1616916532
0.002666090116770952
0.0017514928819395612
0.0029563221065951784
0.001619381271032849
0.0018137962516027166
0.0017561635993190885
GEN 41 time 1616916535
0.002666090116770952
0.0017514928819395612
0.0029563221065951784
0.001619381271032849
0.0018137962516027166
0.001665060284500587
GEN 42 time 1616916538
0.002666090116770952
0.0017514928819395612
0.0029563221065951784
0.001619381271032849
0.0018137962516027166
0.001665060284500587
GEN 43 time 1616916541
0.002666090116770952
0.0017514928819395612
0.0029563221065951784
0.001619381271032849
0.0018137962516027166
0.001665060284500587
GEN 44 time 1616916544
0.002666090116770952
0.0017514928819395612
0.0029563221065951784
0.001619381271032849
0.0018137962516027166
0.001455073853351001
GEN 45 time 1616916546
0.002666090116770952
0.0017514928819395612
0.0029563221065951784
0.001619381271032849
0.0018137962516027166
0.001455073853351001
GEN 46 time 1616916549
0.002666090116770952
0.0017514928819395612
0.0029563221065951784
0.001619381271032849
0.0018137962516027166
0.0013561235993190886
GEN 47 time 1616916552
0.002666090116770952
0.0017514928819395612
0.0029563221065951784
0.001619381271032849
0.0018137962516027166
0.0013561235993190886
GEN 48 time 1616916555
0.002666090116770952
0.0017514928819395612
0.0029563221065951784
0.001619381271032849
0.0018137962516027166
0.0013561235993190886
GEN 49 time 1616916558
0.002666090116770952
0.0017514928819395612
0.0029563221065951784
0.001619381271032849
0.0018137962516027166
0.0013561235993190886
GEN 50 time 1616916560
0.002666090116770952
0.0017514928819395612
0.0029563221065951784
0.001619381271032849
0.0018137962516027166
0.0013561235993190886
GEN 51 time 1616916563
0.002666090116770952
0.0017514928819395612
0.0029563221065951784
0.001619381271032849
0.0018137962516027166
0.0013561235993190886
GEN 52 time 1616916566
0.002666090116770952
0.0017514928819395612
0.0029563221065951784
0.001619381271032849
0.0018137962516027166
0.0013561235993190886
GEN 53 time 1616916569
0.002666090116770952
0.0017514928819395612
0.0029563221065951784
0.001619381271032849
0.0018137962516027166
0.0013561235993190886
GEN 54 time 1616916571
0.002666090116770952
0.0017514928819395612
0.0029563221065951784
0.001619381271032849
0.0018137962516027166
0.0013561235993190886
GEN 55 time 1616916574
0.002666090116770952
0.0017514928819395612
0.0029563221065951784
0.001619381271032849
0.0018137962516027166
0.0013561235993190886
GEN 56 time 1616916577
0.002666090116770952
0.0017514928819395612
0.0029563221065951784
0.001619381271032849
0.0018137962516027166
0.0013561235993190886
GEN 57 time 1616916580
0.002666090116770952
0.0017514928819395612
0.0029563221065951784
0.001619381271032849
0.0018137962516027166
0.0013561235993190886
GEN 58 time 1616916583
0.002666090116770952
0.0017514928819395612
0.0029563221065951784
0.001619381271032849
0.0017486447022072716
0.0013561235993190886
GEN 59 time 1616916586
0.002666090116770952
0.0017514928819395612
0.0029563221065951784
0.001619381271032849
0.0017486447022072716
0.0013561235993190886
GEN 60 time 1616916588
0.002666090116770952
0.0017514928819395612
0.0029563221065951784
0.001619381271032849
0.0017486447022072716
0.0013561235993190886
GEN 61 time 1616916591
0.002666090116770952
0.0017514928819395612
0.0029563221065951784
0.001619381271032849
0.0017486447022072716
0.0013561235993190886
GEN 62 time 1616916594
0.002666090116770952
0.0017514928819395612
0.0029563221065951784
0.001619381271032849
0.0017486447022072716
0.0013561235993190886
GEN 63 time 1616916597
0.002666090116770952
0.0017514928819395612
0.0029563221065951784
0.001619381271032849
0.0017486447022072716
0.0013561235993190886
GEN 64 time 1616916600
0.002666090116770952
0.0017514928819395612
0.0029563221065951784
0.001619381271032849
0.0017486447022072716
0.0013561235993190886
GEN 65 time 1616916602
0.002666090116770952
0.0017514928819395612
0.0029563221065951784
0.001619381271032849
0.0017486447022072716
0.0013561235993190886
GEN 66 time 1616916605
0.002666090116770952
0.0017514928819395612
0.0029563221065951784
0.001619381271032849
0.0017486447022072716
0.0013561235993190886
GEN 67 time 1616916608
0.002666090116770952
0.0017514928819395612
0.0029563221065951784
0.001619381271032849
0.0017486447022072716
0.0013561235993190886
GEN 68 time 1616916611
0.002666090116770952
0.0017514928819395612
0.0029563221065951784
0.001619381271032849
0.0017486447022072716
0.0013561235993190886
GEN 69 time 1616916614
0.002666090116770952
0.0017514928819395612
0.0029563221065951784
0.001619381271032849
0.0017486447022072716
0.0013561235993190886
GEN 70 time 1616916616
0.002666090116770952
0.0017514928819395612
0.0029563221065951784
0.001619381271032849
0.0017486447022072716
0.0013561235993190886
GEN 71 time 1616916619
0.002666090116770952
0.0017514928819395612
0.0029563221065951784
0.001619381271032849
0.0017486447022072716
0.0013561235993190886
GEN 72 time 1616916622
0.002666090116770952
0.0017514928819395612
0.0029563221065951784
0.001619381271032849
0.0017486447022072716
0.0013561235993190886
GEN 73 time 1616916625
0.002666090116770952
0.0017514928819395612
0.0029563221065951784
0.001619381271032849
0.0017486447022072716
0.0013561235993190886
GEN 74 time 1616916628
0.002666090116770952
0.0017514928819395612
0.0029563221065951784
0.001619381271032849
0.0017486447022072716
0.0013561235993190886
GEN 75 time 1616916630
0.002666090116770952
0.0017514928819395612
0.0029563221065951784
0.001619381271032849
0.0017486447022072716
0.0013561235993190886
GEN 76 time 1616916633
0.002666090116770952
0.0017514928819395612
0.0029563221065951784
0.001619381271032849
0.0017486447022072716
0.0013561235993190886
GEN 77 time 1616916636
0.002666090116770952
0.0017514928819395612
0.0029563221065951784
0.001619381271032849
0.0017486447022072716
0.0013561235993190886
GEN 78 time 1616916639
0.002666090116770952
0.0017514928819395612
0.0029563221065951784
0.001619381271032849
0.0017486447022072716
0.0013561235993190886
GEN 79 time 1616916642
0.002666090116770952
0.0017514928819395612
0.0029563221065951784
0.001619381271032849
0.0017486447022072716
0.0013561235993190886
GEN 80 time 1616916644
0.002666090116770952
0.0017514928819395612
0.0029563221065951784
0.001619381271032849
0.0017486447022072716
0.0013561235993190886
GEN 81 time 1616916647
0.002666090116770952
0.0017514928819395612
0.0029563221065951784
0.001619381271032849
0.0017486447022072716
0.0013561235993190886
GEN 82 time 1616916650
0.002666090116770952
0.0017514928819395612
0.0029563221065951784
0.001619381271032849
0.0016137762516027165
0.0013561235993190886
GEN 83 time 1616916653
0.002666090116770952
0.0017514928819395612
0.0029563221065951784
0.001619381271032849
0.0016137762516027165
0.0013561235993190886
GEN 84 time 1616916656
0.002666090116770952
0.0017514928819395612
0.0029563221065951784
0.001619381271032849
0.0016137762516027165
0.0013561235993190886
GEN 85 time 1616916658
0.002666090116770952
0.0017514928819395612
0.0029563221065951784
0.001619381271032849
0.0016137762516027165
0.0013561235993190886
GEN 86 time 1616916661
0.002666090116770952
0.0017514928819395612
0.0029563221065951784
0.001619381271032849
0.0016137762516027165
0.0013561235993190886
GEN 87 time 1616916664
0.002666090116770952
0.0017514928819395612
0.0029563221065951784
0.001619381271032849
0.0016137762516027165
0.0013561235993190886
GEN 88 time 1616916667
0.002666090116770952
0.0017514928819395612
0.0029563221065951784
0.0016124761950968803
0.0016137762516027165
0.0013561235993190886
GEN 89 time 1616916670
0.002666090116770952
0.0017514928819395612
0.0029563221065951784
0.0016124761950968803
0.0016137762516027165
0.0013561235993190886
GEN 90 time 1616916672
0.002666090116770952
0.0017514928819395612
0.0029563221065951784
0.0016124761950968803
0.0016137762516027165
0.0013561235993190886
GEN 91 time 1616916675
0.002666090116770952
0.0017514928819395612
0.0029563221065951784
0.0016124761950968803
0.0016137762516027165
0.0013561235993190886
GEN 92 time 1616916678
0.002666090116770952
0.0017514928819395612
0.0029563221065951784
0.0016124761950968803
0.0016137762516027165
0.0013561235993190886
GEN 93 time 1616916681
0.002666090116770952
0.0017514928819395612
0.0029563221065951784
0.0016124761950968803
0.0016137762516027165
0.0013561235993190886
GEN 94 time 1616916683
0.002666090116770952
0.0017514928819395612
0.0029563221065951784
0.0016124761950968803
0.0016137762516027165
0.0013561235993190886
GEN 95 time 1616916686
0.002666090116770952
0.0017514928819395612
0.0029563221065951784
0.0016124761950968803
0.0016137762516027165
0.0013561235993190886
GEN 96 time 1616916689
0.002666090116770952
0.0017514928819395612
0.0029563221065951784
0.0016124761950968803
0.0016137762516027165
0.0013561235993190886
GEN 97 time 1616916692
0.002666090116770952
0.0017514928819395612
0.0029563221065951784
0.0016124761950968803
0.0016137762516027165
0.0013561235993190886
GEN 98 time 1616916695
0.002666090116770952
0.0017514928819395612
0.0029563221065951784
0.0016124761950968803
0.0016137762516027165
0.0013561235993190886
GEN 99 time 1616916698
0.002666090116770952
0.0017514928819395612
0.0029563221065951784
0.0016124761950968803
0.0016137762516027165
0.0013561235993190886
GEN 100 time 1616916701
0.002666090116770952
0.0017514928819395612
0.0029563221065951784
0.0016124761950968803
0.0016137762516027165
0.0013561235993190886
GEN 101 time 1616916703
0.002666090116770952
0.0017514928819395612
0.0029563221065951784
0.0016124761950968803
0.0016137762516027165
0.0013561235993190886
GEN 102 time 1616916706
0.002666090116770952
0.0017514928819395612
0.0029563221065951784
0.0016124761950968803
0.0016137762516027165
0.0013561235993190886
GEN 103 time 1616916709
0.002666090116770952
0.0017514928819395612
0.0029563221065951784
0.0016124761950968803
0.0016137762516027165
0.0013561235993190886
GEN 104 time 1616916712
0.002666090116770952
0.0017514928819395612
0.0029563221065951784
0.0014948944009400783
0.0016137762516027165
0.0013561235993190886
GEN 105 time 1616916715
0.002666090116770952
0.0017514928819395612
0.0029563221065951784
0.0014948944009400783
0.0016137762516027165
0.0013561235993190886
GEN 106 time 1616916717
0.002666090116770952
0.0017514928819395612
0.0029563221065951784
0.0014948944009400783
0.0016137762516027165
0.0013561235993190886
GEN 107 time 1616916720
0.002666090116770952
0.0017514928819395612
0.0029563221065951784
0.0014948944009400783
0.0016137762516027165
0.0013561235993190886
GEN 108 time 1616916723
0.002666090116770952
0.0017514928819395612
0.0029563221065951784
0.0014948944009400783
0.0016137762516027165
0.0013561235993190886
GEN 109 time 1616916726
0.002666090116770952
0.0017514928819395612
0.0029563221065951784
0.0014948944009400783
0.0016137762516027165
0.0013561235993190886
GEN 110 time 1616916729
0.002666090116770952
0.0017514928819395612
0.0029563221065951784
0.0014948944009400783
0.0016137762516027165
0.0013561235993190886
GEN 111 time 1616916731
0.002666090116770952
0.0017514928819395612
0.0029563221065951784
0.0014948944009400783
0.0016137762516027165
0.0013561235993190886
GEN 112 time 1616916734
0.002666090116770952
0.0017514928819395612
0.0029563221065951784
0.0014948944009400783
0.0016137762516027165
0.0013561235993190886
GEN 113 time 1616916737
0.002666090116770952
0.0017514928819395612
0.0029563221065951784
0.0014948944009400783
0.0016137762516027165
0.0013561235993190886
GEN 114 time 1616916740
0.002666090116770952
0.0017514928819395612
0.0029563221065951784
0.0014948944009400783
0.0016137762516027165
0.0013561235993190886
GEN 115 time 1616916743
0.002666090116770952
0.0017514928819395612
0.0029563221065951784
0.0014948944009400783
0.0016137762516027165
0.0013319091619390857
GEN 116 time 1616916745
0.002666090116770952
0.0017514928819395612
0.0029563221065951784
0.0014948944009400783
0.0016137762516027165
0.0012232047358872666
GEN 117 time 1616916748
0.002666090116770952
0.0017514928819395612
0.0029563221065951784
0.0014948944009400783
0.0016137762516027165
0.0012232047358872666
GEN 118 time 1616916751
0.002666090116770952
0.0017514928819395612
0.0029563221065951784
0.0014948944009400783
0.0016137762516027165
0.0012232047358872666
GEN 119 time 1616916754
0.002666090116770952
0.0017514928819395612
0.0029563221065951784
0.0014948944009400783
0.0016137762516027165
0.0012232047358872666
GEN 120 time 1616916756
0.002666090116770952
0.0017514928819395612
0.0029563221065951784
0.0014948944009400783
0.0016137762516027165
0.0012232047358872666
GEN 121 time 1616916759
0.002666090116770952
0.0017514928819395612
0.0029563221065951784
0.0014948944009400783
0.0016137762516027165
0.0012232047358872666
GEN 122 time 1616916762
0.002666090116770952
0.0017514928819395612
0.0029563221065951784
0.0014948944009400783
0.0016137762516027165
0.0012232047358872666
GEN 123 time 1616916765
0.002666090116770952
0.0017514928819395612
0.0029563221065951784
0.0014948944009400783
0.0016137762516027165
0.0012232047358872666
GEN 124 time 1616916768
0.002666090116770952
0.0017514928819395612
0.0029563221065951784
0.0014578278818017185
0.0016137762516027165
0.0012232047358872666
GEN 125 time 1616916771
0.002666090116770952
0.0017514928819395612
0.0029563221065951784
0.0014578278818017185
0.0016137762516027165
0.0012232047358872666
GEN 126 time 1616916773
0.002666090116770952
0.0017514928819395612
0.0029563221065951784
0.0014578278818017185
0.0016137762516027165
0.0012232047358872666
GEN 127 time 1616916776
0.002666090116770952
0.0017514928819395612
0.0029563221065951784
0.0014578278818017185
0.0016137762516027165
0.0012232047358872666
GEN 128 time 1616916779
0.002666090116770952
0.0017514928819395612
0.0029563221065951784
0.0014578278818017185
0.0016137762516027165
0.0012050142782983326
GEN 129 time 1616916782
0.002666090116770952
0.0017514928819395612
0.0029563221065951784
0.001421104547181732
0.0016137762516027165
0.0012050142782983326
GEN 130 time 1616916785
0.002666090116770952
0.0017514928819395612
0.0029563221065951784
0.001421104547181732
0.0016137762516027165
0.0012050142782983326
GEN 131 time 1616916788
0.002666090116770952
0.0017514928819395612
0.0029563221065951784
0.001421104547181732
0.0016137762516027165
0.0012050142782983326
GEN 132 time 1616916790
0.002666090116770952
0.0017514928819395612
0.0029563221065951784
0.001421104547181732
0.0016137762516027165
0.0012050142782983326
GEN 133 time 1616916793
0.002666090116770952
0.0017514928819395612
0.0029563221065951784
0.001421104547181732
0.0015636612922551518
0.0012050142782983326
GEN 134 time 1616916796
0.002666090116770952
0.0017514928819395612
0.0029563221065951784
0.001421104547181732
0.0015636612922551518
0.0012050142782983326
GEN 135 time 1616916799
0.002666090116770952
0.0017514928819395612
0.0029563221065951784
0.001421104547181732
0.0015636612922551518
0.0012050142782983326
GEN 136 time 1616916802
0.002666090116770952
0.0017514928819395612
0.0029563221065951784
0.001421104547181732
0.0015636612922551518
0.0012050142782983326
GEN 137 time 1616916804
0.002666090116770952
0.0017514928819395612
0.0029563221065951784
0.001421104547181732
0.0015636612922551518
0.0012050142782983326
GEN 138 time 1616916807
0.002666090116770952
0.0017514928819395612
0.0029563221065951784
0.001421104547181732
0.0015636612922551518
0.0012050142782983326
GEN 139 time 1616916810
0.002666090116770952
0.0017514928819395612
0.0029563221065951784
0.001421104547181732
0.0015636612922551518
0.0012050142782983326
GEN 140 time 1616916813
0.002666090116770952
0.0017514928819395612
0.0029563221065951784
0.001421104547181732
0.0015636612922551518
0.0012050142782983326
GEN 141 time 1616916816
0.002666090116770952
0.0017514928819395612
0.0029563221065951784
0.001421104547181732
0.0015636612922551518
0.0012050142782983326
GEN 142 time 1616916818
0.002666090116770952
0.0017514928819395612
0.0029563221065951784
0.001421104547181732
0.0015636612922551518
0.0012050142782983326
GEN 143 time 1616916821
0.002666090116770952
0.0017514928819395612
0.0029563221065951784
0.001421104547181732
0.0015636612922551518
0.0012050142782983326
GEN 144 time 1616916824
0.002666090116770952
0.0017514928819395612
0.0029563221065951784
0.001421104547181732
0.0015636612922551518
0.0012050142782983326
GEN 145 time 1616916827
0.002666090116770952
0.0017514928819395612
0.0029563221065951784
0.001421104547181732
0.0015636612922551518
0.0012050142782983326
GEN 146 time 1616916830
0.002666090116770952
0.0017514928819395612
0.0029563221065951784
0.001421104547181732
0.0015636612922551518
0.0012050142782983326
GEN 147 time 1616916832
0.002666090116770952
0.0017514928819395612
0.0029563221065951784
0.001421104547181732
0.001548624702207272
0.0012050142782983326
GEN 148 time 1616916835
0.002666090116770952
0.0017514928819395612
0.0029563221065951784
0.001421104547181732
0.001548624702207272
0.0012050142782983326
GEN 149 time 1616916838
0.002666090116770952
0.0017514928819395612
0.0029563221065951784
0.001421104547181732
0.001548624702207272
0.0012050142782983326
GEN 150 time 1616916841
0.002666090116770952
0.0017514928819395612
0.0029563221065951784
0.001421104547181732
0.001548624702207272
0.0012050142782983326
GEN 151 time 1616916844
0.002666090116770952
0.0017514928819395612
0.0029563221065951784
0.001421104547181732
0.001548624702207272
0.0012050142782983326
GEN 152 time 1616916846
0.002666090116770952
0.0017514928819395612
0.0029563221065951784
0.001421104547181732
0.001548624702207272
0.0012050142782983326
GEN 153 time 1616916849
0.002666090116770952
0.0017514928819395612
0.0029563221065951784
0.001421104547181732
0.001548624702207272
0.0012050142782983326
GEN 154 time 1616916852
0.002666090116770952
0.0017514928819395612
0.0029563221065951784
0.001421104547181732
0.001548624702207272
0.0012050142782983326
GEN 155 time 1616916855
0.002666090116770952
0.0017514928819395612
0.0029563221065951784
0.001421104547181732
0.001548624702207272
0.0012050142782983326
GEN 156 time 1616916858
0.002666090116770952
0.0017514928819395612
0.0029563221065951784
0.001421104547181732
0.001548624702207272
0.0012050142782983326
GEN 157 time 1616916861
0.002666090116770952
0.0017514928819395612
0.0029563221065951784
0.001421104547181732
0.001548624702207272
0.0012050142782983326
GEN 158 time 1616916863
0.002666090116770952
0.0017514928819395612
0.0029563221065951784
0.001421104547181732
0.001548624702207272
0.001131868343051766
GEN 159 time 1616916866
0.002666090116770952
0.0017514928819395612
0.0029563221065951784
0.001421104547181732
0.001548624702207272
0.001131868343051766
GEN 160 time 1616916869
0.002666090116770952
0.0017514928819395612
0.0029563221065951784
0.001421104547181732
0.001548624702207272
0.001131868343051766
GEN 161 time 1616916872
0.002666090116770952
0.0017514928819395612
0.0029563221065951784
0.001421104547181732
0.001548624702207272
0.001131868343051766
GEN 162 time 1616916874
0.002666090116770952
0.0017514928819395612
0.0029563221065951784
0.001421104547181732
0.001548624702207272
0.001131868343051766
GEN 163 time 1616916877
0.002666090116770952
0.0017514928819395612
0.0029563221065951784
0.001421104547181732
0.001548624702207272
0.001131868343051766
GEN 164 time 1616916880
0.002666090116770952
0.0017514928819395612
0.0029563221065951784
0.001421104547181732
0.001548624702207272
0.001131868343051766
GEN 165 time 1616916883
0.002666090116770952
0.0017514928819395612
0.0029563221065951784
0.001421104547181732
0.001548624702207272
0.001131868343051766
GEN 166 time 1616916885
0.002666090116770952
0.0017514928819395612
0.0029563221065951784
0.001421104547181732
0.001548624702207272
0.001131868343051766
GEN 167 time 1616916888
0.002666090116770952
0.0017514928819395612
0.0029563221065951784
0.001421104547181732
0.001548624702207272
0.001131868343051766
GEN 168 time 1616916891
0.002666090116770952
0.0017514928819395612
0.0029563221065951784
0.001421104547181732
0.001548624702207272
0.001131868343051766
GEN 169 time 1616916894
0.002666090116770952
0.0017514928819395612
0.0029563221065951784
0.001421104547181732
0.001548624702207272
0.001131868343051766
GEN 170 time 1616916897
0.002666090116770952
0.0017514928819395612
0.0029563221065951784
0.001421104547181732
0.001548624702207272
0.001131868343051766
GEN 171 time 1616916900
0.002666090116770952
0.0017514928819395612
0.0029563221065951784
0.001421104547181732
0.001548624702207272
0.001131868343051766
GEN 172 time 1616916902
0.002666090116770952
0.0017514928819395612
0.0029563221065951784
0.001421104547181732
0.001548624702207272
0.001131868343051766
GEN 173 time 1616916905
0.002666090116770952
0.0017514928819395612
0.0029563221065951784
0.001421104547181732
0.001548624702207272
0.001131868343051766
GEN 174 time 1616916908
0.002666090116770952
0.0017514928819395612
0.0029563221065951784
0.001421104547181732
0.001548624702207272
0.001131868343051766
GEN 175 time 1616916911
0.002666090116770952
0.0017514928819395612
0.0029563221065951784
0.001421104547181732
0.001548624702207272
0.001131868343051766
GEN 176 time 1616916914
0.002666090116770952
0.0017514928819395612
0.0029563221065951784
0.001421104547181732
0.001548624702207272
0.001131868343051766
GEN 177 time 1616916916
0.002666090116770952
0.0017514928819395612
0.0029563221065951784
0.001421104547181732
0.001548624702207272
0.001131868343051766
GEN 178 time 1616916919
0.002666090116770952
0.0017514928819395612
0.0029563221065951784
0.001421104547181732
0.001548624702207272
0.001131868343051766
GEN 179 time 1616916922
0.002666090116770952
0.0017514928819395612
0.0029563221065951784
0.001421104547181732
0.001548624702207272
0.001131868343051766
GEN 180 time 1616916925
0.002666090116770952
0.0017514928819395612
0.0029563221065951784
0.001421104547181732
0.001548624702207272
0.001131868343051766
GEN 181 time 1616916928
0.002666090116770952
0.0017514928819395612
0.0029563221065951784
0.001421104547181732
0.001548624702207272
0.001131868343051766
GEN 182 time 1616916931
0.002666090116770952
0.0017514928819395612
0.0029563221065951784
0.001421104547181732
0.001548624702207272
0.001131868343051766
GEN 183 time 1616916933
0.002666090116770952
0.0017514928819395612
0.0029563221065951784
0.001421104547181732
0.001548624702207272
0.001131868343051766
GEN 184 time 1616916936
0.002666090116770952
0.0017514928819395612
0.0029563221065951784
0.001421104547181732
0.001548624702207272
0.001131868343051766
GEN 185 time 1616916939
0.002666090116770952
0.0017514928819395612
0.0029563221065951784
0.001421104547181732
0.001548624702207272
0.001131868343051766
GEN 186 time 1616916942
0.002666090116770952
0.0017514928819395612
0.0029563221065951784
0.001421104547181732
0.001548624702207272
0.001131868343051766
GEN 187 time 1616916945
0.002666090116770952
0.0017514928819395612
0.0029563221065951784
0.001421104547181732
0.001548624702207272
0.001131868343051766
GEN 188 time 1616916947
0.002666090116770952
0.0017514928819395612
0.0029563221065951784
0.001421104547181732
0.001548624702207272
0.001131868343051766
GEN 189 time 1616916950
0.002666090116770952
0.0017514928819395612
0.0029563221065951784
0.001421104547181732
0.001548624702207272
0.001131868343051766
GEN 190 time 1616916953
0.002666090116770952
0.0017514928819395612
0.0029563221065951784
0.001421104547181732
0.001548624702207272
0.001131868343051766
GEN 191 time 1616916956
0.002666090116770952
0.0017514928819395612
0.0029563221065951784
0.001419361271032849
0.001548624702207272
0.001131868343051766
GEN 192 time 1616916959
0.002666090116770952
0.0017514928819395612
0.0029563221065951784
0.001419361271032849
0.001548624702207272
0.001131868343051766
GEN 193 time 1616916961
0.002666090116770952
0.0017514928819395612
0.0029563221065951784
0.001419361271032849
0.001548624702207272
0.001131868343051766
GEN 194 time 1616916964
0.002666090116770952
0.0017514928819395612
0.0029563221065951784
0.001419361271032849
0.0014356258011447615
0.001131868343051766
GEN 195 time 1616916967
0.002666090116770952
0.0017514928819395612
0.0029563221065951784
0.001419361271032849
0.0014356258011447615
0.001131868343051766
GEN 196 time 1616916970
0.002666090116770952
0.0017514928819395612
0.0029563221065951784
0.001419361271032849
0.0014356258011447615
0.001131868343051766
GEN 197 time 1616916973
0.002666090116770952
0.0017514928819395612
0.0029563221065951784
0.001419361271032849
0.0014356258011447615
0.001131868343051766
GEN 198 time 1616916975
0.002666090116770952
0.0017514928819395612
0.0029563221065951784
0.001419361271032849
0.0014356258011447615
0.001131868343051766
GEN 199 time 1616916978
0.002666090116770952
0.0017514928819395612
0.0029563221065951784
0.001419361271032849
0.0014356258011447615
0.001131868343051766
