['./data/small/layer/uu-dem9_r50_1.json', './data/small/layer/uu-dem5_r50_1.json', './data/small/layer/uu-dem1_r50_1.json', './data/small/hop/uu-dem9_r50_1_0.json', './data/small/hop/uu-dem2_r50_1_0.json', './data/small/hop/uu-dem8_r50_1_0.json']
GEN 0 time 1616884931
0.0020612219055457827
0.0027034571272860383
0.0023900387629157117
0.002055961377080276
0.0021510755861353812
0.002645186317650594
GEN 1 time 1616884934
0.0020612219055457827
0.0027034571272860383
0.0022955828167451815
0.002055961377080276
0.0021510755861353812
0.0023821562411355953
GEN 2 time 1616884937
0.0020612219055457827
0.0027034571272860383
0.0022566054520814453
0.002055961377080276
0.0021510755861353812
0.0023821562411355953
GEN 3 time 1616884940
0.0020612219055457827
0.0027034571272860383
0.0022566054520814453
0.002008311521387072
0.0021510755861353812
0.0023821562411355953
GEN 4 time 1616884942
0.0020612219055457827
0.0027034571272860383
0.0022566054520814453
0.0019979383439213834
0.0021510755861353812
0.0023821562411355953
GEN 5 time 1616884945
0.0019515888578555678
0.0027034571272860383
0.002095562816745181
0.0019979383439213834
0.0021510755861353812
0.0023821562411355953
GEN 6 time 1616884948
0.001853559631485543
0.0027034571272860383
0.002095562816745181
0.001964254513493688
0.0021510755861353812
0.0023821562411355953
GEN 7 time 1616884951
0.001853559631485543
0.0027034571272860383
0.002095562816745181
0.001932230891707969
0.0021510755861353812
0.0023821562411355953
GEN 8 time 1616884953
0.001853559631485543
0.0027034571272860383
0.002095562816745181
0.001932230891707969
0.0021510755861353812
0.0023821562411355953
GEN 9 time 1616884956
0.001853559631485543
0.0027034571272860383
0.002095562816745181
0.0019285838906662883
0.0021510755861353812
0.0023821562411355953
GEN 10 time 1616884959
0.001751568857855568
0.0027034571272860383
0.002032750218620627
0.0015694195989377768
0.0021510755861353812
0.0023821562411355953
GEN 11 time 1616884962
0.001751568857855568
0.0027034571272860383
0.002032750218620627
0.0015694195989377768
0.0020366495456194565
0.0023821562411355953
GEN 12 time 1616884964
0.001751568857855568
0.0027034571272860383
0.002032750218620627
0.0015694195989377768
0.0020366495456194565
0.0023821562411355953
GEN 13 time 1616884967
0.001751568857855568
0.0027034571272860383
0.002032750218620627
0.0015694195989377768
0.0020366495456194565
0.002256758935292401
GEN 14 time 1616884970
0.0017514928819395612
0.0027034571272860383
0.001844088759504834
0.0015694195989377768
0.001993445064688193
0.002256758935292401
GEN 15 time 1616884973
0.0017514928819395612
0.0027034571272860383
0.001844088759504834
0.0015694195989377768
0.001993445064688193
0.0022068669803146923
GEN 16 time 1616884975
0.0017514928819395612
0.0027034571272860383
0.001844088759504834
0.0015694195989377768
0.001993445064688193
0.0022068669803146923
GEN 17 time 1616884978
0.0017514928819395612
0.0027034571272860383
0.0018296895191808609
0.0015694195989377768
0.001993445064688193
0.0022068669803146923
GEN 18 time 1616884981
0.0017514928819395612
0.0027034571272860383
0.0017967688307879495
0.0015694195989377768
0.001993445064688193
0.0021162913000489776
GEN 19 time 1616884984
0.0017514928819395612
0.0027034571272860383
0.0017661292896930202
0.0015694195989377768
0.0018727277685118711
0.0021162913000489776
GEN 20 time 1616884986
0.0017514928819395612
0.0027034571272860383
0.0017661292896930202
0.0015694195989377768
0.0018727277685118711
0.0021162913000489776
GEN 21 time 1616884989
0.0017514928819395612
0.0027034571272860383
0.0017661292896930202
0.0015694195989377768
0.0018727277685118711
0.0021162913000489776
GEN 22 time 1616884992
0.0017514928819395612
0.0027034571272860383
0.0017661292896930202
0.0015694195989377768
0.0018727277685118711
0.0021162913000489776
GEN 23 time 1616884995
0.0017514928819395612
0.0027034571272860383
0.0017661292896930202
0.0015694195989377768
0.0018727277685118711
0.0021162913000489776
GEN 24 time 1616884997
0.0017514928819395612
0.0027034571272860383
0.0017661292896930202
0.0015694195989377768
0.0018727277685118711
0.0021162913000489776
GEN 25 time 1616885000
0.0017514928819395612
0.0027034571272860383
0.0017661292896930202
0.0015694195989377768
0.0018727277685118711
0.0021162913000489776
GEN 26 time 1616885003
0.0017514928819395612
0.0027034571272860383
0.0017661292896930202
0.0015694195989377768
0.0018727277685118711
0.002083829624719667
GEN 27 time 1616885006
0.0017514928819395612
0.0027034571272860383
0.0017661292896930202
0.0015694195989377768
0.0018727277685118711
0.002083829624719667
GEN 28 time 1616885009
0.0017514928819395612
0.0027034571272860383
0.0017661292896930202
0.0015642145134936879
0.001839101266453115
0.002083829624719667
GEN 29 time 1616885011
0.0017514928819395612
0.0027034571272860383
0.0017661292896930202
0.0015642145134936879
0.001839101266453115
0.002083829624719667
GEN 30 time 1616885014
0.0017514928819395612
0.0027034571272860383
0.0017661292896930202
0.0015642145134936879
0.0016797679732168873
0.002083829624719667
GEN 31 time 1616885017
0.0017514928819395612
0.0027034571272860383
0.0017661292896930202
0.0015642145134936879
0.0016797679732168873
0.002083829624719667
GEN 32 time 1616885019
0.0017514928819395612
0.0027034571272860383
0.0017661292896930202
0.0015642145134936879
0.0016797679732168873
0.002083829624719667
GEN 33 time 1616885022
0.0017514928819395612
0.0027034571272860383
0.0017661292896930202
0.0013975031610175563
0.0016797679732168873
0.002083829624719667
GEN 34 time 1616885025
0.0017514928819395612
0.0027034571272860383
0.0017661292896930202
0.0013975031610175563
0.0016797679732168873
0.002083829624719667
GEN 35 time 1616885028
0.0017514928819395612
0.0027034571272860383
0.0017661292896930202
0.0013975031610175563
0.0016797679732168873
0.002083829624719667
GEN 36 time 1616885031
0.0017514928819395612
0.0027034571272860383
0.0017661292896930202
0.0013975031610175563
0.0016797679732168873
0.002083829624719667
GEN 37 time 1616885033
0.0017514928819395612
0.0027034571272860383
0.0017661292896930202
0.0013975031610175563
0.0016797679732168873
0.001925810634119385
GEN 38 time 1616885036
0.0017514928819395612
0.0027034571272860383
0.0017661292896930202
0.0013975031610175563
0.0016797679732168873
0.001925810634119385
GEN 39 time 1616885039
0.0017514928819395612
0.0027034571272860383
0.0017661292896930202
0.0013975031610175563
0.0016797679732168873
0.001925810634119385
GEN 40 time 1616885042
0.0017514928819395612
0.0027034571272860383
0.0017661292896930202
0.0013975031610175563
0.0016797679732168873
0.001925810634119385
GEN 41 time 1616885044
0.0017514928819395612
0.0027034571272860383
0.0017661292896930202
0.0013182412057426399
0.001672707768511871
0.001925810634119385
GEN 42 time 1616885047
0.0017514928819395612
0.0027034571272860383
0.0017661292896930202
0.0013182412057426399
0.001672707768511871
0.001925810634119385
GEN 43 time 1616885050
0.0017514928819395612
0.0027034571272860383
0.0017661292896930202
0.0013182412057426399
0.001672707768511871
0.001925810634119385
GEN 44 time 1616885053
0.0017514928819395612
0.0027034571272860383
0.0017661292896930202
0.0013182412057426399
0.001672707768511871
0.001925810634119385
GEN 45 time 1616885055
0.0017514928819395612
0.0027034571272860383
0.0017661292896930202
0.0013182412057426399
0.001672707768511871
0.001925810634119385
GEN 46 time 1616885058
0.0017514928819395612
0.0027034571272860383
0.0017661292896930202
0.0013182412057426399
0.001672707768511871
0.001925810634119385
GEN 47 time 1616885061
0.0017514928819395612
0.0027034571272860383
0.0017661292896930202
0.0013182412057426399
0.001672707768511871
0.001925810634119385
GEN 48 time 1616885064
0.0017514928819395612
0.0027034571272860383
0.0017661292896930202
0.0013182412057426399
0.001611031585213165
0.001925810634119385
GEN 49 time 1616885066
0.0017514928819395612
0.0027034571272860383
0.0017661292896930202
0.0013182412057426399
0.001611031585213165
0.001925810634119385
GEN 50 time 1616885069
0.0017514928819395612
0.0027034571272860383
0.0017661292896930202
0.0013182412057426399
0.0015642047800373863
0.001925810634119385
GEN 51 time 1616885072
0.0017514928819395612
0.0027034571272860383
0.0017661292896930202
0.0013182412057426399
0.0015397702458177847
0.001925810634119385
GEN 52 time 1616885074
0.0017514928819395612
0.0027034571272860383
0.0017661292896930202
0.0013182412057426399
0.0014726877685118712
0.001925810634119385
GEN 53 time 1616885077
0.0017514928819395612
0.0027034571272860383
0.0017661292896930202
0.0013182412057426399
0.0014726877685118712
0.0019238189476507035
GEN 54 time 1616885080
0.0017514928819395612
0.0027034571272860383
0.0017661292896930202
0.0013182412057426399
0.0014726877685118712
0.0019238189476507035
GEN 55 time 1616885082
0.0017514928819395612
0.0027034571272860383
0.0017661292896930202
0.0013182412057426399
0.0014726877685118712
0.0018838096247196672
GEN 56 time 1616885085
0.0017514928819395612
0.0027034571272860383
0.0017661292896930202
0.0013182412057426399
0.0014726877685118712
0.0018838096247196672
GEN 57 time 1616885088
0.0017514928819395612
0.0027034571272860383
0.0017661292896930202
0.0012232047358872666
0.0014726877685118712
0.0018838096247196672
GEN 58 time 1616885091
0.0017514928819395612
0.0027034571272860383
0.0017661292896930202
0.0012232047358872666
0.0014726877685118712
0.0018838096247196672
GEN 59 time 1616885093
0.0017514928819395612
0.0027034571272860383
0.0017661292896930202
0.0012232047358872666
0.0014726877685118712
0.0018838096247196672
GEN 60 time 1616885096
0.0017514928819395612
0.0027034571272860383
0.0017661292896930202
0.0012232047358872666
0.0014726877685118712
0.0018838096247196672
GEN 61 time 1616885099
0.0017514928819395612
0.0027034571272860383
0.0017661292896930202
0.0012232047358872666
0.0014632286155300909
0.0018838096247196672
GEN 62 time 1616885102
0.0017514928819395612
0.0027034571272860383
0.0017661292896930202
0.0012232047358872666
0.0014632286155300909
0.0018838096247196672
GEN 63 time 1616885105
0.0017514928819395612
0.0027034571272860383
0.0017661292896930202
0.0012232047358872666
0.0014632286155300909
0.0018838096247196672
GEN 64 time 1616885107
0.0017514928819395612
0.0027034571272860383
0.0017661292896930202
0.0012232047358872666
0.0014632286155300909
0.0018838096247196672
GEN 65 time 1616885110
0.0017514928819395612
0.0027034571272860383
0.0017661292896930202
0.0012232047358872666
0.0014632286155300909
0.0018838096247196672
GEN 66 time 1616885113
0.0017514928819395612
0.0027034571272860383
0.0017661292896930202
0.0012232047358872666
0.0014632286155300909
0.0018838096247196672
GEN 67 time 1616885116
0.0017514928819395612
0.0027034571272860383
0.0017661292896930202
0.0012232047358872666
0.0014632286155300909
0.0018838096247196672
GEN 68 time 1616885118
0.0017514928819395612
0.0027034571272860383
0.0017661292896930202
0.0012232047358872666
0.0014632286155300909
0.0018838096247196672
GEN 69 time 1616885121
0.0017514928819395612
0.0027034571272860383
0.0017661292896930202
0.0012232047358872666
0.0014632286155300909
0.0018838096247196672
GEN 70 time 1616885124
0.0017514928819395612
0.0027034571272860383
0.0017661292896930202
0.0012232047358872666
0.001417517611641445
0.0018535933949313068
GEN 71 time 1616885126
0.0017514928819395612
0.0027034571272860383
0.0017661292896930202
0.0012232047358872666
0.001417517611641445
0.0018535933949313068
GEN 72 time 1616885129
0.0017514928819395612
0.0027034571272860383
0.0017661292896930202
0.0012232047358872666
0.001417517611641445
0.0018535933949313068
GEN 73 time 1616885132
0.0017514928819395612
0.0027034571272860383
0.0017661292896930202
0.0012232047358872666
0.001417517611641445
0.0018535933949313068
GEN 74 time 1616885135
0.0017514928819395612
0.0027034571272860383
0.0017661292896930202
0.0012232047358872666
0.001417517611641445
0.0018535933949313068
GEN 75 time 1616885138
0.0017514928819395612
0.0027034571272860383
0.0017661292896930202
0.0012232047358872666
0.001417517611641445
0.0018535933949313068
GEN 76 time 1616885140
0.0017514928819395612
0.0027034571272860383
0.0017661292896930202
0.0012232047358872666
0.001417517611641445
0.0018535933949313068
GEN 77 time 1616885143
0.0017514928819395612
0.0027034571272860383
0.0017661292896930202
0.0012232047358872666
0.001417517611641445
0.0018535933949313068
GEN 78 time 1616885146
0.0017514928819395612
0.0027034571272860383
0.0017661292896930202
0.0012232047358872666
0.001417517611641445
0.0018535933949313068
GEN 79 time 1616885148
0.0017514928819395612
0.0027034571272860383
0.0017661292896930202
0.0012232047358872666
0.001417517611641445
0.0018535933949313068
GEN 80 time 1616885151
0.0017514928819395612
0.0027034571272860383
0.0017661292896930202
0.0012232047358872666
0.001417517611641445
0.0018535933949313068
GEN 81 time 1616885154
0.0017514928819395612
0.0027034571272860383
0.0017661292896930202
0.0012232047358872666
0.001417517611641445
0.0018535933949313068
GEN 82 time 1616885156
0.0017514928819395612
0.0027034571272860383
0.0017661292896930202
0.0012232047358872666
0.001417517611641445
0.0018535933949313068
GEN 83 time 1616885159
0.0017514928819395612
0.0027034571272860383
0.0017661292896930202
0.0012232047358872666
0.001417517611641445
0.0017237989476507033
GEN 84 time 1616885162
0.0017514928819395612
0.0027034571272860383
0.0017661292896930202
0.0012232047358872666
0.001417517611641445
0.0017237989476507033
GEN 85 time 1616885165
0.0017514928819395612
0.0027034571272860383
0.0017661292896930202
0.0012232047358872666
0.001417517611641445
0.0017237989476507033
GEN 86 time 1616885167
0.0017514928819395612
0.0027034571272860383
0.0017661292896930202
0.0012232047358872666
0.001417517611641445
0.0017237989476507033
GEN 87 time 1616885170
0.0017514928819395612
0.0027034571272860383
0.0017661292896930202
0.0012232047358872666
0.001417517611641445
0.0017237989476507033
GEN 88 time 1616885173
0.0017514928819395612
0.0027034571272860383
0.0017661292896930202
0.0012232047358872666
0.001417517611641445
0.0017237989476507033
GEN 89 time 1616885176
0.0017514928819395612
0.0027034571272860383
0.0017661292896930202
0.0012232047358872666
0.001417517611641445
0.0017237989476507033
GEN 90 time 1616885178
0.0017514928819395612
0.0027034571272860383
0.0017661292896930202
0.0012232047358872666
0.001417517611641445
0.0017237989476507033
GEN 91 time 1616885181
0.0017514928819395612
0.0027034571272860383
0.0017661292896930202
0.0012232047358872666
0.001417517611641445
0.0017237989476507033
GEN 92 time 1616885184
0.0017514928819395612
0.0027034571272860383
0.0017661292896930202
0.0012232047358872666
0.001417517611641445
0.0017237989476507033
GEN 93 time 1616885187
0.0017514928819395612
0.0027034571272860383
0.0017661292896930202
0.0012232047358872666
0.001417517611641445
0.0017237989476507033
GEN 94 time 1616885189
0.0017514928819395612
0.0027034571272860383
0.0017661292896930202
0.0012232047358872666
0.001417517611641445
0.0017237989476507033
GEN 95 time 1616885192
0.0017514928819395612
0.0027034571272860383
0.0017661292896930202
0.0012232047358872666
0.001417517611641445
0.0017237989476507033
GEN 96 time 1616885195
0.0017514928819395612
0.0027034571272860383
0.0017661292896930202
0.0012232047358872666
0.001417517611641445
0.0017237989476507033
GEN 97 time 1616885198
0.0017514928819395612
0.0027034571272860383
0.0017661292896930202
0.0012232047358872666
0.001417517611641445
0.0017237989476507033
GEN 98 time 1616885200
0.0017514928819395612
0.0027034571272860383
0.0017661292896930202
0.0012232047358872666
0.001417517611641445
0.0017237989476507033
GEN 99 time 1616885203
0.0017514928819395612
0.0027034571272860383
0.0017661292896930202
0.0012232047358872666
0.001417517611641445
0.0017237989476507033
GEN 100 time 1616885206
0.0017514928819395612
0.0027034571272860383
0.0017661292896930202
0.0012232047358872666
0.001417517611641445
0.0017237989476507033
GEN 101 time 1616885209
0.0017514928819395612
0.0027034571272860383
0.0017661292896930202
0.0012232047358872666
0.001417517611641445
0.0017237989476507033
GEN 102 time 1616885211
0.0017514928819395612
0.0027034571272860383
0.0017661292896930202
0.0012232047358872666
0.001417517611641445
0.0017237989476507033
GEN 103 time 1616885214
0.0017514928819395612
0.0027034571272860383
0.0017661292896930202
0.0012232047358872666
0.001417517611641445
0.0017237989476507033
GEN 104 time 1616885217
0.0017514928819395612
0.0027034571272860383
0.0017661292896930202
0.0012232047358872666
0.001417517611641445
0.0017237989476507033
GEN 105 time 1616885220
0.0017514928819395612
0.0027034571272860383
0.0017661292896930202
0.0012232047358872666
0.001417517611641445
0.0017237989476507033
GEN 106 time 1616885222
0.0017514928819395612
0.0027034571272860383
0.0017661292896930202
0.0012232047358872666
0.001417517611641445
0.0017237989476507033
GEN 107 time 1616885225
0.0017514928819395612
0.0027034571272860383
0.0017661292896930202
0.0012232047358872666
0.001417517611641445
0.0017237989476507033
GEN 108 time 1616885228
0.0017514928819395612
0.0027034571272860383
0.0017661292896930202
0.0012232047358872666
0.001417517611641445
0.0017237989476507033
GEN 109 time 1616885231
0.0017514928819395612
0.0027034571272860383
0.0017661292896930202
0.0012232047358872666
0.001417517611641445
0.0017237989476507033
GEN 110 time 1616885233
0.0017514928819395612
0.0027034571272860383
0.0017661292896930202
0.0012232047358872666
0.001417517611641445
0.0017237989476507033
GEN 111 time 1616885236
0.0017514928819395612
0.0027034571272860383
0.0017661292896930202
0.0012232047358872666
0.001417517611641445
0.0017237989476507033
GEN 112 time 1616885239
0.0017514928819395612
0.0027034571272860383
0.0017661292896930202
0.0012232047358872666
0.001417517611641445
0.0017237989476507033
GEN 113 time 1616885242
0.0017514928819395612
0.0027034571272860383
0.0017661292896930202
0.0012232047358872666
0.001417517611641445
0.0017237989476507033
GEN 114 time 1616885245
0.0017514928819395612
0.0027034571272860383
0.0017661292896930202
0.0012232047358872666
0.001417517611641445
0.0017237989476507033
GEN 115 time 1616885247
0.0017514928819395612
0.0027034571272860383
0.0017661292896930202
0.0012232047358872666
0.001417517611641445
0.0017237989476507033
GEN 116 time 1616885250
0.0017514928819395612
0.0027034571272860383
0.0017661292896930202
0.0012232047358872666
0.001417517611641445
0.0017237989476507033
GEN 117 time 1616885253
0.0017514928819395612
0.0027034571272860383
0.0017661292896930202
0.0012232047358872666
0.001417517611641445
0.0017237989476507033
GEN 118 time 1616885256
0.0017514928819395612
0.0027034571272860383
0.0017661292896930202
0.0012232047358872666
0.001417517611641445
0.0017237989476507033
GEN 119 time 1616885258
0.0017514928819395612
0.0027034571272860383
0.0017661292896930202
0.0012232047358872666
0.001417517611641445
0.0017237989476507033
GEN 120 time 1616885261
0.0017514928819395612
0.0027034571272860383
0.0017661292896930202
0.0012232047358872666
0.001417517611641445
0.0017237989476507033
GEN 121 time 1616885264
0.0017514928819395612
0.0027034571272860383
0.0017661292896930202
0.0012232047358872666
0.001417517611641445
0.0017237989476507033
GEN 122 time 1616885266
0.0017514928819395612
0.0027034571272860383
0.0017661292896930202
0.0012232047358872666
0.001417517611641445
0.0017237989476507033
GEN 123 time 1616885269
0.0017514928819395612
0.0027034571272860383
0.0017661292896930202
0.0012232047358872666
0.001417517611641445
0.0017237989476507033
GEN 124 time 1616885272
0.0017514928819395612
0.0027034571272860383
0.0017661292896930202
0.0012232047358872666
0.001417517611641445
0.0017237989476507033
GEN 125 time 1616885275
0.0017514928819395612
0.0027034571272860383
0.0017661292896930202
0.0012232047358872666
0.001417517611641445
0.0017237989476507033
GEN 126 time 1616885278
0.0017514928819395612
0.0027034571272860383
0.0017661292896930202
0.0012232047358872666
0.001417517611641445
0.0017237989476507033
GEN 127 time 1616885280
0.0017514928819395612
0.0027034571272860383
0.0017661292896930202
0.0012232047358872666
0.001417517611641445
0.0017237989476507033
GEN 128 time 1616885283
0.0017514928819395612
0.0027034571272860383
0.0017661292896930202
0.0012232047358872666
0.001417517611641445
0.0017237989476507033
GEN 129 time 1616885286
0.0017514928819395612
0.0027034571272860383
0.0017661292896930202
0.0012232047358872666
0.001417517611641445
0.0017237989476507033
GEN 130 time 1616885288
0.0017514928819395612
0.0027034571272860383
0.0017661292896930202
0.0012232047358872666
0.001417517611641445
0.0017237989476507033
GEN 131 time 1616885291
0.0017514928819395612
0.0027034571272860383
0.0017661292896930202
0.0012232047358872666
0.001417517611641445
0.0017237989476507033
GEN 132 time 1616885294
0.0017514928819395612
0.0027034571272860383
0.0017661292896930202
0.0012232047358872666
0.001417517611641445
0.0017237989476507033
GEN 133 time 1616885296
0.0017514928819395612
0.0027034571272860383
0.0017661292896930202
0.0012232047358872666
0.001417517611641445
0.0017237989476507033
GEN 134 time 1616885299
0.0017514928819395612
0.0027034571272860383
0.0017661292896930202
0.0012232047358872666
0.001417517611641445
0.0017237989476507033
GEN 135 time 1616885302
0.0017514928819395612
0.0027034571272860383
0.0017661292896930202
0.0012232047358872666
0.001417517611641445
0.0017237989476507033
GEN 136 time 1616885305
0.0017514928819395612
0.0027034571272860383
0.0017661292896930202
0.0012232047358872666
0.001417517611641445
0.0017237989476507033
GEN 137 time 1616885308
0.0017514928819395612
0.0027034571272860383
0.0017661292896930202
0.0012232047358872666
0.001417517611641445
0.0017237989476507033
GEN 138 time 1616885310
0.0017514928819395612
0.0027034571272860383
0.0017661292896930202
0.0012232047358872666
0.001417517611641445
0.0017237989476507033
GEN 139 time 1616885313
0.0017514928819395612
0.0027034571272860383
0.0017661292896930202
0.0012232047358872666
0.001417517611641445
0.0017237989476507033
GEN 140 time 1616885316
0.0017514928819395612
0.0027034571272860383
0.0017661292896930202
0.0012232047358872666
0.001417517611641445
0.0017237989476507033
GEN 141 time 1616885319
0.0017514928819395612
0.0027034571272860383
0.0017661292896930202
0.0012232047358872666
0.001417517611641445
0.0017237989476507033
GEN 142 time 1616885321
0.0017514928819395612
0.0027034571272860383
0.0017661292896930202
0.0012232047358872666
0.001417517611641445
0.0017237989476507033
GEN 143 time 1616885324
0.0017514928819395612
0.0027034571272860383
0.0017661292896930202
0.0012232047358872666
0.001417517611641445
0.0017237989476507033
GEN 144 time 1616885327
0.0017514928819395612
0.0027034571272860383
0.0017661292896930202
0.0012232047358872666
0.001417517611641445
0.0017237989476507033
GEN 145 time 1616885329
0.0017514928819395612
0.0027034571272860383
0.0017661292896930202
0.0012232047358872666
0.001417517611641445
0.0017237989476507033
GEN 146 time 1616885332
0.0017514928819395612
0.0027034571272860383
0.0017661292896930202
0.0012232047358872666
0.001417517611641445
0.0017237989476507033
GEN 147 time 1616885335
0.0017514928819395612
0.0027034571272860383
0.0017661292896930202
0.0012232047358872666
0.001417517611641445
0.0017237989476507033
GEN 148 time 1616885338
0.0017514928819395612
0.0027034571272860383
0.0017661292896930202
0.0012232047358872666
0.001417517611641445
0.0017237989476507033
GEN 149 time 1616885341
0.0017514928819395612
0.0027034571272860383
0.0017661292896930202
0.0012232047358872666
0.001417517611641445
0.0017237989476507033
GEN 150 time 1616885343
0.0017514928819395612
0.0027034571272860383
0.0017661292896930202
0.0012232047358872666
0.001417517611641445
0.0017237989476507033
GEN 151 time 1616885346
0.0017514928819395612
0.0027034571272860383
0.0017661292896930202
0.0012232047358872666
0.001417517611641445
0.0017237989476507033
GEN 152 time 1616885349
0.0017514928819395612
0.0027034571272860383
0.0017661292896930202
0.0012232047358872666
0.001417517611641445
0.0017237989476507033
GEN 153 time 1616885352
0.0017514928819395612
0.0027034571272860383
0.0017661292896930202
0.0012232047358872666
0.001417517611641445
0.0017237989476507033
GEN 154 time 1616885354
0.0017514928819395612
0.0027034571272860383
0.0017661292896930202
0.0012232047358872666
0.001417517611641445
0.0017237989476507033
GEN 155 time 1616885357
0.0017514928819395612
0.0027034571272860383
0.0017661292896930202
0.0012232047358872666
0.001417517611641445
0.0017237989476507033
GEN 156 time 1616885360
0.0017514928819395612
0.0027034571272860383
0.0017661292896930202
0.0012232047358872666
0.001417517611641445
0.0017237989476507033
GEN 157 time 1616885363
0.0017514928819395612
0.0027034571272860383
0.0017661292896930202
0.0012232047358872666
0.001417517611641445
0.0017237989476507033
GEN 158 time 1616885365
0.0017514928819395612
0.0027034571272860383
0.0017661292896930202
0.0012232047358872666
0.001417517611641445
0.0017237989476507033
GEN 159 time 1616885368
0.0017514928819395612
0.0027034571272860383
0.0017661292896930202
0.0012232047358872666
0.001417517611641445
0.0017237989476507033
GEN 160 time 1616885371
0.0017514928819395612
0.0027034571272860383
0.0017661292896930202
0.0012232047358872666
0.001417517611641445
0.0017237989476507033
GEN 161 time 1616885373
0.0017514928819395612
0.0027034571272860383
0.0017661292896930202
0.0012232047358872666
0.001417517611641445
0.0017237989476507033
GEN 162 time 1616885376
0.0017514928819395612
0.0027034571272860383
0.0017661292896930202
0.0012232047358872666
0.001417517611641445
0.0017237989476507033
GEN 163 time 1616885379
0.0017514928819395612
0.0027034571272860383
0.0017661292896930202
0.0012232047358872666
0.001417517611641445
0.0017237989476507033
GEN 164 time 1616885381
0.0017514928819395612
0.0027034571272860383
0.0017661292896930202
0.0012232047358872666
0.001417517611641445
0.0017237989476507033
GEN 165 time 1616885384
0.0017514928819395612
0.0027034571272860383
0.0017661292896930202
0.0012232047358872666
0.001417517611641445
0.0017237989476507033
GEN 166 time 1616885387
0.0017514928819395612
0.0027034571272860383
0.0017661292896930202
0.0012232047358872666
0.001417517611641445
0.0017237989476507033
GEN 167 time 1616885390
0.0017514928819395612
0.0027034571272860383
0.0017661292896930202
0.0012232047358872666
0.001417517611641445
0.0017237989476507033
GEN 168 time 1616885393
0.0017514928819395612
0.0027034571272860383
0.0017661292896930202
0.0012232047358872666
0.001417517611641445
0.0017237989476507033
GEN 169 time 1616885396
0.0017514928819395612
0.0027034571272860383
0.0017661292896930202
0.0012232047358872666
0.001417517611641445
0.0017237989476507033
GEN 170 time 1616885398
0.0017514928819395612
0.0027034571272860383
0.0017661292896930202
0.0012232047358872666
0.001417517611641445
0.0017237989476507033
GEN 171 time 1616885401
0.0017514928819395612
0.0027034571272860383
0.0017661292896930202
0.0012232047358872666
0.001417517611641445
0.0017237989476507033
GEN 172 time 1616885404
0.0017514928819395612
0.0027034571272860383
0.0017661292896930202
0.0012232047358872666
0.001417517611641445
0.0017237989476507033
GEN 173 time 1616885406
0.0017514928819395612
0.0027034571272860383
0.0017661292896930202
0.0012232047358872666
0.001417517611641445
0.0017237989476507033
GEN 174 time 1616885409
0.0017514928819395612
0.0027034571272860383
0.0017661292896930202
0.0012232047358872666
0.001417517611641445
0.0017237989476507033
GEN 175 time 1616885412
0.0017514928819395612
0.0027034571272860383
0.0017661292896930202
0.0012232047358872666
0.001417517611641445
0.0017237989476507033
GEN 176 time 1616885415
0.0017514928819395612
0.0027034571272860383
0.0017661292896930202
0.0012232047358872666
0.001417517611641445
0.0017237989476507033
GEN 177 time 1616885418
0.0017514928819395612
0.0027034571272860383
0.0017661292896930202
0.0012232047358872666
0.001417517611641445
0.0017237989476507033
GEN 178 time 1616885420
0.0017514928819395612
0.0027034571272860383
0.0017661292896930202
0.0012232047358872666
0.001417517611641445
0.0017237989476507033
GEN 179 time 1616885423
0.0017514928819395612
0.0027034571272860383
0.0017661292896930202
0.0012232047358872666
0.001417517611641445
0.0017237989476507033
GEN 180 time 1616885426
0.0017514928819395612
0.0027034571272860383
0.0017661292896930202
0.0012232047358872666
0.001296397801941713
0.0017237989476507033
GEN 181 time 1616885429
0.0017514928819395612
0.0027034571272860383
0.0017661292896930202
0.0012232047358872666
0.001296397801941713
0.0017237989476507033
GEN 182 time 1616885431
0.0017514928819395612
0.0027034571272860383
0.0017661292896930202
0.0012232047358872666
0.001296397801941713
0.0017237989476507033
GEN 183 time 1616885434
0.0017514928819395612
0.0027034571272860383
0.0017661292896930202
0.0012232047358872666
0.001296397801941713
0.0017237989476507033
GEN 184 time 1616885437
0.0017514928819395612
0.0027034571272860383
0.0017661292896930202
0.0012232047358872666
0.001296397801941713
0.0017237989476507033
GEN 185 time 1616885440
0.0017514928819395612
0.0027034571272860383
0.0017661292896930202
0.0012232047358872666
0.001296397801941713
0.0017237989476507033
GEN 186 time 1616885442
0.0017514928819395612
0.0027034571272860383
0.0017661292896930202
0.0012232047358872666
0.001296397801941713
0.0017237989476507033
GEN 187 time 1616885445
0.0017514928819395612
0.0027034571272860383
0.0017661292896930202
0.0012232047358872666
0.001296397801941713
0.0017237989476507033
GEN 188 time 1616885448
0.0017514928819395612
0.0027034571272860383
0.0017661292896930202
0.0012232047358872666
0.001296397801941713
0.0017237989476507033
GEN 189 time 1616885451
0.0017514928819395612
0.0027034571272860383
0.0017661292896930202
0.0012232047358872666
0.001296397801941713
0.0017237989476507033
GEN 190 time 1616885454
0.0017514928819395612
0.0027034571272860383
0.0017661292896930202
0.0012232047358872666
0.001296397801941713
0.0017237989476507033
GEN 191 time 1616885456
0.0017514928819395612
0.0027034571272860383
0.0017661292896930202
0.0012232047358872666
0.001296397801941713
0.0017237989476507033
GEN 192 time 1616885459
0.0017514928819395612
0.0027034571272860383
0.0017661292896930202
0.0012232047358872666
0.001296397801941713
0.0017237989476507033
GEN 193 time 1616885462
0.0017514928819395612
0.0027034571272860383
0.0017661292896930202
0.0012232047358872666
0.001296397801941713
0.0017237989476507033
GEN 194 time 1616885464
0.0017514928819395612
0.0027034571272860383
0.0017661292896930202
0.0012232047358872666
0.001296397801941713
0.0017237989476507033
GEN 195 time 1616885467
0.0017514928819395612
0.0027034571272860383
0.0017661292896930202
0.0012232047358872666
0.001296397801941713
0.0017237989476507033
GEN 196 time 1616885470
0.0017514928819395612
0.0027034571272860383
0.0017661292896930202
0.0012232047358872666
0.001296397801941713
0.0017237989476507033
GEN 197 time 1616885472
0.0017514928819395612
0.0027034571272860383
0.0017661292896930202
0.0012232047358872666
0.001296397801941713
0.0017237989476507033
GEN 198 time 1616885475
0.0017514928819395612
0.0027034571272860383
0.0017661292896930202
0.0012232047358872666
0.001296397801941713
0.0017237989476507033
GEN 199 time 1616885478
0.0017514928819395612
0.0027034571272860383
0.0017661292896930202
0.0012232047358872666
0.001296397801941713
0.0017237989476507033
