['./data/small/layer/uu-dem9_r25_1.json', './data/small/layer/uu-dem6_r25_1.json', './data/small/layer/uu-dem7_r25_1.json', './data/small/hop/uu-dem9_r25_1_0.json', './data/small/hop/uu-dem6_r25_1_0.json', './data/small/hop/uu-dem2_r25_1_0.json']
GEN 0 time 1616934216
0.0018266509095459789
0.001596963160098174
0.0023368348238357903
0.001849300029851679
0.0012615574975452198
0.0010639754424002943
GEN 1 time 1616934218
0.0018266509095459789
0.001596963160098174
0.0023368348238357903
0.001849300029851679
0.0012615574975452198
0.0010639754424002943
GEN 2 time 1616934220
0.0018266509095459789
0.001596963160098174
0.0023368348238357903
0.0016411621028457582
0.0012615574975452198
0.0010639754424002943
GEN 3 time 1616934222
0.0018266509095459789
0.001596963160098174
0.0023368348238357903
0.0014949141323754192
0.0012615574975452198
0.0010639754424002943
GEN 4 time 1616934224
0.0018266509095459789
0.001596963160098174
0.0023368348238357903
0.0014949141323754192
0.0012615574975452198
0.0010639754424002943
GEN 5 time 1616934226
0.0018266509095459789
0.001596963160098174
0.0023368348238357903
0.0014949141323754192
0.0012615574975452198
0.0010639754424002943
GEN 6 time 1616934228
0.0018266509095459789
0.001596963160098174
0.0023368348238357903
0.0014949141323754192
0.0012342316781811934
0.0010639754424002943
GEN 7 time 1616934230
0.0018266509095459789
0.001596963160098174
0.0023368348238357903
0.0014949141323754192
0.0010814079718372643
0.0010639754424002943
GEN 8 time 1616934231
0.0018266509095459789
0.001596963160098174
0.0023368348238357903
0.0014949141323754192
0.0010814079718372643
0.0010639754424002943
GEN 9 time 1616934233
0.0018266509095459789
0.001596963160098174
0.0023368348238357903
0.0014949141323754192
0.0010814079718372643
0.0010578726135277194
GEN 10 time 1616934235
0.0018266509095459789
0.001596963160098174
0.0023368348238357903
0.0014949141323754192
0.0010814079718372643
0.0010578726135277194
GEN 11 time 1616934237
0.0018266509095459789
0.001596963160098174
0.0023368348238357903
0.0014407765558828926
0.0010814079718372643
0.0010524885971238834
GEN 12 time 1616934239
0.0018266509095459789
0.001596963160098174
0.0023368348238357903
0.0014407765558828926
0.0010814079718372643
0.0010524885971238834
GEN 13 time 1616934241
0.0018266509095459789
0.001596963160098174
0.0023368348238357903
0.001437787537618457
0.0010814079718372643
0.0010524885971238834
GEN 14 time 1616934243
0.0018266509095459789
0.001596963160098174
0.0023368348238357903
0.001437787537618457
0.0010814079718372643
0.0010524885971238834
GEN 15 time 1616934245
0.0018266509095459789
0.001596963160098174
0.0023368348238357903
0.0012758397282004409
0.0010723792607564354
0.0010524885971238834
GEN 16 time 1616934247
0.0018266509095459789
0.001596963160098174
0.0023368348238357903
0.0012758397282004409
0.0010723792607564354
0.0010524885971238834
GEN 17 time 1616934249
0.0018266509095459789
0.001596963160098174
0.0023368348238357903
0.0012758397282004409
0.0010723792607564354
0.0010160686281873324
GEN 18 time 1616934251
0.0018266509095459789
0.001596963160098174
0.0023368348238357903
0.0012758397282004409
0.0010300899967157276
0.0010159165096714751
GEN 19 time 1616934253
0.0018266509095459789
0.001596963160098174
0.0023368348238357903
0.0012758397282004409
0.0010300899967157276
0.001011159072528193
GEN 20 time 1616934255
0.0018266509095459789
0.001596963160098174
0.0023368348238357903
0.0012758397282004409
0.0010300899967157276
0.0010065816330853768
GEN 21 time 1616934257
0.0018266509095459789
0.001596963160098174
0.0023368348238357903
0.0012758397282004409
0.0010300899967157276
0.0010065816330853768
GEN 22 time 1616934259
0.0018266509095459789
0.001596963160098174
0.0023368348238357903
0.0012758397282004409
0.0010300899967157276
0.0009525350202249685
GEN 23 time 1616934261
0.0018266509095459789
0.001596963160098174
0.0023368348238357903
0.0012758397282004409
0.0010300899967157276
0.0009525350202249685
GEN 24 time 1616934263
0.0018266509095459789
0.001596963160098174
0.0023368348238357903
0.0012758397282004409
0.0010300899967157276
0.0009525350202249685
GEN 25 time 1616934265
0.0018266509095459789
0.001596963160098174
0.0023368348238357903
0.0012758397282004409
0.0010300899967157276
0.0009525350202249685
GEN 26 time 1616934267
0.0018266509095459789
0.001596963160098174
0.0023368348238357903
0.0012758397282004409
0.0010300899967157276
0.0009525350202249685
GEN 27 time 1616934269
0.0018266509095459789
0.001596963160098174
0.0023368348238357903
0.0012758397282004409
0.0010300899967157276
0.0009525350202249685
GEN 28 time 1616934271
0.0018266509095459789
0.001596963160098174
0.0023368348238357903
0.0012677207202806894
0.0010300899967157276
0.0009525350202249685
GEN 29 time 1616934273
0.0018266509095459789
0.001596963160098174
0.0023368348238357903
0.0012677207202806894
0.0010300899967157276
0.0009525350202249685
GEN 30 time 1616934275
0.0018266509095459789
0.001596963160098174
0.0023368348238357903
0.0012677207202806894
0.0010300899967157276
0.0009525350202249685
GEN 31 time 1616934277
0.0018266509095459789
0.001596963160098174
0.0023368348238357903
0.0012677207202806894
0.0010300899967157276
0.0009525350202249685
GEN 32 time 1616934279
0.0018266509095459789
0.001596963160098174
0.0023368348238357903
0.0012677207202806894
0.0010300899967157276
0.0009525350202249685
GEN 33 time 1616934281
0.0018266509095459789
0.001596963160098174
0.0023368348238357903
0.0012677207202806894
0.0010269619559864663
0.0009525350202249685
GEN 34 time 1616934283
0.0018266509095459789
0.001596963160098174
0.0023368348238357903
0.0012677207202806894
0.001013686079600876
0.0008659003417872303
GEN 35 time 1616934285
0.0018266509095459789
0.001596963160098174
0.0023368348238357903
0.0012677207202806894
0.001013686079600876
0.0008659003417872303
GEN 36 time 1616934287
0.0018266509095459789
0.001596963160098174
0.0023368348238357903
0.0012677207202806894
0.001013686079600876
0.0008659003417872303
GEN 37 time 1616934289
0.0018266509095459789
0.001596963160098174
0.0023368348238357903
0.0012677207202806894
0.001013686079600876
0.0008659003417872303
GEN 38 time 1616934291
0.0018266509095459789
0.001596963160098174
0.0023368348238357903
0.0012677207202806894
0.001013686079600876
0.0008659003417872303
GEN 39 time 1616934293
0.0018266509095459789
0.001596963160098174
0.0023368348238357903
0.0012677207202806894
0.001013686079600876
0.0008659003417872303
GEN 40 time 1616934295
0.0018266509095459789
0.001596963160098174
0.0023368348238357903
0.0012677207202806894
0.001013686079600876
0.0008305489929018424
GEN 41 time 1616934297
0.0018266509095459789
0.001596963160098174
0.0023368348238357903
0.0012677207202806894
0.001013686079600876
0.0008305489929018424
GEN 42 time 1616934299
0.0018266509095459789
0.001596963160098174
0.0023368348238357903
0.0012677207202806894
0.001013686079600876
0.0008305489929018424
GEN 43 time 1616934301
0.0018266509095459789
0.001596963160098174
0.0023368348238357903
0.0012677207202806894
0.001013686079600876
0.0008305489929018424
GEN 44 time 1616934303
0.0018266509095459789
0.001596963160098174
0.0023368348238357903
0.0012677207202806894
0.001013686079600876
0.0008305489929018424
GEN 45 time 1616934305
0.0018266509095459789
0.001596963160098174
0.0023368348238357903
0.0012677207202806894
0.001013686079600876
0.0008305489929018424
GEN 46 time 1616934307
0.0018266509095459789
0.001596963160098174
0.0023368348238357903
0.0012677207202806894
0.001013686079600876
0.0008305489929018424
GEN 47 time 1616934309
0.0018266509095459789
0.001596963160098174
0.0023368348238357903
0.0012677207202806894
0.001013686079600876
0.0008305489929018424
GEN 48 time 1616934311
0.0018266509095459789
0.001596963160098174
0.0023368348238357903
0.0012677207202806894
0.001013686079600876
0.0008305489929018424
GEN 49 time 1616934313
0.0018266509095459789
0.001596963160098174
0.0023368348238357903
0.0012677207202806894
0.0010136490159761006
0.0008305489929018424
GEN 50 time 1616934315
0.0018266509095459789
0.001596963160098174
0.0023368348238357903
0.0012677207202806894
0.0010136490159761006
0.0008305489929018424
GEN 51 time 1616934317
0.0018266509095459789
0.001596963160098174
0.0023368348238357903
0.0012677207202806894
0.0010136490159761006
0.0008305489929018424
GEN 52 time 1616934319
0.0018266509095459789
0.001596963160098174
0.0023368348238357903
0.0012677207202806894
0.0010136490159761006
0.0008305489929018424
GEN 53 time 1616934321
0.0018266509095459789
0.001596963160098174
0.0023368348238357903
0.0012677207202806894
0.0010136490159761006
0.0008305489929018424
GEN 54 time 1616934323
0.0018266509095459789
0.001596963160098174
0.0023368348238357903
0.0012367887756887862
0.0010136490159761006
0.0008305489929018424
GEN 55 time 1616934325
0.0018266509095459789
0.001596963160098174
0.0023368348238357903
0.0012367887756887862
0.0010136490159761006
0.0008262916472566576
GEN 56 time 1616934327
0.0018266509095459789
0.001596963160098174
0.0023368348238357903
0.0012367887756887862
0.0010136490159761006
0.0008262916472566576
GEN 57 time 1616934329
0.0018266509095459789
0.001596963160098174
0.0023368348238357903
0.0012367887756887862
0.0010136490159761006
0.0008244969210444944
GEN 58 time 1616934331
0.0018266509095459789
0.001596963160098174
0.0023368348238357903
0.0012367887756887862
0.0010136490159761006
0.0008244969210444944
GEN 59 time 1616934333
0.0018266509095459789
0.001596963160098174
0.0023368348238357903
0.0012367887756887862
0.0010136490159761006
0.0008244969210444944
GEN 60 time 1616934334
0.0018266509095459789
0.001596963160098174
0.0023368348238357903
0.0012367887756887862
0.0010136490159761006
0.0008244969210444944
GEN 61 time 1616934336
0.0018266509095459789
0.001596963160098174
0.0023368348238357903
0.0012367887756887862
0.0010136490159761006
0.0008244969210444944
GEN 62 time 1616934338
0.0018266509095459789
0.001596963160098174
0.0023368348238357903
0.0012367887756887862
0.0010136490159761006
0.0008244969210444944
GEN 63 time 1616934340
0.0018266509095459789
0.001596963160098174
0.0023368348238357903
0.0012367887756887862
0.0010136490159761006
0.0008244969210444944
GEN 64 time 1616934343
0.0018266509095459789
0.001596963160098174
0.0023368348238357903
0.0012367887756887862
0.0010136490159761006
0.0008244969210444944
GEN 65 time 1616934345
0.0018266509095459789
0.001596963160098174
0.0023368348238357903
0.0012367887756887862
0.0010136490159761006
0.0008244969210444944
GEN 66 time 1616934347
0.0018266509095459789
0.001596963160098174
0.0023368348238357903
0.0012367887756887862
0.0010136490159761006
0.0008244969210444944
GEN 67 time 1616934349
0.0018266509095459789
0.001596963160098174
0.0023368348238357903
0.0012116960127685468
0.0010136490159761006
0.0008244969210444944
GEN 68 time 1616934351
0.0018266509095459789
0.001596963160098174
0.0023368348238357903
0.0012116960127685468
0.0010136490159761006
0.0008244969210444944
GEN 69 time 1616934353
0.0018266509095459789
0.001596963160098174
0.0023368348238357903
0.0012116960127685468
0.0010136490159761006
0.0008244969210444944
GEN 70 time 1616934355
0.0018266509095459789
0.001596963160098174
0.0023368348238357903
0.0012116960127685468
0.0010136490159761006
0.0008244969210444944
GEN 71 time 1616934357
0.0018266509095459789
0.001596963160098174
0.0023368348238357903
0.0012116960127685468
0.0010136490159761006
0.0008244969210444944
GEN 72 time 1616934358
0.0018266509095459789
0.001596963160098174
0.0023368348238357903
0.0012116960127685468
0.0010136490159761006
0.0008244969210444944
GEN 73 time 1616934361
0.0018266509095459789
0.001596963160098174
0.0023368348238357903
0.0012116960127685468
0.0010136490159761006
0.0008244969210444944
GEN 74 time 1616934363
0.0018266509095459789
0.001596963160098174
0.0023368348238357903
0.0012116960127685468
0.0010136490159761006
0.0008244969210444944
GEN 75 time 1616934365
0.0018266509095459789
0.001596963160098174
0.0023368348238357903
0.0012116960127685468
0.0010136490159761006
0.0008244969210444944
GEN 76 time 1616934366
0.0018266509095459789
0.001596963160098174
0.0023368348238357903
0.0012116960127685468
0.0010136490159761006
0.0008244969210444944
GEN 77 time 1616934368
0.0018266509095459789
0.001596963160098174
0.0023368348238357903
0.0012116960127685468
0.0010136490159761006
0.0008244969210444944
GEN 78 time 1616934371
0.0018266509095459789
0.001596963160098174
0.0023368348238357903
0.0012116960127685468
0.0010136490159761006
0.0008244969210444944
GEN 79 time 1616934372
0.0018266509095459789
0.001596963160098174
0.0023368348238357903
0.0012116960127685468
0.0010136490159761006
0.0008244969210444944
GEN 80 time 1616934374
0.0018266509095459789
0.001596963160098174
0.0023368348238357903
0.0012116960127685468
0.0010136490159761006
0.0008244969210444944
GEN 81 time 1616934376
0.0018266509095459789
0.001596963160098174
0.0023368348238357903
0.0012116960127685468
0.0010136490159761006
0.0008244969210444944
GEN 82 time 1616934379
0.0018266509095459789
0.001596963160098174
0.0023368348238357903
0.0012116960127685468
0.0010136490159761006
0.0008244969210444944
GEN 83 time 1616934380
0.0018266509095459789
0.001596963160098174
0.0023368348238357903
0.0012116960127685468
0.0010136490159761006
0.0008244969210444944
GEN 84 time 1616934382
0.0018266509095459789
0.001596963160098174
0.0023368348238357903
0.0012116960127685468
0.0010136490159761006
0.0008244969210444944
GEN 85 time 1616934384
0.0018266509095459789
0.001596963160098174
0.0023368348238357903
0.0012116960127685468
0.0010136490159761006
0.0008244969210444944
GEN 86 time 1616934387
0.0018266509095459789
0.001596963160098174
0.0023368348238357903
0.0012116960127685468
0.0010136490159761006
0.0008241819603918343
GEN 87 time 1616934388
0.0018266509095459789
0.001596963160098174
0.0023368348238357903
0.0012116960127685468
0.0010136490159761006
0.0008241819603918343
GEN 88 time 1616934390
0.0018266509095459789
0.001596963160098174
0.0023368348238357903
0.0012116960127685468
0.0010041914082316076
0.0008241819603918343
GEN 89 time 1616934392
0.0018266509095459789
0.001596963160098174
0.0023368348238357903
0.0012116960127685468
0.0010041914082316076
0.0008241819603918343
GEN 90 time 1616934394
0.0018266509095459789
0.001596963160098174
0.0023368348238357903
0.0012116960127685468
0.0010041914082316076
0.0008241819603918343
GEN 91 time 1616934396
0.0018266509095459789
0.001596963160098174
0.0023368348238357903
0.0012116960127685468
0.0010041914082316076
0.0008241819603918343
GEN 92 time 1616934398
0.0018266509095459789
0.001596963160098174
0.0023368348238357903
0.0012116960127685468
0.0010041914082316076
0.0008241819603918343
GEN 93 time 1616934400
0.0018266509095459789
0.001596963160098174
0.0023368348238357903
0.0012116960127685468
0.0010041914082316076
0.0008241819603918343
GEN 94 time 1616934402
0.0018266509095459789
0.001596963160098174
0.0023368348238357903
0.0012116960127685468
0.0010041914082316076
0.0008241819603918343
GEN 95 time 1616934404
0.0018266509095459789
0.001596963160098174
0.0023368348238357903
0.0012116960127685468
0.0010041914082316076
0.0008241819603918343
GEN 96 time 1616934406
0.0018266509095459789
0.001596963160098174
0.0023368348238357903
0.0012116960127685468
0.0010041914082316076
0.0008241819603918343
GEN 97 time 1616934408
0.0018266509095459789
0.001596963160098174
0.0023368348238357903
0.0012116960127685468
0.0010041914082316076
0.0008241819603918343
GEN 98 time 1616934410
0.0018266509095459789
0.001596963160098174
0.0023368348238357903
0.0012116960127685468
0.0010041914082316076
0.0008241819603918343
GEN 99 time 1616934412
0.0018266509095459789
0.001596963160098174
0.0023368348238357903
0.0012033153777601551
0.0010041914082316076
0.0008241819603918343
GEN 100 time 1616934414
0.0018266509095459789
0.001596963160098174
0.0023368348238357903
0.0012033153777601551
0.0010041914082316076
0.0008241819603918343
GEN 101 time 1616934416
0.0018266509095459789
0.001596963160098174
0.0023368348238357903
0.0012033153777601551
0.0010041914082316076
0.0008241819603918343
GEN 102 time 1616934418
0.0018266509095459789
0.001596963160098174
0.0023368348238357903
0.0012033153777601551
0.0010041914082316076
0.0008241819603918343
GEN 103 time 1616934420
0.0018266509095459789
0.001596963160098174
0.0023368348238357903
0.0012033153777601551
0.0010041914082316076
0.0008241819603918343
GEN 104 time 1616934422
0.0018266509095459789
0.001596963160098174
0.0023368348238357903
0.0012033153777601551
0.0010041914082316076
0.0008241819603918343
GEN 105 time 1616934424
0.0018266509095459789
0.001596963160098174
0.0023368348238357903
0.0012033153777601551
0.0010041914082316076
0.0008241819603918343
GEN 106 time 1616934426
0.0018266509095459789
0.001596963160098174
0.0023368348238357903
0.0012033153777601551
0.0010041914082316076
0.0008241819603918343
GEN 107 time 1616934428
0.0018266509095459789
0.001596963160098174
0.0023368348238357903
0.001075819728200441
0.0010041914082316076
0.0008241819603918343
GEN 108 time 1616934430
0.0018266509095459789
0.001596963160098174
0.0023368348238357903
0.001075819728200441
0.0010041914082316076
0.0008241819603918343
GEN 109 time 1616934432
0.0018266509095459789
0.001596963160098174
0.0023368348238357903
0.001075819728200441
0.0010041914082316076
0.0008158965096714751
GEN 110 time 1616934434
0.0018266509095459789
0.001596963160098174
0.0023368348238357903
0.001075819728200441
0.0010041914082316076
0.0008158965096714751
GEN 111 time 1616934436
0.0018266509095459789
0.001596963160098174
0.0023368348238357903
0.001075819728200441
0.0010041914082316076
0.0008158965096714751
GEN 112 time 1616934438
0.0018266509095459789
0.001596963160098174
0.0023368348238357903
0.001075819728200441
0.0010041914082316076
0.0008158965096714751
GEN 113 time 1616934440
0.0018266509095459789
0.001596963160098174
0.0023368348238357903
0.001075819728200441
0.0010041914082316076
0.0008158965096714751
GEN 114 time 1616934442
0.0018266509095459789
0.001596963160098174
0.0023368348238357903
0.001075819728200441
0.0010041914082316076
0.0008158965096714751
GEN 115 time 1616934444
0.0018266509095459789
0.001596963160098174
0.0023368348238357903
0.001075819728200441
0.0010041914082316076
0.0008158965096714751
GEN 116 time 1616934446
0.0018266509095459789
0.001596963160098174
0.0023368348238357903
0.001075819728200441
0.0010041914082316076
0.0008158965096714751
GEN 117 time 1616934448
0.0018266509095459789
0.001596963160098174
0.0023368348238357903
0.001075819728200441
0.0010041914082316076
0.0008158965096714751
GEN 118 time 1616934450
0.0018266509095459789
0.001596963160098174
0.0023368348238357903
0.001075819728200441
0.0010041914082316076
0.0008158965096714751
GEN 119 time 1616934452
0.0018266509095459789
0.001596963160098174
0.0023368348238357903
0.001075819728200441
0.0010041914082316076
0.0008158965096714751
GEN 120 time 1616934454
0.0018266509095459789
0.001596963160098174
0.0023368348238357903
0.001075819728200441
0.0010041914082316076
0.0008158965096714751
GEN 121 time 1616934456
0.0018266509095459789
0.001596963160098174
0.0023368348238357903
0.001075819728200441
0.0009009802279880705
0.0008158965096714751
GEN 122 time 1616934458
0.0018266509095459789
0.001596963160098174
0.0023368348238357903
0.001075819728200441
0.0009009802279880705
0.0008158965096714751
GEN 123 time 1616934460
0.0018266509095459789
0.001596963160098174
0.0023368348238357903
0.001075819728200441
0.0009009802279880705
0.0008141349329293874
GEN 124 time 1616934462
0.0018266509095459789
0.001596963160098174
0.0023368348238357903
0.001075819728200441
0.0009009802279880705
0.0008111390725281931
GEN 125 time 1616934464
0.0018266509095459789
0.001596963160098174
0.0023368348238357903
0.001075819728200441
0.0009009802279880705
0.0008111390725281931
GEN 126 time 1616934466
0.0018266509095459789
0.001596963160098174
0.0023368348238357903
0.001075819728200441
0.0009009802279880705
0.0008111390725281931
GEN 127 time 1616934468
0.0018266509095459789
0.001596963160098174
0.0023368348238357903
0.001075819728200441
0.0009009802279880705
0.0008111390725281931
GEN 128 time 1616934470
0.0018266509095459789
0.001596963160098174
0.0023368348238357903
0.001075819728200441
0.0009009802279880705
0.0008111390725281931
GEN 129 time 1616934472
0.0018266509095459789
0.001596963160098174
0.0023368348238357903
0.001075819728200441
0.0009009802279880705
0.0008111390725281931
GEN 130 time 1616934474
0.0018266509095459789
0.001596963160098174
0.0023368348238357903
0.001075819728200441
0.0009009802279880705
0.0008111390725281931
GEN 131 time 1616934476
0.0018266509095459789
0.001596963160098174
0.0023368348238357903
0.001075819728200441
0.0009009802279880705
0.0008111390725281931
GEN 132 time 1616934478
0.0018266509095459789
0.001596963160098174
0.0023368348238357903
0.001075819728200441
0.0009009802279880705
0.0008111390725281931
GEN 133 time 1616934480
0.0018266509095459789
0.001596963160098174
0.0023368348238357903
0.001075819728200441
0.0009009802279880705
0.0008111390725281931
GEN 134 time 1616934482
0.0018266509095459789
0.001596963160098174
0.0023368348238357903
0.001075819728200441
0.0009009802279880705
0.0008111390725281931
GEN 135 time 1616934484
0.0018266509095459789
0.001596963160098174
0.0023368348238357903
0.001075819728200441
0.0009009802279880705
0.0008111390725281931
GEN 136 time 1616934486
0.0018266509095459789
0.001596963160098174
0.0023368348238357903
0.001075819728200441
0.0009009802279880705
0.0008111390725281931
GEN 137 time 1616934488
0.0018266509095459789
0.001596963160098174
0.0023368348238357903
0.001075819728200441
0.0009009802279880705
0.0008111390725281931
GEN 138 time 1616934490
0.0018266509095459789
0.001596963160098174
0.0023368348238357903
0.001075819728200441
0.0009009802279880705
0.0008111390725281931
GEN 139 time 1616934492
0.0018266509095459789
0.001596963160098174
0.0023368348238357903
0.001075819728200441
0.0009009802279880705
0.0008111390725281931
GEN 140 time 1616934494
0.0018266509095459789
0.001596963160098174
0.0023368348238357903
0.001075819728200441
0.0009009802279880705
0.0008111390725281931
GEN 141 time 1616934496
0.0018266509095459789
0.001596963160098174
0.0023368348238357903
0.001075819728200441
0.0009009802279880705
0.0008090002987440911
GEN 142 time 1616934498
0.0018266509095459789
0.001596963160098174
0.0023368348238357903
0.001075819728200441
0.0009009802279880705
0.0008090002987440911
GEN 143 time 1616934500
0.0018266509095459789
0.001596963160098174
0.0023368348238357903
0.001075819728200441
0.0009009802279880705
0.0008090002987440911
GEN 144 time 1616934502
0.0018266509095459789
0.001596963160098174
0.0023368348238357903
0.001075819728200441
0.0009009802279880705
0.0008090002987440911
GEN 145 time 1616934504
0.0018266509095459789
0.001596963160098174
0.0023368348238357903
0.001075819728200441
0.0009009802279880705
0.0008090002987440911
GEN 146 time 1616934506
0.0018266509095459789
0.001596963160098174
0.0023368348238357903
0.001075819728200441
0.0009009802279880705
0.0008090002987440911
GEN 147 time 1616934508
0.0018266509095459789
0.001596963160098174
0.0023368348238357903
0.001075819728200441
0.0009009802279880705
0.0008090002987440911
GEN 148 time 1616934510
0.0018266509095459789
0.001596963160098174
0.0023368348238357903
0.001075819728200441
0.0009009802279880705
0.0008090002987440911
GEN 149 time 1616934512
0.0018266509095459789
0.001596963160098174
0.0023368348238357903
0.001075819728200441
0.0009009802279880705
0.0008090002987440911
GEN 150 time 1616934514
0.0018266509095459789
0.001596963160098174
0.0023368348238357903
0.001075819728200441
0.0009009802279880705
0.0008090002987440911
GEN 151 time 1616934516
0.0018266509095459789
0.001596963160098174
0.0023368348238357903
0.001075819728200441
0.0009009802279880705
0.0008090002987440911
GEN 152 time 1616934518
0.0018266509095459789
0.001596963160098174
0.0023368348238357903
0.001075819728200441
0.0009009802279880705
0.0008090002987440911
GEN 153 time 1616934520
0.0018266509095459789
0.001596963160098174
0.0023368348238357903
0.001075819728200441
0.0009009802279880705
0.0008090002987440911
GEN 154 time 1616934521
0.0018266509095459789
0.001596963160098174
0.0023368348238357903
0.001075819728200441
0.0009009802279880705
0.0008090002987440911
GEN 155 time 1616934523
0.0018266509095459789
0.001596963160098174
0.0023368348238357903
0.001075819728200441
0.0009009802279880705
0.0008090002987440911
GEN 156 time 1616934525
0.0018266509095459789
0.001596963160098174
0.0023368348238357903
0.001075819728200441
0.0009009802279880705
0.0008090002987440911
GEN 157 time 1616934527
0.0018266509095459789
0.001596963160098174
0.0023368348238357903
0.001075819728200441
0.0009009802279880705
0.0008090002987440911
GEN 158 time 1616934529
0.0018266509095459789
0.001596963160098174
0.0023368348238357903
0.001075819728200441
0.0009009802279880705
0.0008090002987440911
GEN 159 time 1616934532
0.0018266509095459789
0.001596963160098174
0.0023368348238357903
0.001075819728200441
0.0009009802279880705
0.0008090002987440911
GEN 160 time 1616934534
0.0018266509095459789
0.001596963160098174
0.0023368348238357903
0.001075819728200441
0.0009009802279880705
0.0008090002987440911
GEN 161 time 1616934536
0.0018266509095459789
0.001596963160098174
0.0023368348238357903
0.001075819728200441
0.0009009802279880705
0.0008090002987440911
GEN 162 time 1616934538
0.0018266509095459789
0.001596963160098174
0.0023368348238357903
0.001075819728200441
0.0009009802279880705
0.0008090002987440911
GEN 163 time 1616934540
0.0018266509095459789
0.001596963160098174
0.0023368348238357903
0.001075819728200441
0.0009009802279880705
0.0008090002987440911
GEN 164 time 1616934542
0.0018266509095459789
0.001596963160098174
0.0023368348238357903
0.001075819728200441
0.0009009802279880705
0.0008090002987440911
GEN 165 time 1616934544
0.0018266509095459789
0.001596963160098174
0.0023368348238357903
0.001075819728200441
0.0009009802279880705
0.0008090002987440911
GEN 166 time 1616934546
0.0018266509095459789
0.001596963160098174
0.0023368348238357903
0.001075819728200441
0.0009009802279880705
0.0008090002987440911
GEN 167 time 1616934548
0.0018266509095459789
0.001596963160098174
0.0023368348238357903
0.001075819728200441
0.0009009802279880705
0.0008090002987440911
GEN 168 time 1616934550
0.0018266509095459789
0.001596963160098174
0.0023368348238357903
0.001075819728200441
0.0009009802279880705
0.0008090002987440911
GEN 169 time 1616934552
0.0018266509095459789
0.001596963160098174
0.0023368348238357903
0.001075819728200441
0.0009009802279880705
0.0008090002987440911
GEN 170 time 1616934553
0.0018266509095459789
0.001596963160098174
0.0023368348238357903
0.001075819728200441
0.0009009802279880705
0.0008090002987440911
GEN 171 time 1616934555
0.0018266509095459789
0.001596963160098174
0.0023368348238357903
0.001075819728200441
0.0009009802279880705
0.0008090002987440911
GEN 172 time 1616934558
0.0018266509095459789
0.001596963160098174
0.0023368348238357903
0.001075819728200441
0.0009009802279880705
0.0008090002987440911
GEN 173 time 1616934560
0.0018266509095459789
0.001596963160098174
0.0023368348238357903
0.001075819728200441
0.0009009802279880705
0.0008090002987440911
GEN 174 time 1616934561
0.0018266509095459789
0.001596963160098174
0.0023368348238357903
0.001075819728200441
0.0009009802279880705
0.0008090002987440911
GEN 175 time 1616934563
0.0018266509095459789
0.001596963160098174
0.0023368348238357903
0.001075819728200441
0.0009009802279880705
0.0008090002987440911
GEN 176 time 1616934565
0.0018266509095459789
0.001596963160098174
0.0023368348238357903
0.001075819728200441
0.0009009802279880705
0.0008090002987440911
GEN 177 time 1616934567
0.0018266509095459789
0.001596963160098174
0.0023368348238357903
0.001075819728200441
0.0009009802279880705
0.0008090002987440911
GEN 178 time 1616934569
0.0018266509095459789
0.001596963160098174
0.0023368348238357903
0.001075819728200441
0.0009009802279880705
0.0008090002987440911
GEN 179 time 1616934571
0.0018266509095459789
0.001596963160098174
0.0023368348238357903
0.001075819728200441
0.0009009802279880705
0.0008090002987440911
GEN 180 time 1616934573
0.0018266509095459789
0.001596963160098174
0.0023368348238357903
0.001075819728200441
0.0009009802279880705
0.0008090002987440911
GEN 181 time 1616934575
0.0018266509095459789
0.001596963160098174
0.0023368348238357903
0.001075819728200441
0.0009009802279880705
0.0008090002987440911
GEN 182 time 1616934577
0.0018266509095459789
0.001596963160098174
0.0023368348238357903
0.001075819728200441
0.0009009802279880705
0.0008090002987440911
GEN 183 time 1616934579
0.0018266509095459789
0.001596963160098174
0.0023368348238357903
0.001075819728200441
0.0009009802279880705
0.0008090002987440911
GEN 184 time 1616934581
0.0018266509095459789
0.001596963160098174
0.0023368348238357903
0.001075819728200441
0.0009009802279880705
0.0008090002987440911
GEN 185 time 1616934583
0.0018266509095459789
0.001596963160098174
0.0023368348238357903
0.001075819728200441
0.0009009802279880705
0.0008090002987440911
GEN 186 time 1616934585
0.0018266509095459789
0.001596963160098174
0.0023368348238357903
0.001075819728200441
0.0009009802279880705
0.0008090002987440911
GEN 187 time 1616934587
0.0018266509095459789
0.001596963160098174
0.0023368348238357903
0.001075819728200441
0.0009009802279880705
0.0008090002987440911
GEN 188 time 1616934589
0.0018266509095459789
0.001596963160098174
0.0023368348238357903
0.001075819728200441
0.0009009802279880705
0.0008090002987440911
GEN 189 time 1616934591
0.0018266509095459789
0.001596963160098174
0.0023368348238357903
0.001075819728200441
0.0009009802279880705
0.0008090002987440911
GEN 190 time 1616934593
0.0018266509095459789
0.001596963160098174
0.0023368348238357903
0.001075819728200441
0.0009009802279880705
0.0008090002987440911
GEN 191 time 1616934595
0.0018266509095459789
0.001596963160098174
0.0023368348238357903
0.001075819728200441
0.0009009802279880705
0.0008090002987440911
GEN 192 time 1616934597
0.0018266509095459789
0.001596963160098174
0.0023368348238357903
0.001075819728200441
0.0009009802279880705
0.0008090002987440911
GEN 193 time 1616934599
0.0018266509095459789
0.001596963160098174
0.0023368348238357903
0.001075819728200441
0.0009009802279880705
0.0008090002987440911
GEN 194 time 1616934601
0.0018266509095459789
0.001596963160098174
0.0023368348238357903
0.001075819728200441
0.0009009802279880705
0.0008090002987440911
GEN 195 time 1616934603
0.0018266509095459789
0.001596963160098174
0.0023368348238357903
0.001075819728200441
0.0009009802279880705
0.0008090002987440911
GEN 196 time 1616934605
0.0018266509095459789
0.001596963160098174
0.0023368348238357903
0.001075819728200441
0.0009009802279880705
0.0008090002987440911
GEN 197 time 1616934607
0.0018266509095459789
0.001596963160098174
0.0023368348238357903
0.001075819728200441
0.0009009802279880705
0.0008090002987440911
GEN 198 time 1616934609
0.0018266509095459789
0.001596963160098174
0.0023368348238357903
0.001075819728200441
0.0009009802279880705
0.0008090002987440911
GEN 199 time 1616934611
0.0018266509095459789
0.001596963160098174
0.0023368348238357903
0.001075819728200441
0.0009009802279880705
0.0008090002987440911
