['./data/small/layer/uu-dem1_r25_1.json', './data/small/hop/uu-dem1_r25_1_0.json', './data/small/hop/uu-dem10_r25_1_0.json', './data/small/hop/uu-dem1_r50_1_0.json']
GEN 0 time 1609753881
0.0016253133020812068
0.0012405112555669215
0.001620062543916058
0.0019267152398020778
GEN 1 time 1609753884
0.0016253133020812068
0.0012405112555669215
0.001620062543916058
0.0019267152398020778
GEN 2 time 1609753886
0.0016253133020812068
0.0012405112555669215
0.001620062543916058
0.0019267152398020778
GEN 3 time 1609753889
0.0015079182472070274
0.0012405112555669215
0.001620062543916058
0.0019267152398020778
GEN 4 time 1609753891
0.0015079182472070274
0.0012345592861783337
0.001617267302740918
0.0019267152398020778
GEN 5 time 1609753893
0.0015079182472070274
0.001217297263909838
0.001617267302740918
0.0019267152398020778
GEN 6 time 1609753896
0.0015079182472070274
0.0012076336117714985
0.0016163428026304827
0.0019267152398020778
GEN 7 time 1609753899
0.0015079182472070274
0.0010938074490607261
0.001616208621988793
0.0019267152398020778
GEN 8 time 1609753901
0.0015079182472070274
0.0010938074490607261
0.0014996967342862807
0.0018174408651876028
GEN 9 time 1609753905
0.0014571191963555909
0.0010938074490607261
0.0014262126972563306
0.0018174408651876028
GEN 10 time 1609753907
0.0014571191963555909
0.0010938074490607261
0.0014262126972563306
0.0018174408651876028
GEN 11 time 1609753910
0.0014571191963555909
0.0010938074490607261
0.0014262126972563306
0.0018174408651876028
GEN 12 time 1609753913
0.0013241549149018502
0.0010938074490607261
0.0014209610872121553
0.0018174408651876028
GEN 13 time 1609753915
0.0013241549149018502
0.0010938074490607261
0.0014209610872121553
0.0018174408651876028
GEN 14 time 1609753917
0.0013241549149018502
0.0010533618696398467
0.0014193062832713764
0.0018174408651876028
GEN 15 time 1609753920
0.0013241549149018502
0.001031918217374651
0.0014193062832713764
0.0018174408651876028
GEN 16 time 1609753922
0.0013241549149018502
0.001031918217374651
0.0014193062832713764
0.0018174408651876028
GEN 17 time 1609753925
0.0013241549149018502
0.001031918217374651
0.001408054468028398
0.0018174408651876028
GEN 18 time 1609753927
0.0013241549149018502
0.001031918217374651
0.001408054468028398
0.0018174408651876028
GEN 19 time 1609753930
0.0013241549149018502
0.001031918217374651
0.001408054468028398
0.0018174408651876028
GEN 20 time 1609753932
0.0013241549149018502
0.001031918217374651
0.001408054468028398
0.0018150580242423534
GEN 21 time 1609753935
0.0013078982472070275
0.001031918217374651
0.001408054468028398
0.0018150580242423534
GEN 22 time 1609753937
0.0013078982472070275
0.001031918217374651
0.001408054468028398
0.0018150580242423534
GEN 23 time 1609753940
0.0013078982472070275
0.001031918217374651
0.001408054468028398
0.0018150580242423534
GEN 24 time 1609753943
0.0013078982472070275
0.001031918217374651
0.001408054468028398
0.0018150580242423534
GEN 25 time 1609753945
0.0013078982472070275
0.001031918217374651
0.001408054468028398
0.0018150580242423534
GEN 26 time 1609753948
0.0013078982472070275
0.001031918217374651
0.001408054468028398
0.0018150580242423534
GEN 27 time 1609753950
0.0013078982472070275
0.0010311198653862978
0.001408054468028398
0.0018150580242423534
GEN 28 time 1609753952
0.0013078982472070275
0.0010128704285741858
0.001408054468028398
0.0018150580242423534
GEN 29 time 1609753955
0.001305213236732858
0.0010128704285741858
0.001408054468028398
0.0018030162642756055
GEN 30 time 1609753957
0.001242004591752547
0.0010128704285741858
0.001408054468028398
0.0018030162642756055
GEN 31 time 1609753960
0.001242004591752547
0.0010128704285741858
0.001408054468028398
0.0017121594572546697
GEN 32 time 1609753963
0.001242004591752547
0.0010128704285741858
0.0014007001084207406
0.0017121594572546697
GEN 33 time 1609753965
0.001242004591752547
0.0010128704285741858
0.0014007001084207406
0.0017121594572546697
GEN 34 time 1609753968
0.001242004591752547
0.0010128704285741858
0.0014007001084207406
0.0017121594572546697
GEN 35 time 1609753970
0.001242004591752547
0.0010128704285741858
0.0014007001084207406
0.0017121594572546697
GEN 36 time 1609753972
0.001242004591752547
0.0010128704285741858
0.0014007001084207406
0.0017121594572546697
GEN 37 time 1609753975
0.001242004591752547
0.0010060533144880016
0.0014007001084207406
0.0017121594572546697
GEN 38 time 1609753978
0.001242004591752547
0.0010060533144880016
0.0014007001084207406
0.0017121594572546697
GEN 39 time 1609753980
0.001242004591752547
0.0010060533144880016
0.0014007001084207406
0.0017121594572546697
GEN 40 time 1609753983
0.001242004591752547
0.0010060533144880016
0.0014007001084207406
0.0017121594572546697
GEN 41 time 1609753986
0.001242004591752547
0.0010060533144880016
0.0014007001084207406
0.0017121594572546697
GEN 42 time 1609753988
0.001242004591752547
0.0010060533144880016
0.0014007001084207406
0.0017121594572546697
GEN 43 time 1609753991
0.001242004591752547
0.0010060533144880016
0.0014007001084207406
0.0017121594572546697
GEN 44 time 1609753994
0.001242004591752547
0.0010060533144880016
0.0014007001084207406
0.0017121594572546697
GEN 45 time 1609753997
0.001242004591752547
0.0010060533144880016
0.0014007001084207406
0.0017121594572546697
GEN 46 time 1609754000
0.001242004591752547
0.0010060533144880016
0.0014007001084207406
0.0017121594572546697
GEN 47 time 1609754003
0.001242004591752547
0.0010060533144880016
0.0014007001084207406
0.0017121594572546697
GEN 48 time 1609754005
0.001242004591752547
0.0010060533144880016
0.0014007001084207406
0.0017121594572546697
GEN 49 time 1609754008
0.001242004591752547
0.0010060533144880016
0.0014007001084207406
0.0016478796848990764
GEN 50 time 1609754011
0.001242004591752547
0.0010060533144880016
0.0014007001084207406
0.0016478796848990764
GEN 51 time 1609754013
0.001242004591752547
0.0010060533144880016
0.0014007001084207406
0.0016478796848990764
GEN 52 time 1609754015
0.001242004591752547
0.0010060533144880016
0.0014007001084207406
0.0016379836581234095
GEN 53 time 1609754018
0.001242004591752547
0.0010060533144880016
0.0014007001084207406
0.0016379836581234095
GEN 54 time 1609754021
0.001242004591752547
0.0010060533144880016
0.0012970054386190128
0.0016379836581234095
GEN 55 time 1609754023
0.001242004591752547
0.0010060533144880016
0.0012970054386190128
0.0016379836581234095
GEN 56 time 1609754026
0.001242004591752547
0.0010060533144880016
0.0012962243786267408
0.0016379836581234095
GEN 57 time 1609754028
0.001242004591752547
0.0010060533144880016
0.0012962243786267408
0.0016379836581234095
GEN 58 time 1609754031
0.001242004591752547
0.0010060533144880016
0.0012767970104576125
0.0016379836581234095
GEN 59 time 1609754033
0.001242004591752547
0.0010060533144880016
0.0012767970104576125
0.0016379836581234095
GEN 60 time 1609754036
0.001242004591752547
0.0010060533144880016
0.0012192862832713762
0.0016379836581234095
GEN 61 time 1609754038
0.001242004591752547
0.0010060533144880016
0.0012161938635300105
0.0016379836581234095
GEN 62 time 1609754041
0.001242004591752547
0.0010060533144880016
0.0012161938635300105
0.0016379836581234095
GEN 63 time 1609754043
0.001242004591752547
0.0010060533144880016
0.0012161938635300105
0.0016379836581234095
GEN 64 time 1609754046
0.001242004591752547
0.0010060533144880016
0.0012161938635300105
0.0016379836581234095
GEN 65 time 1609754048
0.001242004591752547
0.0010060533144880016
0.0012161938635300105
0.0014478596848990764
GEN 66 time 1609754051
0.001242004591752547
0.0010060533144880016
0.0012161938635300105
0.0014478596848990764
GEN 67 time 1609754053
0.001242004591752547
0.0010060533144880016
0.0012161938635300105
0.0014478596848990764
GEN 68 time 1609754056
0.001242004591752547
0.0010060533144880016
0.0012161938635300105
0.0014478596848990764
GEN 69 time 1609754059
0.001242004591752547
0.0010060533144880016
0.0012161938635300105
0.0014478596848990764
GEN 70 time 1609754061
0.001242004591752547
0.0010060533144880016
0.0012161938635300105
0.0014478596848990764
GEN 71 time 1609754064
0.001242004591752547
0.0010060533144880016
0.0012161938635300105
0.0014478596848990764
GEN 72 time 1609754067
0.001242004591752547
0.0010060533144880016
0.0012161938635300105
0.0014478596848990764
GEN 73 time 1609754069
0.001242004591752547
0.0010060533144880016
0.0012161938635300105
0.0014478596848990764
GEN 74 time 1609754072
0.001242004591752547
0.0010060533144880016
0.0012161938635300105
0.0014478596848990764
GEN 75 time 1609754074
0.001242004591752547
0.0010060533144880016
0.0012161938635300105
0.0014478596848990764
GEN 76 time 1609754077
0.001242004591752547
0.0010060533144880016
0.0012161938635300105
0.0014478596848990764
GEN 77 time 1609754079
0.001242004591752547
0.0010060533144880016
0.0012161938635300105
0.0014478596848990764
GEN 78 time 1609754082
0.001242004591752547
0.0010060533144880016
0.0012161938635300105
0.0014478596848990764
GEN 79 time 1609754085
0.001242004591752547
0.0010060533144880016
0.0012161938635300105
0.0014478596848990764
GEN 80 time 1609754087
0.001242004591752547
0.0010060533144880016
0.0012161938635300105
0.0014478596848990764
GEN 81 time 1609754090
0.001242004591752547
0.0010060533144880016
0.0012161938635300105
0.0014478596848990764
GEN 82 time 1609754092
0.001242004591752547
0.0010060533144880016
0.0012161938635300105
0.0014478596848990764
GEN 83 time 1609754095
0.001242004591752547
0.0010060533144880016
0.0012161938635300105
0.0014478596848990764
GEN 84 time 1609754097
0.001242004591752547
0.0010060533144880016
0.0012161938635300105
0.0014478596848990764
GEN 85 time 1609754099
0.001242004591752547
0.0010060533144880016
0.0012161938635300105
0.0014478596848990764
GEN 86 time 1609754102
0.001242004591752547
0.0010060533144880016
0.0012161938635300105
0.0014478596848990764
GEN 87 time 1609754104
0.001242004591752547
0.0010060533144880016
0.0012161938635300105
0.0014478596848990764
GEN 88 time 1609754107
0.001242004591752547
0.0010060533144880016
0.0012161938635300105
0.0014478596848990764
GEN 89 time 1609754110
0.001242004591752547
0.0010060533144880016
0.0012161938635300105
0.0014478596848990764
GEN 90 time 1609754113
0.001242004591752547
0.0010060533144880016
0.0012161938635300105
0.0014478596848990764
GEN 91 time 1609754115
0.0012252733020812069
0.0010060533144880016
0.0012161938635300105
0.0014478596848990764
GEN 92 time 1609754118
0.0012252733020812069
0.0010060533144880016
0.0012161938635300105
0.0014478596848990764
GEN 93 time 1609754121
0.0012252733020812069
0.0010060533144880016
0.0012161938635300105
0.0014478596848990764
GEN 94 time 1609754124
0.0012252733020812069
0.0010060533144880016
0.0012161938635300105
0.0014478596848990764
GEN 95 time 1609754126
0.0012252733020812069
0.0010060533144880016
0.0012161938635300105
0.0014478596848990764
GEN 96 time 1609754129
0.0012252733020812069
0.0010060533144880016
0.0012161938635300105
0.0014478596848990764
GEN 97 time 1609754132
0.0012252733020812069
0.0010060533144880016
0.0012161938635300105
0.0014478596848990764
GEN 98 time 1609754135
0.0012252733020812069
0.0010060533144880016
0.0012161938635300105
0.0014478596848990764
GEN 99 time 1609754138
0.0012252733020812069
0.0010060533144880016
0.0012161938635300105
0.0014478596848990764
GEN 100 time 1609754141
0.0012252733020812069
0.0010060533144880016
0.0012161938635300105
0.0014478596848990764
GEN 101 time 1609754143
0.0012252733020812069
0.0010060533144880016
0.0012161938635300105
0.0014478596848990764
GEN 102 time 1609754146
0.0012252733020812069
0.0010060533144880016
0.0012161938635300105
0.0014478596848990764
GEN 103 time 1609754148
0.0012252733020812069
0.0010060533144880016
0.0012161938635300105
0.0014478596848990764
GEN 104 time 1609754151
0.0012252733020812069
0.0010060533144880016
0.0012161938635300105
0.0014478596848990764
GEN 105 time 1609754154
0.0012252733020812069
0.0010060533144880016
0.0012161938635300105
0.0014478596848990764
GEN 106 time 1609754157
0.0012252733020812069
0.0010060533144880016
0.0012161938635300105
0.0014478596848990764
GEN 107 time 1609754159
0.0012252733020812069
0.0010060533144880016
0.0012161938635300105
0.0014478596848990764
GEN 108 time 1609754162
0.0012252733020812069
0.0010060533144880016
0.0012161938635300105
0.0014478596848990764
GEN 109 time 1609754164
0.0012252733020812069
0.0010060533144880016
0.0012161938635300105
0.0014478596848990764
GEN 110 time 1609754167
0.0012252733020812069
0.0010060533144880016
0.0012161938635300105
0.0014478596848990764
GEN 111 time 1609754169
0.0012252733020812069
0.0010060533144880016
0.0012161938635300105
0.0014478596848990764
GEN 112 time 1609754172
0.0012252733020812069
0.0010060533144880016
0.0012161938635300105
0.0014478596848990764
GEN 113 time 1609754175
0.0012252733020812069
0.0010060533144880016
0.0012161938635300105
0.0014478596848990764
GEN 114 time 1609754177
0.0012252733020812069
0.0010060533144880016
0.0012161938635300105
0.0014478596848990764
GEN 115 time 1609754180
0.0012252733020812069
0.0010060533144880016
0.0012161938635300105
0.0014478596848990764
GEN 116 time 1609754182
0.0012252733020812069
0.0010060533144880016
0.0012161938635300105
0.0014478596848990764
GEN 117 time 1609754185
0.0012252733020812069
0.0010060533144880016
0.0012161938635300105
0.0014478596848990764
GEN 118 time 1609754187
0.0012252733020812069
0.0010060533144880016
0.0012161938635300105
0.0014478596848990764
GEN 119 time 1609754189
0.0012252733020812069
0.0010060533144880016
0.0012161938635300105
0.0014478596848990764
GEN 120 time 1609754192
0.0012252733020812069
0.0010060533144880016
0.0012161938635300105
0.0014478596848990764
GEN 121 time 1609754195
0.0012252733020812069
0.0010060533144880016
0.0012161938635300105
0.0014478596848990764
GEN 122 time 1609754197
0.0012252733020812069
0.0010060533144880016
0.0012161938635300105
0.0014478596848990764
GEN 123 time 1609754200
0.0012252733020812069
0.0010060533144880016
0.0012161938635300105
0.0014478596848990764
GEN 124 time 1609754203
0.0012252733020812069
0.0010060533144880016
0.0012161938635300105
0.0014478596848990764
GEN 125 time 1609754205
0.0012252733020812069
0.0010060533144880016
0.0012161938635300105
0.0014478596848990764
GEN 126 time 1609754208
0.0012252733020812069
0.0010060533144880016
0.0012161938635300105
0.0014478596848990764
GEN 127 time 1609754211
0.0012252733020812069
0.0010060533144880016
0.0012161938635300105
0.0014478596848990764
GEN 128 time 1609754213
0.0012252733020812069
0.0010060533144880016
0.0012161938635300105
0.0014478596848990764
GEN 129 time 1609754215
0.0012252733020812069
0.0010060533144880016
0.0012161938635300105
0.0014478596848990764
GEN 130 time 1609754218
0.0012252733020812069
0.0010060533144880016
0.0012161938635300105
0.0014478596848990764
GEN 131 time 1609754221
0.0012252733020812069
0.0010060533144880016
0.0012161938635300105
0.0014478596848990764
GEN 132 time 1609754223
0.0012252733020812069
0.0010060533144880016
0.0012161938635300105
0.0014478596848990764
GEN 133 time 1609754226
0.0012252733020812069
0.0010060533144880016
0.0012161938635300105
0.0014478596848990764
GEN 134 time 1609754228
0.0012252733020812069
0.0010060533144880016
0.0012161938635300105
0.0014478596848990764
GEN 135 time 1609754231
0.0012252733020812069
0.0010060533144880016
0.0012161938635300105
0.0014478596848990764
GEN 136 time 1609754234
0.0012252733020812069
0.0010060533144880016
0.0012161938635300105
0.0014478596848990764
GEN 137 time 1609754236
0.0012032245618497693
0.0010060533144880016
0.0012161938635300105
0.0014478596848990764
GEN 138 time 1609754239
0.0012032245618497693
0.0010060533144880016
0.0012161938635300105
0.0014478596848990764
GEN 139 time 1609754242
0.0012032245618497693
0.0010060533144880016
0.0012161938635300105
0.0014478596848990764
GEN 140 time 1609754245
0.0012032245618497693
0.0010060533144880016
0.0012161938635300105
0.0014478596848990764
GEN 141 time 1609754248
0.0012032245618497693
0.0010060533144880016
0.0012161938635300105
0.0014478596848990764
GEN 142 time 1609754250
0.0012032245618497693
0.0010060533144880016
0.0012161938635300105
0.0014478596848990764
GEN 143 time 1609754253
0.0012032245618497693
0.0010060533144880016
0.0012161938635300105
0.0014478596848990764
GEN 144 time 1609754255
0.0012032245618497693
0.0010060533144880016
0.0012161938635300105
0.0014478596848990764
GEN 145 time 1609754258
0.0012032245618497693
0.0010060533144880016
0.0012161938635300105
0.0014478596848990764
GEN 146 time 1609754261
0.0012032245618497693
0.0010060533144880016
0.0012161938635300105
0.0014478596848990764
GEN 147 time 1609754263
0.0012032245618497693
0.0010060533144880016
0.0012161938635300105
0.0014478596848990764
GEN 148 time 1609754266
0.0012032245618497693
0.0010060533144880016
0.0012161938635300105
0.0014478596848990764
GEN 149 time 1609754268
0.0012032245618497693
0.0010060533144880016
0.0012161938635300105
0.0014478596848990764
GEN 150 time 1609754270
0.0012032245618497693
0.0010060533144880016
0.0012161938635300105
0.0014478596848990764
GEN 151 time 1609754273
0.0012032245618497693
0.0010060533144880016
0.0012161938635300105
0.0014478596848990764
GEN 152 time 1609754275
0.0012032245618497693
0.0010060533144880016
0.0012161938635300105
0.0014478596848990764
GEN 153 time 1609754278
0.0012032245618497693
0.0010060533144880016
0.0012161938635300105
0.0014478596848990764
GEN 154 time 1609754281
0.0011512795533306461
0.0010060533144880016
0.0012161938635300105
0.0014478596848990764
GEN 155 time 1609754283
0.0011512795533306461
0.000993016228763205
0.0012161938635300105
0.0014478596848990764
GEN 156 time 1609754286
0.0011512795533306461
0.000993016228763205
0.0012161938635300105
0.0014478596848990764
GEN 157 time 1609754290
0.0011512795533306461
0.000993016228763205
0.0012161938635300105
0.0014478596848990764
GEN 158 time 1609754292
0.0011512795533306461
0.000993016228763205
0.0012161938635300105
0.0014478596848990764
GEN 159 time 1609754295
0.0011512795533306461
0.000993016228763205
0.0012161938635300105
0.0014478596848990764
GEN 160 time 1609754298
0.0011512795533306461
0.000993016228763205
0.0012161938635300105
0.0014478596848990764
GEN 161 time 1609754301
0.0011512795533306461
0.000993016228763205
0.0012161938635300105
0.0014478596848990764
GEN 162 time 1609754303
0.0011512795533306461
0.000993016228763205
0.0012161938635300105
0.0014478596848990764
GEN 163 time 1609754306
0.0011512795533306461
0.000993016228763205
0.0012161938635300105
0.0014478596848990764
GEN 164 time 1609754309
0.0011512795533306461
0.000993016228763205
0.0012161938635300105
0.0014478596848990764
GEN 165 time 1609754311
0.0011512795533306461
0.000993016228763205
0.0012161938635300105
0.0014478596848990764
GEN 166 time 1609754313
0.0011512795533306461
0.000993016228763205
0.0012161938635300105
0.0014478596848990764
GEN 167 time 1609754316
0.0011512795533306461
0.000993016228763205
0.0012161938635300105
0.0014478596848990764
GEN 168 time 1609754319
0.0011512795533306461
0.000993016228763205
0.0012161938635300105
0.0014478596848990764
GEN 169 time 1609754321
0.0011512795533306461
0.000993016228763205
0.0012161938635300105
0.0014478596848990764
GEN 170 time 1609754324
0.0011512795533306461
0.000993016228763205
0.0012161938635300105
0.0014478596848990764
GEN 171 time 1609754326
0.0011512795533306461
0.000993016228763205
0.0012161938635300105
0.0014478596848990764
GEN 172 time 1609754329
0.0011512795533306461
0.000993016228763205
0.0012161938635300105
0.0014478596848990764
GEN 173 time 1609754331
0.0011512795533306461
0.000993016228763205
0.0012161938635300105
0.0014478596848990764
GEN 174 time 1609754333
0.0011512795533306461
0.000993016228763205
0.0012161938635300105
0.0014478596848990764
GEN 175 time 1609754336
0.0011512795533306461
0.000993016228763205
0.0012161938635300105
0.0014478596848990764
GEN 176 time 1609754338
0.0011512795533306461
0.000993016228763205
0.0012161938635300105
0.0014478596848990764
GEN 177 time 1609754341
0.0011512795533306461
0.000993016228763205
0.0012161938635300105
0.0014478596848990764
GEN 178 time 1609754343
0.0011512795533306461
0.000993016228763205
0.0012161938635300105
0.0014478596848990764
GEN 179 time 1609754346
0.0011512795533306461
0.000993016228763205
0.0012161938635300105
0.0014478596848990764
GEN 180 time 1609754349
0.0011512795533306461
0.0008985677432590211
0.0012161938635300105
0.0014478596848990764
GEN 181 time 1609754352
0.0011512795533306461
0.0008948788208515245
0.0012161938635300105
0.0014478596848990764
GEN 182 time 1609754354
0.0011512795533306461
0.0008948788208515245
0.0012161938635300105
0.0014478596848990764
GEN 183 time 1609754357
0.0011512795533306461
0.0008948788208515245
0.0012161938635300105
0.0014478596848990764
GEN 184 time 1609754359
0.0011512795533306461
0.0008948788208515245
0.0012161938635300105
0.0014478596848990764
GEN 185 time 1609754362
0.0011512795533306461
0.0008948788208515245
0.0012161938635300105
0.0014478596848990764
GEN 186 time 1609754364
0.0011512795533306461
0.0008948788208515245
0.0012161938635300105
0.0014478596848990764
GEN 187 time 1609754367
0.0011512795533306461
0.0008948788208515245
0.0012161938635300105
0.0014478596848990764
GEN 188 time 1609754370
0.0011512795533306461
0.0008948788208515245
0.0012161938635300105
0.0014478596848990764
GEN 189 time 1609754372
0.0011512795533306461
0.0008948788208515245
0.0012161938635300105
0.0014478596848990764
GEN 190 time 1609754375
0.0011512795533306461
0.0008948788208515245
0.0012161938635300105
0.0014478596848990764
GEN 191 time 1609754378
0.0011512795533306461
0.0008948788208515245
0.0012161938635300105
0.0014478596848990764
GEN 192 time 1609754381
0.0011512795533306461
0.0008948788208515245
0.0012161938635300105
0.0014478596848990764
GEN 193 time 1609754383
0.0011512795533306461
0.0008948788208515245
0.0012161938635300105
0.0014478596848990764
GEN 194 time 1609754386
0.0011512795533306461
0.0008948788208515245
0.0012161938635300105
0.0014478596848990764
GEN 195 time 1609754389
0.0011512795533306461
0.0008948788208515245
0.0012161938635300105
0.0014478596848990764
GEN 196 time 1609754391
0.0011512795533306461
0.0008948788208515245
0.0012161938635300105
0.0014478596848990764
GEN 197 time 1609754393
0.0011512795533306461
0.0008948788208515245
0.0012161938635300105
0.0014478596848990764
GEN 198 time 1609754396
0.0011512795533306461
0.0008948788208515245
0.0012161938635300105
0.0014478596848990764
GEN 199 time 1609754398
0.0011512795533306461
0.0008948788208515245
0.0012161938635300105
0.0014478596848990764
