['./data/small/layer/ga-dem8_r25_1.json', './data/small/hop/ga-dem8_r25_1_0.json', './data/small/hop/ga-dem8_r25_1_40.json', './data/small/hop/ga-dem8_r50_1_0.json']
GEN 0 time 1609420842
0.0018176390996958245
0.0022661011271547407
0.003014056813539594
0.0031123024847428933
GEN 1 time 1609420848
0.0018176390996958245
0.002027472557944827
0.003014056813539594
0.0031123024847428933
GEN 2 time 1609420853
0.0018176390996958245
0.002027472557944827
0.0028262566438351723
0.0031123024847428933
GEN 3 time 1609420858
0.0018176390996958245
0.0018849293334177357
0.0028262566438351723
0.00302376846328144
GEN 4 time 1609420864
0.001809633703665767
0.0018849293334177357
0.0028262566438351723
0.002897620201729984
GEN 5 time 1609420869
0.001809633703665767
0.0018849293334177357
0.0028262566438351723
0.002897620201729984
GEN 6 time 1609420875
0.0018084230569977676
0.0018462909726110132
0.0028262566438351723
0.002897620201729984
GEN 7 time 1609420881
0.0018084230569977676
0.0018462909726110132
0.0028262566438351723
0.002897620201729984
GEN 8 time 1609420886
0.0016980219142190567
0.001800590677821133
0.0028262566438351723
0.0027885598744166427
GEN 9 time 1609420892
0.0016096137036657671
0.001800590677821133
0.0028262566438351723
0.0027885598744166427
GEN 10 time 1609420897
0.0015192558232235396
0.001800590677821133
0.0028262566438351723
0.0027885598744166427
GEN 11 time 1609420903
0.0015192558232235396
0.001800590677821133
0.0026365148001395605
0.0027885598744166427
GEN 12 time 1609420909
0.0015192558232235396
0.001697764978194805
0.0026063270407294913
0.0026040444262575607
GEN 13 time 1609420915
0.0015192558232235396
0.001697764978194805
0.0026063270407294913
0.0026040444262575607
GEN 14 time 1609420920
0.0015192558232235396
0.001697764978194805
0.0026063270407294913
0.0026040444262575607
GEN 15 time 1609420926
0.0015192558232235396
0.001697764978194805
0.0026063270407294913
0.0025364543005040384
GEN 16 time 1609420932
0.0015192558232235396
0.001697764978194805
0.0026063270407294913
0.0025364543005040384
GEN 17 time 1609420938
0.0015192558232235396
0.001697764978194805
0.0026063270407294913
0.0025364543005040384
GEN 18 time 1609420944
0.0015192558232235396
0.001659356668599859
0.0026063270407294913
0.0025364543005040384
GEN 19 time 1609420949
0.0015192558232235396
0.001659356668599859
0.0026063270407294913
0.0025364543005040384
GEN 20 time 1609420955
0.0015192558232235396
0.0016068216632621805
0.002454133080814384
0.0025364543005040384
GEN 21 time 1609420960
0.0015192558232235396
0.0016068216632621805
0.002454133080814384
0.002445976951024403
GEN 22 time 1609420966
0.0015192558232235396
0.0016068216632621805
0.002454133080814384
0.002445976951024403
GEN 23 time 1609420971
0.0015192558232235396
0.0016068216632621805
0.002454133080814384
0.002445976951024403
GEN 24 time 1609420977
0.0015192558232235396
0.0016068216632621805
0.002454133080814384
0.002445976951024403
GEN 25 time 1609420983
0.0015192558232235396
0.0016068216632621805
0.002454133080814384
0.002445976951024403
GEN 26 time 1609420988
0.0015192558232235396
0.0016068216632621805
0.002454133080814384
0.002445976951024403
GEN 27 time 1609420994
0.0015192558232235396
0.0016068216632621805
0.002454133080814384
0.002445976951024403
GEN 28 time 1609420999
0.0015192558232235396
0.0016068216632621805
0.002454133080814384
0.002445976951024403
GEN 29 time 1609421005
0.0015192558232235396
0.0016068216632621805
0.002454133080814384
0.002445976951024403
GEN 30 time 1609421011
0.0015192558232235396
0.0016068216632621805
0.002454133080814384
0.002445976951024403
GEN 31 time 1609421017
0.0015192558232235396
0.0016068216632621805
0.002454133080814384
0.002445976951024403
GEN 32 time 1609421022
0.0015192558232235396
0.0014526245225512447
0.002454133080814384
0.002445976951024403
GEN 33 time 1609421028
0.0015192558232235396
0.0014526245225512447
0.002454133080814384
0.002445976951024403
GEN 34 time 1609421033
0.0015192558232235396
0.0014526245225512447
0.002454133080814384
0.002445976951024403
GEN 35 time 1609421039
0.0015192558232235396
0.0014526245225512447
0.002454133080814384
0.002445976951024403
GEN 36 time 1609421045
0.0015192558232235396
0.0014526245225512447
0.002454133080814384
0.002445976951024403
GEN 37 time 1609421051
0.0015192558232235396
0.0014526245225512447
0.002454133080814384
0.002445976951024403
GEN 38 time 1609421057
0.0015192558232235396
0.0014526245225512447
0.002454133080814384
0.002445976951024403
GEN 39 time 1609421063
0.0015192558232235396
0.0014526245225512447
0.002454133080814384
0.002445976951024403
GEN 40 time 1609421068
0.0015192558232235396
0.0014274125579448267
0.002454133080814384
0.002445976951024403
GEN 41 time 1609421074
0.0015192558232235396
0.0014274125579448267
0.002454133080814384
0.002445976951024403
GEN 42 time 1609421080
0.0015192558232235396
0.0014274125579448267
0.002454133080814384
0.002445976951024403
GEN 43 time 1609421085
0.0015192558232235396
0.0014274125579448267
0.002454133080814384
0.002445976951024403
GEN 44 time 1609421091
0.0015192558232235396
0.0014274125579448267
0.002454133080814384
0.002445976951024403
GEN 45 time 1609421097
0.0015192558232235396
0.0014274125579448267
0.002454133080814384
0.002445976951024403
GEN 46 time 1609421102
0.0015192558232235396
0.0014274125579448267
0.002454133080814384
0.002445976951024403
GEN 47 time 1609421108
0.0015192558232235396
0.0014274125579448267
0.002454133080814384
0.002445976951024403
GEN 48 time 1609421114
0.0015192558232235396
0.0014274125579448267
0.0024417904191504597
0.002445976951024403
GEN 49 time 1609421119
0.0015192558232235396
0.0014274125579448267
0.0024417904191504597
0.002445976951024403
GEN 50 time 1609421125
0.0015192558232235396
0.0014274125579448267
0.0024417904191504597
0.002445976951024403
GEN 51 time 1609421131
0.0015192558232235396
0.0014274125579448267
0.0024417904191504597
0.002445976951024403
GEN 52 time 1609421136
0.0015192558232235396
0.0014274125579448267
0.0024417904191504597
0.002445976951024403
GEN 53 time 1609421142
0.0015192558232235396
0.0014274125579448267
0.0024417904191504597
0.002445976951024403
GEN 54 time 1609421148
0.0015192558232235396
0.0014274125579448267
0.0024417904191504597
0.002445976951024403
GEN 55 time 1609421154
0.0015192558232235396
0.0014261560315471595
0.0024417904191504597
0.002445976951024403
GEN 56 time 1609421160
0.0015192558232235396
0.0014261560315471595
0.0024417904191504597
0.002445976951024403
GEN 57 time 1609421166
0.0015192558232235396
0.0014261560315471595
0.0024417904191504597
0.002445976951024403
GEN 58 time 1609421171
0.0015192558232235396
0.0014261560315471595
0.0024417904191504597
0.002445976951024403
GEN 59 time 1609421177
0.0015192558232235396
0.0014261560315471595
0.0024417904191504597
0.002445976951024403
GEN 60 time 1609421183
0.0015192558232235396
0.0014261560315471595
0.0024417904191504597
0.002445976951024403
GEN 61 time 1609421189
0.0015192558232235396
0.0014261560315471595
0.0024417904191504597
0.002445976951024403
GEN 62 time 1609421194
0.0015192558232235396
0.0014261560315471595
0.0024417904191504597
0.002445976951024403
GEN 63 time 1609421200
0.0015192558232235396
0.0014261560315471595
0.0024417904191504597
0.002445976951024403
GEN 64 time 1609421206
0.0015192558232235396
0.0014261560315471595
0.0024417904191504597
0.002445976951024403
GEN 65 time 1609421212
0.0015192558232235396
0.0014261560315471595
0.0024417904191504597
0.002445976951024403
GEN 66 time 1609421218
0.0015192558232235396
0.0014261560315471595
0.0024417904191504597
0.002445976951024403
GEN 67 time 1609421223
0.0015192558232235396
0.0014261560315471595
0.0024417904191504597
0.002445976951024403
GEN 68 time 1609421229
0.0015192558232235396
0.0012798237385287744
0.0024417904191504597
0.002445976951024403
GEN 69 time 1609421235
0.0015192558232235396
0.0012798237385287744
0.0024417904191504597
0.002445976951024403
GEN 70 time 1609421241
0.0015192558232235396
0.0012798237385287744
0.0024417904191504597
0.002445976951024403
GEN 71 time 1609421247
0.0015192558232235396
0.0012798237385287744
0.0024417904191504597
0.002445976951024403
GEN 72 time 1609421253
0.0015192558232235396
0.0012798237385287744
0.0024417904191504597
0.002445976951024403
GEN 73 time 1609421259
0.0015192558232235396
0.0012798237385287744
0.0024417904191504597
0.002445976951024403
GEN 74 time 1609421265
0.0015192558232235396
0.0012612555662324517
0.0024417904191504597
0.002445976951024403
GEN 75 time 1609421271
0.0015192558232235396
0.0012612555662324517
0.0024417904191504597
0.002445976951024403
GEN 76 time 1609421277
0.0015192558232235396
0.0012612555662324517
0.0024417904191504597
0.002445976951024403
GEN 77 time 1609421283
0.0015192558232235396
0.0012612555662324517
0.0024417904191504597
0.002445976951024403
GEN 78 time 1609421288
0.0015192558232235396
0.0012612555662324517
0.0024417904191504597
0.002445976951024403
GEN 79 time 1609421294
0.0015192558232235396
0.0012612555662324517
0.0024417904191504597
0.002445976951024403
GEN 80 time 1609421300
0.0015192558232235396
0.0012612555662324517
0.0024417904191504597
0.002445976951024403
GEN 81 time 1609421306
0.0015192558232235396
0.0012612555662324517
0.0024417904191504597
0.002445976951024403
GEN 82 time 1609421312
0.0015192558232235396
0.0012612555662324517
0.0024417904191504597
0.002445976951024403
GEN 83 time 1609421318
0.0015192558232235396
0.0012612555662324517
0.0024417904191504597
0.002445976951024403
GEN 84 time 1609421324
0.0015192558232235396
0.0012612555662324517
0.0024417904191504597
0.002445976951024403
GEN 85 time 1609421330
0.0015192558232235396
0.0012612555662324517
0.0024417904191504597
0.002445976951024403
GEN 86 time 1609421335
0.0015192558232235396
0.0012612555662324517
0.0024417904191504597
0.002445976951024403
GEN 87 time 1609421341
0.0015192558232235396
0.0012612555662324517
0.0024417904191504597
0.002445976951024403
GEN 88 time 1609421347
0.0015192558232235396
0.0012612555662324517
0.0024417904191504597
0.002445976951024403
GEN 89 time 1609421353
0.0015192558232235396
0.0012612555662324517
0.0024417904191504597
0.002445976951024403
GEN 90 time 1609421359
0.0015192558232235396
0.0012612555662324517
0.0024417904191504597
0.002445976951024403
GEN 91 time 1609421365
0.0015192558232235396
0.0012612555662324517
0.0024417904191504597
0.002445976951024403
GEN 92 time 1609421371
0.0015192558232235396
0.0012612555662324517
0.0024417904191504597
0.002445976951024403
GEN 93 time 1609421377
0.0015192558232235396
0.0012612555662324517
0.0024417904191504597
0.002445976951024403
GEN 94 time 1609421383
0.0015192558232235396
0.0012612555662324517
0.0024417904191504597
0.002445976951024403
GEN 95 time 1609421389
0.0015192558232235396
0.0012612555662324517
0.0024417904191504597
0.002445976951024403
GEN 96 time 1609421395
0.0015192558232235396
0.0012612555662324517
0.0024417904191504597
0.002445976951024403
GEN 97 time 1609421401
0.0015192558232235396
0.0012612555662324517
0.0024417904191504597
0.002445976951024403
GEN 98 time 1609421407
0.0015192558232235396
0.0012612555662324517
0.0024417904191504597
0.002445976951024403
GEN 99 time 1609421412
0.0015192558232235396
0.0012612555662324517
0.0024417904191504597
0.002445976951024403
