['./data/small/layer/uu-dem7_r25_1.json', './data/small/hop/uu-dem7_r25_1_0.json', './data/small/hop/uu-dem4_r25_1_0.json', './data/small/hop/uu-dem7_r50_1_0.json']
GEN 0 time 1602663680
0.0023368348238357903
0.002007948055098868
0.0020616287985145074
0.0035149179181847567
GEN 1 time 1602663682
0.0023368348238357903
0.002007948055098868
0.0020616287985145074
0.0029564468159136536
GEN 2 time 1602663683
0.0023368348238357903
0.002007948055098868
0.0019152862785722824
0.0029564468159136536
GEN 3 time 1602663685
0.0023368348238357903
0.002007948055098868
0.0019152862785722824
0.0029564468159136536
GEN 4 time 1602663687
0.0023368348238357903
0.002007948055098868
0.0017204553423325326
0.0029564468159136536
GEN 5 time 1602663688
0.0023368348238357903
0.002007948055098868
0.0017204553423325326
0.002713036840770109
GEN 6 time 1602663690
0.0023368348238357903
0.002007948055098868
0.0017204553423325326
0.002713036840770109
GEN 7 time 1602663691
0.0023368348238357903
0.002007948055098868
0.0017204553423325326
0.002713036840770109
GEN 8 time 1602663693
0.0023368348238357903
0.002007948055098868
0.0017204553423325326
0.002713036840770109
GEN 9 time 1602663695
0.0023368348238357903
0.0018480340669409998
0.0017204553423325326
0.002713036840770109
GEN 10 time 1602663696
0.0023368348238357903
0.0018480340669409998
0.0017204553423325326
0.002713036840770109
GEN 11 time 1602663699
0.0023368348238357903
0.0018480340669409998
0.0017204553423325326
0.002713036840770109
GEN 12 time 1602663701
0.0023368348238357903
0.0018480340669409998
0.0017204553423325326
0.002713036840770109
GEN 13 time 1602663703
0.0023368348238357903
0.0016905490877899953
0.0017204553423325326
0.002713036840770109
GEN 14 time 1602663705
0.0023368348238357903
0.0016905490877899953
0.0017204553423325326
0.002713036840770109
GEN 15 time 1602663706
0.0023368348238357903
0.0016905490877899953
0.0017204553423325326
0.002713036840770109
GEN 16 time 1602663709
0.0023368348238357903
0.0016905490877899953
0.0017204553423325326
0.002713036840770109
GEN 17 time 1602663711
0.0023368348238357903
0.0016645667039153437
0.0017204553423325326
0.002713036840770109
GEN 18 time 1602663713
0.0023368348238357903
0.0016645667039153437
0.0017204553423325326
0.002713036840770109
GEN 19 time 1602663715
0.0023368348238357903
0.0016645667039153437
0.0017204553423325326
0.002713036840770109
GEN 20 time 1602663717
0.0023368348238357903
0.0016645667039153437
0.0017204553423325326
0.002713036840770109
GEN 21 time 1602663719
0.0023368348238357903
0.0016645667039153437
0.0017204553423325326
0.002713036840770109
GEN 22 time 1602663721
0.0023368348238357903
0.0016645667039153437
0.0017204553423325326
0.002713036840770109
GEN 23 time 1602663724
0.0023368348238357903
0.0016645667039153437
0.0017204553423325326
0.002713036840770109
GEN 24 time 1602663726
0.0023368348238357903
0.0016645667039153437
0.0017204553423325326
0.002713036840770109
GEN 25 time 1602663728
0.0023368348238357903
0.0016645667039153437
0.0017204553423325326
0.0027052715883956165
GEN 26 time 1602663730
0.0023368348238357903
0.0016645667039153437
0.0017204553423325326
0.0027052715883956165
GEN 27 time 1602663732
0.0023368348238357903
0.0016645667039153437
0.0017204553423325326
0.0027052715883956165
GEN 28 time 1602663734
0.0023368348238357903
0.0016645667039153437
0.0017204553423325326
0.0027052715883956165
GEN 29 time 1602663736
0.0023368348238357903
0.0016645667039153437
0.0017204553423325326
0.0027052715883956165
GEN 30 time 1602663739
0.0023368348238357903
0.0016645667039153437
0.0017204553423325326
0.0027052715883956165
GEN 31 time 1602663741
0.0023368348238357903
0.0016645667039153437
0.0017204553423325326
0.0027052715883956165
GEN 32 time 1602663743
0.0023368348238357903
0.0016645667039153437
0.0017204553423325326
0.0027052715883956165
GEN 33 time 1602663746
0.0023368348238357903
0.0016645667039153437
0.0017204553423325326
0.002641880981325301
GEN 34 time 1602663749
0.0023368348238357903
0.0016645667039153437
0.0017204553423325326
0.002641880981325301
GEN 35 time 1602663751
0.0023368348238357903
0.0016645667039153437
0.0017204553423325326
0.002641880981325301
GEN 36 time 1602663753
0.0023368348238357903
0.0016645667039153437
0.0017204553423325326
0.002641880981325301
GEN 37 time 1602663755
0.0023368348238357903
0.0016645667039153437
0.0017204553423325326
0.002641880981325301
GEN 38 time 1602663757
0.0023368348238357903
0.0016645667039153437
0.0017204553423325326
0.002641880981325301
GEN 39 time 1602663760
0.0023368348238357903
0.0016645667039153437
0.0017204553423325326
0.002641880981325301
GEN 40 time 1602663762
0.0023368348238357903
0.0016645667039153437
0.0017204553423325326
0.002641880981325301
GEN 41 time 1602663764
0.0023368348238357903
0.0016645667039153437
0.0017204553423325326
0.002641880981325301
GEN 42 time 1602663766
0.0023368348238357903
0.0016645667039153437
0.0017204553423325326
0.002641880981325301
GEN 43 time 1602663768
0.0023368348238357903
0.0016645667039153437
0.0017204553423325326
0.002641880981325301
GEN 44 time 1602663770
0.0023368348238357903
0.0016645667039153437
0.0017204553423325326
0.002641880981325301
GEN 45 time 1602663773
0.0023368348238357903
0.0016645667039153437
0.0017204553423325326
0.002641880981325301
GEN 46 time 1602663775
0.0023368348238357903
0.0016645667039153437
0.0017204553423325326
0.002641880981325301
GEN 47 time 1602663778
0.0023368348238357903
0.0016645667039153437
0.0017204553423325326
0.002641880981325301
GEN 48 time 1602663780
0.0023368348238357903
0.0016645667039153437
0.0017204553423325326
0.002641880981325301
GEN 49 time 1602663783
0.0023368348238357903
0.0016645667039153437
0.0017204553423325326
0.002641880981325301
GEN 50 time 1602663785
0.0023368348238357903
0.0016645667039153437
0.0017204553423325326
0.002641880981325301
GEN 51 time 1602663788
0.0023368348238357903
0.0016645667039153437
0.0017204553423325326
0.002641880981325301
GEN 52 time 1602663790
0.0023368348238357903
0.0016645667039153437
0.0017204553423325326
0.002641880981325301
GEN 53 time 1602663792
0.0023368348238357903
0.0016645667039153437
0.0017204553423325326
0.002641880981325301
GEN 54 time 1602663795
0.0023368348238357903
0.0016645667039153437
0.0017204553423325326
0.002641880981325301
GEN 55 time 1602663797
0.0023368348238357903
0.0016645667039153437
0.0017204553423325326
0.002641880981325301
GEN 56 time 1602663799
0.0023368348238357903
0.0016645667039153437
0.0017204553423325326
0.002641880981325301
GEN 57 time 1602663801
0.0023368348238357903
0.0016645667039153437
0.0017204553423325326
0.002641880981325301
GEN 58 time 1602663803
0.0023368348238357903
0.0016645667039153437
0.0017204553423325326
0.002641880981325301
GEN 59 time 1602663805
0.0023368348238357903
0.0016645667039153437
0.0017204553423325326
0.002641880981325301
GEN 60 time 1602663807
0.0023368348238357903
0.0016645667039153437
0.0017204553423325326
0.002641880981325301
GEN 61 time 1602663809
0.0023368348238357903
0.0016645667039153437
0.0017204553423325326
0.002641880981325301
GEN 62 time 1602663811
0.0023368348238357903
0.0016645667039153437
0.0017204553423325326
0.002641880981325301
GEN 63 time 1602663813
0.0023368348238357903
0.0016645667039153437
0.0017204553423325326
0.002641880981325301
GEN 64 time 1602663815
0.0023368348238357903
0.0016645667039153437
0.0017204553423325326
0.002641880981325301
GEN 65 time 1602663817
0.0023368348238357903
0.0016645667039153437
0.0017204553423325326
0.002641880981325301
GEN 66 time 1602663820
0.0023368348238357903
0.0016645667039153437
0.0017204553423325326
0.002641880981325301
GEN 67 time 1602663822
0.0023368348238357903
0.0016645667039153437
0.0017204553423325326
0.002641880981325301
GEN 68 time 1602663824
0.0023368348238357903
0.0016645667039153437
0.0017204553423325326
0.0022592126367510725
GEN 69 time 1602663826
0.0023368348238357903
0.0016645667039153437
0.0017204553423325326
0.0022592126367510725
GEN 70 time 1602663828
0.0023368348238357903
0.0016645667039153437
0.0017204553423325326
0.0022592126367510725
GEN 71 time 1602663831
0.0023368348238357903
0.0016645667039153437
0.0017204553423325326
0.0022592126367510725
GEN 72 time 1602663833
0.0023368348238357903
0.0016645667039153437
0.0017204553423325326
0.0022592126367510725
GEN 73 time 1602663835
0.0023368348238357903
0.0016645667039153437
0.0017204553423325326
0.0022592126367510725
GEN 74 time 1602663837
0.0023368348238357903
0.0016645667039153437
0.0017204553423325326
0.0022592126367510725
GEN 75 time 1602663839
0.0023368348238357903
0.0016645667039153437
0.0017204553423325326
0.0022204859094662618
GEN 76 time 1602663841
0.0023368348238357903
0.0016645667039153437
0.0017204553423325326
0.0022204859094662618
GEN 77 time 1602663843
0.0023368348238357903
0.0016645667039153437
0.0017204553423325326
0.0022204859094662618
GEN 78 time 1602663845
0.0023368348238357903
0.0016645667039153437
0.0017204553423325326
0.0022204859094662618
GEN 79 time 1602663847
0.0023368348238357903
0.0016645667039153437
0.0017204553423325326
0.0022204859094662618
GEN 80 time 1602663849
0.0023368348238357903
0.0016645667039153437
0.0017204553423325326
0.001914757918184757
GEN 81 time 1602663851
0.0023368348238357903
0.0016645667039153437
0.0017204553423325326
0.001914757918184757
GEN 82 time 1602663853
0.0023368348238357903
0.0016645667039153437
0.0017204553423325326
0.001914757918184757
GEN 83 time 1602663855
0.0023368348238357903
0.0016645667039153437
0.0017204553423325326
0.001914757918184757
GEN 84 time 1602663857
0.0023368348238357903
0.0016645667039153437
0.0017204553423325326
0.001914757918184757
GEN 85 time 1602663859
0.0023368348238357903
0.0016467573475008814
0.0017204553423325326
0.001914757918184757
GEN 86 time 1602663861
0.0023368348238357903
0.0016467573475008814
0.0017204553423325326
0.001914757918184757
GEN 87 time 1602663863
0.0023368348238357903
0.0016467573475008814
0.0017152662785722824
0.001914757918184757
GEN 88 time 1602663865
0.0023368348238357903
0.0016467573475008814
0.0017152662785722824
0.001914757918184757
GEN 89 time 1602663868
0.0023368348238357903
0.0016467573475008814
0.0017152662785722824
0.001914757918184757
GEN 90 time 1602663870
0.0023368348238357903
0.0016467573475008814
0.0017152662785722824
0.001914757918184757
GEN 91 time 1602663872
0.0023368348238357903
0.0016467573475008814
0.0017152662785722824
0.001914757918184757
GEN 92 time 1602663874
0.0023368348238357903
0.0016467573475008814
0.0017152662785722824
0.001914757918184757
GEN 93 time 1602663876
0.0023368348238357903
0.0016467573475008814
0.0017152662785722824
0.001914757918184757
GEN 94 time 1602663878
0.0023368348238357903
0.0016467573475008814
0.0017152662785722824
0.001914757918184757
GEN 95 time 1602663880
0.0023368348238357903
0.0016467573475008814
0.0017152662785722824
0.001914757918184757
GEN 96 time 1602663882
0.0023368348238357903
0.0016467573475008814
0.0017152662785722824
0.001914757918184757
GEN 97 time 1602663884
0.0023368348238357903
0.0016467573475008814
0.0017152662785722824
0.001914757918184757
GEN 98 time 1602663886
0.0023368348238357903
0.0016467573475008814
0.0017152662785722824
0.001914757918184757
GEN 99 time 1602663888
0.0023368348238357903
0.0016467573475008814
0.0017152662785722824
0.001914757918184757
GEN 100 time 1602663890
0.0023368348238357903
0.0016467573475008814
0.0017152662785722824
0.001914757918184757
GEN 101 time 1602663892
0.0023368348238357903
0.0016467573475008814
0.0017152662785722824
0.001914757918184757
GEN 102 time 1602663894
0.0023368348238357903
0.0016467573475008814
0.0017152662785722824
0.001914757918184757
GEN 103 time 1602663897
0.0023368348238357903
0.0016467573475008814
0.0017152662785722824
0.001914757918184757
GEN 104 time 1602663899
0.0023368348238357903
0.0016467573475008814
0.0017152662785722824
0.001914757918184757
GEN 105 time 1602663901
0.0023368348238357903
0.0016467573475008814
0.0017152662785722824
0.001914757918184757
GEN 106 time 1602663903
0.0023368348238357903
0.0016467573475008814
0.0017152662785722824
0.001914757918184757
GEN 107 time 1602663905
0.0023368348238357903
0.0016467573475008814
0.0017152662785722824
0.001914757918184757
GEN 108 time 1602663907
0.0023368348238357903
0.0016467573475008814
0.0017152662785722824
0.001914757918184757
GEN 109 time 1602663909
0.0023368348238357903
0.0016467573475008814
0.0017152662785722824
0.001914757918184757
GEN 110 time 1602663911
0.0023368348238357903
0.0016467573475008814
0.0017152662785722824
0.001914757918184757
GEN 111 time 1602663913
0.0023368348238357903
0.0016467573475008814
0.0017152662785722824
0.001914757918184757
GEN 112 time 1602663915
0.0023368348238357903
0.0016467573475008814
0.0017152662785722824
0.001914757918184757
GEN 113 time 1602663917
0.0023368348238357903
0.0016467573475008814
0.0017152662785722824
0.001914757918184757
GEN 114 time 1602663919
0.0023368348238357903
0.0016467573475008814
0.0017152662785722824
0.001914757918184757
GEN 115 time 1602663922
0.0023368348238357903
0.0016467573475008814
0.0017152662785722824
0.001914757918184757
GEN 116 time 1602663924
0.0023368348238357903
0.0016467573475008814
0.0017152662785722824
0.001914757918184757
GEN 117 time 1602663926
0.0023368348238357903
0.0016467573475008814
0.0017152662785722824
0.001914757918184757
GEN 118 time 1602663928
0.0023368348238357903
0.0016467573475008814
0.0017152662785722824
0.001914757918184757
GEN 119 time 1602663930
0.0023368348238357903
0.0016467573475008814
0.0017152662785722824
0.001914757918184757
GEN 120 time 1602663932
0.0023368348238357903
0.0016467573475008814
0.0017152662785722824
0.001914757918184757
GEN 121 time 1602663934
0.0023368348238357903
0.0016467573475008814
0.0017152662785722824
0.001914757918184757
GEN 122 time 1602663936
0.0023368348238357903
0.0016467573475008814
0.0017152662785722824
0.001854732722890452
GEN 123 time 1602663938
0.0023368348238357903
0.0016467573475008814
0.0017152662785722824
0.001854732722890452
GEN 124 time 1602663940
0.0023368348238357903
0.0016467573475008814
0.0017152662785722824
0.001854732722890452
GEN 125 time 1602663942
0.0023368348238357903
0.0016467573475008814
0.0017152662785722824
0.001854732722890452
GEN 126 time 1602663944
0.0023368348238357903
0.0016467573475008814
0.0017152662785722824
0.001854732722890452
GEN 127 time 1602663947
0.0023368348238357903
0.0016467573475008814
0.0017152662785722824
0.001854732722890452
GEN 128 time 1602663949
0.0023368348238357903
0.0016467573475008814
0.0017152662785722824
0.001854732722890452
GEN 129 time 1602663951
0.0023368348238357903
0.0016467573475008814
0.0017152662785722824
0.001854732722890452
GEN 130 time 1602663953
0.0023368348238357903
0.0016467573475008814
0.0017152662785722824
0.001854732722890452
GEN 131 time 1602663955
0.0023368348238357903
0.0016467573475008814
0.0017152662785722824
0.001854732722890452
GEN 132 time 1602663958
0.0023368348238357903
0.0016467573475008814
0.0017152662785722824
0.001854732722890452
GEN 133 time 1602663959
0.0023368348238357903
0.0016467573475008814
0.0015409163148460238
0.001854732722890452
GEN 134 time 1602663961
0.0023368348238357903
0.0016467573475008814
0.0015291508398674577
0.001854732722890452
GEN 135 time 1602663963
0.0023368348238357903
0.0016467573475008814
0.0015291508398674577
0.001854732722890452
GEN 136 time 1602663965
0.0023368348238357903
0.0016467573475008814
0.0015291508398674577
0.001854732722890452
GEN 137 time 1602663967
0.0023368348238357903
0.0016467573475008814
0.0015291508398674577
0.001854732722890452
GEN 138 time 1602663969
0.0023368348238357903
0.0016467573475008814
0.0015291508398674577
0.001854732722890452
GEN 139 time 1602663970
0.0023368348238357903
0.0016467573475008814
0.0015291508398674577
0.001854732722890452
GEN 140 time 1602663972
0.0023368348238357903
0.0016467573475008814
0.0015291508398674577
0.001854732722890452
GEN 141 time 1602663974
0.0023368348238357903
0.0016467573475008814
0.0015291508398674577
0.001854732722890452
GEN 142 time 1602663976
0.0023368348238357903
0.0016467573475008814
0.0015291508398674577
0.001854732722890452
GEN 143 time 1602663978
0.0023368348238357903
0.0016467573475008814
0.0015291508398674577
0.001854732722890452
GEN 144 time 1602663980
0.0023368348238357903
0.0016467573475008814
0.0015291508398674577
0.001854732722890452
GEN 145 time 1602663982
0.0023368348238357903
0.0016467573475008814
0.0015291508398674577
0.001854732722890452
GEN 146 time 1602663983
0.0023368348238357903
0.0016467573475008814
0.0015291508398674577
0.001854732722890452
GEN 147 time 1602663985
0.0023368348238357903
0.001623227441387893
0.0015291508398674577
0.001854732722890452
GEN 148 time 1602663987
0.0023368348238357903
0.001623227441387893
0.0015291508398674577
0.001854732722890452
GEN 149 time 1602663989
0.0023368348238357903
0.001623227441387893
0.0015291508398674577
0.001854732722890452
GEN 150 time 1602663991
0.0023368348238357903
0.001623227441387893
0.0015291508398674577
0.001854732722890452
GEN 151 time 1602663993
0.0023368348238357903
0.001623227441387893
0.0015291508398674577
0.001854732722890452
GEN 152 time 1602663994
0.0023368348238357903
0.001623227441387893
0.0015291508398674577
0.001854732722890452
GEN 153 time 1602663996
0.0023368348238357903
0.001623227441387893
0.0015291508398674577
0.001854732722890452
GEN 154 time 1602663998
0.0023368348238357903
0.001623227441387893
0.0015291508398674577
0.001854732722890452
GEN 155 time 1602664000
0.0023368348238357903
0.001623227441387893
0.0015291508398674577
0.001854732722890452
GEN 156 time 1602664002
0.0023368348238357903
0.001623227441387893
0.0015291508398674577
0.001854732722890452
GEN 157 time 1602664004
0.0023368348238357903
0.001623227441387893
0.0015291508398674577
0.001854732722890452
GEN 158 time 1602664005
0.0023368348238357903
0.001623227441387893
0.0015291508398674577
0.001854732722890452
GEN 159 time 1602664007
0.0023368348238357903
0.001623227441387893
0.0015291508398674577
0.001854732722890452
GEN 160 time 1602664009
0.0023368348238357903
0.001623227441387893
0.0015291508398674577
0.001854732722890452
GEN 161 time 1602664011
0.0023368348238357903
0.001623227441387893
0.0015291508398674577
0.001854732722890452
GEN 162 time 1602664013
0.0023368348238357903
0.001623227441387893
0.0015291508398674577
0.001854732722890452
GEN 163 time 1602664015
0.0023368348238357903
0.001623227441387893
0.0015291508398674577
0.001854732722890452
GEN 164 time 1602664016
0.0023368348238357903
0.001623227441387893
0.0015291508398674577
0.001854732722890452
GEN 165 time 1602664018
0.0023368348238357903
0.001623227441387893
0.0015291508398674577
0.001854732722890452
GEN 166 time 1602664020
0.0023368348238357903
0.001623227441387893
0.0015291508398674577
0.001854732722890452
GEN 167 time 1602664022
0.0023368348238357903
0.001623227441387893
0.0015291508398674577
0.001854732722890452
GEN 168 time 1602664024
0.0023368348238357903
0.001623227441387893
0.0015291508398674577
0.001854732722890452
GEN 169 time 1602664026
0.0023368348238357903
0.001623227441387893
0.0015291508398674577
0.001854732722890452
GEN 170 time 1602664027
0.0023368348238357903
0.001623227441387893
0.0015291508398674577
0.001854732722890452
GEN 171 time 1602664029
0.0023368348238357903
0.001623227441387893
0.0015291508398674577
0.001854732722890452
GEN 172 time 1602664031
0.0023368348238357903
0.001623227441387893
0.0015291508398674577
0.001854732722890452
GEN 173 time 1602664033
0.0023368348238357903
0.001623227441387893
0.0015291508398674577
0.001854732722890452
GEN 174 time 1602664035
0.0023368348238357903
0.001623227441387893
0.0015291508398674577
0.001854732722890452
GEN 175 time 1602664036
0.0023368348238357903
0.001623227441387893
0.0015291508398674577
0.001854732722890452
GEN 176 time 1602664038
0.0023368348238357903
0.001623227441387893
0.0015291508398674577
0.001854732722890452
GEN 177 time 1602664040
0.0023368348238357903
0.001623227441387893
0.0015291508398674577
0.001854732722890452
GEN 178 time 1602664042
0.0023368348238357903
0.001623227441387893
0.0015291508398674577
0.001854732722890452
GEN 179 time 1602664044
0.0023368348238357903
0.001623227441387893
0.0015291508398674577
0.001854732722890452
GEN 180 time 1602664046
0.0023368348238357903
0.001623227441387893
0.0015291508398674577
0.001854732722890452
GEN 181 time 1602664047
0.0023368348238357903
0.001623227441387893
0.0015291508398674577
0.001854732722890452
GEN 182 time 1602664049
0.0023368348238357903
0.001623227441387893
0.0015291508398674577
0.001854732722890452
GEN 183 time 1602664051
0.0023368348238357903
0.001623227441387893
0.0015291508398674577
0.001854732722890452
GEN 184 time 1602664053
0.0023368348238357903
0.001623227441387893
0.0015291508398674577
0.001854732722890452
GEN 185 time 1602664055
0.0023368348238357903
0.001623227441387893
0.0015291508398674577
0.001854732722890452
GEN 186 time 1602664057
0.0023368348238357903
0.001623227441387893
0.0015291508398674577
0.001854732722890452
GEN 187 time 1602664059
0.0023368348238357903
0.001623227441387893
0.0015291508398674577
0.001854732722890452
GEN 188 time 1602664060
0.0023368348238357903
0.001623227441387893
0.0015291508398674577
0.001854732722890452
GEN 189 time 1602664062
0.0023368348238357903
0.001623227441387893
0.0015291508398674577
0.001854732722890452
GEN 190 time 1602664064
0.0023368348238357903
0.001623227441387893
0.0015291508398674577
0.001854732722890452
GEN 191 time 1602664066
0.0023368348238357903
0.001623227441387893
0.0015291508398674577
0.001854732722890452
GEN 192 time 1602664068
0.0023368348238357903
0.001623227441387893
0.0015291508398674577
0.001854732722890452
GEN 193 time 1602664070
0.0023368348238357903
0.001623227441387893
0.0015291508398674577
0.001854732722890452
GEN 194 time 1602664072
0.0023368348238357903
0.001623227441387893
0.0015291508398674577
0.001854732722890452
GEN 195 time 1602664073
0.0023368348238357903
0.001623227441387893
0.0015291508398674577
0.001854732722890452
GEN 196 time 1602664075
0.0023368348238357903
0.001623227441387893
0.0015291508398674577
0.001854732722890452
GEN 197 time 1602664077
0.0023368348238357903
0.001623227441387893
0.0015291508398674577
0.001854732722890452
GEN 198 time 1602664079
0.0023368348238357903
0.001623227441387893
0.0015291508398674577
0.001854732722890452
GEN 199 time 1602664081
0.0023368348238357903
0.001623227441387893
0.0015291508398674577
0.001854732722890452
