['./data/small/layer/uu-dem1_r25_1.json', './data/small/hop/uu-dem1_r25_1_0.json', './data/small/hop/uu-dem10_r25_1_0.json', './data/small/hop/uu-dem1_r50_1_0.json']
GEN 0 time 1602619611
0.0016593827280774775
0.0022311071156844026
0.0030033443736845657
0.0030166228333774222
GEN 1 time 1602619612
0.0016593827280774775
0.002028670517773656
0.002603304373684566
0.0030166228333774222
GEN 2 time 1602619614
0.0016593827280774775
0.002028670517773656
0.0024934288632719862
0.0030166228333774222
GEN 3 time 1602619616
0.0016571391963555908
0.002028670517773656
0.0024474831070121143
0.0030166228333774222
GEN 4 time 1602619617
0.0016571391963555908
0.002028670517773656
0.0024474831070121143
0.0030166228333774222
GEN 5 time 1602619619
0.001551319553330646
0.0018405712555669214
0.0024474831070121143
0.0030166228333774222
GEN 6 time 1602619621
0.001551319553330646
0.0018405712555669214
0.0024474831070121143
0.0030166228333774222
GEN 7 time 1602619623
0.001551319553330646
0.0018310671156844022
0.002299807778554686
0.0030166228333774222
GEN 8 time 1602619625
0.001551319553330646
0.0018310671156844022
0.002299807778554686
0.0030166228333774222
GEN 9 time 1602619627
0.0014868598269226704
0.0018310671156844022
0.002299807778554686
0.0030166228333774222
GEN 10 time 1602619629
0.0014868598269226704
0.0018310671156844022
0.0018877956594246053
0.0029411661582402744
GEN 11 time 1602619631
0.0014868598269226704
0.0018310671156844022
0.0018877956594246053
0.0029330604524403702
GEN 12 time 1602619633
0.0014868598269226704
0.0018310671156844022
0.0018877956594246053
0.0029330604524403702
GEN 13 time 1602619635
0.0014555776769893962
0.0018076936117714985
0.0018877956594246053
0.0029330604524403702
GEN 14 time 1602619637
0.0014555776769893962
0.0016971513772198643
0.0018877956594246053
0.0029330604524403702
GEN 15 time 1602619639
0.0014555776769893962
0.0016971513772198643
0.0018877956594246053
0.0029330604524403702
GEN 16 time 1602619641
0.0014555776769893962
0.0016971513772198643
0.0018877956594246053
0.0027917387648646284
GEN 17 time 1602619643
0.0014555776769893962
0.0016971513772198643
0.0018877956594246053
0.0027917387648646284
GEN 18 time 1602619645
0.0014555776769893962
0.0016971513772198643
0.0018877956594246053
0.0027917387648646284
GEN 19 time 1602619647
0.0014555776769893962
0.0016971513772198643
0.0018877956594246053
0.0027917387648646284
GEN 20 time 1602619649
0.0014555776769893962
0.0016971513772198643
0.0018877956594246053
0.0026845174005921237
GEN 21 time 1602619651
0.0014555776769893962
0.0016971513772198643
0.0018877956594246053
0.0026845174005921237
GEN 22 time 1602619653
0.0014555776769893962
0.0016971513772198643
0.0018877956594246053
0.0026845174005921237
GEN 23 time 1602619655
0.0014555776769893962
0.0016729426201723507
0.0018877956594246053
0.0026845174005921237
GEN 24 time 1602619657
0.0014555776769893962
0.0016729426201723507
0.0018877956594246053
0.0026664858771425328
GEN 25 time 1602619659
0.0014555776769893962
0.0015799431924229663
0.0018877956594246053
0.0026451961754105718
GEN 26 time 1602619661
0.0014555776769893962
0.0015799431924229663
0.0018877956594246053
0.0026451961754105718
GEN 27 time 1602619663
0.0014555776769893962
0.0015799431924229663
0.0018877956594246053
0.0026451961754105718
GEN 28 time 1602619665
0.0014555776769893962
0.0014729226201723507
0.0018877956594246053
0.0026451961754105718
GEN 29 time 1602619667
0.0014555776769893962
0.0014729226201723507
0.0018877956594246053
0.0026451961754105718
GEN 30 time 1602619669
0.0014555776769893962
0.0014729226201723507
0.0018877956594246053
0.0026451961754105718
GEN 31 time 1602619671
0.0014555776769893962
0.0014729226201723507
0.0018877956594246053
0.0026451961754105718
GEN 32 time 1602619674
0.0014555776769893962
0.0014729226201723507
0.0018877956594246053
0.0026451961754105718
GEN 33 time 1602619676
0.0014555776769893962
0.0014729226201723507
0.0018877956594246053
0.0026451961754105718
GEN 34 time 1602619678
0.0014555776769893962
0.0014729226201723507
0.0018877956594246053
0.002591718764864628
GEN 35 time 1602619680
0.0014555776769893962
0.0014729226201723507
0.0018877956594246053
0.002541126158240274
GEN 36 time 1602619682
0.0014555776769893962
0.0014729226201723507
0.0018877956594246053
0.002541126158240274
GEN 37 time 1602619684
0.0014200353557188529
0.0014729226201723507
0.0018877956594246053
0.002541126158240274
GEN 38 time 1602619686
0.0014200353557188529
0.0014729226201723507
0.0018877956594246053
0.0024844974005921233
GEN 39 time 1602619688
0.0014200353557188529
0.0014729226201723507
0.0018877956594246053
0.0024844974005921233
GEN 40 time 1602619690
0.0014200353557188529
0.0014729226201723507
0.0018877956594246053
0.0024844974005921233
GEN 41 time 1602619692
0.0014200353557188529
0.0014729226201723507
0.0018877956594246053
0.0024844974005921233
GEN 42 time 1602619694
0.0014200353557188529
0.0014729226201723507
0.0018877956594246053
0.0024844974005921233
GEN 43 time 1602619696
0.0014200353557188529
0.0014729226201723507
0.0018877956594246053
0.002331917006765314
GEN 44 time 1602619698
0.0014200353557188529
0.0014729226201723507
0.0018877956594246053
0.002331917006765314
GEN 45 time 1602619700
0.0014200353557188529
0.0014729226201723507
0.0018877956594246053
0.002331917006765314
GEN 46 time 1602619702
0.0014200353557188529
0.0014729226201723507
0.0018877956594246053
0.002331917006765314
GEN 47 time 1602619704
0.0014200353557188529
0.0014729226201723507
0.0018877956594246053
0.002331917006765314
GEN 48 time 1602619706
0.0014200353557188529
0.0014729226201723507
0.0018877956594246053
0.002331917006765314
GEN 49 time 1602619708
0.0014200353557188529
0.0014729226201723507
0.0018877956594246053
0.002331917006765314
GEN 50 time 1602619709
0.0014200353557188529
0.0014729226201723507
0.0018877956594246053
0.002270599057569113
GEN 51 time 1602619711
0.0014200353557188529
0.0014729226201723507
0.0018877956594246053
0.002270599057569113
GEN 52 time 1602619713
0.0014200353557188529
0.0014729226201723507
0.0018877956594246053
0.002270599057569113
GEN 53 time 1602619715
0.0014200353557188529
0.0014729226201723507
0.0018591739133514377
0.002270599057569113
GEN 54 time 1602619717
0.0014200353557188529
0.0014729226201723507
0.0018591739133514377
0.002270599057569113
GEN 55 time 1602619719
0.0014200353557188529
0.0014729226201723507
0.0018591739133514377
0.002270599057569113
GEN 56 time 1602619721
0.0014200353557188529
0.0014729226201723507
0.0018591739133514377
0.002270599057569113
GEN 57 time 1602619723
0.0013580201026867158
0.0014729226201723507
0.0018591739133514377
0.002270599057569113
GEN 58 time 1602619725
0.0013580201026867158
0.0014729226201723507
0.0018591739133514377
0.002270599057569113
GEN 59 time 1602619727
0.0013580201026867158
0.0014729226201723507
0.0018218924312337122
0.002270599057569113
GEN 60 time 1602619729
0.0013089946016198453
0.0014729226201723507
0.0018218924312337122
0.002270599057569113
GEN 61 time 1602619731
0.0013089946016198453
0.0014729226201723507
0.0018218924312337122
0.002270599057569113
GEN 62 time 1602619733
0.001305213236732858
0.0014729226201723507
0.0018218924312337122
0.002270599057569113
GEN 63 time 1602619734
0.001305213236732858
0.0014729226201723507
0.0018218924312337122
0.002270599057569113
GEN 64 time 1602619736
0.001305213236732858
0.0014729226201723507
0.0018218924312337122
0.002270599057569113
GEN 65 time 1602619738
0.001305213236732858
0.0014729226201723507
0.0018218924312337122
0.002270599057569113
GEN 66 time 1602619740
0.001305213236732858
0.0014729226201723507
0.0018218924312337122
0.002270599057569113
GEN 67 time 1602619742
0.001305213236732858
0.0014729226201723507
0.0018218924312337122
0.002270599057569113
GEN 68 time 1602619744
0.001305213236732858
0.0014729226201723507
0.0018218924312337122
0.002270599057569113
GEN 69 time 1602619746
0.001305213236732858
0.0014729226201723507
0.0018218924312337122
0.002270599057569113
GEN 70 time 1602619748
0.001305213236732858
0.0014729226201723507
0.0018218924312337122
0.002270599057569113
GEN 71 time 1602619749
0.001305213236732858
0.0014729226201723507
0.0018218924312337122
0.002270599057569113
GEN 72 time 1602619751
0.001305213236732858
0.0014729226201723507
0.0018168591657516853
0.002270599057569113
GEN 73 time 1602619753
0.001305213236732858
0.0014729226201723507
0.0018163628026304827
0.002270599057569113
GEN 74 time 1602619755
0.001305213236732858
0.0014729226201723507
0.0018163628026304827
0.002270599057569113
GEN 75 time 1602619757
0.001305213236732858
0.0014729226201723507
0.0018163628026304827
0.002270599057569113
GEN 76 time 1602619759
0.001305213236732858
0.0014729226201723507
0.0018163628026304827
0.002270599057569113
GEN 77 time 1602619761
0.001305213236732858
0.0014729226201723507
0.0018163628026304827
0.002270599057569113
GEN 78 time 1602619762
0.001305213236732858
0.0014729226201723507
0.0018163628026304827
0.002270599057569113
GEN 79 time 1602619764
0.001305213236732858
0.0014729226201723507
0.0018163628026304827
0.002270599057569113
GEN 80 time 1602619766
0.001305213236732858
0.0014729226201723507
0.0018163628026304827
0.002270599057569113
GEN 81 time 1602619768
0.001305213236732858
0.0014729226201723507
0.0018163628026304827
0.002070579057569113
GEN 82 time 1602619770
0.0012482175476285072
0.0014729226201723507
0.0018163628026304827
0.002070579057569113
GEN 83 time 1602619772
0.001242004591752547
0.0014729226201723507
0.0018163628026304827
0.002070579057569113
GEN 84 time 1602619774
0.001242004591752547
0.0014729226201723507
0.0018163628026304827
0.002070579057569113
GEN 85 time 1602619776
0.001242004591752547
0.0014729226201723507
0.0016168391657516853
0.002070579057569113
GEN 86 time 1602619778
0.001242004591752547
0.0014729226201723507
0.0016168391657516853
0.002070579057569113
GEN 87 time 1602619779
0.001242004591752547
0.0014729226201723507
0.0016168391657516853
0.002070579057569113
GEN 88 time 1602619781
0.001242004591752547
0.0014729226201723507
0.0016168391657516853
0.002070579057569113
GEN 89 time 1602619783
0.001242004591752547
0.0014729226201723507
0.0016168391657516853
0.002070579057569113
GEN 90 time 1602619785
0.001242004591752547
0.0014729226201723507
0.0016168391657516853
0.002070579057569113
GEN 91 time 1602619787
0.001242004591752547
0.0014729226201723507
0.0016168391657516853
0.002070579057569113
GEN 92 time 1602619789
0.001242004591752547
0.0014729226201723507
0.0016168391657516853
0.002070579057569113
GEN 93 time 1602619791
0.001242004591752547
0.0014729226201723507
0.0016168391657516853
0.002070579057569113
GEN 94 time 1602619793
0.001242004591752547
0.0014729226201723507
0.0016168391657516853
0.002070579057569113
GEN 95 time 1602619794
0.001242004591752547
0.0014729226201723507
0.0016168391657516853
0.002070579057569113
GEN 96 time 1602619796
0.001242004591752547
0.0014729226201723507
0.0016168391657516853
0.002070579057569113
GEN 97 time 1602619798
0.001242004591752547
0.0014729226201723507
0.0016168391657516853
0.002070579057569113
GEN 98 time 1602619800
0.001242004591752547
0.0014729226201723507
0.0016168391657516853
0.002070579057569113
GEN 99 time 1602619802
0.001242004591752547
0.0014729226201723507
0.0016168391657516853
0.002070579057569113
GEN 100 time 1602619804
0.001242004591752547
0.0014729226201723507
0.0016168391657516853
0.002070579057569113
GEN 101 time 1602619806
0.001242004591752547
0.0014729226201723507
0.0016168391657516853
0.002070579057569113
GEN 102 time 1602619808
0.001242004591752547
0.0014729226201723507
0.0016168391657516853
0.002070579057569113
GEN 103 time 1602619809
0.001242004591752547
0.0014729226201723507
0.0016168391657516853
0.002070579057569113
GEN 104 time 1602619811
0.001242004591752547
0.0014729226201723507
0.0016168391657516853
0.002070579057569113
GEN 105 time 1602619813
0.001242004591752547
0.0014729226201723507
0.0016168391657516853
0.002070579057569113
GEN 106 time 1602619815
0.001242004591752547
0.0014729226201723507
0.0016168391657516853
0.002070579057569113
GEN 107 time 1602619817
0.001242004591752547
0.0014729226201723507
0.0016168391657516853
0.002070579057569113
GEN 108 time 1602619819
0.001242004591752547
0.0014729226201723507
0.0016168391657516853
0.002070579057569113
GEN 109 time 1602619821
0.001242004591752547
0.0014729226201723507
0.0016168391657516853
0.002070579057569113
GEN 110 time 1602619823
0.001242004591752547
0.0014729226201723507
0.0016168391657516853
0.002070579057569113
GEN 111 time 1602619825
0.001242004591752547
0.0014729226201723507
0.0016168391657516853
0.002070579057569113
GEN 112 time 1602619826
0.001242004591752547
0.0014729226201723507
0.0016168391657516853
0.002070579057569113
GEN 113 time 1602619828
0.001242004591752547
0.0014729226201723507
0.0016168391657516853
0.002070579057569113
GEN 114 time 1602619830
0.001242004591752547
0.0014729226201723507
0.0016168391657516853
0.002070579057569113
GEN 115 time 1602619832
0.001242004591752547
0.0014729226201723507
0.0016168391657516853
0.002070579057569113
GEN 116 time 1602619834
0.001242004591752547
0.0014729226201723507
0.0016168391657516853
0.002070579057569113
GEN 117 time 1602619836
0.001242004591752547
0.0014729226201723507
0.0016168391657516853
0.002070579057569113
GEN 118 time 1602619838
0.001242004591752547
0.0014729226201723507
0.0016168391657516853
0.002070579057569113
GEN 119 time 1602619840
0.001242004591752547
0.0014729226201723507
0.0016168391657516853
0.002070579057569113
GEN 120 time 1602619842
0.001242004591752547
0.0014729226201723507
0.0016168391657516853
0.002070579057569113
GEN 121 time 1602619844
0.001242004591752547
0.0014729226201723507
0.0016168391657516853
0.002070579057569113
GEN 122 time 1602619846
0.001242004591752547
0.0014729226201723507
0.0016168391657516853
0.002070579057569113
GEN 123 time 1602619847
0.001242004591752547
0.0014729226201723507
0.0016168391657516853
0.002070579057569113
GEN 124 time 1602619849
0.001242004591752547
0.0014729226201723507
0.0016168391657516853
0.002070579057569113
GEN 125 time 1602619851
0.001242004591752547
0.0014729226201723507
0.0016168391657516853
0.002070579057569113
GEN 126 time 1602619853
0.001242004591752547
0.0014729226201723507
0.0016168391657516853
0.002070579057569113
GEN 127 time 1602619855
0.001242004591752547
0.0014729226201723507
0.0016168391657516853
0.002070579057569113
GEN 128 time 1602619857
0.001242004591752547
0.0014729226201723507
0.0016168391657516853
0.002070579057569113
GEN 129 time 1602619859
0.001242004591752547
0.0014729226201723507
0.0016168391657516853
0.002070579057569113
GEN 130 time 1602619861
0.001242004591752547
0.0014729226201723507
0.0016168391657516853
0.002070579057569113
GEN 131 time 1602619863
0.001242004591752547
0.0014729226201723507
0.0016168391657516853
0.002070579057569113
GEN 132 time 1602619865
0.001242004591752547
0.0014729226201723507
0.0016168391657516853
0.002070579057569113
GEN 133 time 1602619866
0.001242004591752547
0.0014729226201723507
0.0016168391657516853
0.002070579057569113
GEN 134 time 1602619868
0.001242004591752547
0.0014729226201723507
0.0016168391657516853
0.002070579057569113
GEN 135 time 1602619870
0.001242004591752547
0.0014729226201723507
0.0016168391657516853
0.002070579057569113
GEN 136 time 1602619872
0.001242004591752547
0.0014729226201723507
0.0016168391657516853
0.002070579057569113
GEN 137 time 1602619874
0.001242004591752547
0.0014729226201723507
0.0016168391657516853
0.002070579057569113
GEN 138 time 1602619876
0.001242004591752547
0.0014729226201723507
0.0016168391657516853
0.002070579057569113
GEN 139 time 1602619878
0.001242004591752547
0.0014729226201723507
0.0016168391657516853
0.002070579057569113
GEN 140 time 1602619880
0.001242004591752547
0.0014729226201723507
0.0016168391657516853
0.002070579057569113
GEN 141 time 1602619882
0.001242004591752547
0.0014729226201723507
0.0016168391657516853
0.002070579057569113
GEN 142 time 1602619884
0.001242004591752547
0.0014729226201723507
0.0016168391657516853
0.002070579057569113
GEN 143 time 1602619886
0.001242004591752547
0.0014729226201723507
0.0016168391657516853
0.002070579057569113
GEN 144 time 1602619888
0.001242004591752547
0.0014729226201723507
0.0016168391657516853
0.002070579057569113
GEN 145 time 1602619889
0.001242004591752547
0.0014729226201723507
0.0016168391657516853
0.002070579057569113
GEN 146 time 1602619891
0.001242004591752547
0.0014729226201723507
0.0016168391657516853
0.002070579057569113
GEN 147 time 1602619893
0.001242004591752547
0.0014729226201723507
0.0016168391657516853
0.002070579057569113
GEN 148 time 1602619895
0.001242004591752547
0.0014729226201723507
0.0016168391657516853
0.002070579057569113
GEN 149 time 1602619897
0.001242004591752547
0.0014729226201723507
0.0016168391657516853
0.002070579057569113
GEN 150 time 1602619899
0.001242004591752547
0.0014729226201723507
0.0016168391657516853
0.002070579057569113
GEN 151 time 1602619901
0.001242004591752547
0.0014729226201723507
0.0016168391657516853
0.002070579057569113
GEN 152 time 1602619903
0.001242004591752547
0.0014729226201723507
0.0016168391657516853
0.002070579057569113
GEN 153 time 1602619905
0.001242004591752547
0.0014729226201723507
0.0016168391657516853
0.002070579057569113
GEN 154 time 1602619907
0.001242004591752547
0.0014729226201723507
0.0016168391657516853
0.002070579057569113
GEN 155 time 1602619909
0.001242004591752547
0.0014729226201723507
0.0016168391657516853
0.002070579057569113
GEN 156 time 1602619910
0.001242004591752547
0.0014729226201723507
0.0016168391657516853
0.002070579057569113
GEN 157 time 1602619912
0.001242004591752547
0.0014729226201723507
0.0016168391657516853
0.002070579057569113
GEN 158 time 1602619914
0.001242004591752547
0.0014729226201723507
0.0016168391657516853
0.002070579057569113
GEN 159 time 1602619916
0.001242004591752547
0.0014729226201723507
0.0016168391657516853
0.002070579057569113
GEN 160 time 1602619918
0.001242004591752547
0.0014729226201723507
0.0016168391657516853
0.002070579057569113
GEN 161 time 1602619920
0.001242004591752547
0.0014729226201723507
0.0016168391657516853
0.002070579057569113
GEN 162 time 1602619922
0.001242004591752547
0.0014729226201723507
0.0016168391657516853
0.002070579057569113
GEN 163 time 1602619924
0.001242004591752547
0.0014729226201723507
0.0016168391657516853
0.002070579057569113
GEN 164 time 1602619926
0.001242004591752547
0.0014729226201723507
0.0016168391657516853
0.002070579057569113
GEN 165 time 1602619928
0.001242004591752547
0.0014729226201723507
0.0016168391657516853
0.002070579057569113
GEN 166 time 1602619930
0.001242004591752547
0.0014729226201723507
0.0016168391657516853
0.002070579057569113
GEN 167 time 1602619931
0.001242004591752547
0.0014729226201723507
0.0016168391657516853
0.002070579057569113
GEN 168 time 1602619933
0.001242004591752547
0.0014729226201723507
0.0016168391657516853
0.002070579057569113
GEN 169 time 1602619935
0.001242004591752547
0.0014729226201723507
0.0016168391657516853
0.002070579057569113
GEN 170 time 1602619937
0.001242004591752547
0.0014729226201723507
0.0016168391657516853
0.002070579057569113
GEN 171 time 1602619939
0.001242004591752547
0.0014729226201723507
0.0016168391657516853
0.002070579057569113
GEN 172 time 1602619941
0.001242004591752547
0.0014729226201723507
0.0016168391657516853
0.002070579057569113
GEN 173 time 1602619943
0.001242004591752547
0.0014729226201723507
0.0016168391657516853
0.002070579057569113
GEN 174 time 1602619945
0.001242004591752547
0.0014729226201723507
0.0016168391657516853
0.002070579057569113
GEN 175 time 1602619947
0.001242004591752547
0.0014729226201723507
0.0016168391657516853
0.002070579057569113
GEN 176 time 1602619949
0.001242004591752547
0.0014729226201723507
0.0016168391657516853
0.002070579057569113
GEN 177 time 1602619951
0.001242004591752547
0.0014729226201723507
0.0016168391657516853
0.002070579057569113
GEN 178 time 1602619953
0.001242004591752547
0.0014729226201723507
0.0016168391657516853
0.002070579057569113
GEN 179 time 1602619955
0.001242004591752547
0.0014729226201723507
0.0016168391657516853
0.002070579057569113
GEN 180 time 1602619956
0.001242004591752547
0.0014729226201723507
0.0016168391657516853
0.002070579057569113
GEN 181 time 1602619958
0.001242004591752547
0.0014729226201723507
0.0016168391657516853
0.002070579057569113
GEN 182 time 1602619960
0.001242004591752547
0.0014729226201723507
0.0016168391657516853
0.002070579057569113
GEN 183 time 1602619962
0.001242004591752547
0.0014729226201723507
0.0016168391657516853
0.002070579057569113
GEN 184 time 1602619964
0.001242004591752547
0.0014729226201723507
0.0016168391657516853
0.002070579057569113
GEN 185 time 1602619966
0.001242004591752547
0.0014729226201723507
0.0016168391657516853
0.002070579057569113
GEN 186 time 1602619968
0.001242004591752547
0.0014729226201723507
0.0016168391657516853
0.002070579057569113
GEN 187 time 1602619970
0.001242004591752547
0.0014729226201723507
0.0016168391657516853
0.002070579057569113
GEN 188 time 1602619972
0.001242004591752547
0.0014729226201723507
0.0016168391657516853
0.002070579057569113
GEN 189 time 1602619974
0.001242004591752547
0.0014729226201723507
0.0016168391657516853
0.002070579057569113
GEN 190 time 1602619976
0.001242004591752547
0.0014729226201723507
0.0016168391657516853
0.002070579057569113
GEN 191 time 1602619978
0.001242004591752547
0.0014729226201723507
0.0016168391657516853
0.002070579057569113
GEN 192 time 1602619980
0.001242004591752547
0.0014729226201723507
0.0016168391657516853
0.002070579057569113
GEN 193 time 1602619982
0.001242004591752547
0.0014729226201723507
0.0016168391657516853
0.002070579057569113
GEN 194 time 1602619984
0.001242004591752547
0.0014729226201723507
0.0016168391657516853
0.002070579057569113
GEN 195 time 1602619986
0.001242004591752547
0.0014729226201723507
0.0016168391657516853
0.002070579057569113
GEN 196 time 1602619988
0.001242004591752547
0.0014729226201723507
0.0016168391657516853
0.002070579057569113
GEN 197 time 1602619989
0.001242004591752547
0.0014729226201723507
0.0016168391657516853
0.002070579057569113
GEN 198 time 1602619991
0.001242004591752547
0.0014729226201723507
0.0016168391657516853
0.002070579057569113
GEN 199 time 1602619993
0.001242004591752547
0.0014729226201723507
0.0016168391657516853
0.002070579057569113
