['./data/small/layer/uu-dem3_r25_1.json', './data/small/hop/uu-dem5_r25_1_0.json', './data/small/hop/uu-dem3_r25_1_0.json', './data/small/hop/uu-dem8_r25_1_0.json']
GEN 0 time 1609902195
0.0017058410808370235
0.0012053169216760713
0.001273966350777727
0.0012019627259287932
GEN 1 time 1609902197
0.0017058410808370235
0.0012053169216760713
0.001273966350777727
0.0012019627259287932
GEN 2 time 1609902199
0.0017058410808370235
0.001143488498866294
0.001273966350777727
0.0010867326567759459
GEN 3 time 1609902201
0.0017058410808370235
0.001143488498866294
0.001250183512264344
0.0010867326567759459
GEN 4 time 1609902203
0.0017058410808370235
0.001106900160619208
0.001102628183677028
0.0010867326567759459
GEN 5 time 1609902206
0.0017058410808370235
0.001106900160619208
0.001102628183677028
0.0010867326567759459
GEN 6 time 1609902208
0.0017058410808370235
0.001106900160619208
0.001102628183677028
0.0010320878506540892
GEN 7 time 1609902210
0.0017058410808370235
0.001106900160619208
0.001102628183677028
0.0010320878506540892
GEN 8 time 1609902212
0.0017058410808370235
0.001106900160619208
0.0010812292482631628
0.0010320878506540892
GEN 9 time 1609902215
0.0017058410808370235
0.001106900160619208
0.0010812292482631628
0.0010320878506540892
GEN 10 time 1609902217
0.0017058410808370235
0.001106900160619208
0.0010757128612873662
0.0010320878506540892
GEN 11 time 1609902219
0.0017058410808370235
0.001106900160619208
0.0010757128612873662
0.0010320878506540892
GEN 12 time 1609902221
0.0017058410808370235
0.001106900160619208
0.0010548439580947955
0.0010304760983165634
GEN 13 time 1609902224
0.0017058410808370235
0.001106900160619208
0.0010437441039951572
0.0010304760983165634
GEN 14 time 1609902226
0.0017058410808370235
0.001106900160619208
0.0010437441039951572
0.0010304760983165634
GEN 15 time 1609902228
0.0017058410808370235
0.001106900160619208
0.0010437441039951572
0.0010304760983165634
GEN 16 time 1609902230
0.0017058410808370235
0.001106900160619208
0.0010437441039951572
0.0010304760983165634
GEN 17 time 1609902233
0.0017058410808370235
0.001106900160619208
0.0010437441039951572
0.0010304760983165634
GEN 18 time 1609902235
0.0017058410808370235
0.001106900160619208
0.0010437441039951572
0.0010304760983165634
GEN 19 time 1609902237
0.0017058410808370235
0.001052771686465652
0.0010437441039951572
0.001026489110231085
GEN 20 time 1609902239
0.0017058410808370235
0.001052771686465652
0.0010437441039951572
0.001026489110231085
GEN 21 time 1609902242
0.0017058410808370235
0.001052771686465652
0.0010368735592772582
0.001026489110231085
GEN 22 time 1609902244
0.0017058410808370235
0.001052771686465652
0.0010368735592772582
0.0010210715720508966
GEN 23 time 1609902246
0.0017058410808370235
0.001052771686465652
0.0010368735592772582
0.0010210715720508966
GEN 24 time 1609902248
0.0017058410808370235
0.001052771686465652
0.0010368735592772582
0.0010210715720508966
GEN 25 time 1609902250
0.0017058410808370235
0.001052771686465652
0.0010368735592772582
0.0010210715720508966
GEN 26 time 1609902253
0.0017058410808370235
0.001052771686465652
0.0010368735592772582
0.0010210715720508966
GEN 27 time 1609902255
0.0017058410808370235
0.001052771686465652
0.0009771434576621122
0.0010210715720508966
GEN 28 time 1609902257
0.0017058410808370235
0.001052771686465652
0.0009771434576621122
0.0010210715720508966
GEN 29 time 1609902259
0.0017058410808370235
0.001052771686465652
0.0009771434576621122
0.0010210715720508966
GEN 30 time 1609902261
0.0017058410808370235
0.001052771686465652
0.0009771434576621122
0.0010210715720508966
GEN 31 time 1609902264
0.0017058410808370235
0.001052771686465652
0.0009771434576621122
0.0010210715720508966
GEN 32 time 1609902266
0.0017058410808370235
0.001052771686465652
0.0009771434576621122
0.0010210715720508966
GEN 33 time 1609902268
0.0017058410808370235
0.001052771686465652
0.0009771434576621122
0.0010210715720508966
GEN 34 time 1609902270
0.0017058410808370235
0.001052771686465652
0.0009771434576621122
0.0010210715720508966
GEN 35 time 1609902273
0.0017058410808370235
0.001052771686465652
0.0009771434576621122
0.0010019427259287932
GEN 36 time 1609902275
0.0017058410808370235
0.001052771686465652
0.0009771434576621122
0.0010019427259287932
GEN 37 time 1609902277
0.0017058410808370235
0.001052771686465652
0.0009771434576621122
0.0010019427259287932
GEN 38 time 1609902279
0.0017058410808370235
0.001052771686465652
0.0009771434576621122
0.0010019427259287932
GEN 39 time 1609902281
0.0017058410808370235
0.001052771686465652
0.0009771434576621122
0.0010019427259287932
GEN 40 time 1609902283
0.0017058410808370235
0.001052771686465652
0.0009771434576621122
0.0010019427259287932
GEN 41 time 1609902286
0.0017058410808370235
0.001052771686465652
0.0009771434576621122
0.0010019427259287932
GEN 42 time 1609902288
0.0017058410808370235
0.001052771686465652
0.0009771434576621122
0.0010019427259287932
GEN 43 time 1609902290
0.0017058410808370235
0.001052771686465652
0.0009771434576621122
0.0010019427259287932
GEN 44 time 1609902292
0.0017058410808370235
0.001052771686465652
0.000873804615395759
0.0010019427259287932
GEN 45 time 1609902294
0.0017058410808370235
0.001052771686465652
0.000873804615395759
0.0010019427259287932
GEN 46 time 1609902297
0.0017058410808370235
0.0010137919815232667
0.000873804615395759
0.0010019427259287932
GEN 47 time 1609902299
0.0017058410808370235
0.0010137919815232667
0.000873804615395759
0.0010019427259287932
GEN 48 time 1609902301
0.0017058410808370235
0.0010137919815232667
0.000873804615395759
0.0010019427259287932
GEN 49 time 1609902303
0.0017058410808370235
0.0010137919815232667
0.000873804615395759
0.0010019427259287932
GEN 50 time 1609902305
0.0017058410808370235
0.0010137919815232667
0.000873804615395759
0.0010019427259287932
GEN 51 time 1609902308
0.0017058410808370235
0.0010137919815232667
0.000873804615395759
0.0010019427259287932
GEN 52 time 1609902310
0.0017058410808370235
0.0010137919815232667
0.000873804615395759
0.0010019427259287932
GEN 53 time 1609902312
0.0017058410808370235
0.0010137919815232667
0.000873804615395759
0.0010019427259287932
GEN 54 time 1609902314
0.0017058410808370235
0.0010137919815232667
0.000873804615395759
0.0010019427259287932
GEN 55 time 1609902316
0.0017058410808370235
0.0010137919815232667
0.000873804615395759
0.0010019427259287932
GEN 56 time 1609902318
0.0017058410808370235
0.0010137919815232667
0.000873804615395759
0.0010019427259287932
GEN 57 time 1609902321
0.0017058410808370235
0.0010137919815232667
0.000873804615395759
0.0010019427259287932
GEN 58 time 1609902323
0.0017058410808370235
0.0010137919815232667
0.000873804615395759
0.0010019427259287932
GEN 59 time 1609902325
0.0017058410808370235
0.0010137919815232667
0.000873804615395759
0.0010019427259287932
GEN 60 time 1609902327
0.0017058410808370235
0.0010137919815232667
0.000873804615395759
0.0010019427259287932
GEN 61 time 1609902329
0.0017058410808370235
0.0010137919815232667
0.000873804615395759
0.0010019427259287932
GEN 62 time 1609902332
0.0017058410808370235
0.0010137919815232667
0.000873804615395759
0.0010019427259287932
GEN 63 time 1609902334
0.0017058410808370235
0.0010137919815232667
0.000873804615395759
0.0010019427259287932
GEN 64 time 1609902336
0.0017058410808370235
0.0010137919815232667
0.000873804615395759
0.0010019427259287932
GEN 65 time 1609902338
0.0017058410808370235
0.0010137919815232667
0.000873804615395759
0.0010019427259287932
GEN 66 time 1609902340
0.0017058410808370235
0.0010137919815232667
0.000873804615395759
0.0009712376007952087
GEN 67 time 1609902342
0.0017058410808370235
0.0010137919815232667
0.000873804615395759
0.0009712376007952087
GEN 68 time 1609902345
0.0017058410808370235
0.0010137919815232667
0.000873804615395759
0.0009712376007952087
GEN 69 time 1609902347
0.0017058410808370235
0.0010137919815232667
0.0008435029209072024
0.0008991076012352038
GEN 70 time 1609902349
0.0017058410808370235
0.0010137919815232667
0.0008435029209072024
0.0008991076012352038
GEN 71 time 1609902351
0.0017058410808370235
0.0010137919815232667
0.0008435029209072024
0.0008991076012352038
GEN 72 time 1609902354
0.0017058410808370235
0.0010137919815232667
0.0008435029209072024
0.0008991076012352038
GEN 73 time 1609902356
0.0017058410808370235
0.0010137919815232667
0.0008435029209072024
0.0008991076012352038
GEN 74 time 1609902358
0.0017058410808370235
0.0010137919815232667
0.0008435029209072024
0.0008991076012352038
GEN 75 time 1609902360
0.0017058410808370235
0.0010137919815232667
0.0008435029209072024
0.0008991076012352038
GEN 76 time 1609902362
0.0017058410808370235
0.0010137919815232667
0.0008435029209072024
0.0008991076012352038
GEN 77 time 1609902365
0.0017058410808370235
0.0010137919815232667
0.0008435029209072024
0.0008991076012352038
GEN 78 time 1609902367
0.0017058410808370235
0.0010137919815232667
0.0008435029209072024
0.0008991076012352038
GEN 79 time 1609902369
0.0017058410808370235
0.0010137919815232667
0.0008435029209072024
0.0008991076012352038
GEN 80 time 1609902371
0.0017058410808370235
0.0010137919815232667
0.0008435029209072024
0.0008991076012352038
GEN 81 time 1609902373
0.0017058410808370235
0.0010137919815232667
0.0008435029209072024
0.0008991076012352038
GEN 82 time 1609902376
0.0017058410808370235
0.0010137919815232667
0.0008435029209072024
0.0008991076012352038
GEN 83 time 1609902378
0.0017058410808370235
0.0010137919815232667
0.0008435029209072024
0.0008991076012352038
GEN 84 time 1609902380
0.0017058410808370235
0.0010137919815232667
0.0008435029209072024
0.0008991076012352038
GEN 85 time 1609902382
0.0017058410808370235
0.0010137919815232667
0.0008435029209072024
0.0008991076012352038
GEN 86 time 1609902384
0.0017058410808370235
0.0010137919815232667
0.0008435029209072024
0.0008991076012352038
GEN 87 time 1609902387
0.0017058410808370235
0.0010137919815232667
0.0008435029209072024
0.0008991076012352038
GEN 88 time 1609902389
0.0017058410808370235
0.0010137919815232667
0.0008435029209072024
0.0008991076012352038
GEN 89 time 1609902391
0.0017058410808370235
0.0010137919815232667
0.0008435029209072024
0.0008991076012352038
GEN 90 time 1609902393
0.0017058410808370235
0.0010137919815232667
0.0008435029209072024
0.0008991076012352038
GEN 91 time 1609902395
0.0017058410808370235
0.0010137919815232667
0.0008435029209072024
0.0008991076012352038
GEN 92 time 1609902398
0.0017058410808370235
0.0010137919815232667
0.0008435029209072024
0.0008991076012352038
GEN 93 time 1609902400
0.0017058410808370235
0.0010137919815232667
0.0008435029209072024
0.0008991076012352038
GEN 94 time 1609902402
0.0017058410808370235
0.0010137919815232667
0.0008435029209072024
0.0008991076012352038
GEN 95 time 1609902404
0.0017058410808370235
0.0010137919815232667
0.0008435029209072024
0.0008991076012352038
GEN 96 time 1609902406
0.0017058410808370235
0.0010137919815232667
0.0008435029209072024
0.0008991076012352038
GEN 97 time 1609902409
0.0017058410808370235
0.0010137919815232667
0.0008435029209072024
0.0008991076012352038
GEN 98 time 1609902411
0.0017058410808370235
0.0010137919815232667
0.0008435029209072024
0.0008991076012352038
GEN 99 time 1609902413
0.0017058410808370235
0.0010137919815232667
0.0008435029209072024
0.0008991076012352038
GEN 100 time 1609902415
0.0017058410808370235
0.0010137919815232667
0.0008435029209072024
0.0008991076012352038
GEN 101 time 1609902418
0.0017058410808370235
0.0010137919815232667
0.0008435029209072024
0.0008991076012352038
GEN 102 time 1609902420
0.0017058410808370235
0.0009750474200755335
0.0008435029209072024
0.0008991076012352038
GEN 103 time 1609902422
0.0017058410808370235
0.0009750474200755335
0.0008435029209072024
0.0008991076012352038
GEN 104 time 1609902424
0.0017058410808370235
0.0009750474200755335
0.0008435029209072024
0.0008991076012352038
GEN 105 time 1609902426
0.0017058410808370235
0.0009750474200755335
0.0008435029209072024
0.0008991076012352038
GEN 106 time 1609902429
0.0017058410808370235
0.0009750474200755335
0.0008435029209072024
0.0008991076012352038
GEN 107 time 1609902431
0.0017058410808370235
0.000943468498866294
0.0008435029209072024
0.0008991076012352038
GEN 108 time 1609902433
0.0017058410808370235
0.000943468498866294
0.0008435029209072024
0.0008991076012352038
GEN 109 time 1609902435
0.0017058410808370235
0.000943468498866294
0.0008435029209072024
0.0008991076012352038
GEN 110 time 1609902438
0.0017058410808370235
0.000943468498866294
0.0008435029209072024
0.0008991076012352038
GEN 111 time 1609902440
0.0017058410808370235
0.000943468498866294
0.0008435029209072024
0.0008991076012352038
GEN 112 time 1609902442
0.0017058410808370235
0.000943468498866294
0.0008435029209072024
0.0008991076012352038
GEN 113 time 1609902444
0.0017058410808370235
0.000943468498866294
0.0008435029209072024
0.0008991076012352038
GEN 114 time 1609902446
0.0017058410808370235
0.000943468498866294
0.0008435029209072024
0.0008991076012352038
GEN 115 time 1609902449
0.0017058410808370235
0.000943468498866294
0.0008435029209072024
0.0008991076012352038
GEN 116 time 1609902451
0.0017058410808370235
0.000943468498866294
0.0008435029209072024
0.0008991076012352038
GEN 117 time 1609902453
0.0017058410808370235
0.000943468498866294
0.0008435029209072024
0.0008991076012352038
GEN 118 time 1609902455
0.0017058410808370235
0.000943468498866294
0.0008435029209072024
0.0008991076012352038
GEN 119 time 1609902458
0.0017058410808370235
0.000943468498866294
0.0008435029209072024
0.0008991076012352038
GEN 120 time 1609902460
0.0017058410808370235
0.000943468498866294
0.0008435029209072024
0.0008991076012352038
GEN 121 time 1609902462
0.0017058410808370235
0.000943468498866294
0.0008435029209072024
0.0008991076012352038
GEN 122 time 1609902464
0.0017058410808370235
0.000943468498866294
0.0008435029209072024
0.0008991076012352038
GEN 123 time 1609902467
0.0017058410808370235
0.000943468498866294
0.0008435029209072024
0.0008991076012352038
GEN 124 time 1609902469
0.0017058410808370235
0.000943468498866294
0.0008435029209072024
0.0008991076012352038
GEN 125 time 1609902471
0.0017058410808370235
0.000943468498866294
0.0008435029209072024
0.0008991076012352038
GEN 126 time 1609902473
0.0017058410808370235
0.000943468498866294
0.0008435029209072024
0.0008991076012352038
GEN 127 time 1609902475
0.0017058410808370235
0.000943468498866294
0.0008435029209072024
0.0008991076012352038
GEN 128 time 1609902478
0.0017058410808370235
0.000943468498866294
0.0008435029209072024
0.0008991076012352038
GEN 129 time 1609902480
0.0017058410808370235
0.000943468498866294
0.0008435029209072024
0.0008991076012352038
GEN 130 time 1609902482
0.0017058410808370235
0.000943468498866294
0.0008435029209072024
0.0008991076012352038
GEN 131 time 1609902484
0.0017058410808370235
0.000943468498866294
0.0008435029209072024
0.0008991076012352038
GEN 132 time 1609902486
0.0017058410808370235
0.000943468498866294
0.0008435029209072024
0.0008991076012352038
GEN 133 time 1609902489
0.0017058410808370235
0.000943468498866294
0.0008435029209072024
0.0008991076012352038
GEN 134 time 1609902491
0.0017058410808370235
0.000943468498866294
0.0008435029209072024
0.0008991076012352038
GEN 135 time 1609902493
0.0017058410808370235
0.000943468498866294
0.0008435029209072024
0.0008991076012352038
GEN 136 time 1609902495
0.0017058410808370235
0.000943468498866294
0.0008435029209072024
0.0008991076012352038
GEN 137 time 1609902498
0.0017058410808370235
0.000943468498866294
0.0008435029209072024
0.0008991076012352038
GEN 138 time 1609902500
0.0017058410808370235
0.000943468498866294
0.0008435029209072024
0.0008991076012352038
GEN 139 time 1609902502
0.0017058410808370235
0.000943468498866294
0.0008435029209072024
0.0008991076012352038
GEN 140 time 1609902504
0.0017058410808370235
0.000943468498866294
0.0008435029209072024
0.0008991076012352038
GEN 141 time 1609902506
0.0017058410808370235
0.000943468498866294
0.0008435029209072024
0.0008991076012352038
GEN 142 time 1609902509
0.0017058410808370235
0.000943468498866294
0.0008435029209072024
0.0008991076012352038
GEN 143 time 1609902511
0.0017058410808370235
0.000943468498866294
0.0008435029209072024
0.0008991076012352038
GEN 144 time 1609902513
0.0017058410808370235
0.000943468498866294
0.0008435029209072024
0.0008991076012352038
GEN 145 time 1609902515
0.0017058410808370235
0.000943468498866294
0.0008435029209072024
0.0008991076012352038
GEN 146 time 1609902517
0.0017058410808370235
0.000943468498866294
0.0008435029209072024
0.0008991076012352038
GEN 147 time 1609902520
0.0017058410808370235
0.000943468498866294
0.0008435029209072024
0.0008991076012352038
GEN 148 time 1609902522
0.0017058410808370235
0.000943468498866294
0.0008435029209072024
0.0008991076012352038
GEN 149 time 1609902524
0.0017058410808370235
0.000943468498866294
0.0008435029209072024
0.0008991076012352038
GEN 150 time 1609902526
0.0017058410808370235
0.000943468498866294
0.0008435029209072024
0.0008991076012352038
GEN 151 time 1609902529
0.0017058410808370235
0.000943468498866294
0.0008435029209072024
0.0008991076012352038
GEN 152 time 1609902531
0.0017058410808370235
0.000943468498866294
0.0008435029209072024
0.0008991076012352038
GEN 153 time 1609902533
0.0017058410808370235
0.000943468498866294
0.0008435029209072024
0.0008991076012352038
GEN 154 time 1609902535
0.0017058410808370235
0.000943468498866294
0.0008435029209072024
0.0008991076012352038
GEN 155 time 1609902537
0.0017058410808370235
0.000943468498866294
0.0008435029209072024
0.0008991076012352038
GEN 156 time 1609902540
0.0017058410808370235
0.000943468498866294
0.0008435029209072024
0.0008991076012352038
GEN 157 time 1609902542
0.0017058410808370235
0.000943468498866294
0.0008435029209072024
0.0008991076012352038
GEN 158 time 1609902544
0.0017058410808370235
0.000943468498866294
0.0008435029209072024
0.0008991076012352038
GEN 159 time 1609902546
0.0017058410808370235
0.000943468498866294
0.0008435029209072024
0.0008991076012352038
GEN 160 time 1609902548
0.0017058410808370235
0.000943468498866294
0.0008435029209072024
0.0008991076012352038
GEN 161 time 1609902551
0.0017058410808370235
0.000943468498866294
0.0008435029209072024
0.0008991076012352038
GEN 162 time 1609902553
0.0017058410808370235
0.000943468498866294
0.0008435029209072024
0.0008991076012352038
GEN 163 time 1609902555
0.0017058410808370235
0.000943468498866294
0.0008435029209072024
0.0008991076012352038
GEN 164 time 1609902557
0.0017058410808370235
0.000943468498866294
0.0008435029209072024
0.0008991076012352038
GEN 165 time 1609902559
0.0017058410808370235
0.000943468498866294
0.0008435029209072024
0.0008991076012352038
GEN 166 time 1609902562
0.0017058410808370235
0.000943468498866294
0.0008435029209072024
0.0008991076012352038
GEN 167 time 1609902564
0.0017058410808370235
0.000943468498866294
0.0008435029209072024
0.0008991076012352038
GEN 168 time 1609902566
0.0017058410808370235
0.000943468498866294
0.0008435029209072024
0.0008991076012352038
GEN 169 time 1609902568
0.0017058410808370235
0.000943468498866294
0.0008435029209072024
0.0008991076012352038
GEN 170 time 1609902570
0.0017058410808370235
0.000943468498866294
0.0008435029209072024
0.0008991076012352038
GEN 171 time 1609902573
0.0017058410808370235
0.000943468498866294
0.0008435029209072024
0.0008991076012352038
GEN 172 time 1609902575
0.0017058410808370235
0.000943468498866294
0.0008435029209072024
0.0008991076012352038
GEN 173 time 1609902577
0.0017058410808370235
0.000943468498866294
0.0008435029209072024
0.0008991076012352038
GEN 174 time 1609902579
0.0017058410808370235
0.000943468498866294
0.0008435029209072024
0.0008991076012352038
GEN 175 time 1609902582
0.0017058410808370235
0.000943468498866294
0.0008435029209072024
0.0008991076012352038
GEN 176 time 1609902584
0.0017058410808370235
0.000943468498866294
0.0008435029209072024
0.0008991076012352038
GEN 177 time 1609902586
0.0017058410808370235
0.000943468498866294
0.0008435029209072024
0.0008991076012352038
GEN 178 time 1609902588
0.0017058410808370235
0.000943468498866294
0.0008435029209072024
0.0008991076012352038
GEN 179 time 1609902590
0.0017058410808370235
0.000943468498866294
0.0008435029209072024
0.0008991076012352038
GEN 180 time 1609902593
0.0017058410808370235
0.000943468498866294
0.0008435029209072024
0.0008991076012352038
GEN 181 time 1609902595
0.0017058410808370235
0.000943468498866294
0.0008435029209072024
0.0008991076012352038
GEN 182 time 1609902597
0.0017058410808370235
0.000943468498866294
0.0008435029209072024
0.0008991076012352038
GEN 183 time 1609902599
0.0017058410808370235
0.000943468498866294
0.0008435029209072024
0.0008991076012352038
GEN 184 time 1609902601
0.0017058410808370235
0.000943468498866294
0.0008435029209072024
0.0008991076012352038
GEN 185 time 1609902604
0.0017058410808370235
0.000943468498866294
0.0008435029209072024
0.0008991076012352038
GEN 186 time 1609902606
0.0017058410808370235
0.000943468498866294
0.0008435029209072024
0.0008991076012352038
GEN 187 time 1609902608
0.0017058410808370235
0.000943468498866294
0.0008435029209072024
0.0008991076012352038
GEN 188 time 1609902610
0.0017058410808370235
0.000943468498866294
0.0008435029209072024
0.0008991076012352038
GEN 189 time 1609902612
0.0017058410808370235
0.000943468498866294
0.0008435029209072024
0.0008991076012352038
GEN 190 time 1609902615
0.0017058410808370235
0.000943468498866294
0.0008435029209072024
0.0008991076012352038
GEN 191 time 1609902617
0.0017058410808370235
0.000943468498866294
0.0008435029209072024
0.0008991076012352038
GEN 192 time 1609902619
0.0017058410808370235
0.000943468498866294
0.0008435029209072024
0.0008991076012352038
GEN 193 time 1609902621
0.0017058410808370235
0.000943468498866294
0.0008435029209072024
0.0008991076012352038
GEN 194 time 1609902623
0.0017058410808370235
0.000943468498866294
0.0008435029209072024
0.0008991076012352038
GEN 195 time 1609902626
0.0017058410808370235
0.000943468498866294
0.0008435029209072024
0.0008991076012352038
GEN 196 time 1609902628
0.0017058410808370235
0.000943468498866294
0.0008435029209072024
0.0008991076012352038
GEN 197 time 1609902630
0.0017058410808370235
0.000943468498866294
0.0008435029209072024
0.0008991076012352038
GEN 198 time 1609902632
0.0017058410808370235
0.000943468498866294
0.0008435029209072024
0.0008991076012352038
GEN 199 time 1609902635
0.0017058410808370235
0.000943468498866294
0.0008435029209072024
0.0008991076012352038
