['./data/small/layer/uu-dem8_r25_1.json', './data/small/hop/uu-dem10_r25_1_0.json', './data/small/hop/uu-dem6_r25_1_0.json', './data/small/hop/uu-dem3_r25_1_0.json']
GEN 0 time 1611354651
0.0019331241698611365
0.0016080744680283979
0.0010944952450147817
0.001259912015862762
GEN 1 time 1611354653
0.0019331241698611365
0.0016080744680283979
0.0010944952450147817
0.0012113556804637404
GEN 2 time 1611354656
0.0019331241698611365
0.0016080744680283979
0.0010917139226502082
0.0012113556804637404
GEN 3 time 1611354659
0.0019331241698611365
0.0014826813488801804
0.0010917139226502082
0.0012113556804637404
GEN 4 time 1611354661
0.0019331241698611365
0.0014826813488801804
0.0010917139226502082
0.0012113556804637404
GEN 5 time 1611354664
0.0019331241698611365
0.0014826813488801804
0.0010917139226502082
0.0012113556804637404
GEN 6 time 1611354667
0.0019331241698611365
0.0014826813488801804
0.0010917139226502082
0.0012113556804637404
GEN 7 time 1611354669
0.0019331241698611365
0.0014826813488801804
0.0010917139226502082
0.0012113556804637404
GEN 8 time 1611354672
0.0019331241698611365
0.0014826813488801804
0.0010917139226502082
0.0012113556804637404
GEN 9 time 1611354675
0.0019331241698611365
0.0014826813488801804
0.0010871603266982006
0.0012113556804637404
GEN 10 time 1611354678
0.0019331241698611365
0.0014826813488801804
0.0010871603266982006
0.0012113556804637404
GEN 11 time 1611354680
0.0019331241698611365
0.0014449349169296144
0.001073595624111229
0.0012113556804637404
GEN 12 time 1611354683
0.0019331241698611365
0.0014230840399722807
0.0010628730765869887
0.0012081419689836733
GEN 13 time 1611354686
0.0019331241698611365
0.0014230840399722807
0.0010628730765869887
0.0012081419689836733
GEN 14 time 1611354689
0.0019331241698611365
0.0014230840399722807
0.0010361946765381257
0.0012024354484566511
GEN 15 time 1611354691
0.0019331241698611365
0.0014149306600094193
0.0010361946765381257
0.0012024354484566511
GEN 16 time 1611354694
0.0019331241698611365
0.0014149306600094193
0.0010361946765381257
0.0012024354484566511
GEN 17 time 1611354697
0.0019331241698611365
0.0014085993002828073
0.0010361946765381257
0.0012024354484566511
GEN 18 time 1611354699
0.0019331241698611365
0.0012565986289982914
0.0010361946765381257
0.0012024354484566511
GEN 19 time 1611354702
0.0019331241698611365
0.0012565986289982914
0.0010361946765381257
0.0010522760968985985
GEN 20 time 1611354705
0.0019331241698611365
0.0012565986289982914
0.0010361946765381257
0.0010453460706766656
GEN 21 time 1611354707
0.0019331241698611365
0.0012565986289982914
0.0010361946765381257
0.0010453460706766656
GEN 22 time 1611354710
0.0019331241698611365
0.0012565986289982914
0.0010361946765381257
0.0010453460706766656
GEN 23 time 1611354713
0.0019331241698611365
0.0012565986289982914
0.0010361946765381257
0.0010453460706766656
GEN 24 time 1611354716
0.0019331241698611365
0.0012565986289982914
0.0010361946765381257
0.0010453460706766656
GEN 25 time 1611354718
0.0019331241698611365
0.0012565986289982914
0.0010361946765381257
0.0010453460706766656
GEN 26 time 1611354721
0.0019331241698611365
0.0012565986289982914
0.0010361946765381257
0.0010453460706766656
GEN 27 time 1611354724
0.0019331241698611365
0.0012565986289982914
0.0010361946765381257
0.0010453460706766656
GEN 28 time 1611354726
0.0019331241698611365
0.0012565986289982914
0.0010361946765381257
0.0010453460706766656
GEN 29 time 1611354729
0.0019331241698611365
0.0012565986289982914
0.0010187907631688518
0.0010453460706766656
GEN 30 time 1611354732
0.0019331241698611365
0.0012230640399722805
0.0010187907631688518
0.0010453460706766656
GEN 31 time 1611354735
0.0019331241698611365
0.0012230640399722805
0.0010105324679277332
0.0010453460706766656
GEN 32 time 1611354737
0.0019331241698611365
0.0012230640399722805
0.0010105324679277332
0.001013702880725252
GEN 33 time 1611354740
0.0019331241698611365
0.0012230640399722805
0.0010105324679277332
0.001013702880725252
GEN 34 time 1611354743
0.0019331241698611365
0.0012230640399722805
0.0010105324679277332
0.001013702880725252
GEN 35 time 1611354746
0.0019331241698611365
0.0012230640399722805
0.0010105324679277332
0.001013702880725252
GEN 36 time 1611354748
0.0019331241698611365
0.0012230640399722805
0.0010105324679277332
0.001012260421749369
GEN 37 time 1611354751
0.0019331241698611365
0.0012230640399722805
0.0010105324679277332
0.001012260421749369
GEN 38 time 1611354754
0.0019331241698611365
0.0012230640399722805
0.0010105324679277332
0.0008974312539380394
GEN 39 time 1611354757
0.0019331241698611365
0.0012230640399722805
0.0010105324679277332
0.0008974312539380394
GEN 40 time 1611354760
0.0019331241698611365
0.0012230640399722805
0.0010105324679277332
0.0008974312539380394
GEN 41 time 1611354762
0.0019331241698611365
0.0012230640399722805
0.0010105324679277332
0.0008974312539380394
GEN 42 time 1611354765
0.0019331241698611365
0.0012230640399722805
0.0010105324679277332
0.0008974312539380394
GEN 43 time 1611354768
0.0019331241698611365
0.0012230640399722805
0.0010105324679277332
0.0008974312539380394
GEN 44 time 1611354770
0.0019331241698611365
0.0012230640399722805
0.0010105324679277332
0.0008974312539380394
GEN 45 time 1611354773
0.0019331241698611365
0.0012230640399722805
0.0010105324679277332
0.0008974312539380394
GEN 46 time 1611354776
0.0019331241698611365
0.0012230640399722805
0.0010105324679277332
0.0008974312539380394
GEN 47 time 1611354779
0.0019331241698611365
0.0012230640399722805
0.0010105324679277332
0.0008974312539380394
GEN 48 time 1611354782
0.0019331241698611365
0.0012230640399722805
0.0010105324679277332
0.0008974312539380394
GEN 49 time 1611354784
0.0019331241698611365
0.0012230640399722805
0.0010105324679277332
0.0008974312539380394
GEN 50 time 1611354787
0.0019331241698611365
0.0012230640399722805
0.0010105324679277332
0.0008974312539380394
GEN 51 time 1611354790
0.0019331241698611365
0.0012230640399722805
0.0010105324679277332
0.0008974312539380394
GEN 52 time 1611354792
0.0019331241698611365
0.0012230640399722805
0.0010105324679277332
0.0008974312539380394
GEN 53 time 1611354795
0.0019331241698611365
0.0012230640399722805
0.0010105324679277332
0.0008974312539380394
GEN 54 time 1611354798
0.0019331241698611365
0.0012230640399722805
0.0010105324679277332
0.0008974312539380394
GEN 55 time 1611354801
0.0019331241698611365
0.0012230640399722805
0.0010105324679277332
0.0008974312539380394
GEN 56 time 1611354803
0.0019331241698611365
0.0012230640399722805
0.0010105324679277332
0.0008974312539380394
GEN 57 time 1611354806
0.0019331241698611365
0.0012230640399722805
0.0010105324679277332
0.0008974312539380394
GEN 58 time 1611354809
0.0019331241698611365
0.0010830437442599123
0.0008893906294386275
0.0008974312539380394
GEN 59 time 1611354811
0.0019331241698611365
0.0010830437442599123
0.0008893906294386275
0.0008974312539380394
GEN 60 time 1611354814
0.0019331241698611365
0.0010830437442599123
0.0008893906294386275
0.0008974312539380394
GEN 61 time 1611354817
0.0019331241698611365
0.0010830437442599123
0.0008893906294386275
0.0008974312539380394
GEN 62 time 1611354820
0.0019331241698611365
0.0010830437442599123
0.0008893906294386275
0.0008974312539380394
GEN 63 time 1611354822
0.0019331241698611365
0.0010830437442599123
0.0008893906294386275
0.0008974312539380394
GEN 64 time 1611354825
0.0019331241698611365
0.0010830437442599123
0.0008893906294386275
0.0008974312539380394
GEN 65 time 1611354828
0.0019331241698611365
0.0010830437442599123
0.0008893906294386275
0.0008974312539380394
GEN 66 time 1611354831
0.0019331241698611365
0.0010830437442599123
0.0008893906294386275
0.0008974312539380394
GEN 67 time 1611354833
0.0019331241698611365
0.0010830437442599123
0.0008893906294386275
0.0008974312539380394
GEN 68 time 1611354836
0.0019331241698611365
0.0010830437442599123
0.0008893906294386275
0.0008974312539380394
GEN 69 time 1611354839
0.0019331241698611365
0.0010830437442599123
0.0008893906294386275
0.0008974312539380394
GEN 70 time 1611354842
0.0019331241698611365
0.0010528956236111502
0.0008893906294386275
0.0008974312539380394
GEN 71 time 1611354844
0.0019331241698611365
0.0010528956236111502
0.0008893906294386275
0.0008974312539380394
GEN 72 time 1611354847
0.0019331241698611365
0.0010528956236111502
0.0008893906294386275
0.0008974312539380394
GEN 73 time 1611354850
0.0019331241698611365
0.0010528956236111502
0.0008893906294386275
0.0008974312539380394
GEN 74 time 1611354852
0.0019331241698611365
0.0010528956236111502
0.0008523003649762006
0.0008974312539380394
GEN 75 time 1611354855
0.0019331241698611365
0.0010528956236111502
0.0008523003649762006
0.0008974312539380394
GEN 76 time 1611354858
0.0019331241698611365
0.0010528956236111502
0.0008523003649762006
0.0008974312539380394
GEN 77 time 1611354861
0.0019331241698611365
0.0010528956236111502
0.0008523003649762006
0.0008974312539380394
GEN 78 time 1611354863
0.0019331241698611365
0.0010528956236111502
0.0008523003649762006
0.0008974312539380394
GEN 79 time 1611354866
0.0019331241698611365
0.0010528956236111502
0.0008523003649762006
0.0008974312539380394
GEN 80 time 1611354869
0.0019331241698611365
0.0010528956236111502
0.0008523003649762006
0.0008974312539380394
GEN 81 time 1611354871
0.0019331241698611365
0.0010528956236111502
0.0008523003649762006
0.0008974312539380394
GEN 82 time 1611354874
0.0019331241698611365
0.0010528956236111502
0.0008523003649762006
0.0008974312539380394
GEN 83 time 1611354877
0.0019331241698611365
0.0010528956236111502
0.0008523003649762006
0.0008974312539380394
GEN 84 time 1611354879
0.0019331241698611365
0.0010528956236111502
0.0008523003649762006
0.0008974312539380394
GEN 85 time 1611354882
0.0019331241698611365
0.0010528956236111502
0.0008523003649762006
0.0008974312539380394
GEN 86 time 1611354885
0.0019331241698611365
0.0010528956236111502
0.0008523003649762006
0.0008974312539380394
GEN 87 time 1611354887
0.0019331241698611365
0.0010528956236111502
0.0008303298082060543
0.0008974312539380394
GEN 88 time 1611354890
0.0019331241698611365
0.0010528956236111502
0.0008303298082060543
0.0008974312539380394
GEN 89 time 1611354893
0.0019331241698611365
0.0010528956236111502
0.0008303298082060543
0.0008974312539380394
GEN 90 time 1611354896
0.0019331241698611365
0.0010528956236111502
0.0008303298082060543
0.0008974312539380394
GEN 91 time 1611354898
0.0019331241698611365
0.0010528956236111502
0.0008303298082060543
0.0008974312539380394
GEN 92 time 1611354901
0.0019331241698611365
0.0010528956236111502
0.0008303298082060543
0.0008974312539380394
GEN 93 time 1611354904
0.0019331241698611365
0.0010528956236111502
0.0008303298082060543
0.0008974312539380394
GEN 94 time 1611354907
0.0019331241698611365
0.0010528956236111502
0.0008303298082060543
0.0008974312539380394
GEN 95 time 1611354910
0.0019331241698611365
0.0010528956236111502
0.0008303298082060543
0.0008974312539380394
GEN 96 time 1611354912
0.0019331241698611365
0.0010528956236111502
0.0008303298082060543
0.0008974312539380394
GEN 97 time 1611354915
0.0019331241698611365
0.0010528956236111502
0.0008303298082060543
0.0008974312539380394
GEN 98 time 1611354918
0.0019331241698611365
0.0010528956236111502
0.0008303298082060543
0.0008974312539380394
GEN 99 time 1611354921
0.0019331241698611365
0.0010528956236111502
0.0008303298082060543
0.0008974312539380394
GEN 100 time 1611354923
0.0019331241698611365
0.0010528956236111502
0.0008303298082060543
0.0008974312539380394
GEN 101 time 1611354926
0.0019331241698611365
0.0010528956236111502
0.0008303298082060543
0.0008974312539380394
GEN 102 time 1611354929
0.0019331241698611365
0.0010528956236111502
0.0008303298082060543
0.0008974312539380394
GEN 103 time 1611354932
0.0019331241698611365
0.0010528956236111502
0.0008303298082060543
0.0008974312539380394
GEN 104 time 1611354935
0.0019331241698611365
0.0010528956236111502
0.0008303298082060543
0.0008974312539380394
GEN 105 time 1611354937
0.0019331241698611365
0.0010528956236111502
0.0008303298082060543
0.0008974312539380394
GEN 106 time 1611354940
0.0019331241698611365
0.0010528956236111502
0.0008303298082060543
0.0008974312539380394
GEN 107 time 1611354943
0.0019331241698611365
0.0010528956236111502
0.0008303298082060543
0.0008974312539380394
GEN 108 time 1611354946
0.0019331241698611365
0.0010528956236111502
0.0008303298082060543
0.0008974312539380394
GEN 109 time 1611354949
0.0019331241698611365
0.0010528956236111502
0.0008303298082060543
0.0008974312539380394
GEN 110 time 1611354951
0.0019331241698611365
0.0010528956236111502
0.0008303298082060543
0.0008974312539380394
GEN 111 time 1611354954
0.0019331241698611365
0.0010528956236111502
0.0008303298082060543
0.0008974312539380394
GEN 112 time 1611354957
0.0019331241698611365
0.0010528956236111502
0.0008303298082060543
0.0008974312539380394
GEN 113 time 1611354960
0.0019331241698611365
0.0010528956236111502
0.0008303298082060543
0.0008974312539380394
GEN 114 time 1611354963
0.0019331241698611365
0.0010528956236111502
0.0008303298082060543
0.0008974312539380394
GEN 115 time 1611354965
0.0019331241698611365
0.0010528956236111502
0.0008303298082060543
0.0008974312539380394
GEN 116 time 1611354968
0.0019331241698611365
0.0010528956236111502
0.0008303298082060543
0.0008974312539380394
GEN 117 time 1611354971
0.0019331241698611365
0.0010528956236111502
0.0008303298082060543
0.0008974312539380394
GEN 118 time 1611354974
0.0019331241698611365
0.0010528956236111502
0.0008303298082060543
0.0008974312539380394
GEN 119 time 1611354976
0.0019331241698611365
0.0010528956236111502
0.0008303298082060543
0.0008974312539380394
GEN 120 time 1611354979
0.0019331241698611365
0.0010528956236111502
0.0008303298082060543
0.0008974312539380394
GEN 121 time 1611354982
0.0019331241698611365
0.0010528956236111502
0.0008303298082060543
0.0008974312539380394
GEN 122 time 1611354985
0.0019331241698611365
0.0010528956236111502
0.0008303298082060543
0.0008974312539380394
GEN 123 time 1611354988
0.0019331241698611365
0.0010528956236111502
0.0008303298082060543
0.0008974312539380394
GEN 124 time 1611354990
0.0019331241698611365
0.0010528956236111502
0.0008303298082060543
0.0008974312539380394
GEN 125 time 1611354993
0.0019331241698611365
0.0010528956236111502
0.0008303298082060543
0.0008974312539380394
GEN 126 time 1611354996
0.0019331241698611365
0.0010528956236111502
0.0008303298082060543
0.0008974312539380394
GEN 127 time 1611354999
0.0019331241698611365
0.0010528956236111502
0.0008303298082060543
0.0008974312539380394
GEN 128 time 1611355002
0.0019331241698611365
0.0010528956236111502
0.0008303298082060543
0.0008974312539380394
GEN 129 time 1611355004
0.0019331241698611365
0.0010528956236111502
0.0008303298082060543
0.0008974312539380394
GEN 130 time 1611355007
0.0019331241698611365
0.0010528956236111502
0.0008303298082060543
0.0008974312539380394
GEN 131 time 1611355010
0.0019331241698611365
0.0010528956236111502
0.0008303298082060543
0.0008974312539380394
GEN 132 time 1611355013
0.0019331241698611365
0.0010528956236111502
0.0008303298082060543
0.0008974312539380394
GEN 133 time 1611355015
0.0019331241698611365
0.0010528956236111502
0.0008303298082060543
0.0008974312539380394
GEN 134 time 1611355018
0.0019331241698611365
0.0010528956236111502
0.0008303298082060543
0.0008974312539380394
GEN 135 time 1611355021
0.0019331241698611365
0.0010528956236111502
0.0008303298082060543
0.0008974312539380394
GEN 136 time 1611355024
0.0019331241698611365
0.0010528956236111502
0.0008303298082060543
0.0008974312539380394
GEN 137 time 1611355027
0.0019331241698611365
0.0010528956236111502
0.0008303298082060543
0.0008974312539380394
GEN 138 time 1611355029
0.0019331241698611365
0.0010528956236111502
0.0008303298082060543
0.0008974312539380394
GEN 139 time 1611355032
0.0019331241698611365
0.0010528956236111502
0.0008303298082060543
0.0008974312539380394
GEN 140 time 1611355035
0.0019331241698611365
0.0010528956236111502
0.0008303298082060543
0.0008974312539380394
GEN 141 time 1611355038
0.0019331241698611365
0.0010528956236111502
0.0008303298082060543
0.0008974312539380394
GEN 142 time 1611355041
0.0019331241698611365
0.0010528956236111502
0.0008303298082060543
0.0008974312539380394
GEN 143 time 1611355043
0.0019331241698611365
0.0010528956236111502
0.0008303298082060543
0.0008974312539380394
GEN 144 time 1611355046
0.0019331241698611365
0.0010528956236111502
0.0008303298082060543
0.0008974312539380394
GEN 145 time 1611355049
0.0019331241698611365
0.0010528956236111502
0.0008303298082060543
0.0008974312539380394
GEN 146 time 1611355052
0.0019331241698611365
0.0010528956236111502
0.0008303298082060543
0.0008974312539380394
GEN 147 time 1611355054
0.0019331241698611365
0.0010528956236111502
0.0008303298082060543
0.0008974312539380394
GEN 148 time 1611355057
0.0019331241698611365
0.0010528956236111502
0.0008303298082060543
0.0008974312539380394
GEN 149 time 1611355060
0.0019331241698611365
0.0010528956236111502
0.0008303298082060543
0.0008974312539380394
GEN 150 time 1611355063
0.0019331241698611365
0.0010528956236111502
0.0008303298082060543
0.0008974312539380394
GEN 151 time 1611355066
0.0019331241698611365
0.0010528956236111502
0.0008303298082060543
0.0008974312539380394
GEN 152 time 1611355068
0.0019331241698611365
0.0010528956236111502
0.0008303298082060543
0.0008974312539380394
GEN 153 time 1611355071
0.0019331241698611365
0.0010528956236111502
0.0008303298082060543
0.0008974312539380394
GEN 154 time 1611355074
0.0019331241698611365
0.0010528956236111502
0.0008303298082060543
0.0008974312539380394
GEN 155 time 1611355077
0.0019331241698611365
0.0010528956236111502
0.0008303298082060543
0.0008974312539380394
GEN 156 time 1611355080
0.0019331241698611365
0.0010528956236111502
0.0008303298082060543
0.0008974312539380394
GEN 157 time 1611355082
0.0019331241698611365
0.0010528956236111502
0.0008303298082060543
0.0008974312539380394
GEN 158 time 1611355085
0.0019331241698611365
0.0010528956236111502
0.0008303298082060543
0.0008974312539380394
GEN 159 time 1611355088
0.0019331241698611365
0.0010528956236111502
0.0008303298082060543
0.0008974312539380394
GEN 160 time 1611355091
0.0019331241698611365
0.0010528956236111502
0.0008303298082060543
0.0008974312539380394
GEN 161 time 1611355093
0.0019331241698611365
0.0010528956236111502
0.0008303298082060543
0.0008974312539380394
GEN 162 time 1611355096
0.0019331241698611365
0.0010528956236111502
0.0008303298082060543
0.0008974312539380394
GEN 163 time 1611355099
0.0019331241698611365
0.0010528956236111502
0.0008303298082060543
0.0008974312539380394
GEN 164 time 1611355102
0.0019331241698611365
0.0010528956236111502
0.0008303298082060543
0.0008974312539380394
GEN 165 time 1611355105
0.0019331241698611365
0.0010528956236111502
0.0008303298082060543
0.0008974312539380394
GEN 166 time 1611355107
0.0019331241698611365
0.0010528956236111502
0.0008303298082060543
0.0008974312539380394
GEN 167 time 1611355110
0.0019331241698611365
0.0010528956236111502
0.0008303298082060543
0.0008974312539380394
GEN 168 time 1611355113
0.0019331241698611365
0.0010528956236111502
0.0008303298082060543
0.0008974312539380394
GEN 169 time 1611355116
0.0019331241698611365
0.0010528956236111502
0.0008303298082060543
0.0008974312539380394
GEN 170 time 1611355118
0.0019331241698611365
0.0010528956236111502
0.0008303298082060543
0.0008974312539380394
GEN 171 time 1611355121
0.0019331241698611365
0.0010528956236111502
0.0008303298082060543
0.0008974312539380394
GEN 172 time 1611355124
0.0019331241698611365
0.0010528956236111502
0.0008303298082060543
0.0008974312539380394
GEN 173 time 1611355127
0.0019331241698611365
0.0010528956236111502
0.0008303298082060543
0.0008974312539380394
GEN 174 time 1611355130
0.0019331241698611365
0.0010528956236111502
0.0008303298082060543
0.0008974312539380394
GEN 175 time 1611355132
0.0019331241698611365
0.0010528956236111502
0.0008303298082060543
0.0008974312539380394
GEN 176 time 1611355135
0.0019331241698611365
0.0010528956236111502
0.0008303298082060543
0.0008974312539380394
GEN 177 time 1611355138
0.0019331241698611365
0.0010528956236111502
0.0008303298082060543
0.0008974312539380394
GEN 178 time 1611355141
0.0019331241698611365
0.0010528956236111502
0.0008303298082060543
0.0008974312539380394
GEN 179 time 1611355144
0.0019331241698611365
0.0010528956236111502
0.0008303298082060543
0.0008974312539380394
GEN 180 time 1611355146
0.0019331241698611365
0.0010528956236111502
0.0008303298082060543
0.0008974312539380394
GEN 181 time 1611355149
0.0019331241698611365
0.0010528956236111502
0.0008303298082060543
0.0008974312539380394
GEN 182 time 1611355152
0.0019331241698611365
0.0010528956236111502
0.0008303298082060543
0.0008974312539380394
GEN 183 time 1611355155
0.0019331241698611365
0.0010528956236111502
0.0008303298082060543
0.0008974312539380394
GEN 184 time 1611355157
0.0019331241698611365
0.0010438454400629729
0.0008303298082060543
0.0008974312539380394
GEN 185 time 1611355160
0.0019331241698611365
0.0010438454400629729
0.0008303298082060543
0.0008974312539380394
GEN 186 time 1611355163
0.0019331241698611365
0.0010438454400629729
0.0008303298082060543
0.0008974312539380394
GEN 187 time 1611355166
0.0019331241698611365
0.0010438454400629729
0.0008303298082060543
0.0008974312539380394
GEN 188 time 1611355169
0.0019331241698611365
0.0010438454400629729
0.0008303298082060543
0.0008974312539380394
GEN 189 time 1611355171
0.0019331241698611365
0.0010438454400629729
0.0008303298082060543
0.0008974312539380394
GEN 190 time 1611355174
0.0019331241698611365
0.0010438454400629729
0.0008303298082060543
0.0008974312539380394
GEN 191 time 1611355177
0.0019331241698611365
0.0010438454400629729
0.0008303298082060543
0.0008974312539380394
GEN 192 time 1611355180
0.0019331241698611365
0.0010438454400629729
0.0008303298082060543
0.0008974312539380394
GEN 193 time 1611355182
0.0019331241698611365
0.0010438454400629729
0.0008303298082060543
0.0008974312539380394
GEN 194 time 1611355185
0.0019331241698611365
0.0010438454400629729
0.0008303298082060543
0.0008974312539380394
GEN 195 time 1611355188
0.0019331241698611365
0.0010438454400629729
0.0008303298082060543
0.0008974312539380394
GEN 196 time 1611355191
0.0019331241698611365
0.0010438454400629729
0.0008303298082060543
0.0008974312539380394
GEN 197 time 1611355193
0.0019331241698611365
0.0010438454400629729
0.0008303298082060543
0.0008974312539380394
GEN 198 time 1611355196
0.0019331241698611365
0.0010438454400629729
0.0008303298082060543
0.0008974312539380394
GEN 199 time 1611355199
0.0019331241698611365
0.0010438454400629729
0.0008303298082060543
0.0008974312539380394
