['./data/small/layer/uu-dem2_r50_1.json', './data/small/hop/uu-dem2_r50_1_0.json', './data/small/hop/uu-dem3_r50_1_0.json', './data/small/hop/uu-dem4_r50_1_0.json']
GEN 0 time 1611307962
0.002666090116770952
0.002217157748389678
0.0023225146726658917
0.002586680751065066
GEN 1 time 1611307967
0.002666090116770952
0.002217157748389678
0.002280919238156197
0.002586680751065066
GEN 2 time 1611307972
0.002666090116770952
0.002217157748389678
0.002280919238156197
0.002586680751065066
GEN 3 time 1611307978
0.002666090116770952
0.002217157748389678
0.0021568670270725554
0.002586680751065066
GEN 4 time 1611307983
0.002666090116770952
0.0018115156772481747
0.0021568670270725554
0.002586680751065066
GEN 5 time 1611307989
0.002666090116770952
0.0018115156772481747
0.0021568670270725554
0.002555245654184724
GEN 6 time 1611307994
0.002666090116770952
0.0018115156772481747
0.0021568670270725554
0.0024311687115623993
GEN 7 time 1611307999
0.002666090116770952
0.0018115156772481747
0.0021568670270725554
0.0024311687115623993
GEN 8 time 1611308005
0.002666090116770952
0.0018115156772481747
0.0021568670270725554
0.0024033174715713188
GEN 9 time 1611308010
0.002666090116770952
0.0018115156772481747
0.0021568670270725554
0.0024033174715713188
GEN 10 time 1611308015
0.002666090116770952
0.0018115156772481747
0.0020965994417366423
0.0024033174715713188
GEN 11 time 1611308021
0.002666090116770952
0.0018115156772481747
0.0020965994417366423
0.0022032974715713188
GEN 12 time 1611308026
0.002666090116770952
0.0018115156772481747
0.0020965994417366423
0.0022032974715713188
GEN 13 time 1611308032
0.002666090116770952
0.0018115156772481747
0.0020965994417366423
0.0022032974715713188
GEN 14 time 1611308037
0.002666090116770952
0.0018115156772481747
0.0020965994417366423
0.0022032974715713188
GEN 15 time 1611308042
0.002666090116770952
0.0018115156772481747
0.0020965994417366423
0.0022032974715713188
GEN 16 time 1611308048
0.002666090116770952
0.0018115156772481747
0.0020579119793907317
0.0022032974715713188
GEN 17 time 1611308053
0.002666090116770952
0.0018115156772481747
0.0020537584455171147
0.0022032974715713188
GEN 18 time 1611308058
0.002666090116770952
0.0018115156772481747
0.0020537584455171147
0.0021904069711900665
GEN 19 time 1611308064
0.002666090116770952
0.0018115156772481747
0.0020537584455171147
0.0021904069711900665
GEN 20 time 1611308069
0.002666090116770952
0.0018115156772481747
0.0018587963289539665
0.0021904069711900665
GEN 21 time 1611308074
0.002666090116770952
0.0018115156772481747
0.0018587963289539665
0.002186640751065066
GEN 22 time 1611308080
0.002666090116770952
0.0018115156772481747
0.0018587963289539665
0.002186640751065066
GEN 23 time 1611308085
0.002666090116770952
0.0018115156772481747
0.0018587963289539665
0.002186640751065066
GEN 24 time 1611308091
0.002666090116770952
0.0018115156772481747
0.0018587963289539665
0.002186640751065066
GEN 25 time 1611308096
0.002666090116770952
0.0018115156772481747
0.0018587963289539665
0.002186640751065066
GEN 26 time 1611308101
0.002666090116770952
0.0018115156772481747
0.0018587963289539665
0.002186640751065066
GEN 27 time 1611308107
0.002666090116770952
0.0018115156772481747
0.0018587963289539665
0.002186640751065066
GEN 28 time 1611308112
0.002666090116770952
0.0018115156772481747
0.0018587963289539665
0.0020595257025737145
GEN 29 time 1611308117
0.002666090116770952
0.0018115156772481747
0.0018587963289539665
0.0020595257025737145
GEN 30 time 1611308123
0.002666090116770952
0.0018115156772481747
0.0018587963289539665
0.0020595257025737145
GEN 31 time 1611308128
0.002666090116770952
0.0018115156772481747
0.0018587963289539665
0.002003277471571319
GEN 32 time 1611308133
0.002666090116770952
0.0018115156772481747
0.0018587963289539665
0.002003277471571319
GEN 33 time 1611308139
0.002666090116770952
0.0018115156772481747
0.0018587963289539665
0.002003277471571319
GEN 34 time 1611308144
0.002666090116770952
0.0018115156772481747
0.0018587963289539665
0.002003277471571319
GEN 35 time 1611308150
0.002666090116770952
0.0018115156772481747
0.001857891979390732
0.002003277471571319
GEN 36 time 1611308155
0.002666090116770952
0.0018115156772481747
0.001857891979390732
0.002003277471571319
GEN 37 time 1611308160
0.002666090116770952
0.0018115156772481747
0.001857891979390732
0.002003277471571319
GEN 38 time 1611308166
0.002666090116770952
0.0018115156772481747
0.001857891979390732
0.002003277471571319
GEN 39 time 1611308171
0.002666090116770952
0.0018115156772481747
0.001857891979390732
0.002003277471571319
GEN 40 time 1611308176
0.002666090116770952
0.0018115156772481747
0.001857891979390732
0.001985881230434706
GEN 41 time 1611308182
0.002666090116770952
0.0018115156772481747
0.001857891979390732
0.001985881230434706
GEN 42 time 1611308187
0.002666090116770952
0.0018115156772481747
0.001857891979390732
0.001985881230434706
GEN 43 time 1611308192
0.002666090116770952
0.0018115156772481747
0.001857891979390732
0.001985881230434706
GEN 44 time 1611308198
0.002666090116770952
0.0018115156772481747
0.001857891979390732
0.001985881230434706
GEN 45 time 1611308203
0.002666090116770952
0.0018115156772481747
0.001857891979390732
0.001985881230434706
GEN 46 time 1611308208
0.002666090116770952
0.0018115156772481747
0.001857891979390732
0.001985881230434706
GEN 47 time 1611308214
0.002666090116770952
0.0018115156772481747
0.001857891979390732
0.001985881230434706
GEN 48 time 1611308219
0.002666090116770952
0.0018115156772481747
0.001857891979390732
0.001985881230434706
GEN 49 time 1611308225
0.002666090116770952
0.0018115156772481747
0.001857891979390732
0.001985881230434706
GEN 50 time 1611308230
0.002666090116770952
0.0018115156772481747
0.001857891979390732
0.001985881230434706
GEN 51 time 1611308235
0.002666090116770952
0.0018115156772481747
0.001857891979390732
0.001985881230434706
GEN 52 time 1611308241
0.002666090116770952
0.0018115156772481747
0.001857891979390732
0.001985881230434706
GEN 53 time 1611308246
0.002666090116770952
0.0018115156772481747
0.001857891979390732
0.001985881230434706
GEN 54 time 1611308251
0.002666090116770952
0.0018115156772481747
0.001857891979390732
0.001985881230434706
GEN 55 time 1611308257
0.002666090116770952
0.0018115156772481747
0.001857891979390732
0.001985881230434706
GEN 56 time 1611308262
0.002666090116770952
0.0018115156772481747
0.001857891979390732
0.001985881230434706
GEN 57 time 1611308267
0.002666090116770952
0.0018115156772481747
0.001857891979390732
0.001985881230434706
GEN 58 time 1611308273
0.002666090116770952
0.0018115156772481747
0.001857891979390732
0.001985881230434706
GEN 59 time 1611308278
0.002666090116770952
0.0018115156772481747
0.001857891979390732
0.0019404745524359193
GEN 60 time 1611308284
0.002666090116770952
0.0018115156772481747
0.001857891979390732
0.0019404745524359193
GEN 61 time 1611308289
0.002666090116770952
0.0018115156772481747
0.001857891979390732
0.0019404745524359193
GEN 62 time 1611308294
0.002666090116770952
0.0018115156772481747
0.001857891979390732
0.0019404745524359193
GEN 63 time 1611308300
0.002666090116770952
0.0018115156772481747
0.001857891979390732
0.0019404745524359193
GEN 64 time 1611308305
0.002666090116770952
0.0018115156772481747
0.001857891979390732
0.0019404745524359193
GEN 65 time 1611308310
0.002666090116770952
0.0018115156772481747
0.001857891979390732
0.0019404745524359193
GEN 66 time 1611308316
0.002666090116770952
0.0018115156772481747
0.001857891979390732
0.0019404745524359193
GEN 67 time 1611308321
0.002666090116770952
0.0018115156772481747
0.001857891979390732
0.0019404745524359193
GEN 68 time 1611308326
0.002666090116770952
0.0018115156772481747
0.001857891979390732
0.0019404745524359193
GEN 69 time 1611308332
0.002666090116770952
0.0018115156772481747
0.001857891979390732
0.0019404745524359193
GEN 70 time 1611308337
0.002666090116770952
0.0018115156772481747
0.001857891979390732
0.0019404745524359193
GEN 71 time 1611308342
0.002666090116770952
0.0018115156772481747
0.001857891979390732
0.0019404745524359193
GEN 72 time 1611308347
0.002666090116770952
0.0018115156772481747
0.001857891979390732
0.0019404745524359193
GEN 73 time 1611308353
0.002666090116770952
0.0018115156772481747
0.001857891979390732
0.0019404745524359193
GEN 74 time 1611308358
0.002666090116770952
0.0018115156772481747
0.001857891979390732
0.0019404745524359193
GEN 75 time 1611308363
0.002666090116770952
0.0018115156772481747
0.001857891979390732
0.0019404745524359193
GEN 76 time 1611308369
0.002666090116770952
0.0018115156772481747
0.001857891979390732
0.0019404745524359193
GEN 77 time 1611308374
0.002666090116770952
0.0018115156772481747
0.001857891979390732
0.0019404745524359193
GEN 78 time 1611308379
0.002666090116770952
0.0018115156772481747
0.001857891979390732
0.0019404745524359193
GEN 79 time 1611308385
0.002666090116770952
0.0018115156772481747
0.001857891979390732
0.0019404745524359193
GEN 80 time 1611308390
0.002666090116770952
0.0018115156772481747
0.001857891979390732
0.0019404745524359193
GEN 81 time 1611308395
0.002666090116770952
0.0018015358518400715
0.001857891979390732
0.0019404745524359193
GEN 82 time 1611308401
0.002666090116770952
0.0018015358518400715
0.001857891979390732
0.0019404745524359193
GEN 83 time 1611308406
0.002666090116770952
0.0018015358518400715
0.001857891979390732
0.0019404745524359193
GEN 84 time 1611308411
0.002666090116770952
0.0018015358518400715
0.001857891979390732
0.0019404745524359193
GEN 85 time 1611308417
0.002666090116770952
0.0018015358518400715
0.001857891979390732
0.0019404745524359193
GEN 86 time 1611308422
0.002666090116770952
0.0018015358518400715
0.001857891979390732
0.0018595057025737145
GEN 87 time 1611308427
0.002666090116770952
0.0018015358518400715
0.001857891979390732
0.0018595057025737145
GEN 88 time 1611308433
0.002666090116770952
0.0018015358518400715
0.001857891979390732
0.0018595057025737145
GEN 89 time 1611308438
0.002666090116770952
0.0018015358518400715
0.001857891979390732
0.0018595057025737145
GEN 90 time 1611308443
0.002666090116770952
0.0018015358518400715
0.001857891979390732
0.0018595057025737145
GEN 91 time 1611308449
0.002666090116770952
0.0018015358518400715
0.001857891979390732
0.0018595057025737145
GEN 92 time 1611308454
0.002666090116770952
0.0018015358518400715
0.001857891979390732
0.0018595057025737145
GEN 93 time 1611308459
0.002666090116770952
0.0018015358518400715
0.001857891979390732
0.0018595057025737145
GEN 94 time 1611308465
0.002666090116770952
0.0018015358518400715
0.001857891979390732
0.0018595057025737145
GEN 95 time 1611308470
0.002666090116770952
0.0018015358518400715
0.001857891979390732
0.0018595057025737145
GEN 96 time 1611308475
0.002666090116770952
0.0018015358518400715
0.001857891979390732
0.0018595057025737145
GEN 97 time 1611308481
0.002666090116770952
0.0018015358518400715
0.001857891979390732
0.0018595057025737145
GEN 98 time 1611308486
0.002666090116770952
0.0018015358518400715
0.001857891979390732
0.0018595057025737145
GEN 99 time 1611308491
0.002666090116770952
0.0018015358518400715
0.001857891979390732
0.0018595057025737145
GEN 100 time 1611308497
0.002666090116770952
0.0018015358518400715
0.001857891979390732
0.0018595057025737145
GEN 101 time 1611308502
0.002666090116770952
0.0018015358518400715
0.001857891979390732
0.0018595057025737145
GEN 102 time 1611308507
0.002666090116770952
0.0018015358518400715
0.001857891979390732
0.0018595057025737145
GEN 103 time 1611308513
0.002666090116770952
0.0018015358518400715
0.001857891979390732
0.0018595057025737145
GEN 104 time 1611308518
0.002666090116770952
0.0018015358518400715
0.001857891979390732
0.0018595057025737145
GEN 105 time 1611308523
0.002666090116770952
0.0018015358518400715
0.001857891979390732
0.0018595057025737145
GEN 106 time 1611308529
0.002666090116770952
0.0018015358518400715
0.001857891979390732
0.0018595057025737145
GEN 107 time 1611308534
0.002666090116770952
0.0018015358518400715
0.001857891979390732
0.0018595057025737145
GEN 108 time 1611308539
0.002666090116770952
0.0018015358518400715
0.001857891979390732
0.0018595057025737145
GEN 109 time 1611308545
0.002666090116770952
0.0018015358518400715
0.001857891979390732
0.0018595057025737145
GEN 110 time 1611308550
0.002666090116770952
0.0018015358518400715
0.001857891979390732
0.0018595057025737145
GEN 111 time 1611308555
0.002666090116770952
0.0018015358518400715
0.001857891979390732
0.0018595057025737145
GEN 112 time 1611308561
0.002666090116770952
0.0018015358518400715
0.001857891979390732
0.0018595057025737145
GEN 113 time 1611308566
0.002666090116770952
0.0018015358518400715
0.001857891979390732
0.0018595057025737145
GEN 114 time 1611308571
0.002666090116770952
0.0018015358518400715
0.001857891979390732
0.0018595057025737145
GEN 115 time 1611308577
0.002666090116770952
0.0018015358518400715
0.001857891979390732
0.0018595057025737145
GEN 116 time 1611308582
0.002666090116770952
0.0018015358518400715
0.001857891979390732
0.0018595057025737145
GEN 117 time 1611308587
0.002666090116770952
0.0018015358518400715
0.001857891979390732
0.0018595057025737145
GEN 118 time 1611308593
0.002666090116770952
0.0018015358518400715
0.001857891979390732
0.0018595057025737145
GEN 119 time 1611308598
0.002666090116770952
0.0018015358518400715
0.001857891979390732
0.0018595057025737145
GEN 120 time 1611308603
0.002666090116770952
0.0016147566517485188
0.001857891979390732
0.0018595057025737145
GEN 121 time 1611308609
0.002666090116770952
0.0016147566517485188
0.001857891979390732
0.0018595057025737145
GEN 122 time 1611308614
0.002666090116770952
0.0016147566517485188
0.001857891979390732
0.0018595057025737145
GEN 123 time 1611308619
0.002666090116770952
0.0016147566517485188
0.001857891979390732
0.0018595057025737145
GEN 124 time 1611308625
0.002666090116770952
0.0016147566517485188
0.001857891979390732
0.0018595057025737145
GEN 125 time 1611308630
0.002666090116770952
0.0016147566517485188
0.001857891979390732
0.0018595057025737145
GEN 126 time 1611308635
0.002666090116770952
0.0016147566517485188
0.001857891979390732
0.0018595057025737145
GEN 127 time 1611308641
0.002666090116770952
0.0016147566517485188
0.001857891979390732
0.0018595057025737145
GEN 128 time 1611308646
0.002666090116770952
0.0016147566517485188
0.001857891979390732
0.0018595057025737145
GEN 129 time 1611308651
0.002666090116770952
0.0016147566517485188
0.001857891979390732
0.0018595057025737145
GEN 130 time 1611308657
0.002666090116770952
0.0016147566517485188
0.001857891979390732
0.0018595057025737145
GEN 131 time 1611308662
0.002666090116770952
0.0016147566517485188
0.001857891979390732
0.0018595057025737145
GEN 132 time 1611308667
0.002666090116770952
0.0016147566517485188
0.001857891979390732
0.0018595057025737145
GEN 133 time 1611308673
0.002666090116770952
0.0016147566517485188
0.001857891979390732
0.0018595057025737145
GEN 134 time 1611308678
0.002666090116770952
0.0016147566517485188
0.001857891979390732
0.0018595057025737145
GEN 135 time 1611308683
0.002666090116770952
0.0016147566517485188
0.001857891979390732
0.0018595057025737145
GEN 136 time 1611308689
0.002666090116770952
0.0016147566517485188
0.001857891979390732
0.0018595057025737145
GEN 137 time 1611308694
0.002666090116770952
0.0016147566517485188
0.001857891979390732
0.0018595057025737145
GEN 138 time 1611308699
0.002666090116770952
0.0016147566517485188
0.001857891979390732
0.0018595057025737145
GEN 139 time 1611308705
0.002666090116770952
0.0016147566517485188
0.001857891979390732
0.0018595057025737145
GEN 140 time 1611308710
0.002666090116770952
0.0016147566517485188
0.001857891979390732
0.0018595057025737145
GEN 141 time 1611308715
0.002666090116770952
0.0016147566517485188
0.001857891979390732
0.0018595057025737145
GEN 142 time 1611308720
0.002666090116770952
0.0016147566517485188
0.001857891979390732
0.0018595057025737145
GEN 143 time 1611308726
0.002666090116770952
0.0016147566517485188
0.001857891979390732
0.0018595057025737145
GEN 144 time 1611308731
0.002666090116770952
0.0016147566517485188
0.001857891979390732
0.0018595057025737145
GEN 145 time 1611308736
0.002666090116770952
0.0016147566517485188
0.001857891979390732
0.0018595057025737145
GEN 146 time 1611308742
0.002666090116770952
0.0016147566517485188
0.001857891979390732
0.0018595057025737145
GEN 147 time 1611308747
0.002666090116770952
0.0016147566517485188
0.001857891979390732
0.0018595057025737145
GEN 148 time 1611308752
0.002666090116770952
0.0016147566517485188
0.001857891979390732
0.0018595057025737145
GEN 149 time 1611308758
0.002666090116770952
0.0016147566517485188
0.0018278449725954344
0.0018595057025737145
GEN 150 time 1611308763
0.002666090116770952
0.0016147566517485188
0.0018278449725954344
0.0018595057025737145
GEN 151 time 1611308768
0.002666090116770952
0.0016147566517485188
0.0018278449725954344
0.0018595057025737145
GEN 152 time 1611308774
0.002666090116770952
0.0016147566517485188
0.0018278449725954344
0.0018595057025737145
GEN 153 time 1611308779
0.002666090116770952
0.0016147566517485188
0.0018278449725954344
0.0018595057025737145
GEN 154 time 1611308784
0.002666090116770952
0.0016147566517485188
0.0018278449725954344
0.0018595057025737145
GEN 155 time 1611308790
0.002666090116770952
0.0016147566517485188
0.0018278449725954344
0.0018595057025737145
GEN 156 time 1611308795
0.002666090116770952
0.0016147566517485188
0.0018278449725954344
0.0018595057025737145
GEN 157 time 1611308800
0.002666090116770952
0.0016147566517485188
0.0018278449725954344
0.0018595057025737145
GEN 158 time 1611308806
0.002666090116770952
0.0016147566517485188
0.0018278449725954344
0.0018595057025737145
GEN 159 time 1611308811
0.002666090116770952
0.0016147566517485188
0.0018278449725954344
0.0018595057025737145
GEN 160 time 1611308816
0.002666090116770952
0.0016147566517485188
0.0018278449725954344
0.0018595057025737145
GEN 161 time 1611308822
0.002666090116770952
0.0016147566517485188
0.0018278449725954344
0.0018595057025737145
GEN 162 time 1611308827
0.002666090116770952
0.0016147566517485188
0.0018278449725954344
0.0018595057025737145
GEN 163 time 1611308832
0.002666090116770952
0.0016147566517485188
0.0018278449725954344
0.0018595057025737145
GEN 164 time 1611308838
0.002666090116770952
0.0016147566517485188
0.0018278449725954344
0.0018595057025737145
GEN 165 time 1611308843
0.002666090116770952
0.0016147566517485188
0.0018278449725954344
0.0018595057025737145
GEN 166 time 1611308848
0.002666090116770952
0.0016147566517485188
0.0018278449725954344
0.0018595057025737145
GEN 167 time 1611308854
0.002666090116770952
0.0016147566517485188
0.0018278449725954344
0.0018595057025737145
GEN 168 time 1611308859
0.002666090116770952
0.0016147566517485188
0.0018278449725954344
0.0018595057025737145
GEN 169 time 1611308864
0.002666090116770952
0.0016147566517485188
0.0018278449725954344
0.0018595057025737145
GEN 170 time 1611308869
0.002666090116770952
0.0016147566517485188
0.0018278449725954344
0.0018595057025737145
GEN 171 time 1611308875
0.002666090116770952
0.0016147566517485188
0.0018278449725954344
0.0018595057025737145
GEN 172 time 1611308880
0.002666090116770952
0.0016147566517485188
0.0018278449725954344
0.0018595057025737145
GEN 173 time 1611308885
0.002666090116770952
0.0016147566517485188
0.0018278449725954344
0.0018595057025737145
GEN 174 time 1611308891
0.002666090116770952
0.0016147566517485188
0.0018278449725954344
0.0018595057025737145
GEN 175 time 1611308896
0.002666090116770952
0.0016147566517485188
0.0018278449725954344
0.0018595057025737145
GEN 176 time 1611308901
0.002666090116770952
0.0016147566517485188
0.0018278449725954344
0.0018595057025737145
GEN 177 time 1611308907
0.002666090116770952
0.0016147566517485188
0.0018278449725954344
0.0018595057025737145
GEN 178 time 1611308912
0.002666090116770952
0.0016147566517485188
0.0018278449725954344
0.0018595057025737145
GEN 179 time 1611308917
0.002666090116770952
0.0016147566517485188
0.0018278449725954344
0.0018595057025737145
GEN 180 time 1611308923
0.002666090116770952
0.0016147566517485188
0.0018278449725954344
0.0018595057025737145
GEN 181 time 1611308928
0.002666090116770952
0.0016147566517485188
0.0018278449725954344
0.0018595057025737145
GEN 182 time 1611308933
0.002666090116770952
0.0016147566517485188
0.0018278449725954344
0.0018595057025737145
GEN 183 time 1611308939
0.002666090116770952
0.0016147566517485188
0.0018278449725954344
0.0018595057025737145
GEN 184 time 1611308944
0.002666090116770952
0.0016147566517485188
0.0018278449725954344
0.0018595057025737145
GEN 185 time 1611308949
0.002666090116770952
0.0016147566517485188
0.0018278449725954344
0.0018595057025737145
GEN 186 time 1611308955
0.002666090116770952
0.0016147566517485188
0.0018278449725954344
0.0018595057025737145
GEN 187 time 1611308960
0.002666090116770952
0.0016147566517485188
0.0016727871469734293
0.0018595057025737145
GEN 188 time 1611308965
0.002666090116770952
0.0016147566517485188
0.0016727871469734293
0.0018595057025737145
GEN 189 time 1611308971
0.002666090116770952
0.0016147566517485188
0.0016727871469734293
0.0018595057025737145
GEN 190 time 1611308976
0.002666090116770952
0.0016147566517485188
0.0016727871469734293
0.0018595057025737145
GEN 191 time 1611308981
0.002666090116770952
0.0016147566517485188
0.0016727871469734293
0.0018595057025737145
GEN 192 time 1611308987
0.002666090116770952
0.0016147566517485188
0.0016587763289539663
0.0018595057025737145
GEN 193 time 1611308992
0.002666090116770952
0.0016147566517485188
0.0016587763289539663
0.0018595057025737145
GEN 194 time 1611308997
0.002666090116770952
0.0016147566517485188
0.0016587763289539663
0.0018595057025737145
GEN 195 time 1611309003
0.002666090116770952
0.0016147566517485188
0.0016587763289539663
0.0018595057025737145
GEN 196 time 1611309008
0.002666090116770952
0.0016147566517485188
0.0016587763289539663
0.0018595057025737145
GEN 197 time 1611309013
0.002666090116770952
0.0016147566517485188
0.0016587763289539663
0.0018595057025737145
GEN 198 time 1611309019
0.002666090116770952
0.0016147566517485188
0.0016587763289539663
0.0018595057025737145
GEN 199 time 1611309024
0.002666090116770952
0.0016147566517485188
0.0016587763289539663
0.0018595057025737145
