['./data/small/layer/uu-dem1_r25_1.json', './data/small/hop/uu-dem1_r25_1_40.json', './data/small/hop/uu-dem5_r25_1_40.json', './data/small/hop/uu-dem3_r25_1_40.json']
GEN 0 time 1611288644
0.0016571391963555908
0.007401079591084693
0.0042246304533383955
0.0052013312774481305
GEN 1 time 1611288651
0.0016571391963555908
0.007401079591084693
0.0042246304533383955
0.004400599070833373
GEN 2 time 1611288657
0.0016571391963555908
0.007401079591084693
0.0038422707824979667
0.004400599070833373
GEN 3 time 1611288665
0.0016027980562097859
0.007401031217268181
0.00380760557524968
0.004400599070833373
GEN 4 time 1611288671
0.0015052332367328583
0.007401031217268181
0.00380760557524968
0.004400599070833373
GEN 5 time 1611288678
0.0015052332367328583
0.007202205859657836
0.00380760557524968
0.004275114336552009
GEN 6 time 1611288686
0.0014571191963555909
0.007202205859657836
0.0036934780330639006
0.004275114336552009
GEN 7 time 1611288693
0.0014571191963555909
0.007202205859657836
0.0036934780330639006
0.004275114336552009
GEN 8 time 1611288700
0.0014571191963555909
0.007201542962545388
0.0036934780330639006
0.004275114336552009
GEN 9 time 1611288707
0.0014571191963555909
0.007201542962545388
0.0036934780330639006
0.004275114336552009
GEN 10 time 1611288714
0.0014571191963555909
0.0072007569590528
0.003602856119378863
0.004275114336552009
GEN 11 time 1611288721
0.0014571191963555909
0.0072007569590528
0.003602856119378863
0.004275114336552009
GEN 12 time 1611288728
0.0014200353557188529
0.0072007569590528
0.003602856119378863
0.004275114336552009
GEN 13 time 1611288735
0.0014200353557188529
0.0072007569590528
0.003602856119378863
0.004275114336552009
GEN 14 time 1611288743
0.0014200353557188529
0.0072007569590528
0.003602856119378863
0.004256892215381855
GEN 15 time 1611288750
0.0014200353557188529
0.0072007569590528
0.003602856119378863
0.004256892215381855
GEN 16 time 1611288757
0.0014200353557188529
0.0072007569590528
0.0036012525613736456
0.004200650918366671
GEN 17 time 1611288764
0.0014200353557188529
0.0072007569590528
0.0036012525613736456
0.004200544259177296
GEN 18 time 1611288771
0.0014200353557188529
0.0072007569590528
0.0036012525613736456
0.004200544259177296
GEN 19 time 1611288778
0.0014153076080902808
0.0072007569590528
0.0036012525613736456
0.004200544259177296
GEN 20 time 1611288786
0.0014153076080902808
0.0072007569590528
0.0036012525613736456
0.004200544259177296
GEN 21 time 1611288793
0.0014153076080902808
0.0072007569590528
0.0030055380160607923
0.004200539483851276
GEN 22 time 1611288800
0.0014153076080902808
0.0072007569590528
0.0030055380160607923
0.004200539483851276
GEN 23 time 1611288807
0.0014153076080902808
0.007200736467590417
0.0030055380160607923
0.004000936644059303
GEN 24 time 1611288814
0.0014153076080902808
0.007200736467590417
0.002805518016060793
0.004000936644059303
GEN 25 time 1611288821
0.0012593427280774775
0.007200736467590417
0.002805518016060793
0.004000524259177295
GEN 26 time 1611288829
0.0012593427280774775
0.007200736467590417
0.002805518016060793
0.004000524259177295
GEN 27 time 1611288836
0.0012593427280774775
0.007200736467590417
0.002805518016060793
0.004000519483851276
GEN 28 time 1611288843
0.0012593427280774775
0.007200736467590417
0.002805518016060793
0.004000519483851276
GEN 29 time 1611288850
0.0012593427280774775
0.007200729054125426
0.002805518016060793
0.004000519483851276
GEN 30 time 1611288858
0.0012593427280774775
0.007200729054125426
0.002805518016060793
0.004000519483851276
GEN 31 time 1611288865
0.0012593427280774775
0.007200729054125426
0.002805518016060793
0.004000519483851276
GEN 32 time 1611288872
0.0012593427280774775
0.007200729054125426
0.002805518016060793
0.004000519483851276
GEN 33 time 1611288879
0.0012593427280774775
0.007200729054125426
0.0028030861348415236
0.004000519483851276
GEN 34 time 1611288887
0.0012593427280774775
0.007200729054125426
0.0028030861348415236
0.004000519483851276
GEN 35 time 1611288894
0.0012593427280774775
0.007200729054125426
0.002802307651723529
0.004000519483851276
GEN 36 time 1611288901
0.0012593427280774775
0.007200729054125426
0.002802307651723529
0.004000519483851276
GEN 37 time 1611288908
0.0012593427280774775
0.007200729054125426
0.002802307651723529
0.004000519483851276
GEN 38 time 1611288916
0.0012593427280774775
0.007200729054125426
0.002802307651723529
0.004000519483851276
GEN 39 time 1611288923
0.0012593427280774775
0.007200729054125426
0.002801941719639849
0.004000519483851276
GEN 40 time 1611288930
0.0012593427280774775
0.007200729054125426
0.002801941719639849
0.004000519483851276
GEN 41 time 1611288938
0.0012593427280774775
0.007200729054125426
0.002801941719639849
0.004000519483851276
GEN 42 time 1611288945
0.0012593427280774775
0.007200729054125426
0.002801941719639849
0.004000519483851276
GEN 43 time 1611288952
0.0012593427280774775
0.007200729054125426
0.002801941719639849
0.004000519483851276
GEN 44 time 1611288959
0.0012593427280774775
0.007200729054125426
0.002801941719639849
0.004000519483851276
GEN 45 time 1611288966
0.001242004591752547
0.007200729054125426
0.002801941719639849
0.004000500844471436
GEN 46 time 1611288974
0.001242004591752547
0.007200729054125426
0.002801941719639849
0.004000500844471436
GEN 47 time 1611288981
0.001242004591752547
0.007200729054125426
0.002801941719639849
0.004000500844471436
GEN 48 time 1611288988
0.001242004591752547
0.007200729054125426
0.002801941719639849
0.004000500844471436
GEN 49 time 1611288995
0.001242004591752547
0.007200729054125426
0.002801941719639849
0.004000500844471436
GEN 50 time 1611289002
0.001242004591752547
0.007200729054125426
0.002801941719639849
0.004000500844471436
GEN 51 time 1611289009
0.001242004591752547
0.007200729054125426
0.002801941719639849
0.004000500844471436
GEN 52 time 1611289016
0.001242004591752547
0.007200729054125426
0.002801941719639849
0.004000500844471436
GEN 53 time 1611289023
0.001242004591752547
0.007200729054125426
0.002801941719639849
0.004000500844471436
GEN 54 time 1611289031
0.001242004591752547
0.007200729054125426
0.002801941719639849
0.004000500844471436
GEN 55 time 1611289037
0.001242004591752547
0.007200729054125426
0.002801941719639849
0.004000500844471436
GEN 56 time 1611289045
0.001242004591752547
0.007200729054125426
0.002801941719639849
0.004000500844471436
GEN 57 time 1611289052
0.001242004591752547
0.007200729054125426
0.002801941719639849
0.004000500844471436
GEN 58 time 1611289059
0.001242004591752547
0.007200729054125426
0.002801941719639849
0.004000500844471436
GEN 59 time 1611289066
0.001242004591752547
0.007200729054125426
0.002801941719639849
0.004000500844471436
GEN 60 time 1611289073
0.001242004591752547
0.007200729054125426
0.002801941719639849
0.004000500844471436
GEN 61 time 1611289080
0.001242004591752547
0.007200729054125426
0.002801941719639849
0.004000500844471436
GEN 62 time 1611289088
0.001242004591752547
0.0072007229296705486
0.002801941719639849
0.004000500844471436
GEN 63 time 1611289095
0.001242004591752547
0.0072007229296705486
0.002801941719639849
0.004000432085910261
GEN 64 time 1611289102
0.001242004591752547
0.0072007229296705486
0.002801941719639849
0.004000432085910261
GEN 65 time 1611289109
0.001242004591752547
0.0072007229296705486
0.002801941719639849
0.004000432085910261
GEN 66 time 1611289116
0.001242004591752547
0.0072007229296705486
0.002801941719639849
0.004000432085910261
GEN 67 time 1611289123
0.001242004591752547
0.0072007229296705486
0.002801941719639849
0.004000432085910261
GEN 68 time 1611289130
0.001242004591752547
0.0072007229296705486
0.002801941719639849
0.004000432085910261
GEN 69 time 1611289137
0.001242004591752547
0.0072007229296705486
0.002801941719639849
0.004000432085910261
GEN 70 time 1611289144
0.001242004591752547
0.0072007229296705486
0.002801941719639849
0.004000432085910261
GEN 71 time 1611289152
0.001242004591752547
0.0072007229296705486
0.002801941719639849
0.004000432085910261
GEN 72 time 1611289159
0.001242004591752547
0.0072007229296705486
0.002801941719639849
0.004000432085910261
GEN 73 time 1611289166
0.001242004591752547
0.0072007229296705486
0.002801941719639849
0.004000432085910261
GEN 74 time 1611289173
0.001242004591752547
0.0072007229296705486
0.002801941719639849
0.004000432085910261
GEN 75 time 1611289180
0.001242004591752547
0.0072007229296705486
0.002801941719639849
0.004000432085910261
GEN 76 time 1611289188
0.001242004591752547
0.0072007229296705486
0.002801941719639849
0.004000432085910261
GEN 77 time 1611289195
0.001242004591752547
0.0072007229296705486
0.002801941719639849
0.004000432085910261
GEN 78 time 1611289202
0.001242004591752547
0.0072007229296705486
0.002801941719639849
0.004000432085910261
GEN 79 time 1611289210
0.001242004591752547
0.0072007229296705486
0.002801941719639849
0.004000432085910261
GEN 80 time 1611289217
0.001242004591752547
0.0072007229296705486
0.002801941719639849
0.004000432085910261
GEN 81 time 1611289224
0.001242004591752547
0.0072007229296705486
0.002801941719639849
0.004000432085910261
GEN 82 time 1611289231
0.001242004591752547
0.0072007229296705486
0.002801941719639849
0.004000432085910261
GEN 83 time 1611289239
0.001242004591752547
0.0072007229296705486
0.002801941719639849
0.00387507433655201
GEN 84 time 1611289246
0.001242004591752547
0.0072007229296705486
0.002801941719639849
0.00387507433655201
GEN 85 time 1611289253
0.001242004591752547
0.0072007229296705486
0.002801941719639849
0.00387507433655201
GEN 86 time 1611289260
0.001242004591752547
0.0072007229296705486
0.002801941719639849
0.00387507433655201
GEN 87 time 1611289267
0.001242004591752547
0.0072007229296705486
0.002801941719639849
0.00387507433655201
GEN 88 time 1611289275
0.001242004591752547
0.0072007229296705486
0.002801941719639849
0.00387507433655201
GEN 89 time 1611289282
0.001242004591752547
0.0072007229296705486
0.002801941719639849
0.00387507433655201
GEN 90 time 1611289289
0.001242004591752547
0.0072007229296705486
0.002801941719639849
0.00387507433655201
GEN 91 time 1611289296
0.001242004591752547
0.0072007229296705486
0.002801941719639849
0.00387507433655201
GEN 92 time 1611289303
0.001242004591752547
0.0072007229296705486
0.002801941719639849
0.00387507433655201
GEN 93 time 1611289311
0.001242004591752547
0.0072007229296705486
0.002801941719639849
0.00387507433655201
GEN 94 time 1611289318
0.001242004591752547
0.0072007229296705486
0.002605498016060793
0.00387507433655201
GEN 95 time 1611289325
0.001242004591752547
0.0072007229296705486
0.002605498016060793
0.00387507433655201
GEN 96 time 1611289332
0.001242004591752547
0.0072007229296705486
0.002605498016060793
0.00387507433655201
GEN 97 time 1611289339
0.001242004591752547
0.0072007229296705486
0.002605498016060793
0.00387507433655201
GEN 98 time 1611289346
0.001242004591752547
0.0072007229296705486
0.002605498016060793
0.00387507433655201
GEN 99 time 1611289353
0.001242004591752547
0.0072007229296705486
0.002605498016060793
0.00387507433655201
GEN 100 time 1611289360
0.001242004591752547
0.0072007229296705486
0.002605498016060793
0.00387507433655201
GEN 101 time 1611289368
0.001242004591752547
0.0072007229296705486
0.002605498016060793
0.00387507433655201
GEN 102 time 1611289375
0.001242004591752547
0.0072007229296705486
0.002605498016060793
0.00387507433655201
GEN 103 time 1611289382
0.001242004591752547
0.0072007229296705486
0.002605498016060793
0.00387507433655201
GEN 104 time 1611289389
0.001242004591752547
0.0072007229296705486
0.002605498016060793
0.00387507433655201
GEN 105 time 1611289397
0.001242004591752547
0.0072007229296705486
0.002605498016060793
0.00387507433655201
GEN 106 time 1611289404
0.001242004591752547
0.0072007229296705486
0.002605498016060793
0.00387507433655201
GEN 107 time 1611289411
0.001242004591752547
0.0072007229296705486
0.002605498016060793
0.00387507433655201
GEN 108 time 1611289418
0.001242004591752547
0.0072007229296705486
0.002605498016060793
0.00387507433655201
GEN 109 time 1611289426
0.001242004591752547
0.0072007229296705486
0.002605498016060793
0.00387507433655201
GEN 110 time 1611289433
0.001242004591752547
0.0072007229296705486
0.002605498016060793
0.00387507433655201
GEN 111 time 1611289440
0.001242004591752547
0.0072007229296705486
0.002605498016060793
0.00387507433655201
GEN 112 time 1611289447
0.001242004591752547
0.0072007229296705486
0.002605498016060793
0.00387507433655201
GEN 113 time 1611289454
0.001242004591752547
0.0072007229296705486
0.002605498016060793
0.00387507433655201
GEN 114 time 1611289462
0.001242004591752547
0.0072007229296705486
0.002605498016060793
0.00387507433655201
GEN 115 time 1611289469
0.001242004591752547
0.0072007229296705486
0.002605498016060793
0.00387507433655201
GEN 116 time 1611289476
0.001242004591752547
0.0072007229296705486
0.002605498016060793
0.00387507433655201
GEN 117 time 1611289484
0.001242004591752547
0.0072007229296705486
0.002605498016060793
0.00387507433655201
GEN 118 time 1611289491
0.001242004591752547
0.0072007229296705486
0.002605498016060793
0.00387507433655201
GEN 119 time 1611289498
0.001242004591752547
0.0072007229296705486
0.002605498016060793
0.00387507433655201
GEN 120 time 1611289505
0.001242004591752547
0.0072007229296705486
0.002605498016060793
0.00387507433655201
GEN 121 time 1611289513
0.001242004591752547
0.0072007229296705486
0.002605498016060793
0.00387507433655201
GEN 122 time 1611289520
0.001242004591752547
0.0072007229296705486
0.002605498016060793
0.00387507433655201
GEN 123 time 1611289527
0.001242004591752547
0.0072007229296705486
0.002605498016060793
0.00387507433655201
GEN 124 time 1611289534
0.001242004591752547
0.0072007229296705486
0.002605498016060793
0.00387507433655201
GEN 125 time 1611289542
0.001242004591752547
0.0072007229296705486
0.002605498016060793
0.00387507433655201
GEN 126 time 1611289549
0.001242004591752547
0.0072007229296705486
0.002605498016060793
0.00387507433655201
GEN 127 time 1611289556
0.001242004591752547
0.0072007229296705486
0.002605498016060793
0.00387507433655201
GEN 128 time 1611289563
0.001242004591752547
0.0072007229296705486
0.002605498016060793
0.00387507433655201
GEN 129 time 1611289571
0.001242004591752547
0.0072007229296705486
0.002605498016060793
0.00387507433655201
GEN 130 time 1611289578
0.001242004591752547
0.0072007229296705486
0.002605498016060793
0.00387507433655201
GEN 131 time 1611289585
0.001242004591752547
0.0072007229296705486
0.002605498016060793
0.00387507433655201
GEN 132 time 1611289592
0.001242004591752547
0.0072007229296705486
0.002605498016060793
0.00387507433655201
GEN 133 time 1611289600
0.001242004591752547
0.0072007229296705486
0.002605498016060793
0.00387507433655201
GEN 134 time 1611289607
0.001242004591752547
0.0072007229296705486
0.002605498016060793
0.00387507433655201
GEN 135 time 1611289614
0.001242004591752547
0.0072007229296705486
0.002605498016060793
0.00387507433655201
GEN 136 time 1611289621
0.001242004591752547
0.0072007229296705486
0.002605498016060793
0.00387507433655201
GEN 137 time 1611289629
0.001242004591752547
0.0072007229296705486
0.002605498016060793
0.00387507433655201
GEN 138 time 1611289636
0.001242004591752547
0.0072007229296705486
0.002605498016060793
0.00387507433655201
GEN 139 time 1611289643
0.001242004591752547
0.0072007229296705486
0.002605498016060793
0.00387507433655201
GEN 140 time 1611289650
0.001242004591752547
0.0072007229296705486
0.002605498016060793
0.00387507433655201
GEN 141 time 1611289657
0.001242004591752547
0.0072007229296705486
0.002605498016060793
0.00387507433655201
GEN 142 time 1611289665
0.001242004591752547
0.0072007229296705486
0.002605498016060793
0.00387507433655201
GEN 143 time 1611289672
0.001242004591752547
0.0072007229296705486
0.002605498016060793
0.00387507433655201
GEN 144 time 1611289679
0.001242004591752547
0.0072007229296705486
0.002605498016060793
0.00387507433655201
GEN 145 time 1611289686
0.001242004591752547
0.0072007229296705486
0.002605498016060793
0.00387507433655201
GEN 146 time 1611289693
0.001242004591752547
0.0072007229296705486
0.002605498016060793
0.00387507433655201
GEN 147 time 1611289701
0.001242004591752547
0.0072007229296705486
0.002605498016060793
0.00387507433655201
GEN 148 time 1611289708
0.001242004591752547
0.0072007229296705486
0.002605498016060793
0.00387507433655201
GEN 149 time 1611289715
0.001242004591752547
0.0072007229296705486
0.002605498016060793
0.00387507433655201
GEN 150 time 1611289722
0.001242004591752547
0.0072007229296705486
0.002605498016060793
0.00387507433655201
GEN 151 time 1611289730
0.001242004591752547
0.0072007229296705486
0.002605498016060793
0.00387507433655201
GEN 152 time 1611289737
0.001242004591752547
0.0072007229296705486
0.002605498016060793
0.00387507433655201
GEN 153 time 1611289744
0.001242004591752547
0.0072007229296705486
0.002605498016060793
0.00387507433655201
GEN 154 time 1611289751
0.001242004591752547
0.0072007229296705486
0.002605498016060793
0.00387507433655201
GEN 155 time 1611289758
0.001242004591752547
0.0072007229296705486
0.002605498016060793
0.00387507433655201
GEN 156 time 1611289766
0.001242004591752547
0.0072007229296705486
0.002605498016060793
0.00387507433655201
GEN 157 time 1611289773
0.001242004591752547
0.0072007229296705486
0.002605498016060793
0.00387507433655201
GEN 158 time 1611289780
0.001242004591752547
0.0072007229296705486
0.002605498016060793
0.00387507433655201
GEN 159 time 1611289788
0.001242004591752547
0.0072007229296705486
0.002605498016060793
0.00387507433655201
GEN 160 time 1611289795
0.001242004591752547
0.0072007229296705486
0.002605498016060793
0.00387507433655201
GEN 161 time 1611289802
0.001242004591752547
0.0072007229296705486
0.002605498016060793
0.00387507433655201
GEN 162 time 1611289809
0.001242004591752547
0.0072007229296705486
0.002605498016060793
0.00387507433655201
GEN 163 time 1611289817
0.001242004591752547
0.0072007229296705486
0.002605498016060793
0.00387507433655201
GEN 164 time 1611289824
0.001242004591752547
0.0072007229296705486
0.002605498016060793
0.00387507433655201
GEN 165 time 1611289831
0.001242004591752547
0.0072007229296705486
0.002605498016060793
0.00387507433655201
GEN 166 time 1611289838
0.001242004591752547
0.0072007229296705486
0.002605498016060793
0.00387507433655201
GEN 167 time 1611289846
0.001242004591752547
0.0072007229296705486
0.002605498016060793
0.00387507433655201
GEN 168 time 1611289853
0.001242004591752547
0.0072007229296705486
0.002605498016060793
0.00387507433655201
GEN 169 time 1611289860
0.001242004591752547
0.0072007229296705486
0.002605498016060793
0.00387507433655201
GEN 170 time 1611289867
0.001242004591752547
0.0072007229296705486
0.002605498016060793
0.00387507433655201
GEN 171 time 1611289875
0.001242004591752547
0.0072007229296705486
0.002605498016060793
0.00387507433655201
GEN 172 time 1611289882
0.001242004591752547
0.0072007229296705486
0.002605498016060793
0.00387507433655201
GEN 173 time 1611289889
0.001242004591752547
0.0072007229296705486
0.002605498016060793
0.00387507433655201
GEN 174 time 1611289896
0.001242004591752547
0.0072007229296705486
0.002605498016060793
0.00387507433655201
GEN 175 time 1611289904
0.001242004591752547
0.0072007229296705486
0.002605498016060793
0.00387507433655201
GEN 176 time 1611289911
0.001242004591752547
0.0072007229296705486
0.002605498016060793
0.00387507433655201
GEN 177 time 1611289918
0.001242004591752547
0.0072007229296705486
0.002605498016060793
0.00387507433655201
GEN 178 time 1611289925
0.001242004591752547
0.0072007229296705486
0.002605498016060793
0.00387507433655201
GEN 179 time 1611289933
0.001242004591752547
0.0072007229296705486
0.002605498016060793
0.00387507433655201
GEN 180 time 1611289940
0.001242004591752547
0.0072007229296705486
0.002605498016060793
0.00387507433655201
GEN 181 time 1611289947
0.001242004591752547
0.0072007229296705486
0.002605498016060793
0.00387507433655201
GEN 182 time 1611289955
0.001242004591752547
0.0072007229296705486
0.002605498016060793
0.00387507433655201
GEN 183 time 1611289962
0.001242004591752547
0.0072007229296705486
0.002605498016060793
0.00387507433655201
GEN 184 time 1611289969
0.001242004591752547
0.0072007229296705486
0.002605498016060793
0.00387507433655201
GEN 185 time 1611289976
0.001242004591752547
0.0072007229296705486
0.002605498016060793
0.00387507433655201
GEN 186 time 1611289984
0.001242004591752547
0.0072007229296705486
0.002605498016060793
0.00387507433655201
GEN 187 time 1611289991
0.001242004591752547
0.0072007229296705486
0.002605498016060793
0.00387507433655201
GEN 188 time 1611289998
0.001242004591752547
0.0072007229296705486
0.002605498016060793
0.00387507433655201
GEN 189 time 1611290005
0.001242004591752547
0.0072007229296705486
0.002605498016060793
0.00387507433655201
GEN 190 time 1611290013
0.001242004591752547
0.0072007229296705486
0.002605498016060793
0.00387507433655201
GEN 191 time 1611290020
0.001242004591752547
0.0072007229296705486
0.002605498016060793
0.00387507433655201
GEN 192 time 1611290027
0.001242004591752547
0.0072007229296705486
0.002605498016060793
0.00387507433655201
GEN 193 time 1611290035
0.001242004591752547
0.0072007229296705486
0.002605498016060793
0.00387507433655201
GEN 194 time 1611290042
0.001242004591752547
0.0072007229296705486
0.00260101376025854
0.00387507433655201
GEN 195 time 1611290049
0.001242004591752547
0.0072007229296705486
0.00260101376025854
0.00387507433655201
GEN 196 time 1611290057
0.001242004591752547
0.0072007229296705486
0.00260101376025854
0.00387507433655201
GEN 197 time 1611290064
0.001242004591752547
0.0072007229296705486
0.00260101376025854
0.00387507433655201
GEN 198 time 1611290071
0.001242004591752547
0.0072007229296705486
0.00260101376025854
0.00387507433655201
GEN 199 time 1611290078
0.001242004591752547
0.0072007229296705486
0.00260101376025854
0.00387507433655201
