['./data/small/layer/uu-dem7_r25_1.json', './data/small/hop/uu-dem7_r25_1_40.json', './data/small/hop/uu-dem7_r25_1_0.json', './data/small/hop/uu-dem7_r50_1_40.json']
GEN 0 time 1609423432
0.0023368348238357903
0.006488085070383824
0.0012333811991067601
0.004121522537195298
GEN 1 time 1609423439
0.0023368348238357903
0.00603594474820379
0.0012333811991067601
0.003858947182807416
GEN 2 time 1609423446
0.0023368348238357903
0.00603594474820379
0.0012333811991067601
0.003858947182807416
GEN 3 time 1609423454
0.0023368348238357903
0.00603594474820379
0.00106835736981119
0.003858947182807416
GEN 4 time 1609423461
0.0023368348238357903
0.00603594474820379
0.00106835736981119
0.003658927182807416
GEN 5 time 1609423468
0.0023368348238357903
0.005006058423831812
0.00106835736981119
0.003658927182807416
GEN 6 time 1609423475
0.0023368348238357903
0.005006058423831812
0.00106835736981119
0.003658927182807416
GEN 7 time 1609423483
0.0023368348238357903
0.005006058423831812
0.00106835736981119
0.003658927182807416
GEN 8 time 1609423491
0.0023368348238357903
0.005003241572828622
0.00106835736981119
0.003658927182807416
GEN 9 time 1609423498
0.0023368348238357903
0.005003241572828622
0.0010645067039153438
0.0036295793011125446
GEN 10 time 1609423506
0.0023368348238357903
0.005003241572828622
0.0010645067039153438
0.0036258815745654842
GEN 11 time 1609423513
0.0023368348238357903
0.005003241572828622
0.0010645067039153438
0.0036258815745654842
GEN 12 time 1609423521
0.0023368348238357903
0.005003241572828622
0.00104675892407605
0.0036258815745654842
GEN 13 time 1609423528
0.0023368348238357903
0.005003241572828622
0.00104675892407605
0.0036258815745654842
GEN 14 time 1609423535
0.0023368348238357903
0.005003241572828622
0.00104675892407605
0.003458907182807416
GEN 15 time 1609423543
0.0023368348238357903
0.004803839948301739
0.00104675892407605
0.003458907182807416
GEN 16 time 1609423550
0.0023368348238357903
0.004803839948301739
0.001019541711104617
0.003458907182807416
GEN 17 time 1609423557
0.0023368348238357903
0.004803839948301739
0.001019541711104617
0.003458907182807416
GEN 18 time 1609423565
0.0023368348238357903
0.004803839948301739
0.0010184331962164019
0.003458907182807416
GEN 19 time 1609423572
0.0023368348238357903
0.004803839948301739
0.0010184331962164019
0.003458907182807416
GEN 20 time 1609423580
0.0023368348238357903
0.004803839948301739
0.0010184331962164019
0.003458907182807416
GEN 21 time 1609423587
0.0023368348238357903
0.0048005239252893305
0.0010184331962164019
0.003458907182807416
GEN 22 time 1609423595
0.0023368348238357903
0.0046038199483017395
0.0010184331962164019
0.003458907182807416
GEN 23 time 1609423602
0.0023368348238357903
0.0046038199483017395
0.0010184331962164019
0.003458907182807416
GEN 24 time 1609423609
0.0023368348238357903
0.0046038199483017395
0.0010184331962164019
0.003458907182807416
GEN 25 time 1609423617
0.0023368348238357903
0.004600949404071752
0.0010184331962164019
0.003458907182807416
GEN 26 time 1609423624
0.0023368348238357903
0.004600949404071752
0.0010184331962164019
0.003458907182807416
GEN 27 time 1609423631
0.0023368348238357903
0.004600949404071752
0.0010184331962164019
0.0034258615745654843
GEN 28 time 1609423639
0.0023368348238357903
0.004600949404071752
0.0010184331962164019
0.0034258615745654843
GEN 29 time 1609423646
0.0023368348238357903
0.004600949404071752
0.0010184331962164019
0.0034258615745654843
GEN 30 time 1609423654
0.0023368348238357903
0.004400570316301699
0.0010184331962164019
0.0034258615745654843
GEN 31 time 1609423661
0.0023368348238357903
0.004400570316301699
0.0010184331962164019
0.0034258615745654843
GEN 32 time 1609423669
0.0023368348238357903
0.004400570316301699
0.000931084378063889
0.0034258615745654843
GEN 33 time 1609423676
0.0023368348238357903
0.004400570316301699
0.000931084378063889
0.0034258615745654843
GEN 34 time 1609423684
0.0023368348238357903
0.004400570316301699
0.000931084378063889
0.0034258615745654843
GEN 35 time 1609423691
0.0023368348238357903
0.004400570316301699
0.000931084378063889
0.0034258615745654843
GEN 36 time 1609423699
0.0023368348238357903
0.004400570316301699
0.000931084378063889
0.0034258615745654843
GEN 37 time 1609423706
0.0023368348238357903
0.004400570316301699
0.000931084378063889
0.0034258615745654843
GEN 38 time 1609423714
0.0023368348238357903
0.004400570316301699
0.0008930196778632509
0.0034258615745654843
GEN 39 time 1609423721
0.0023368348238357903
0.004400570316301699
0.0008930196778632509
0.0034258615745654843
GEN 40 time 1609423729
0.0023368348238357903
0.004400570316301699
0.0008930196778632509
0.0034258615745654843
GEN 41 time 1609423736
0.0023368348238357903
0.004400570316301699
0.0008930196778632509
0.0034258615745654843
GEN 42 time 1609423743
0.0023368348238357903
0.004400570316301699
0.0008930196778632509
0.0034258615745654843
GEN 43 time 1609423751
0.0023368348238357903
0.004400570316301699
0.0008930196778632509
0.0034258615745654843
GEN 44 time 1609423758
0.0023368348238357903
0.004400570316301699
0.0008890443794079613
0.0034258615745654843
GEN 45 time 1609423766
0.0023368348238357903
0.004400570316301699
0.0008890443794079613
0.0034258615745654843
GEN 46 time 1609423774
0.0023368348238357903
0.004400570316301699
0.0008890443794079613
0.0034258615745654843
GEN 47 time 1609423781
0.0023368348238357903
0.004400570316301699
0.0008890443794079613
0.0034258615745654843
GEN 48 time 1609423789
0.0023368348238357903
0.004400570316301699
0.0008890443794079613
0.0034258615745654843
GEN 49 time 1609423797
0.0023368348238357903
0.004400570316301699
0.0008890443794079613
0.0034258615745654843
GEN 50 time 1609423804
0.0023368348238357903
0.004400570316301699
0.0008819664524429181
0.0034258615745654843
GEN 51 time 1609423812
0.0023368348238357903
0.004400570316301699
0.0008819664524429181
0.0034258615745654843
GEN 52 time 1609423819
0.0023368348238357903
0.004400570316301699
0.0008819664524429181
0.0034258615745654843
GEN 53 time 1609423826
0.0023368348238357903
0.004400570316301699
0.0008819664524429181
0.0034258615745654843
GEN 54 time 1609423834
0.0023368348238357903
0.004400570316301699
0.0008819664524429181
0.0034258615745654843
GEN 55 time 1609423841
0.0023368348238357903
0.004400570316301699
0.0008819664524429181
0.0034258615745654843
GEN 56 time 1609423849
0.0023368348238357903
0.004400570316301699
0.0008819664524429181
0.0034258615745654843
GEN 57 time 1609423857
0.0023368348238357903
0.004400570316301699
0.0008819664524429181
0.0034258615745654843
GEN 58 time 1609423864
0.0023368348238357903
0.004400570316301699
0.0008819664524429181
0.0034258615745654843
GEN 59 time 1609423872
0.0023368348238357903
0.004400570316301699
0.0008819664524429181
0.0034258615745654843
GEN 60 time 1609423879
0.0023368348238357903
0.004400570316301699
0.0008819664524429181
0.0034258615745654843
GEN 61 time 1609423887
0.0023368348238357903
0.004200550316301698
0.0008819664524429181
0.0034258615745654843
GEN 62 time 1609423894
0.0023368348238357903
0.004200550316301698
0.0008704664521475031
0.0034258615745654843
GEN 63 time 1609423902
0.0023368348238357903
0.004200550316301698
0.0008704664521475031
0.0034258615745654843
GEN 64 time 1609423910
0.0023368348238357903
0.004200550316301698
0.0008704664521475031
0.0034258615745654843
GEN 65 time 1609423918
0.0023368348238357903
0.004200550316301698
0.0008704664521475031
0.0034258615745654843
GEN 66 time 1609423925
0.0023368348238357903
0.004200550316301698
0.0008704664521475031
0.0034258615745654843
GEN 67 time 1609423933
0.0023368348238357903
0.004200550316301698
0.0008704664521475031
0.0034258615745654843
GEN 68 time 1609423940
0.0023368348238357903
0.004200550316301698
0.0008704664521475031
0.0034258615745654843
GEN 69 time 1609423948
0.0023368348238357903
0.004200550316301698
0.0008704664521475031
0.0034258615745654843
GEN 70 time 1609423955
0.0023368348238357903
0.004200550316301698
0.0008704664521475031
0.0034258615745654843
GEN 71 time 1609423963
0.0023368348238357903
0.004200550316301698
0.0008704664521475031
0.0034258615745654843
GEN 72 time 1609423971
0.0023368348238357903
0.004200550316301698
0.0008704664521475031
0.0034258615745654843
GEN 73 time 1609423979
0.0023368348238357903
0.004200550316301698
0.0008704664521475031
0.0034258615745654843
GEN 74 time 1609423986
0.0023368348238357903
0.004200550316301698
0.0008704664521475031
0.0034258615745654843
GEN 75 time 1609423994
0.0023368348238357903
0.004200550316301698
0.0008704664521475031
0.0034258615745654843
GEN 76 time 1609424001
0.0023368348238357903
0.004200550316301698
0.0008704664521475031
0.0034258615745654843
GEN 77 time 1609424009
0.0023368348238357903
0.004200550316301698
0.0008704664521475031
0.0034258615745654843
GEN 78 time 1609424016
0.0023368348238357903
0.004200550316301698
0.0008704664521475031
0.0034258615745654843
GEN 79 time 1609424024
0.0023368348238357903
0.004200550316301698
0.0008704664521475031
0.0034258615745654843
GEN 80 time 1609424032
0.0023368348238357903
0.004200550316301698
0.0008704664521475031
0.0034258615745654843
GEN 81 time 1609424040
0.0023368348238357903
0.004200550316301698
0.0008704664521475031
0.0034258615745654843
GEN 82 time 1609424047
0.0023368348238357903
0.004200550316301698
0.0008704664521475031
0.0034258615745654843
GEN 83 time 1609424055
0.0023368348238357903
0.004200550316301698
0.0008704664521475031
0.0034258615745654843
GEN 84 time 1609424062
0.0023368348238357903
0.004200550316301698
0.0008704664521475031
0.0034258615745654843
GEN 85 time 1609424070
0.0023368348238357903
0.004200550316301698
0.0008704664521475031
0.0034258615745654843
GEN 86 time 1609424078
0.0023368348238357903
0.004200550316301698
0.0008704664521475031
0.0034258615745654843
GEN 87 time 1609424085
0.0023368348238357903
0.004200550316301698
0.0008704664521475031
0.0034258615745654843
GEN 88 time 1609424093
0.0023368348238357903
0.004200550316301698
0.0008704664521475031
0.0034258615745654843
GEN 89 time 1609424101
0.0023368348238357903
0.004200550316301698
0.0008704664521475031
0.0034258615745654843
GEN 90 time 1609424108
0.0023368348238357903
0.004200550316301698
0.0008704664521475031
0.0034258615745654843
GEN 91 time 1609424116
0.0023368348238357903
0.004200550316301698
0.0008704664521475031
0.0034258615745654843
GEN 92 time 1609424123
0.0023368348238357903
0.004200550316301698
0.0008704664521475031
0.0034258615745654843
GEN 93 time 1609424131
0.0023368348238357903
0.004200550316301698
0.0008704664521475031
0.0034258615745654843
GEN 94 time 1609424139
0.0023368348238357903
0.004200550316301698
0.0008704664521475031
0.0034258615745654843
GEN 95 time 1609424147
0.0023368348238357903
0.004200550316301698
0.0008704664521475031
0.0034258615745654843
GEN 96 time 1609424154
0.0023368348238357903
0.004200550316301698
0.0008704664521475031
0.0034258615745654843
GEN 97 time 1609424162
0.0023368348238357903
0.004200550316301698
0.0008704664521475031
0.0034258615745654843
GEN 98 time 1609424169
0.0023368348238357903
0.004200550316301698
0.0008704664521475031
0.0034258615745654843
GEN 99 time 1609424177
0.0023368348238357903
0.004200550316301698
0.0008704664521475031
0.0034258615745654843
