['./data/small/layer/uu-dem5_r25_1.json', './data/small/hop/uu-dem5_r25_1_0.json', './data/small/hop/uu-dem5_r25_1_40.json', './data/small/hop/uu-dem5_r50_1_0.json']
GEN 0 time 1616611672
0.002191164823506423
0.001221119604846391
0.0034143504293974525
0.0019307301125464872
GEN 1 time 1616611674
0.002191164823506423
0.0011589205782002116
0.0034143504293974525
0.0019307301125464872
GEN 2 time 1616611675
0.002191164823506423
0.001143488498866294
0.0034143504293974525
0.0019307301125464872
GEN 3 time 1616611677
0.002191164823506423
0.001143488498866294
0.0034143504293974525
0.0019307301125464872
GEN 4 time 1616611678
0.002191164823506423
0.001143488498866294
0.0034143504293974525
0.0019307301125464872
GEN 5 time 1616611680
0.002191164823506423
0.001143488498866294
0.0034143504293974525
0.0018192271926080364
GEN 6 time 1616611681
0.002191164823506423
0.001052771686465652
0.0034143504293974525
0.0018192271926080364
GEN 7 time 1616611683
0.002191164823506423
0.001052771686465652
0.0034143504293974525
0.0018192271926080364
GEN 8 time 1616611684
0.002191164823506423
0.001052771686465652
0.0034143504293974525
0.0018192271926080364
GEN 9 time 1616611686
0.002191164823506423
0.001052771686465652
0.0034143504293974525
0.0017519399185004173
GEN 10 time 1616611687
0.002191164823506423
0.001052771686465652
0.0034143504293974525
0.0017519399185004173
GEN 11 time 1616611689
0.002191164823506423
0.001052771686465652
0.0034007327810729603
0.0016652614575978493
GEN 12 time 1616611690
0.002191164823506423
0.001052771686465652
0.0034007327810729603
0.0016652614575978493
GEN 13 time 1616611692
0.002191164823506423
0.001052771686465652
0.0030115558838142427
0.0016652614575978493
GEN 14 time 1616611693
0.002191164823506423
0.001052771686465652
0.0030115558838142427
0.0016652614575978493
GEN 15 time 1616611695
0.002191164823506423
0.001052771686465652
0.0026142704293974526
0.0016652614575978493
GEN 16 time 1616611696
0.002191164823506423
0.001052771686465652
0.0026142704293974526
0.0016652614575978493
GEN 17 time 1616611698
0.002191164823506423
0.001052771686465652
0.0026142704293974526
0.0016652614575978493
GEN 18 time 1616611699
0.002191164823506423
0.001052771686465652
0.0026142704293974526
0.0016652614575978493
GEN 19 time 1616611701
0.002191164823506423
0.001052771686465652
0.0026142704293974526
0.0016652614575978493
GEN 20 time 1616611702
0.002191164823506423
0.001052771686465652
0.0026142704293974526
0.0016652614575978493
GEN 21 time 1616611704
0.002191164823506423
0.001052771686465652
0.0026142704293974526
0.0016652614575978493
GEN 22 time 1616611705
0.002191164823506423
0.001052771686465652
0.0026142704293974526
0.0016652614575978493
GEN 23 time 1616611707
0.002191164823506423
0.001052771686465652
0.0026142704293974526
0.0016652614575978493
GEN 24 time 1616611708
0.002191164823506423
0.001052771686465652
0.0026142704293974526
0.0016519329517519468
GEN 25 time 1616611710
0.002191164823506423
0.001052771686465652
0.0026009540701500047
0.0016519329517519468
GEN 26 time 1616611712
0.002191164823506423
0.001052771686465652
0.0026009540701500047
0.0016519329517519468
GEN 27 time 1616611713
0.002191164823506423
0.001052771686465652
0.0026009540701500047
0.0016519329517519468
GEN 28 time 1616611715
0.002191164823506423
0.001052771686465652
0.0026009540701500047
0.0016519329517519468
GEN 29 time 1616611716
0.002191164823506423
0.001052771686465652
0.0026009540701500047
0.0016519329517519468
GEN 30 time 1616611718
0.002191164823506423
0.001052771686465652
0.0026009540701500047
0.001598883311555587
GEN 31 time 1616611719
0.002191164823506423
0.000943468498866294
0.0026009540701500047
0.001598883311555587
GEN 32 time 1616611721
0.002191164823506423
0.000943468498866294
0.0026009540701500047
0.001598883311555587
GEN 33 time 1616611722
0.002191164823506423
0.000943468498866294
0.0024127741870463163
0.001598883311555587
GEN 34 time 1616611724
0.002191164823506423
0.000943468498866294
0.0024127741870463163
0.001598883311555587
GEN 35 time 1616611725
0.002191164823506423
0.000943468498866294
0.0024127741870463163
0.001598883311555587
GEN 36 time 1616611727
0.002191164823506423
0.000943468498866294
0.0024127741870463163
0.001598883311555587
GEN 37 time 1616611728
0.002191164823506423
0.000943468498866294
0.0024127741870463163
0.001598883311555587
GEN 38 time 1616611730
0.002191164823506423
0.000943468498866294
0.0024127741870463163
0.001598883311555587
GEN 39 time 1616611731
0.002191164823506423
0.000943468498866294
0.0024127741870463163
0.001598883311555587
GEN 40 time 1616611733
0.002191164823506423
0.000943468498866294
0.0024018329973818165
0.0015840793768765846
GEN 41 time 1616611734
0.002191164823506423
0.000943468498866294
0.0024018329973818165
0.001551919918500417
GEN 42 time 1616611736
0.002191164823506423
0.000943468498866294
0.0024018329973818165
0.0015464840908488032
GEN 43 time 1616611737
0.002191164823506423
0.000943468498866294
0.0024011088702691795
0.0015464840908488032
GEN 44 time 1616611739
0.002191164823506423
0.000943468498866294
0.0024011088702691795
0.0015464840908488032
GEN 45 time 1616611740
0.002191164823506423
0.000943468498866294
0.0024011088702691795
0.0015464840908488032
GEN 46 time 1616611742
0.002191164823506423
0.000943468498866294
0.0024011088702691795
0.0015464840908488032
GEN 47 time 1616611744
0.002191164823506423
0.000943468498866294
0.0024011088702691795
0.0015464840908488032
GEN 48 time 1616611745
0.002191164823506423
0.000943468498866294
0.0024011088702691795
0.0015464840908488032
GEN 49 time 1616611747
0.002191164823506423
0.000943468498866294
0.0024011088702691795
0.0015464840908488032
GEN 50 time 1616611748
0.002191164823506423
0.000943468498866294
0.0024011088702691795
0.0014833108389823867
GEN 51 time 1616611750
0.002191164823506423
0.000943468498866294
0.0024011088702691795
0.0014833108389823867
GEN 52 time 1616611751
0.002191164823506423
0.000943468498866294
0.0022142304293974522
0.0014833108389823867
GEN 53 time 1616611753
0.002191164823506423
0.000943468498866294
0.0022142304293974522
0.0014833108389823867
GEN 54 time 1616611754
0.002191164823506423
0.000943468498866294
0.0022142304293974522
0.0014833108389823867
GEN 55 time 1616611756
0.002191164823506423
0.000943468498866294
0.0022033398839026884
0.0014833108389823867
GEN 56 time 1616611757
0.002191164823506423
0.000943468498866294
0.0022033398839026884
0.001459473076613531
GEN 57 time 1616611759
0.002191164823506423
0.000943468498866294
0.0022033398839026884
0.0014519129517519469
GEN 58 time 1616611760
0.002191164823506423
0.000943468498866294
0.0022033398839026884
0.0014519129517519469
GEN 59 time 1616611762
0.002191164823506423
0.000943468498866294
0.0022033398839026884
0.0014519129517519469
GEN 60 time 1616611763
0.002191164823506423
0.000943468498866294
0.0022033398839026884
0.0014519129517519469
GEN 61 time 1616611765
0.002191164823506423
0.000943468498866294
0.0022033398839026884
0.0014519129517519469
GEN 62 time 1616611766
0.002191164823506423
0.000943468498866294
0.0022033398839026884
0.0014300646388351384
GEN 63 time 1616611768
0.002191164823506423
0.000943468498866294
0.0022033398839026884
0.0014300646388351384
GEN 64 time 1616611769
0.002191164823506423
0.000943468498866294
0.0022033398839026884
0.0014300646388351384
GEN 65 time 1616611771
0.002191164823506423
0.000943468498866294
0.0022018129973818165
0.0014300646388351384
GEN 66 time 1616611773
0.002191164823506423
0.000943468498866294
0.0022018129973818165
0.0014300646388351384
GEN 67 time 1616611774
0.002191164823506423
0.000943468498866294
0.0022018129973818165
0.0014300646388351384
GEN 68 time 1616611776
0.002191164823506423
0.000943468498866294
0.0022018129973818165
0.0014300646388351384
GEN 69 time 1616611777
0.002191164823506423
0.000943468498866294
0.0022018129973818165
0.0014300646388351384
GEN 70 time 1616611779
0.002191164823506423
0.000943468498866294
0.0022018129973818165
0.0014300646388351384
GEN 71 time 1616611780
0.002191164823506423
0.000943468498866294
0.0022018129973818165
0.0014300646388351384
GEN 72 time 1616611782
0.002191164823506423
0.000943468498866294
0.0022018129973818165
0.0014300646388351384
GEN 73 time 1616611783
0.002191164823506423
0.000943468498866294
0.0022018129973818165
0.0014300646388351384
GEN 74 time 1616611785
0.002191164823506423
0.000943468498866294
0.0022018129973818165
0.0014300646388351384
GEN 75 time 1616611786
0.002191164823506423
0.000943468498866294
0.0022018129973818165
0.001351899918500417
GEN 76 time 1616611788
0.002191164823506423
0.000943468498866294
0.0022018129973818165
0.001351899918500417
GEN 77 time 1616611789
0.002191164823506423
0.000943468498866294
0.0022003510277493112
0.001351899918500417
GEN 78 time 1616611791
0.002191164823506423
0.000943468498866294
0.0022003510277493112
0.001351899918500417
GEN 79 time 1616611792
0.002191164823506423
0.000943468498866294
0.0022003510277493112
0.001351899918500417
GEN 80 time 1616611794
0.002191164823506423
0.000943468498866294
0.0022003510277493112
0.001351899918500417
GEN 81 time 1616611795
0.002191164823506423
0.000943468498866294
0.0022003510277493112
0.001351899918500417
GEN 82 time 1616611797
0.002191164823506423
0.000943468498866294
0.0022003510277493112
0.001351899918500417
GEN 83 time 1616611799
0.002191164823506423
0.000943468498866294
0.0022003510277493112
0.001351899918500417
GEN 84 time 1616611800
0.002191164823506423
0.000943468498866294
0.0022003510277493112
0.001351899918500417
GEN 85 time 1616611802
0.002191164823506423
0.000943468498866294
0.0022003510277493112
0.001351899918500417
GEN 86 time 1616611803
0.002191164823506423
0.000943468498866294
0.0022003510277493112
0.001351899918500417
GEN 87 time 1616611805
0.002191164823506423
0.000943468498866294
0.0022003510277493112
0.001351899918500417
GEN 88 time 1616611806
0.002191164823506423
0.000943468498866294
0.0022003510277493112
0.001351899918500417
GEN 89 time 1616611808
0.002191164823506423
0.000943468498866294
0.0022003510277493112
0.001351899918500417
GEN 90 time 1616611809
0.002191164823506423
0.000943468498866294
0.0022003510277493112
0.001351899918500417
GEN 91 time 1616611811
0.002191164823506423
0.000943468498866294
0.0022003510277493112
0.001346464090848803
GEN 92 time 1616611812
0.002191164823506423
0.000943468498866294
0.0022003510277493112
0.001346464090848803
GEN 93 time 1616611814
0.002191164823506423
0.000943468498866294
0.0022003510277493112
0.001346464090848803
GEN 94 time 1616611815
0.002191164823506423
0.000943468498866294
0.0022003510277493112
0.001346464090848803
GEN 95 time 1616611817
0.002191164823506423
0.000943468498866294
0.0022003510277493112
0.001346464090848803
GEN 96 time 1616611818
0.002191164823506423
0.000943468498866294
0.0022003510277493112
0.001346464090848803
GEN 97 time 1616611820
0.002191164823506423
0.000943468498866294
0.0022003510277493112
0.001346464090848803
GEN 98 time 1616611822
0.002191164823506423
0.000943468498866294
0.0022003510277493112
0.001346464090848803
GEN 99 time 1616611823
0.002191164823506423
0.000943468498866294
0.0022003510277493112
0.001346464090848803
GEN 100 time 1616611825
0.002191164823506423
0.000943468498866294
0.0022003510277493112
0.001346464090848803
GEN 101 time 1616611826
0.002191164823506423
0.000943468498866294
0.0022003510277493112
0.001346464090848803
GEN 102 time 1616611828
0.002191164823506423
0.000943468498866294
0.0022003510277493112
0.001346464090848803
GEN 103 time 1616611829
0.002191164823506423
0.000943468498866294
0.0022003510277493112
0.001346464090848803
GEN 104 time 1616611831
0.002191164823506423
0.000943468498866294
0.0022003510277493112
0.001346464090848803
GEN 105 time 1616611832
0.002191164823506423
0.000943468498866294
0.0022003510277493112
0.001346464090848803
GEN 106 time 1616611834
0.002191164823506423
0.000943468498866294
0.0022003510277493112
0.001346464090848803
GEN 107 time 1616611836
0.002191164823506423
0.000943468498866294
0.0022003510277493112
0.001346464090848803
GEN 108 time 1616611837
0.002191164823506423
0.000943468498866294
0.0022003510277493112
0.001346464090848803
GEN 109 time 1616611839
0.002191164823506423
0.000943468498866294
0.0022003510277493112
0.001346464090848803
GEN 110 time 1616611840
0.002191164823506423
0.000943468498866294
0.0022003510277493112
0.001346464090848803
GEN 111 time 1616611842
0.002191164823506423
0.000943468498866294
0.0022003510277493112
0.001346464090848803
GEN 112 time 1616611843
0.002191164823506423
0.000943468498866294
0.0022003510277493112
0.001346464090848803
GEN 113 time 1616611845
0.002191164823506423
0.000943468498866294
0.0022003510277493112
0.001346464090848803
GEN 114 time 1616611847
0.002191164823506423
0.000943468498866294
0.0022003510277493112
0.001346464090848803
GEN 115 time 1616611848
0.002191164823506423
0.000943468498866294
0.0022003510277493112
0.001346464090848803
GEN 116 time 1616611850
0.002191164823506423
0.000943468498866294
0.0022003510277493112
0.001346464090848803
GEN 117 time 1616611851
0.002191164823506423
0.000943468498866294
0.0022003510277493112
0.001346464090848803
GEN 118 time 1616611853
0.002191164823506423
0.000943468498866294
0.0022003510277493112
0.001346464090848803
GEN 119 time 1616611854
0.002191164823506423
0.000943468498866294
0.0022003510277493112
0.001346464090848803
GEN 120 time 1616611856
0.002191164823506423
0.000943468498866294
0.0022003510277493112
0.001346464090848803
GEN 121 time 1616611857
0.002191164823506423
0.000943468498866294
0.0022003510277493112
0.001346464090848803
GEN 122 time 1616611859
0.002191164823506423
0.000943468498866294
0.0022003510277493112
0.001346464090848803
GEN 123 time 1616611860
0.002191164823506423
0.000943468498866294
0.0022003510277493112
0.001346464090848803
GEN 124 time 1616611862
0.002191164823506423
0.000943468498866294
0.0022003510277493112
0.001346464090848803
GEN 125 time 1616611863
0.002191164823506423
0.000943468498866294
0.0022003510277493112
0.001346464090848803
GEN 126 time 1616611865
0.002191164823506423
0.000943468498866294
0.0022003510277493112
0.001346464090848803
GEN 127 time 1616611866
0.002191164823506423
0.000943468498866294
0.0022003510277493112
0.001346464090848803
GEN 128 time 1616611868
0.002191164823506423
0.000943468498866294
0.0022003510277493112
0.001346464090848803
GEN 129 time 1616611870
0.002191164823506423
0.000943468498866294
0.0022003510277493112
0.001346464090848803
GEN 130 time 1616611871
0.002191164823506423
0.000943468498866294
0.0022003510277493112
0.001346464090848803
GEN 131 time 1616611873
0.002191164823506423
0.000943468498866294
0.0022003510277493112
0.001346464090848803
GEN 132 time 1616611875
0.002191164823506423
0.000943468498866294
0.0022003510277493112
0.001346464090848803
GEN 133 time 1616611876
0.002191164823506423
0.000943468498866294
0.0022003510277493112
0.001346464090848803
GEN 134 time 1616611878
0.002191164823506423
0.000943468498866294
0.0022003510277493112
0.001346464090848803
GEN 135 time 1616611879
0.002191164823506423
0.000943468498866294
0.0022003510277493112
0.001346464090848803
GEN 136 time 1616611881
0.002191164823506423
0.000943468498866294
0.0022003510277493112
0.0012947691827361269
GEN 137 time 1616611882
0.002191164823506423
0.000943468498866294
0.0022003510277493112
0.0012947691827361269
GEN 138 time 1616611884
0.002191164823506423
0.000943468498866294
0.0022003510277493112
0.0012947691827361269
GEN 139 time 1616611885
0.002191164823506423
0.000943468498866294
0.0022003510277493112
0.0012947691827361269
GEN 140 time 1616611887
0.002191164823506423
0.000943468498866294
0.0022003510277493112
0.0012947691827361269
GEN 141 time 1616611888
0.002191164823506423
0.000943468498866294
0.0022003510277493112
0.0012947691827361269
GEN 142 time 1616611890
0.002191164823506423
0.000943468498866294
0.0022003510277493112
0.0012947691827361269
GEN 143 time 1616611891
0.002191164823506423
0.000943468498866294
0.0022003510277493112
0.0012947691827361269
GEN 144 time 1616611893
0.002191164823506423
0.000943468498866294
0.0022003510277493112
0.0012947691827361269
GEN 145 time 1616611894
0.002191164823506423
0.000943468498866294
0.0022003510277493112
0.0012947691827361269
GEN 146 time 1616611896
0.002191164823506423
0.000943468498866294
0.0022003510277493112
0.0012947691827361269
GEN 147 time 1616611898
0.002191164823506423
0.000943468498866294
0.0022003510277493112
0.0012947691827361269
GEN 148 time 1616611899
0.002191164823506423
0.000943468498866294
0.0022003510277493112
0.0012947691827361269
GEN 149 time 1616611901
0.002191164823506423
0.000943468498866294
0.0022003510277493112
0.0012947691827361269
GEN 150 time 1616611903
0.002191164823506423
0.000943468498866294
0.0022003510277493112
0.0012947691827361269
GEN 151 time 1616611904
0.002191164823506423
0.000943468498866294
0.0022003510277493112
0.0012947691827361269
GEN 152 time 1616611906
0.002191164823506423
0.000943468498866294
0.0022003510277493112
0.0012947691827361269
GEN 153 time 1616611907
0.002191164823506423
0.000943468498866294
0.0022003510277493112
0.0012947691827361269
GEN 154 time 1616611909
0.002191164823506423
0.000943468498866294
0.0022003510277493112
0.0012947691827361269
GEN 155 time 1616611910
0.002191164823506423
0.000943468498866294
0.0022003510277493112
0.0012947691827361269
GEN 156 time 1616611912
0.002191164823506423
0.000943468498866294
0.0022003510277493112
0.0012947691827361269
GEN 157 time 1616611913
0.002191164823506423
0.000943468498866294
0.0022003510277493112
0.0012947691827361269
GEN 158 time 1616611915
0.002191164823506423
0.000943468498866294
0.0022003510277493112
0.0012947691827361269
GEN 159 time 1616611916
0.002191164823506423
0.000943468498866294
0.0022003510277493112
0.0012727574753949975
GEN 160 time 1616611918
0.002191164823506423
0.000943468498866294
0.0022003510277493112
0.0012283178138227419
GEN 161 time 1616611919
0.002191164823506423
0.000943468498866294
0.0022003510277493112
0.0012283178138227419
GEN 162 time 1616611921
0.002191164823506423
0.000943468498866294
0.0022003510277493112
0.0012283178138227419
GEN 163 time 1616611922
0.002191164823506423
0.000943468498866294
0.0022003510277493112
0.0012283178138227419
GEN 164 time 1616611924
0.002191164823506423
0.000943468498866294
0.0022003510277493112
0.0012283178138227419
GEN 165 time 1616611925
0.002191164823506423
0.000943468498866294
0.0022003510277493112
0.0012283178138227419
GEN 166 time 1616611927
0.002191164823506423
0.000943468498866294
0.0022003510277493112
0.0012283178138227419
GEN 167 time 1616611928
0.002191164823506423
0.000943468498866294
0.0022003510277493112
0.0012283178138227419
GEN 168 time 1616611930
0.002191164823506423
0.000943468498866294
0.0022003510277493112
0.0012283178138227419
GEN 169 time 1616611932
0.002191164823506423
0.000943468498866294
0.0022003510277493112
0.0012283178138227419
GEN 170 time 1616611933
0.002191164823506423
0.000943468498866294
0.0022003510277493112
0.0012283178138227419
GEN 171 time 1616611935
0.002191164823506423
0.000943468498866294
0.0022003510277493112
0.0012283178138227419
GEN 172 time 1616611936
0.002191164823506423
0.000943468498866294
0.0022003510277493112
0.0012283178138227419
GEN 173 time 1616611938
0.002191164823506423
0.000943468498866294
0.0022003510277493112
0.0012283178138227419
GEN 174 time 1616611939
0.002191164823506423
0.000943468498866294
0.0022003510277493112
0.0012283178138227419
GEN 175 time 1616611941
0.002191164823506423
0.000943468498866294
0.0022003510277493112
0.0012283178138227419
GEN 176 time 1616611942
0.002191164823506423
0.000943468498866294
0.0022003510277493112
0.0012283178138227419
GEN 177 time 1616611944
0.002191164823506423
0.000943468498866294
0.0022003510277493112
0.0012283178138227419
GEN 178 time 1616611945
0.002191164823506423
0.000943468498866294
0.0022003510277493112
0.0012283178138227419
GEN 179 time 1616611947
0.002191164823506423
0.000943468498866294
0.0022003510277493112
0.0012283178138227419
GEN 180 time 1616611948
0.002191164823506423
0.000943468498866294
0.0022003510277493112
0.0012283178138227419
GEN 181 time 1616611950
0.002191164823506423
0.000943468498866294
0.0022003510277493112
0.0012283178138227419
GEN 182 time 1616611951
0.002191164823506423
0.000943468498866294
0.0022003510277493112
0.0012283178138227419
GEN 183 time 1616611953
0.002191164823506423
0.000943468498866294
0.0022003510277493112
0.0012283178138227419
GEN 184 time 1616611954
0.002191164823506423
0.000943468498866294
0.0022003510277493112
0.0012283178138227419
GEN 185 time 1616611956
0.002191164823506423
0.000943468498866294
0.0022003510277493112
0.0012283178138227419
GEN 186 time 1616611957
0.002191164823506423
0.000943468498866294
0.0022003510277493112
0.0012283178138227419
GEN 187 time 1616611959
0.002191164823506423
0.000943468498866294
0.0022003510277493112
0.0012283178138227419
GEN 188 time 1616611961
0.002191164823506423
0.000943468498866294
0.0022003510277493112
0.0012283178138227419
GEN 189 time 1616611962
0.002191164823506423
0.000943468498866294
0.0022003510277493112
0.0012283178138227419
GEN 190 time 1616611964
0.002191164823506423
0.000943468498866294
0.0022003510277493112
0.0012283178138227419
GEN 191 time 1616611965
0.002191164823506423
0.000943468498866294
0.0022003510277493112
0.0012283178138227419
GEN 192 time 1616611967
0.002191164823506423
0.000943468498866294
0.0022003510277493112
0.0012283178138227419
GEN 193 time 1616611968
0.002191164823506423
0.000943468498866294
0.0022003510277493112
0.0012283178138227419
GEN 194 time 1616611970
0.002191164823506423
0.000943468498866294
0.0022003510277493112
0.0012283178138227419
GEN 195 time 1616611971
0.002191164823506423
0.000943468498866294
0.0022003510277493112
0.0012283178138227419
GEN 196 time 1616611973
0.002191164823506423
0.000943468498866294
0.0022003510277493112
0.0012283178138227419
GEN 197 time 1616611974
0.002191164823506423
0.000943468498866294
0.0022003510277493112
0.0012283178138227419
GEN 198 time 1616611976
0.002191164823506423
0.000943468498866294
0.0022003510277493112
0.0012283178138227419
GEN 199 time 1616611977
0.002191164823506423
0.000943468498866294
0.0022003510277493112
0.0012283178138227419
