['./data/small/layer/uu-dem2_r25_1.json', './data/small/layer/uu-dem7_r25_1.json', './data/small/layer/uu-dem8_r25_1.json', './data/small/hop/uu-dem4_r25_1_0.json']
GEN 0 time 1599141721
0.001561085432213952
0.0023368348238357903
0.0019331241698611365
0.0020172261389345553
GEN 1 time 1599141723
0.001561085432213952
0.0023368348238357903
0.0019331241698611365
0.0019903393903369826
GEN 2 time 1599141724
0.001561085432213952
0.0023368348238357903
0.0019331241698611365
0.0019903393903369826
GEN 3 time 1599141726
0.001561085432213952
0.0023368348238357903
0.0019331241698611365
0.0019149639123802677
GEN 4 time 1599141727
0.001561085432213952
0.0023368348238357903
0.0019331241698611365
0.0019149639123802677
GEN 5 time 1599141729
0.0014965331292468968
0.0023368348238357903
0.0019331241698611365
0.0019149639123802677
GEN 6 time 1599141732
0.0014747944620447592
0.0023368348238357903
0.0019331241698611365
0.0019149639123802677
GEN 7 time 1599141734
0.0014747944620447592
0.0023368348238357903
0.0019331241698611365
0.0019149639123802677
GEN 8 time 1599141737
0.0014747944620447592
0.0023368348238357903
0.0019331241698611365
0.0019149639123802677
GEN 9 time 1599141740
0.0014747944620447592
0.0023368348238357903
0.0019331241698611365
0.0019149639123802677
GEN 10 time 1599141743
0.0014747944620447592
0.0023368348238357903
0.0019331241698611365
0.0019149639123802677
GEN 11 time 1599141746
0.0014747944620447592
0.0023368348238357903
0.0019331241698611365
0.0019149639123802677
GEN 12 time 1599141749
0.0014747944620447592
0.0023368348238357903
0.0019331241698611365
0.0018873638010097709
GEN 13 time 1599141752
0.0014747944620447592
0.0023368348238357903
0.0019331241698611365
0.0018873638010097709
GEN 14 time 1599141754
0.0014747944620447592
0.0023368348238357903
0.0019331241698611365
0.0018873638010097709
GEN 15 time 1599141757
0.0014747944620447592
0.0023368348238357903
0.0019331241698611365
0.0018873638010097709
GEN 16 time 1599141760
0.0014747944620447592
0.0023368348238357903
0.0019331241698611365
0.0018873638010097709
GEN 17 time 1599141763
0.0013905549155818575
0.0023368348238357903
0.0019331241698611365
0.0018873638010097709
GEN 18 time 1599141765
0.0013905549155818575
0.0023368348238357903
0.0019331241698611365
0.0018873638010097709
GEN 19 time 1599141768
0.0013905549155818575
0.0023368348238357903
0.0019331241698611365
0.0018873638010097709
GEN 20 time 1599141771
0.0013905549155818575
0.0023368348238357903
0.0019331241698611365
0.0018061177234175625
GEN 21 time 1599141774
0.0013905549155818575
0.0023368348238357903
0.0019331241698611365
0.0018061177234175625
GEN 22 time 1599141776
0.0013905549155818575
0.0023368348238357903
0.0019331241698611365
0.0018061177234175625
GEN 23 time 1599141779
0.0013905549155818575
0.0023368348238357903
0.0019331241698611365
0.0018061177234175625
GEN 24 time 1599141782
0.0013805834533975835
0.0023368348238357903
0.0019331241698611365
0.0017152662785722824
GEN 25 time 1599141785
0.0013805834533975835
0.0023368348238357903
0.0019331241698611365
0.0017152662785722824
GEN 26 time 1599141788
0.0013805834533975835
0.0023368348238357903
0.0019331241698611365
0.0017152662785722824
GEN 27 time 1599141790
0.0013805834533975835
0.0023368348238357903
0.0019331241698611365
0.0017152662785722824
GEN 28 time 1599141793
0.0012944154081866313
0.0023368348238357903
0.0019331241698611365
0.0017152662785722824
GEN 29 time 1599141796
0.0012944154081866313
0.0023368348238357903
0.0019331241698611365
0.0017152662785722824
GEN 30 time 1599141799
0.0012944154081866313
0.0023368348238357903
0.0019331241698611365
0.0017152662785722824
GEN 31 time 1599141803
0.0012560922036427829
0.0023368348238357903
0.0019331241698611365
0.0017152662785722824
GEN 32 time 1599141806
0.0012560922036427829
0.0023368348238357903
0.0019331241698611365
0.0017152662785722824
GEN 33 time 1599141809
0.0012560922036427829
0.0023368348238357903
0.0019331241698611365
0.0017152662785722824
GEN 34 time 1599141812
0.0012047528586886414
0.0023368348238357903
0.0019331241698611365
0.0017152662785722824
GEN 35 time 1599141815
0.0012047528586886414
0.0023368348238357903
0.0019331241698611365
0.0017152662785722824
GEN 36 time 1599141818
0.0012047528586886414
0.0023368348238357903
0.0019331241698611365
0.0017152662785722824
GEN 37 time 1599141822
0.0012047528586886414
0.0023368348238357903
0.0019331241698611365
0.0017152662785722824
GEN 38 time 1599141825
0.0012047528586886414
0.0023368348238357903
0.0019331241698611365
0.0017152662785722824
GEN 39 time 1599141828
0.0012047528586886414
0.0023368348238357903
0.0019331241698611365
0.0017152662785722824
GEN 40 time 1599141831
0.0012047528586886414
0.0023368348238357903
0.0019331241698611365
0.0017152662785722824
GEN 41 time 1599141834
0.0012047528586886414
0.0023368348238357903
0.0019331241698611365
0.0017152662785722824
GEN 42 time 1599141838
0.0012047528586886414
0.0023368348238357903
0.0019331241698611365
0.0017152662785722824
GEN 43 time 1599141841
0.0012047528586886414
0.0023368348238357903
0.0019331241698611365
0.0017152662785722824
GEN 44 time 1599141844
0.0012047528586886414
0.0023368348238357903
0.0019331241698611365
0.0017152662785722824
GEN 45 time 1599141847
0.0012047528586886414
0.0023368348238357903
0.0019331241698611365
0.0017152662785722824
GEN 46 time 1599141850
0.0012047528586886414
0.0023368348238357903
0.0019331241698611365
0.0017152662785722824
GEN 47 time 1599141854
0.0012047528586886414
0.0023368348238357903
0.0019331241698611365
0.0017152662785722824
GEN 48 time 1599141858
0.0012047528586886414
0.0023368348238357903
0.0019331241698611365
0.0017152662785722824
GEN 49 time 1599141861
0.0012047528586886414
0.0023368348238357903
0.0019331241698611365
0.0017152662785722824
GEN 50 time 1599141865
0.0012047528586886414
0.0023368348238357903
0.0019331241698611365
0.0017152662785722824
GEN 51 time 1599141868
0.0012047528586886414
0.0023368348238357903
0.0019331241698611365
0.0017152662785722824
GEN 52 time 1599141872
0.0012047528586886414
0.0023368348238357903
0.0019331241698611365
0.0017152662785722824
GEN 53 time 1599141875
0.0012047528586886414
0.0023368348238357903
0.0019331241698611365
0.0017152662785722824
GEN 54 time 1599141879
0.0012047528586886414
0.0023368348238357903
0.0019331241698611365
0.0017152662785722824
GEN 55 time 1599141883
0.0011714334893155446
0.0023368348238357903
0.0019331241698611365
0.0017152662785722824
GEN 56 time 1599141886
0.0011714334893155446
0.0023368348238357903
0.0019331241698611365
0.0017152662785722824
GEN 57 time 1599141890
0.0011714334893155446
0.0023368348238357903
0.0019331241698611365
0.0017152662785722824
GEN 58 time 1599141894
0.0011714334893155446
0.0023368348238357903
0.0019331241698611365
0.0017152662785722824
GEN 59 time 1599141897
0.0011714334893155446
0.0023368348238357903
0.0019331241698611365
0.0017152662785722824
GEN 60 time 1599141901
0.0011714334893155446
0.0023368348238357903
0.0019331241698611365
0.0017152662785722824
GEN 61 time 1599141904
0.0011714334893155446
0.0023368348238357903
0.0019331241698611365
0.0017152662785722824
GEN 62 time 1599141908
0.0011714334893155446
0.0023368348238357903
0.0019331241698611365
0.0017152662785722824
GEN 63 time 1599141911
0.0011714334893155446
0.0023368348238357903
0.0019331241698611365
0.0017152662785722824
GEN 64 time 1599141915
0.0011714334893155446
0.0023368348238357903
0.0019331241698611365
0.0017152662785722824
GEN 65 time 1599141918
0.0011714334893155446
0.0023368348238357903
0.0019331241698611365
0.0017152662785722824
GEN 66 time 1599141922
0.0011714334893155446
0.0023368348238357903
0.0019331241698611365
0.0017152662785722824
GEN 67 time 1599141926
0.0011714334893155446
0.0023368348238357903
0.0019331241698611365
0.0017152662785722824
GEN 68 time 1599141929
0.0011714334893155446
0.0023368348238357903
0.0019331241698611365
0.0017152662785722824
GEN 69 time 1599141932
0.0011714334893155446
0.0023368348238357903
0.0019331241698611365
0.0016873438010097709
GEN 70 time 1599141936
0.0011714334893155446
0.0023368348238357903
0.0019331241698611365
0.0016873438010097709
GEN 71 time 1599141940
0.0011714334893155446
0.0023368348238357903
0.0019331241698611365
0.0016873438010097709
GEN 72 time 1599141943
0.0011714334893155446
0.0023368348238357903
0.0019331241698611365
0.0016873438010097709
GEN 73 time 1599141947
0.0011714334893155446
0.0023368348238357903
0.0019331241698611365
0.0016873438010097709
GEN 74 time 1599141950
0.0011714334893155446
0.0023368348238357903
0.0019331241698611365
0.0016873438010097709
GEN 75 time 1599141953
0.0011714334893155446
0.0023368348238357903
0.0019331241698611365
0.0016873438010097709
GEN 76 time 1599141956
0.0011714334893155446
0.0023368348238357903
0.0019331241698611365
0.0016873438010097709
GEN 77 time 1599141959
0.0011714334893155446
0.0023368348238357903
0.0019331241698611365
0.0016873438010097709
GEN 78 time 1599141963
0.0011714334893155446
0.0023368348238357903
0.0019331241698611365
0.0016873438010097709
GEN 79 time 1599141966
0.0011714334893155446
0.0023368348238357903
0.0019331241698611365
0.0016873438010097709
GEN 80 time 1599141969
0.0011714334893155446
0.0023368348238357903
0.0019331241698611365
0.0016873438010097709
GEN 81 time 1599141973
0.0011714334893155446
0.0023368348238357903
0.0019331241698611365
0.0016873438010097709
GEN 82 time 1599141976
0.0011714334893155446
0.0023368348238357903
0.0019331241698611365
0.0016873438010097709
GEN 83 time 1599141980
0.0011714334893155446
0.0023368348238357903
0.0019331241698611365
0.0016615887985145072
GEN 84 time 1599141983
0.0011714334893155446
0.0023368348238357903
0.0019331241698611365
0.0016615887985145072
GEN 85 time 1599141987
0.0011714334893155446
0.0023368348238357903
0.0019331241698611365
0.0016615887985145072
GEN 86 time 1599141990
0.0011714334893155446
0.0023368348238357903
0.0019331241698611365
0.0016615887985145072
GEN 87 time 1599141993
0.0011714334893155446
0.0023368348238357903
0.0019331241698611365
0.0016615887985145072
GEN 88 time 1599141997
0.0011714334893155446
0.0023368348238357903
0.0019331241698611365
0.0016615887985145072
GEN 89 time 1599142000
0.0011714334893155446
0.0023368348238357903
0.0019331241698611365
0.0016615887985145072
GEN 90 time 1599142003
0.0011714334893155446
0.0023368348238357903
0.0019331241698611365
0.0016615887985145072
GEN 91 time 1599142006
0.0011714334893155446
0.0023368348238357903
0.0019331241698611365
0.0016615887985145072
GEN 92 time 1599142010
0.0011714334893155446
0.0023368348238357903
0.0019331241698611365
0.0016615887985145072
GEN 93 time 1599142013
0.0011714334893155446
0.0023368348238357903
0.0019331241698611365
0.0016615887985145072
GEN 94 time 1599142016
0.0011714334893155446
0.0023368348238357903
0.0019331241698611365
0.0016615887985145072
GEN 95 time 1599142019
0.0011714334893155446
0.0023368348238357903
0.0019331241698611365
0.0016615887985145072
GEN 96 time 1599142023
0.0011714334893155446
0.0023368348238357903
0.0019331241698611365
0.0016615887985145072
GEN 97 time 1599142026
0.0011714334893155446
0.0023368348238357903
0.0019331241698611365
0.0016615887985145072
GEN 98 time 1599142029
0.0011714334893155446
0.0023368348238357903
0.0019331241698611365
0.0016615887985145072
GEN 99 time 1599142032
0.0011714334893155446
0.0023368348238357903
0.0019331241698611365
0.0016615887985145072
GEN 100 time 1599142036
0.0011714334893155446
0.0023368348238357903
0.0019331241698611365
0.0016615887985145072
GEN 101 time 1599142039
0.0011714334893155446
0.0023368348238357903
0.0019331241698611365
0.0016615887985145072
GEN 102 time 1599142042
0.0011714334893155446
0.0023368348238357903
0.0019331241698611365
0.0016615887985145072
GEN 103 time 1599142046
0.0011714334893155446
0.0023368348238357903
0.0019331241698611365
0.0016615887985145072
GEN 104 time 1599142049
0.0011714334893155446
0.0023368348238357903
0.0019331241698611365
0.0016615887985145072
GEN 105 time 1599142053
0.0011714334893155446
0.0023368348238357903
0.0019331241698611365
0.0016615887985145072
GEN 106 time 1599142056
0.0011714334893155446
0.0023368348238357903
0.0019331241698611365
0.0016615887985145072
GEN 107 time 1599142060
0.0011714334893155446
0.0023368348238357903
0.0019331241698611365
0.0016615887985145072
GEN 108 time 1599142063
0.0011714334893155446
0.0023368348238357903
0.0019331241698611365
0.0016615887985145072
GEN 109 time 1599142067
0.0011714334893155446
0.0023368348238357903
0.0019331241698611365
0.0016615887985145072
GEN 110 time 1599142070
0.0011714334893155446
0.0023368348238357903
0.0019331241698611365
0.0016615887985145072
GEN 111 time 1599142073
0.0011714334893155446
0.0023368348238357903
0.0019331241698611365
0.0016615887985145072
GEN 112 time 1599142077
0.0011714334893155446
0.0023368348238357903
0.0019331241698611365
0.0016615887985145072
GEN 113 time 1599142080
0.0011714334893155446
0.0023368348238357903
0.0019331241698611365
0.0016615887985145072
GEN 114 time 1599142084
0.0011714334893155446
0.0023368348238357903
0.0019331241698611365
0.0016615887985145072
GEN 115 time 1599142088
0.0011714334893155446
0.0023368348238357903
0.0019331241698611365
0.0016615887985145072
GEN 116 time 1599142091
0.0011714334893155446
0.0023368348238357903
0.0019331241698611365
0.0016615887985145072
GEN 117 time 1599142094
0.0011714334893155446
0.0023368348238357903
0.0019331241698611365
0.0016615887985145072
GEN 118 time 1599142098
0.0011714334893155446
0.0023368348238357903
0.0019331241698611365
0.0016615887985145072
GEN 119 time 1599142101
0.0011714334893155446
0.0023368348238357903
0.0019331241698611365
0.0016615887985145072
GEN 120 time 1599142104
0.0011714334893155446
0.0023368348238357903
0.0019331241698611365
0.0016615887985145072
GEN 121 time 1599142108
0.0011714334893155446
0.0023368348238357903
0.0019331241698611365
0.0016615887985145072
GEN 122 time 1599142111
0.0011714334893155446
0.0023368348238357903
0.0019331241698611365
0.0016615887985145072
GEN 123 time 1599142114
0.0011714334893155446
0.0023368348238357903
0.0019331241698611365
0.0016615887985145072
GEN 124 time 1599142117
0.0011714334893155446
0.0023368348238357903
0.0019331241698611365
0.0016615887985145072
GEN 125 time 1599142121
0.0011714334893155446
0.0023368348238357903
0.0019331241698611365
0.0016615887985145072
GEN 126 time 1599142124
0.0011714334893155446
0.0023368348238357903
0.0019331241698611365
0.0016615887985145072
GEN 127 time 1599142127
0.0011714334893155446
0.0023368348238357903
0.0019331241698611365
0.0016615887985145072
GEN 128 time 1599142131
0.0011714334893155446
0.0023368348238357903
0.0019331241698611365
0.0016615887985145072
GEN 129 time 1599142134
0.0011714334893155446
0.0023368348238357903
0.0019331241698611365
0.0016615887985145072
GEN 130 time 1599142137
0.0011714334893155446
0.0023368348238357903
0.0019331241698611365
0.0016615887985145072
GEN 131 time 1599142141
0.0011714334893155446
0.0023368348238357903
0.0019331241698611365
0.0016171861389345553
GEN 132 time 1599142144
0.0011714334893155446
0.0023368348238357903
0.0019331241698611365
0.0016171861389345553
GEN 133 time 1599142147
0.0011714334893155446
0.0023368348238357903
0.0019331241698611365
0.0016171861389345553
GEN 134 time 1599142150
0.0011714334893155446
0.0023368348238357903
0.0019331241698611365
0.0016171861389345553
GEN 135 time 1599142154
0.0011714334893155446
0.0023368348238357903
0.0019331241698611365
0.0016125054010504565
GEN 136 time 1599142157
0.0011714334893155446
0.0023368348238357903
0.0019331241698611365
0.0016125054010504565
GEN 137 time 1599142161
0.0011714334893155446
0.0023368348238357903
0.0019331241698611365
0.0016125054010504565
GEN 138 time 1599142164
0.0011714334893155446
0.0023368348238357903
0.0019331241698611365
0.0016125054010504565
GEN 139 time 1599142168
0.0011714334893155446
0.0023368348238357903
0.0019331241698611365
0.0016125054010504565
GEN 140 time 1599142171
0.0011714334893155446
0.0023368348238357903
0.0019331241698611365
0.0016125054010504565
GEN 141 time 1599142174
0.0011714334893155446
0.0023368348238357903
0.0019331241698611365
0.0016125054010504565
GEN 142 time 1599142178
0.0011714334893155446
0.0023368348238357903
0.0019331241698611365
0.0016125054010504565
GEN 143 time 1599142181
0.0011714334893155446
0.0023368348238357903
0.0019331241698611365
0.0016125054010504565
GEN 144 time 1599142184
0.0011714334893155446
0.0023368348238357903
0.0019331241698611365
0.0016125054010504565
GEN 145 time 1599142188
0.0011714334893155446
0.0023368348238357903
0.0019331241698611365
0.0016125054010504565
GEN 146 time 1599142191
0.0011714334893155446
0.0023368348238357903
0.0019331241698611365
0.0016125054010504565
GEN 147 time 1599142195
0.0011714334893155446
0.0023368348238357903
0.0019331241698611365
0.0016125054010504565
GEN 148 time 1599142199
0.0011714334893155446
0.0023368348238357903
0.0019331241698611365
0.0016125054010504565
GEN 149 time 1599142202
0.0011714334893155446
0.0023368348238357903
0.0019331241698611365
0.0016125054010504565
GEN 150 time 1599142206
0.0011714334893155446
0.0023368348238357903
0.0019331241698611365
0.0016125054010504565
GEN 151 time 1599142210
0.0011714334893155446
0.0023368348238357903
0.0019331241698611365
0.0016125054010504565
GEN 152 time 1599142214
0.0011714334893155446
0.0023368348238357903
0.0019331241698611365
0.0016125054010504565
GEN 153 time 1599142218
0.0011714334893155446
0.0023368348238357903
0.0019331241698611365
0.0016125054010504565
GEN 154 time 1599142222
0.0011714334893155446
0.0023368348238357903
0.0019331241698611365
0.0016125054010504565
GEN 155 time 1599142226
0.0011714334893155446
0.0023368348238357903
0.0019331241698611365
0.0016125054010504565
GEN 156 time 1599142230
0.0011714334893155446
0.0023368348238357903
0.0019331241698611365
0.0016125054010504565
GEN 157 time 1599142234
0.0011714334893155446
0.0023368348238357903
0.0019331241698611365
0.0016125054010504565
GEN 158 time 1599142238
0.0011714334893155446
0.0023368348238357903
0.0019331241698611365
0.0016125054010504565
GEN 159 time 1599142241
0.0011714334893155446
0.0023368348238357903
0.0019331241698611365
0.0016125054010504565
GEN 160 time 1599142245
0.0011714334893155446
0.0023368348238357903
0.0019331241698611365
0.0016125054010504565
GEN 161 time 1599142249
0.0011714334893155446
0.0023368348238357903
0.0019331241698611365
0.0016125054010504565
GEN 162 time 1599142253
0.0011714334893155446
0.0023368348238357903
0.0019331241698611365
0.0016125054010504565
GEN 163 time 1599142257
0.0011714334893155446
0.0023368348238357903
0.0019331241698611365
0.0016125054010504565
GEN 164 time 1599142261
0.0011714334893155446
0.0023368348238357903
0.0019331241698611365
0.0016125054010504565
GEN 165 time 1599142265
0.0011714334893155446
0.0023368348238357903
0.0019331241698611365
0.0016060977234175625
GEN 166 time 1599142269
0.0011714334893155446
0.0023368348238357903
0.0019331241698611365
0.0016060977234175625
GEN 167 time 1599142273
0.0011714334893155446
0.0023368348238357903
0.0019331241698611365
0.0016060977234175625
GEN 168 time 1599142277
0.0011714334893155446
0.0023368348238357903
0.0019331241698611365
0.0016060977234175625
GEN 169 time 1599142281
0.0011714334893155446
0.0023368348238357903
0.0019331241698611365
0.0016060977234175625
GEN 170 time 1599142285
0.0011714334893155446
0.0023368348238357903
0.0019331241698611365
0.0016060977234175625
GEN 171 time 1599142289
0.0011714334893155446
0.0023368348238357903
0.0019331241698611365
0.0016060977234175625
GEN 172 time 1599142293
0.0011714334893155446
0.0023368348238357903
0.0019331241698611365
0.0016060977234175625
GEN 173 time 1599142297
0.0011714334893155446
0.0023368348238357903
0.0019331241698611365
0.0016060977234175625
GEN 174 time 1599142301
0.0011714334893155446
0.0023368348238357903
0.0019331241698611365
0.0016060977234175625
GEN 175 time 1599142305
0.0011714334893155446
0.0023368348238357903
0.0019331241698611365
0.0016060977234175625
GEN 176 time 1599142309
0.0011714334893155446
0.0023368348238357903
0.0019331241698611365
0.0016060977234175625
GEN 177 time 1599142313
0.0011714334893155446
0.0023368348238357903
0.0019331241698611365
0.0016060977234175625
GEN 178 time 1599142317
0.0011714334893155446
0.0023368348238357903
0.0019331241698611365
0.0016060977234175625
GEN 179 time 1599142321
0.0011714334893155446
0.0023368348238357903
0.0019331241698611365
0.0016060977234175625
GEN 180 time 1599142325
0.0011714334893155446
0.0023368348238357903
0.0019331241698611365
0.0016060977234175625
GEN 181 time 1599142329
0.0011714334893155446
0.0023368348238357903
0.0019331241698611365
0.0016060977234175625
GEN 182 time 1599142333
0.0011714334893155446
0.0023368348238357903
0.0019331241698611365
0.0016060977234175625
GEN 183 time 1599142337
0.0011714334893155446
0.0023368348238357903
0.0019331241698611365
0.0016060977234175625
GEN 184 time 1599142340
0.0011714334893155446
0.0023368348238357903
0.0019331241698611365
0.0016060977234175625
GEN 185 time 1599142344
0.0011714334893155446
0.0023368348238357903
0.0019331241698611365
0.0016060977234175625
GEN 186 time 1599142348
0.0011714334893155446
0.0023368348238357903
0.0019331241698611365
0.0016060977234175625
GEN 187 time 1599142352
0.0011714334893155446
0.0023368348238357903
0.0019331241698611365
0.0016060977234175625
GEN 188 time 1599142356
0.0011714334893155446
0.0023368348238357903
0.0019331241698611365
0.0016060977234175625
GEN 189 time 1599142359
0.0011714334893155446
0.0023368348238357903
0.0019331241698611365
0.0016060977234175625
GEN 190 time 1599142363
0.0011714334893155446
0.0023368348238357903
0.0019331241698611365
0.0016060977234175625
GEN 191 time 1599142367
0.0011714334893155446
0.0023368348238357903
0.0019331241698611365
0.0016060977234175625
GEN 192 time 1599142371
0.0011714334893155446
0.0023368348238357903
0.0019331241698611365
0.0016060977234175625
GEN 193 time 1599142375
0.0011714334893155446
0.0023368348238357903
0.0019331241698611365
0.0016060977234175625
GEN 194 time 1599142379
0.0011714334893155446
0.0023368348238357903
0.0019331241698611365
0.0016060977234175625
GEN 195 time 1599142383
0.0011714334893155446
0.0023368348238357903
0.0019331241698611365
0.0016060977234175625
GEN 196 time 1599142387
0.0011714334893155446
0.0023368348238357903
0.0019331241698611365
0.0016060977234175625
GEN 197 time 1599142391
0.0011714334893155446
0.0023368348238357903
0.0019331241698611365
0.0016060977234175625
GEN 198 time 1599142395
0.0011714334893155446
0.0023368348238357903
0.0019331241698611365
0.0016060977234175625
GEN 199 time 1599142399
0.0011714334893155446
0.0023368348238357903
0.0019331241698611365
0.0016060977234175625
