['./data/layer/uu-dem1_r50_1.json', './data/layer/uu-dem1_r25_1.json', './data/layer/uu-dem10_r25_1.json', './data/hop/uu-dem1_r25_1_0.json', './data/hop/uu-dem1_r25_1_40.json', './data/hop/uu-dem10_r25_1_0.json']
GEN 0 time 1587695377
0.003616673341058134
0.0036078067800471587
0.004408436538892197
0.004408877595785047
0.010823507420865044
0.0040095376670957715
GEN 1 time 1587695383
0.003616673341058134
0.0036078067800471587
0.004408436538892197
0.004408877595785047
0.010823507420865044
0.004005701992849447
GEN 2 time 1587695389
0.003616673341058134
0.0036078067800471587
0.0032078015557666277
0.004405899300861138
0.010823507420865044
0.004005701992849447
GEN 3 time 1587695395
0.003210980648918506
0.0036078067800471587
0.0032078015557666277
0.004405899300861138
0.010823507420865044
0.004005701992849447
GEN 4 time 1587695401
0.003210980648918506
0.002806071940036679
0.003206135664648871
0.004405899300861138
0.010823507420865044
0.003603441492665647
GEN 5 time 1587695407
0.002805897809783278
0.002806071940036679
0.003206135664648871
0.004405899300861138
0.010823507420865044
0.003603441492665647
GEN 6 time 1587695414
0.002805897809783278
0.0028058038486751934
0.003206135664648871
0.004405899300861138
0.010823507420865044
0.003603441492665647
GEN 7 time 1587695422
0.002805897809783278
0.0024058454712872707
0.003206135664648871
0.004405899300861138
0.009220026113972081
0.003603441492665647
GEN 8 time 1587695430
0.002805897809783278
0.0024058454712872707
0.003206135664648871
0.004405899300861138
0.009220026113972081
0.003603441492665647
GEN 9 time 1587695438
0.0024111155607054228
0.0024058454712872707
0.003206135664648871
0.0036087682069309065
0.009220026113972081
0.003207617338506508
GEN 10 time 1587695447
0.0024111155607054228
0.0024058454712872707
0.003206135664648871
0.0036087682069309065
0.009220026113972081
0.003207617338506508
GEN 11 time 1587695455
0.0024111155607054228
0.0024058454712872707
0.003206135664648871
0.0036078067800471587
0.008819155413364598
0.003207617338506508
GEN 12 time 1587695464
0.0024111155607054228
0.0024058257340765924
0.003206135664648871
0.0036078067800471587
0.008819155413364598
0.003207617338506508
GEN 13 time 1587695473
0.0024111155607054228
0.0024058257340765924
0.003206135664648871
0.0036078067800471587
0.008819155413364598
0.003207617338506508
GEN 14 time 1587695482
0.0024111155607054228
0.0024058257340765924
0.003206135664648871
0.0036078067800471587
0.008819155413364598
0.0032075796684976053
GEN 15 time 1587695490
0.0024111155607054228
0.0024053708090274644
0.003206135664648871
0.0036078067800471587
0.008418284712757117
0.0032075796684976053
GEN 16 time 1587695499
0.0024111155607054228
0.002405204520031439
0.003206135664648871
0.0036078067800471587
0.008418284712757117
0.0032075796684976053
GEN 17 time 1587695508
0.002409112794050138
0.002405204520031439
0.003206135664648871
0.0036078067800471587
0.008016862185028714
0.0032075796684976053
GEN 18 time 1587695517
0.002409112794050138
0.0024032178004697114
0.003206135664648871
0.0036048267007045666
0.008016862185028714
0.0032075796684976053
GEN 19 time 1587695526
0.0024084279581290313
0.0024032178004697114
0.003206135664648871
0.0036048267007045666
0.008016862185028714
0.003206884731937938
GEN 20 time 1587695534
0.0024084279581290313
0.0024032178004697114
0.0028050176453839597
0.003207793961716361
0.008016862185028714
0.0032057344518673825
GEN 21 time 1587695543
0.0024084279581290313
0.0024032178004697114
0.0028050176453839597
0.0032071610787032857
0.008016862185028714
0.0032057344518673825
GEN 22 time 1587695551
0.0024084279581290313
0.0024032178004697114
0.0028050176453839597
0.0032071610787032857
0.0076167558614443544
0.0032057344518673825
GEN 23 time 1587695559
0.0024084279581290313
0.0024032178004697114
0.0028050176453839597
0.0032066329699145064
0.0076167558614443544
0.0028066653749538677
GEN 24 time 1587695568
0.0024084279581290313
0.0024032178004697114
0.0028050176453839597
0.0032066329699145064
0.007616543311542153
0.0028066653749538677
GEN 25 time 1587695576
0.0024084279581290313
0.0024032178004697114
0.0028050176453839597
0.0032066329699145064
0.007616543311542153
0.0028066653749538677
GEN 26 time 1587695585
0.0024084279581290313
0.0024032178004697114
0.0028050176453839597
0.0032066329699145064
0.007616543311542153
0.0028066653749538677
GEN 27 time 1587695594
0.0024084279581290313
0.0024032178004697114
0.0028050176453839597
0.0032066329699145064
0.007616543311542153
0.0028066653749538677
GEN 28 time 1587695602
0.0024084279581290313
0.0024032178004697114
0.0028050176453839597
0.0032066329699145064
0.007616543311542153
0.0028066653749538677
GEN 29 time 1587695611
0.0024084279581290313
0.0024032178004697114
0.0028050176453839597
0.0032066329699145064
0.007616543311542153
0.0028066653749538677
GEN 30 time 1587695619
0.0024084279581290313
0.0024032178004697114
0.0028050176453839597
0.0032066329699145064
0.007216998959558813
0.0028066653749538677
GEN 31 time 1587695627
0.0024084279581290313
0.0024032178004697114
0.0028050176453839597
0.0032066329699145064
0.007216998959558813
0.0028066653749538677
GEN 32 time 1587695636
0.0024084279581290313
0.0024032178004697114
0.0024059884046733213
0.0032066329699145064
0.007216998959558813
0.0028066653749538677
GEN 33 time 1587695644
0.0024084279581290313
0.0024032178004697114
0.0024059884046733213
0.0032066329699145064
0.007215672610934672
0.0028066653749538677
GEN 34 time 1587695653
0.0024084279581290313
0.0024032178004697114
0.0024059884046733213
0.0032066329699145064
0.007215672610934672
0.0028066653749538677
GEN 35 time 1587695661
0.0024084279581290313
0.0020048712260727257
0.0024059884046733213
0.0032050394683954056
0.007215672610934672
0.0028066653749538677
GEN 36 time 1587695669
0.0024084279581290313
0.0020048712260727257
0.0024059884046733213
0.0032050394683954056
0.007215672610934672
0.0028066653749538677
GEN 37 time 1587695678
0.0024084279581290313
0.0020048712260727257
0.0024059884046733213
0.0032050394683954056
0.007215672610934672
0.0028066653749538677
GEN 38 time 1587695687
0.0024084279581290313
0.0020048712260727257
0.0024059884046733213
0.0032050394683954056
0.007215672610934672
0.0028066322099354044
GEN 39 time 1587695695
0.0024084279581290313
0.0020048712260727257
0.0024059884046733213
0.0032050394683954056
0.007215672610934672
0.0028066322099354044
GEN 40 time 1587695703
0.0024084279581290313
0.0020048712260727257
0.002405684751373204
0.0032050394683954056
0.007215672610934672
0.0028066322099354044
GEN 41 time 1587695711
0.0024084279581290313
0.0020048712260727257
0.002405684751373204
0.0032050394683954056
0.007215672610934672
0.0028066322099354044
GEN 42 time 1587695719
0.0024084279581290313
0.0020048712260727257
0.002405684751373204
0.0032050394683954056
0.0068081705098739995
0.002806165630765192
GEN 43 time 1587695727
0.0024084279581290313
0.002003687451473459
0.002404601748486653
0.0032050394683954056
0.0068081705098739995
0.002806165630765192
GEN 44 time 1587695735
0.0024084279581290313
0.002003687451473459
0.002404601748486653
0.0032050394683954056
0.0068081705098739995
0.002806165630765192
GEN 45 time 1587695744
0.0024084279581290313
0.002003687451473459
0.002404601748486653
0.0032050394683954056
0.0068081705098739995
0.002806165630765192
GEN 46 time 1587695752
0.0024084279581290313
0.002003687451473459
0.002404601748486653
0.0032050394683954056
0.0068081705098739995
0.002806165630765192
GEN 47 time 1587695760
0.0024084279581290313
0.002003687451473459
0.002404601748486653
0.0032050394683954056
0.0068081705098739995
0.002806165630765192
GEN 48 time 1587695768
0.0024084279581290313
0.002003687451473459
0.002404601748486653
0.0032050394683954056
0.0068081705098739995
0.002806165630765192
GEN 49 time 1587695776
0.0024084279581290313
0.002003687451473459
0.002404601748486653
0.0032050394683954056
0.0068081705098739995
0.002806165630765192
GEN 50 time 1587695784
0.0024084279581290313
0.002003687451473459
0.002404601748486653
0.0032050394683954056
0.0068081705098739995
0.002806165630765192
GEN 51 time 1587695792
0.0024084279581290313
0.002003687451473459
0.002404601748486653
0.002806071940036679
0.0068081705098739995
0.002806165630765192
GEN 52 time 1587695800
0.0024084279581290313
0.002003687451473459
0.002404601748486653
0.002806071940036679
0.006414110199111036
0.002806165630765192
GEN 53 time 1587695809
0.0024084279581290313
0.002003687451473459
0.002404601748486653
0.002806071940036679
0.006414110199111036
0.002806165630765192
GEN 54 time 1587695817
0.0024084279581290313
0.002003687451473459
0.002404601748486653
0.002806071940036679
0.006414110199111036
0.002806165630765192
GEN 55 time 1587695825
0.0024084279581290313
0.002003687451473459
0.002404601748486653
0.002806071940036679
0.006414110199111036
0.002806165630765192
GEN 56 time 1587695833
0.0024084279581290313
0.002003687451473459
0.002404601748486653
0.002806071940036679
0.006414110199111036
0.002806165630765192
GEN 57 time 1587695841
0.0024084279581290313
0.002003687451473459
0.002404601748486653
0.002806071940036679
0.006414110199111036
0.002806165630765192
GEN 58 time 1587695849
0.0024084279581290313
0.002003687451473459
0.002404601748486653
0.002806071940036679
0.006414110199111036
0.002806165630765192
GEN 59 time 1587695857
0.0024084279581290313
0.002003687451473459
0.002404601748486653
0.002806071940036679
0.006414110199111036
0.002806165630765192
GEN 60 time 1587695865
0.0024084279581290313
0.002003687451473459
0.002404601748486653
0.002806071940036679
0.006414110199111036
0.002806165630765192
GEN 61 time 1587695873
0.0024084279581290313
0.002003687451473459
0.002404601748486653
0.002806071940036679
0.006414110199111036
0.002806165630765192
GEN 62 time 1587695881
0.0024084279581290313
0.002003687451473459
0.002404601748486653
0.002806071940036679
0.006413489748022971
0.002806165630765192
GEN 63 time 1587695889
0.0024084279581290313
0.002003687451473459
0.002404601748486653
0.0028056493791359383
0.006413489748022971
0.002806165630765192
GEN 64 time 1587695898
0.0024084279581290313
0.0016038969808581805
0.002404601748486653
0.0028056493791359383
0.006012646638771536
0.002806165630765192
GEN 65 time 1587695906
0.0024084279581290313
0.0016038969808581805
0.002404601748486653
0.0028056493791359383
0.006012646638771536
0.002806165630765192
GEN 66 time 1587695914
0.0024084279581290313
0.0016038969808581805
0.002404601748486653
0.0028056493791359383
0.006012646638771536
0.002806165630765192
GEN 67 time 1587695922
0.0024084279581290313
0.0016038969808581805
0.002404601748486653
0.0028056493791359383
0.006012646638771536
0.002806165630765192
GEN 68 time 1587695930
0.0024084279581290313
0.0016038969808581805
0.0020047608365665673
0.0028056493791359383
0.006012646638771536
0.002806165630765192
GEN 69 time 1587695938
0.0024084279581290313
0.0016038969808581805
0.0020047608365665673
0.0028056493791359383
0.006012646638771536
0.002806165630765192
GEN 70 time 1587695946
0.0024084279581290313
0.0016038969808581805
0.0020047608365665673
0.0028056493791359383
0.006012646638771536
0.002806165630765192
GEN 71 time 1587695954
0.0024084279581290313
0.0016038969808581805
0.0020047608365665673
0.0028056493791359383
0.006012646638771536
0.002806165630765192
GEN 72 time 1587695962
0.0024084279581290313
0.0016038969808581805
0.0020047608365665673
0.0028056493791359383
0.006012646638771536
0.002806165630765192
GEN 73 time 1587695970
0.0024084279581290313
0.0016038969808581805
0.0020047608365665673
0.0028056493791359383
0.006012646638771536
0.002806165630765192
GEN 74 time 1587695979
0.0024084279581290313
0.0016038969808581805
0.0020047608365665673
0.0028056493791359383
0.006012646638771536
0.002806165630765192
GEN 75 time 1587695986
0.0024084279581290313
0.0016038969808581805
0.0020047608365665673
0.0028056493791359383
0.006012646638771536
0.002806165630765192
GEN 76 time 1587695994
0.0024084279581290313
0.0016038969808581805
0.0020047608365665673
0.0028056493791359383
0.006012646638771536
0.002806165630765192
GEN 77 time 1587696003
0.0024084279581290313
0.0016038969808581805
0.0020047608365665673
0.0028056493791359383
0.005613221412990188
0.002806165630765192
GEN 78 time 1587696011
0.0024084279581290313
0.0016038969808581805
0.0020047608365665673
0.0028056493791359383
0.005613221412990188
0.002806165630765192
GEN 79 time 1587696019
0.0024084279581290313
0.0016038969808581805
0.0020047608365665673
0.0028056493791359383
0.005613221412990188
0.002806165630765192
GEN 80 time 1587696027
0.0024084279581290313
0.0016038969808581805
0.0020047608365665673
0.002805162432062842
0.005613221412990188
0.002806165630765192
GEN 81 time 1587696035
0.0024084279581290313
0.0016038969808581805
0.0020047608365665673
0.002805162432062842
0.005611647942944116
0.002806165630765192
GEN 82 time 1587696043
0.0024084279581290313
0.0016038969808581805
0.0020047608365665673
0.002805162432062842
0.005611647942944116
0.002806165630765192
GEN 83 time 1587696051
0.0024084279581290313
0.0016038969808581805
0.0020047608365665673
0.002805162432062842
0.005611352968431277
0.002806165630765192
GEN 84 time 1587696060
0.0024084279581290313
0.0016038969808581805
0.0020047608365665673
0.002805162432062842
0.005611352968431277
0.002806165630765192
GEN 85 time 1587696067
0.0024084279581290313
0.0016038969808581805
0.0020047608365665673
0.002805162432062842
0.005611352968431277
0.002806165630765192
GEN 86 time 1587696075
0.0024084279581290313
0.0016038969808581805
0.0020047608365665673
0.002805162432062842
0.005611352968431277
0.002806165630765192
GEN 87 time 1587696084
0.0024084279581290313
0.0016038969808581805
0.0020047608365665673
0.002805162432062842
0.005611352968431277
0.002806165630765192
GEN 88 time 1587696092
0.0024084279581290313
0.0016038969808581805
0.0020047608365665673
0.002805162432062842
0.005611352968431277
0.002803729992925895
GEN 89 time 1587696100
0.0024084279581290313
0.0016038969808581805
0.0020047608365665673
0.002805162432062842
0.005611352968431277
0.002803729992925895
GEN 90 time 1587696108
0.0024084279581290313
0.0016038969808581805
0.0020047608365665673
0.002805162432062842
0.005611352968431277
0.002803729992925895
GEN 91 time 1587696116
0.0024084279581290313
0.0016038969808581805
0.0020047608365665673
0.002805162432062842
0.005608622382875801
0.002803729992925895
GEN 92 time 1587696124
0.0024084279581290313
0.0016038969808581805
0.0020047608365665673
0.002805162432062842
0.005608622382875801
0.002803729992925895
GEN 93 time 1587696133
0.0024084279581290313
0.0016038969808581805
0.0020047608365665673
0.002805162432062842
0.005608622382875801
0.002803729992925895
GEN 94 time 1587696141
0.0024084279581290313
0.0016038969808581805
0.0020047608365665673
0.002805162432062842
0.005608622382875801
0.002803729992925895
GEN 95 time 1587696149
0.0024084279581290313
0.0016038969808581805
0.0020047608365665673
0.002805162432062842
0.005608622382875801
0.002803729992925895
GEN 96 time 1587696157
0.0024084279581290313
0.0016038969808581805
0.0020047608365665673
0.002805162432062842
0.005608622382875801
0.002803729992925895
GEN 97 time 1587696165
0.0024084279581290313
0.0016038969808581805
0.0020047608365665673
0.002805162432062842
0.005608622382875801
0.002803729992925895
GEN 98 time 1587696173
0.0024084279581290313
0.0016038969808581805
0.0020047608365665673
0.002805162432062842
0.005608622382875801
0.002803729992925895
GEN 99 time 1587696182
0.0024084279581290313
0.0016038969808581805
0.0020047608365665673
0.002805162432062842
0.005608622382875801
0.002803729992925895
