['./data/layer/uu-dem9_r50_1.json', './data/layer/uu-dem9_r25_1.json', './data/layer/uu-dem2_r25_1.json', './data/hop/uu-dem9_r25_1_0.json', './data/hop/uu-dem9_r25_1_40.json', './data/hop/uu-dem2_r25_1_0.json']
GEN 0 time 1587717483
0.00723462631560912
inf
inf
0.004410421083454585
0.01042407699969073
0.004009789287780872
GEN 1 time 1587717488
0.0044211605262055725
0.0028066315985620085
inf
0.004410421083454585
0.01042407699969073
0.0040069931248983715
GEN 2 time 1587717494
0.0044211605262055725
0.0028066315985620085
inf
0.004410421083454585
0.01042407699969073
0.0040069931248983715
GEN 3 time 1587717500
0.0044211605262055725
0.0028066315985620085
inf
0.004410421083454585
0.01042407699969073
0.0040069931248983715
GEN 4 time 1587717506
0.0044211605262055725
0.0028066315985620085
inf
0.004007148463511191
0.009222334183259615
0.003608467528230237
GEN 5 time 1587717512
0.0044211605262055725
0.0028066315985620085
inf
0.004007148463511191
0.009222334183259615
0.003608467528230237
GEN 6 time 1587717518
0.0044211605262055725
0.0028066315985620085
0.004009408364700264
0.004007148463511191
0.009222334183259615
0.003608467528230237
GEN 7 time 1587717525
0.0044211605262055725
0.002804964877690365
0.003608467528230237
0.004007148463511191
0.009222334183259615
0.003608467528230237
GEN 8 time 1587717532
0.0044211605262055725
0.002804964877690365
0.003608467528230237
0.004007148463511191
0.009222334183259615
0.003608467528230237
GEN 9 time 1587717539
0.0044211605262055725
0.002804964877690365
0.003608467528230237
0.004007148463511191
0.009222334183259615
0.0032069997124496326
GEN 10 time 1587717546
0.0044211605262055725
0.002804964877690365
0.003608467528230237
0.004007148463511191
0.007617918575329077
0.0032069997124496326
GEN 11 time 1587717554
0.0044211605262055725
0.002803896925199475
0.003608467528230237
0.004007092682414807
0.007617918575329077
0.0032069997124496326
GEN 12 time 1587717562
0.0044211605262055725
0.0024056584974723404
0.003608467528230237
0.004007092682414807
0.007617918575329077
0.0032069997124496326
GEN 13 time 1587717570
0.0044211605262055725
0.0024056584974723404
0.003608467528230237
0.003606580444027844
0.007617918575329077
0.0032069997124496326
GEN 14 time 1587717578
0.0044211605262055725
0.0024056584974723404
0.003608467528230237
0.0036058771279313864
0.0076176734749037415
0.0032069997124496326
GEN 15 time 1587717587
0.0044211605262055725
0.0024056584974723404
0.003608467528230237
0.0036058771279313864
0.0076176734749037415
0.0032069997124496326
GEN 16 time 1587717595
0.0044211605262055725
0.0024056584974723404
0.003608467528230237
0.0036058771279313864
0.0072172611731021186
0.0032069997124496326
GEN 17 time 1587717603
0.0044211605262055725
0.0024056584974723404
0.003608467528230237
0.0036058771279313864
0.006816812440015951
0.0032069997124496326
GEN 18 time 1587717612
0.0044211605262055725
0.0024056584974723404
0.003608467528230237
0.0036058771279313864
0.006816032409504964
0.0032069997124496326
GEN 19 time 1587717620
0.0044211605262055725
0.0024056584974723404
0.003608467528230237
0.0032044536287994
0.006816032409504964
0.0032069997124496326
GEN 20 time 1587717628
0.0044211605262055725
0.0024056584974723404
0.003608467528230237
0.0032044536287994
0.006816032409504964
0.0032069997124496326
GEN 21 time 1587717637
0.0036137551034068874
0.0024056584974723404
0.003608467528230237
0.0032044536287994
0.006816032409504964
0.0032069997124496326
GEN 22 time 1587717646
0.0036137551034068874
0.0024056584974723404
0.003608467528230237
0.0032044536287994
0.006816032409504964
0.0032069997124496326
GEN 23 time 1587717654
0.0036137551034068874
0.0024056584974723404
0.003608467528230237
0.0032044536287994
0.006816032409504964
0.0032069997124496326
GEN 24 time 1587717663
0.0036137551034068874
0.0024056584974723404
0.003608467528230237
0.0032044536287994
0.006816032409504964
0.0032069997124496326
GEN 25 time 1587717672
0.0036137551034068874
0.0024056584974723404
0.003608467528230237
0.0032044536287994
0.006816032409504964
0.0032069997124496326
GEN 26 time 1587717680
0.0036137551034068874
0.0024056584974723404
0.003207526691760211
0.0032044536287994
0.006816032409504964
0.0032069997124496326
GEN 27 time 1587717689
0.0036137551034068874
0.0024056584974723404
0.003207526691760211
0.0032044536287994
0.006816032409504964
0.0032069997124496326
GEN 28 time 1587717698
0.0036137551034068874
0.0024056584974723404
0.003207526691760211
0.0028067973601224915
0.006816032409504964
0.0032069997124496326
GEN 29 time 1587717706
0.0032131562290019476
0.0024056584974723404
0.003207526691760211
0.0028067973601224915
0.006816032409504964
0.003206753681091524
GEN 30 time 1587717715
0.0032131562290019476
0.0024056584974723404
0.003207526691760211
0.0028066015803843974
0.006816032409504964
0.003206753681091524
GEN 31 time 1587717724
0.0032122267585839
0.0024042556094488843
0.003207526691760211
0.0028066015803843974
0.006816032409504964
0.003206753681091524
GEN 32 time 1587717732
0.0032122267585839
0.0024042556094488843
0.003207526691760211
0.0028066015803843974
0.0060139527433450595
0.0032051614292990457
GEN 33 time 1587717741
0.0032122267585839
0.0024042556094488843
0.003207526691760211
0.0028066015803843974
0.0060139527433450595
0.0032051614292990457
GEN 34 time 1587717750
0.0032122267585839
0.0024042556094488843
0.003207526691760211
0.0028066015803843974
0.0060139527433450595
0.0032051614292990457
GEN 35 time 1587717758
0.0032122267585839
0.0024042556094488843
0.003207526691760211
0.0028066015803843974
0.0060139527433450595
0.0032051614292990457
GEN 36 time 1587717767
0.0032122267585839
0.0024042556094488843
0.003207526691760211
0.0028066015803843974
0.0060139527433450595
0.0032051614292990457
GEN 37 time 1587717775
0.0032122267585839
0.0024042556094488843
0.003207526691760211
0.0028066015803843974
0.0060139527433450595
0.0032051614292990457
GEN 38 time 1587717784
0.0032122267585839
0.0024042556094488843
0.003207526691760211
0.0028066015803843974
0.0060139527433450595
0.0032051614292990457
GEN 39 time 1587717792
0.0032122267585839
0.0024042556094488843
0.003207526691760211
0.0028066015803843974
0.0060139527433450595
0.0032051614292990457
GEN 40 time 1587717801
0.0032122267585839
0.0024042556094488843
0.003207526691760211
0.0028066015803843974
0.0056138455388366655
0.0032051614292990457
GEN 41 time 1587717809
0.0032122267585839
0.0024042556094488843
0.003207526691760211
0.002803896925199475
0.0056138455388366655
0.0032051614292990457
GEN 42 time 1587717818
0.0032122267585839
0.0024042556094488843
0.003207526691760211
0.002803896925199475
0.0056138455388366655
0.0032051614292990457
GEN 43 time 1587717827
0.0032122267585839
0.0024042556094488843
0.003207526691760211
0.002803896925199475
0.0056138455388366655
0.0032051614292990457
GEN 44 time 1587717835
0.0032122267585839
0.0024042556094488843
0.003207526691760211
0.002803896925199475
0.0056138455388366655
0.003204960635384183
GEN 45 time 1587717843
0.0032122267585839
0.00240334022159955
0.003207526691760211
0.002803896925199475
0.0056138455388366655
0.003204960635384183
GEN 46 time 1587717851
0.0032122267585839
0.00240334022159955
0.003207526691760211
0.002803896925199475
0.0056138455388366655
0.003204960635384183
GEN 47 time 1587717859
0.0032122267585839
0.00240334022159955
0.003207526691760211
0.002803896925199475
0.0056138455388366655
0.003204960635384183
GEN 48 time 1587717867
0.0032122267585839
0.00240334022159955
0.003207526691760211
0.002803896925199475
0.0056138455388366655
0.003204960635384183
GEN 49 time 1587717876
0.0032122267585839
0.00240334022159955
0.003207526691760211
0.002803896925199475
0.0056138455388366655
0.003204960635384183
GEN 50 time 1587717884
0.0032122267585839
0.00240334022159955
0.003207526691760211
0.002803896925199475
0.0056138455388366655
0.003204960635384183
GEN 51 time 1587717892
0.0032122267585839
0.00240334022159955
0.003207526691760211
0.002803896925199475
0.005613022560455389
0.003204960635384183
GEN 52 time 1587717900
0.0032122267585839
0.00240334022159955
0.003207526691760211
0.002803896925199475
0.005613022560455389
0.003204960635384183
GEN 53 time 1587717908
0.0032122267585839
0.00240334022159955
0.003207526691760211
0.002803896925199475
0.005613022560455389
0.003204960635384183
GEN 54 time 1587717916
0.0032122267585839
0.00240334022159955
0.003207526691760211
0.002803896925199475
0.005613022560455389
0.003204960635384183
GEN 55 time 1587717924
0.0032122267585839
0.00240334022159955
0.003207526691760211
0.002803896925199475
0.005613022560455389
0.003204960635384183
GEN 56 time 1587717933
0.0032122267585839
0.00240334022159955
0.003207526691760211
0.002803896925199475
0.005613022560455389
0.003204960635384183
GEN 57 time 1587717941
0.0032122267585839
0.00240334022159955
0.003207526691760211
0.002803896925199475
0.005613022560455389
0.003204960635384183
GEN 58 time 1587717949
0.0032122267585839
0.00240334022159955
0.003207526691760211
0.002803896925199475
0.005613022560455389
0.003204960635384183
GEN 59 time 1587717957
0.0032122267585839
0.00240334022159955
0.003207526691760211
0.002803896925199475
0.005613022560455389
0.003204960635384183
GEN 60 time 1587717965
0.0032122267585839
0.00240334022159955
0.003207526691760211
0.002803896925199475
0.005613022560455389
0.003204960635384183
GEN 61 time 1587717974
0.0032122267585839
0.00240334022159955
0.003207526691760211
0.002803896925199475
0.005613022560455389
0.0032048142147499945
GEN 62 time 1587717982
0.0032122267585839
0.002004855257230351
0.003207526691760211
0.002803896925199475
0.005613022560455389
0.0032048142147499945
GEN 63 time 1587717990
0.0032122267585839
0.002004855257230351
0.003207526691760211
0.002803896925199475
0.005613022560455389
0.0032048142147499945
GEN 64 time 1587717998
0.0032122267585839
0.002004855257230351
0.003207526691760211
0.002803896925199475
0.005613022560455389
0.0032048142147499945
GEN 65 time 1587718006
0.0032122267585839
0.002004855257230351
0.003207526691760211
0.002803896925199475
0.005613022560455389
0.00320455843083147
GEN 66 time 1587718014
0.0032122267585839
0.002004855257230351
0.003207526691760211
0.002803896925199475
0.005613022560455389
0.00320455843083147
GEN 67 time 1587718023
0.0032122267585839
0.002004855257230351
0.003207526691760211
0.0024043869626852294
0.005613022560455389
0.00320455843083147
GEN 68 time 1587718031
0.0032122267585839
0.002004855257230351
0.003207526691760211
0.0024043869626852294
0.005613022560455389
0.00320455843083147
GEN 69 time 1587718039
0.0032122267585839
0.002004855257230351
0.003207526691760211
0.0024043869626852294
0.005613022560455389
0.0028048951874288606
GEN 70 time 1587718048
0.0032122267585839
0.002004855257230351
0.003207526691760211
0.0024043869626852294
0.005613022560455389
0.0028048951874288606
GEN 71 time 1587718056
0.0032122267585839
0.002004855257230351
0.003207526691760211
0.0024043869626852294
0.005613022560455389
0.0028048951874288606
GEN 72 time 1587718064
0.0032122267585839
0.002004855257230351
0.003207526691760211
0.0024043869626852294
0.005613022560455389
0.0028048951874288606
GEN 73 time 1587718072
0.0032122267585839
0.002004855257230351
0.003207526691760211
0.0024043869626852294
0.005613022560455389
0.0028048951874288606
GEN 74 time 1587718081
0.0032122267585839
0.002004855257230351
0.003207526691760211
0.0024043869626852294
0.005613022560455389
0.0028048951874288606
GEN 75 time 1587718089
0.0032122267585839
0.002004855257230351
0.003207526691760211
0.0024043869626852294
0.005613022560455389
0.0028048951874288606
GEN 76 time 1587718097
0.0032106608092386446
0.002004855257230351
0.003207526691760211
0.0024043869626852294
0.005613022560455389
0.0028048951874288606
GEN 77 time 1587718105
0.0032106608092386446
0.002004855257230351
0.003207526691760211
0.0024042890781067142
0.005613022560455389
0.0028048951874288606
GEN 78 time 1587718114
0.0032106608092386446
0.002004855257230351
0.003207526691760211
0.0024042890781067142
0.005613022560455389
0.0028043405559611597
GEN 79 time 1587718122
0.0032106608092386446
0.002004855257230351
0.003207526691760211
0.0024042890781067142
0.005613022560455389
0.0028043405559611597
GEN 80 time 1587718130
0.0032106608092386446
0.002004855257230351
0.003207526691760211
0.0024042890781067142
0.005613022560455389
0.0028043405559611597
GEN 81 time 1587718139
0.0032106608092386446
0.002004855257230351
0.003207526691760211
0.0024042890781067142
0.005610236246265535
0.0028043405559611597
GEN 82 time 1587718147
0.0032106608092386446
0.002004855257230351
0.003207526691760211
0.0024042890781067142
0.005610236246265535
0.0028043405559611597
GEN 83 time 1587718155
0.0032106608092386446
0.002004855257230351
0.003207526691760211
0.0024042890781067142
0.005610236246265535
0.0028043405559611597
GEN 84 time 1587718163
0.0032106608092386446
0.002004855257230351
0.003207526691760211
0.0024042890781067142
0.005610236246265535
0.0028043405559611597
GEN 85 time 1587718172
0.0032106608092386446
0.002004855257230351
0.003207526691760211
0.0024042890781067142
0.005610236246265535
0.0028043405559611597
GEN 86 time 1587718180
0.0032106608092386446
0.002004855257230351
0.003207526691760211
0.0024042890781067142
0.005610236246265535
0.0028043405559611597
GEN 87 time 1587718188
0.0032106608092386446
0.002004855257230351
0.003207526691760211
0.0024042890781067142
0.005610236246265535
0.0028043405559611597
GEN 88 time 1587718196
0.0032106608092386446
0.002004855257230351
0.003207526691760211
0.0024042890781067142
0.005610236246265535
0.0028043405559611597
GEN 89 time 1587718204
0.0032106608092386446
0.002004855257230351
0.003207526691760211
0.0024042890781067142
0.005610236246265535
0.0028043405559611597
GEN 90 time 1587718213
0.0032106608092386446
0.002004855257230351
0.003207526691760211
0.0024042890781067142
0.005610236246265535
0.0028043405559611597
GEN 91 time 1587718221
0.0032106608092386446
0.002004855257230351
0.003207526691760211
0.0024042890781067142
0.005610236246265535
0.0028043405559611597
GEN 92 time 1587718229
0.0032106608092386446
0.002004855257230351
0.003207526691760211
0.0024042890781067142
0.005610236246265535
0.0028043405559611597
GEN 93 time 1587718237
0.0032106608092386446
0.002004855257230351
0.003207526691760211
0.0024042890781067142
0.005610236246265535
0.0028043405559611597
GEN 94 time 1587718245
0.0032106608092386446
0.002004855257230351
0.003207526691760211
0.0024042890781067142
0.005610236246265535
0.0028043405559611597
GEN 95 time 1587718253
0.0032106608092386446
0.002004855257230351
0.003207526691760211
0.00240334022159955
0.005610236246265535
0.0028043405559611597
GEN 96 time 1587718261
0.0032106608092386446
0.002004855257230351
0.003207526691760211
0.00240334022159955
0.005610236246265535
0.0028043405559611597
GEN 97 time 1587718270
0.0032106608092386446
0.002004855257230351
0.003207526691760211
0.00240334022159955
0.005610236246265535
0.0028043405559611597
GEN 98 time 1587718278
0.0032106608092386446
0.002004855257230351
0.003207526691760211
0.00240334022159955
0.005610236246265535
0.0028043405559611597
GEN 99 time 1587718286
0.0032106608092386446
0.002004855257230351
0.003207526691760211
0.00240334022159955
0.005610236246265535
0.0028043405559611597
