['./data/small/layer/uu-dem1_r50_1.json', './data/small/hop/uu-dem1_r50_1_0.json', './data/small/hop/uu-dem1_r50_1_40.json', './data/small/hop/uu-dem1_r25_1_0.json']
GEN 0 time 1617347475
0.0023900387629157117
0.002349274858162506
0.0038267961723791846
0.0012405146673804158
GEN 1 time 1617347478
0.0022388747271057836
0.00206880019598835
0.003629070342333589
0.0012345592861783337
GEN 2 time 1617347480
0.0022388747271057836
0.00206880019598835
0.003629070342333589
0.0011217321492788192
GEN 3 time 1617347483
0.0022388747271057836
0.00206880019598835
0.003629070342333589
0.0011217321492788192
GEN 4 time 1617347486
0.0021636276577770832
0.00206880019598835
0.003629070342333589
0.0011217321492788192
GEN 5 time 1617347488
0.0021636276577770832
0.0018523049491158921
0.003629070342333589
0.0010625308011524418
GEN 6 time 1617347491
0.0021636276577770832
0.0018523049491158921
0.003629070342333589
0.0010625308011524418
GEN 7 time 1617347494
0.0021636276577770832
0.0018523049491158921
0.003629070342333589
0.0010617046652898572
GEN 8 time 1617347496
0.0021636276577770832
0.001845253950282154
0.003629070342333589
0.00105396292024833
GEN 9 time 1617347499
0.0021636276577770832
0.001845253950282154
0.003629070342333589
0.00105396292024833
GEN 10 time 1617347501
0.0021636276577770832
0.001845253950282154
0.0032954225525326166
0.0010342672974335962
GEN 11 time 1617347504
0.001960160724078492
0.001845253950282154
0.0032954225525326166
0.0010342672974335962
GEN 12 time 1617347507
0.001960160724078492
0.001845253950282154
0.0032954225525326166
0.0010342672974335962
GEN 13 time 1617347509
0.001960160724078492
0.001845253950282154
0.003062956508343897
0.0010342672974335962
GEN 14 time 1617347512
0.001898322565533653
0.001845253950282154
0.003062956508343897
0.0010342672974335962
GEN 15 time 1617347515
0.001898322565533653
0.001845253950282154
0.003062956508343897
0.001027951209522928
GEN 16 time 1617347517
0.0017601407240784917
0.001845253950282154
0.003062956508343897
0.001027951209522928
GEN 17 time 1617347520
0.0017601407240784917
0.001845253950282154
0.003062956508343897
0.001027951209522928
GEN 18 time 1617347522
0.0017601407240784917
0.001845253950282154
0.003062956508343897
0.001027951209522928
GEN 19 time 1617347525
0.0017601407240784917
0.001845253950282154
0.003062956508343897
0.001027951209522928
GEN 20 time 1617347528
0.0017601407240784917
0.001845253950282154
0.003062956508343897
0.001027951209522928
GEN 21 time 1617347530
0.0017601407240784917
0.001845253950282154
0.003062956508343897
0.0010238932326168168
GEN 22 time 1617347533
0.0017601407240784917
0.001845253950282154
0.003062956508343897
0.0010238932326168168
GEN 23 time 1617347535
0.0017601407240784917
0.001845253950282154
0.003062956508343897
0.0010238932326168168
GEN 24 time 1617347538
0.0017601407240784917
0.001824611255582608
0.003062956508343897
0.0010238932326168168
GEN 25 time 1617347540
0.0017601407240784917
0.001824611255582608
0.003062956508343897
0.0010238932326168168
GEN 26 time 1617347543
0.0017601407240784917
0.001824611255582608
0.003062956508343897
0.0010036929851812292
GEN 27 time 1617347546
0.0017601407240784917
0.001824611255582608
0.003062956508343897
0.0010036929851812292
GEN 28 time 1617347548
0.0017601407240784917
0.001824611255582608
0.003062956508343897
0.0008985677432590211
GEN 29 time 1617347551
0.0017601407240784917
0.001824611255582608
0.003062956508343897
0.0008985677432590211
GEN 30 time 1617347554
0.0017601407240784917
0.001824611255582608
0.003062956508343897
0.0008985677432590211
GEN 31 time 1617347556
0.0017601407240784917
0.001824611255582608
0.003062956508343897
0.0008985677432590211
GEN 32 time 1617347559
0.0017601407240784917
0.001824611255582608
0.0028880547794653236
0.0008985677432590211
GEN 33 time 1617347561
0.0017601407240784917
0.001824611255582608
0.0028880547794653236
0.0008985677432590211
GEN 34 time 1617347564
0.0017601407240784917
0.001824611255582608
0.0028880547794653236
0.0008985677432590211
GEN 35 time 1617347567
0.0017601407240784917
0.001824611255582608
0.0028880547794653236
0.0008985677432590211
GEN 36 time 1617347569
0.0017601407240784917
0.001824611255582608
0.002828990342333589
0.0008985677432590211
GEN 37 time 1617347572
0.0017601407240784917
0.001824611255582608
0.002828990342333589
0.0008985677432590211
GEN 38 time 1617347574
0.0017601407240784917
0.001824611255582608
0.002828990342333589
0.0008985677432590211
GEN 39 time 1617347577
0.0017601407240784917
0.001824611255582608
0.002828990342333589
0.0008869840454039318
GEN 40 time 1617347580
0.0017601407240784917
0.001824611255582608
0.002828990342333589
0.0008869840454039318
GEN 41 time 1617347582
0.0017601407240784917
0.001824611255582608
0.002828990342333589
0.0008869840454039318
GEN 42 time 1617347585
0.0017601407240784917
0.001824611255582608
0.002828990342333589
0.0008869840454039318
GEN 43 time 1617347587
0.0017601407240784917
0.001824611255582608
0.002828990342333589
0.0008869840454039318
GEN 44 time 1617347590
0.0017601407240784917
0.001824611255582608
0.002828990342333589
0.0008869840454039318
GEN 45 time 1617347592
0.0017601407240784917
0.001824611255582608
0.002815060256900164
0.0008869840454039318
GEN 46 time 1617347595
0.0017601407240784917
0.001824611255582608
0.002815060256900164
0.0008869840454039318
GEN 47 time 1617347598
0.0017601407240784917
0.001824611255582608
0.002815060256900164
0.0008869840454039318
GEN 48 time 1617347600
0.0017601407240784917
0.001824611255582608
0.002815060256900164
0.0008869840454039318
GEN 49 time 1617347603
0.0017601407240784917
0.001824611255582608
0.002815060256900164
0.0008869840454039318
GEN 50 time 1617347605
0.0017601407240784917
0.001824611255582608
0.002815060256900164
0.0008869840454039318
GEN 51 time 1617347608
0.0017601407240784917
0.001824611255582608
0.002815060256900164
0.0008869840454039318
GEN 52 time 1617347611
0.0017601407240784917
0.0017183194438687187
0.002815060256900164
0.0008869840454039318
GEN 53 time 1617347613
0.0017601407240784917
0.001624591255582608
0.002815060256900164
0.0008869840454039318
GEN 54 time 1617347616
0.0017601407240784917
0.001624591255582608
0.002815060256900164
0.0008869840454039318
GEN 55 time 1617347619
0.0017601407240784917
0.001624591255582608
0.002815060256900164
0.0008869840454039318
GEN 56 time 1617347621
0.0017538329535592236
0.001624591255582608
0.002815060256900164
0.0008869840454039318
GEN 57 time 1617347624
0.0017538329535592236
0.001624591255582608
0.002815060256900164
0.0008869840454039318
GEN 58 time 1617347626
0.0017538329535592236
0.001624591255582608
0.002815060256900164
0.0008869840454039318
GEN 59 time 1617347629
0.0017538329535592236
0.001624591255582608
0.002815060256900164
0.0008869840454039318
GEN 60 time 1617347632
0.0017538329535592236
0.001624591255582608
0.002815060256900164
0.0008869840454039318
GEN 61 time 1617347634
0.0017538329535592236
0.001624591255582608
0.002815060256900164
0.0008869840454039318
GEN 62 time 1617347637
0.0017538329535592236
0.001624591255582608
0.002815060256900164
0.0008869840454039318
GEN 63 time 1617347639
0.0017538329535592236
0.001624591255582608
0.002794881016987619
0.0008869840454039318
GEN 64 time 1617347642
0.0017538329535592236
0.001624591255582608
0.002794881016987619
0.0008869840454039318
GEN 65 time 1617347644
0.0017538329535592236
0.001624591255582608
0.002794881016987619
0.0008856156652355363
GEN 66 time 1617347647
0.0017538329535592236
0.001624591255582608
0.002794881016987619
0.0008856156652355363
GEN 67 time 1617347650
0.0017538329535592236
0.001624591255582608
0.002794881016987619
0.0008856156652355363
GEN 68 time 1617347652
0.0017538329535592236
0.001624591255582608
0.002794881016987619
0.0008856156652355363
GEN 69 time 1617347655
0.0017538329535592236
0.001624591255582608
0.002794881016987619
0.0008856156652355363
GEN 70 time 1617347658
0.0017538329535592236
0.001624591255582608
0.002794881016987619
0.0008856156652355363
GEN 71 time 1617347660
0.0017538329535592236
0.001624591255582608
0.0027358094569702464
0.0008856156652355363
GEN 72 time 1617347663
0.0017538329535592236
0.001624591255582608
0.002685639871826517
0.0008856156652355363
GEN 73 time 1617347666
0.0017538329535592236
0.001624591255582608
0.002685639871826517
0.0008856156652355363
GEN 74 time 1617347668
0.0017538329535592236
0.001624591255582608
0.002685639871826517
0.0008856156652355363
GEN 75 time 1617347671
0.0017538329535592236
0.001624591255582608
0.002685639871826517
0.0008856156652355363
GEN 76 time 1617347673
0.0017538329535592236
0.001624591255582608
0.002685639871826517
0.0008856156652355363
GEN 77 time 1617347676
0.0017538329535592236
0.001622955170049994
0.0026675437839225736
0.0008856156652355363
GEN 78 time 1617347678
0.0017538329535592236
0.001622955170049994
0.0026675437839225736
0.0008420453124550001
GEN 79 time 1617347681
0.0017538329535592236
0.001622955170049994
0.0026675437839225736
0.0008420453124550001
GEN 80 time 1617347684
0.0017538329535592236
0.001622955170049994
0.002628970342333589
0.0008420453124550001
GEN 81 time 1617347686
0.0017538329535592236
0.001622955170049994
0.002628970342333589
0.0008420453124550001
GEN 82 time 1617347689
0.0017538329535592236
0.001622955170049994
0.002628970342333589
0.0008420453124550001
GEN 83 time 1617347691
0.0017538329535592236
0.001622955170049994
0.002628970342333589
0.0008420453124550001
GEN 84 time 1617347694
0.0017538329535592236
0.001622955170049994
0.002628970342333589
0.0008420453124550001
GEN 85 time 1617347697
0.0017538329535592236
0.001622955170049994
0.002628970342333589
0.0008420453124550001
GEN 86 time 1617347699
0.0017538329535592236
0.001622955170049994
0.002628970342333589
0.0008420453124550001
GEN 87 time 1617347702
0.0017538329535592236
0.001622955170049994
0.002628970342333589
0.0008420453124550001
GEN 88 time 1617347705
0.0017538329535592236
0.001622955170049994
0.002628970342333589
0.0008420453124550001
GEN 89 time 1617347707
0.0017538329535592236
0.001622955170049994
0.002628970342333589
0.0008420453124550001
GEN 90 time 1617347710
0.0017538329535592236
0.001622955170049994
0.002628970342333589
0.0008420453124550001
GEN 91 time 1617347712
0.0017538329535592236
0.001622955170049994
0.002628970342333589
0.0008420453124550001
GEN 92 time 1617347715
0.0017538329535592236
0.001622955170049994
0.002628970342333589
0.0008420453124550001
GEN 93 time 1617347718
0.0017538329535592236
0.0014808321782221478
0.002628970342333589
0.0008420453124550001
GEN 94 time 1617347720
0.0017538329535592236
0.0014808321782221478
0.002628970342333589
0.0008420453124550001
GEN 95 time 1617347723
0.0017538329535592236
0.0014808321782221478
0.002628970342333589
0.0008420453124550001
GEN 96 time 1617347725
0.0017538329535592236
0.0014808321782221478
0.002628970342333589
0.0008420453124550001
GEN 97 time 1617347728
0.0017538329535592236
0.0014808321782221478
0.002628970342333589
0.0008420453124550001
GEN 98 time 1617347731
0.0017538329535592236
0.0014808321782221478
0.002628970342333589
0.0008420453124550001
GEN 99 time 1617347733
0.0017538329535592236
0.0014808321782221478
0.002628970342333589
0.0008420453124550001
GEN 100 time 1617347736
0.0017538329535592236
0.0014808321782221478
0.002628970342333589
0.0008420453124550001
GEN 101 time 1617347738
0.0017538329535592236
0.0014808321782221478
0.002628970342333589
0.0008420453124550001
GEN 102 time 1617347741
0.0017538329535592236
0.0014808321782221478
0.0026253663474513434
0.0008420453124550001
GEN 103 time 1617347744
0.0017538329535592236
0.0014808321782221478
0.0026253663474513434
0.0008420453124550001
GEN 104 time 1617347746
0.0017538329535592236
0.001441772864022493
0.0026253663474513434
0.0008420453124550001
GEN 105 time 1617347749
0.0017538329535592236
0.001441772864022493
0.0026253663474513434
0.0008420453124550001
GEN 106 time 1617347751
0.0017538329535592236
0.001441772864022493
0.0026253663474513434
0.0008420453124550001
GEN 107 time 1617347754
0.0017538329535592236
0.001441772864022493
0.0026253663474513434
0.0008420453124550001
GEN 108 time 1617347756
0.0017538329535592236
0.001441772864022493
0.0026253663474513434
0.0008420453124550001
GEN 109 time 1617347759
0.0017538329535592236
0.001441772864022493
0.0026253663474513434
0.0008420453124550001
GEN 110 time 1617347762
0.0017538329535592236
0.001441772864022493
0.002588923846528645
0.0008420453124550001
GEN 111 time 1617347764
0.0017538329535592236
0.001441772864022493
0.002588923846528645
0.0008420453124550001
GEN 112 time 1617347767
0.0017538329535592236
0.001441772864022493
0.002588923846528645
0.0008420453124550001
GEN 113 time 1617347770
0.0017538329535592236
0.001441772864022493
0.002588923846528645
0.0008420453124550001
GEN 114 time 1617347772
0.0017538329535592236
0.001441772864022493
0.002411646981279498
0.0008420453124550001
GEN 115 time 1617347775
0.0017538329535592236
0.001441772864022493
0.002411646981279498
0.0008420453124550001
GEN 116 time 1617347777
0.0017538329535592236
0.0014229351700499942
0.002411646981279498
0.0008420453124550001
GEN 117 time 1617347780
0.0017538329535592236
0.0014229351700499942
0.002411646981279498
0.0008420453124550001
GEN 118 time 1617347783
0.0017538329535592236
0.0014229351700499942
0.002411646981279498
0.0008420453124550001
GEN 119 time 1617347785
0.0017538329535592236
0.0014229351700499942
0.002411646981279498
0.0008420453124550001
GEN 120 time 1617347788
0.0017538329535592236
0.0014229351700499942
0.002411646981279498
0.0008420453124550001
GEN 121 time 1617347791
0.0017538329535592236
0.0014229351700499942
0.002411646981279498
0.0008420453124550001
GEN 122 time 1617347793
0.0017538329535592236
0.0014229351700499942
0.002411646981279498
0.0008420453124550001
GEN 123 time 1617347796
0.0017538329535592236
0.0014229351700499942
0.002411646981279498
0.0008420453124550001
GEN 124 time 1617347798
0.0017538329535592236
0.0014229351700499942
0.002411646981279498
0.0008420453124550001
GEN 125 time 1617347801
0.0017538329535592236
0.0014229351700499942
0.002411646981279498
0.0008420453124550001
GEN 126 time 1617347804
0.0017538329535592236
0.0014229351700499942
0.002411646981279498
0.0008420453124550001
GEN 127 time 1617347806
0.0017538329535592236
0.0014229351700499942
0.002411646981279498
0.0008420453124550001
GEN 128 time 1617347809
0.0017538329535592236
0.0014229351700499942
0.002411646981279498
0.0008420453124550001
GEN 129 time 1617347812
0.0017538329535592236
0.0014229351700499942
0.002411646981279498
0.0008420453124550001
GEN 130 time 1617347814
0.0017538329535592236
0.0014229351700499942
0.002411646981279498
0.0008420453124550001
GEN 131 time 1617347817
0.0017538329535592236
0.0014229351700499942
0.002411646981279498
0.0008420453124550001
GEN 132 time 1617347820
0.0017538329535592236
0.0014229351700499942
0.002411646981279498
0.0008420453124550001
GEN 133 time 1617347822
0.0017538329535592236
0.0014229351700499942
0.002411646981279498
0.0008420453124550001
GEN 134 time 1617347825
0.0017538329535592236
0.0014229351700499942
0.002411646981279498
0.0008420453124550001
GEN 135 time 1617347827
0.0017538329535592236
0.0014229351700499942
0.002411646981279498
0.0008420453124550001
GEN 136 time 1617347830
0.0017538329535592236
0.0014229351700499942
0.002411646981279498
0.0008420453124550001
GEN 137 time 1617347833
0.0017538329535592236
0.0014229351700499942
0.002411646981279498
0.0008416376382362824
GEN 138 time 1617347835
0.0017538329535592236
0.0014229351700499942
0.002411646981279498
0.0008416376382362824
GEN 139 time 1617347838
0.0017538329535592236
0.0014229351700499942
0.002411646981279498
0.0008416376382362824
GEN 140 time 1617347841
0.0017538329535592236
0.0014229351700499942
0.002411646981279498
0.0008416376382362824
GEN 141 time 1617347843
0.0017538329535592236
0.0014229351700499942
0.002411646981279498
0.0008416376382362824
GEN 142 time 1617347846
0.0017538329535592236
0.0014229351700499942
0.002411646981279498
0.0008416376382362824
GEN 143 time 1617347849
0.0017538329535592236
0.0014229351700499942
0.002411646981279498
0.0008416376382362824
GEN 144 time 1617347851
0.0017538329535592236
0.0014229351700499942
0.002411646981279498
0.0008416376382362824
GEN 145 time 1617347854
0.0017538329535592236
0.0014229351700499942
0.002411646981279498
0.0008416376382362824
GEN 146 time 1617347857
0.0017538329535592236
0.0014229351700499942
0.002411646981279498
0.0008416376382362824
GEN 147 time 1617347859
0.0017538329535592236
0.0014229351700499942
0.002411646981279498
0.000831099865386298
GEN 148 time 1617347862
0.0017538329535592236
0.0014229351700499942
0.002411646981279498
0.000831099865386298
GEN 149 time 1617347865
0.0017538329535592236
0.0014229351700499942
0.002411646981279498
0.000831099865386298
GEN 150 time 1617347867
0.0017538329535592236
0.0014229351700499942
0.002411646981279498
0.000831099865386298
GEN 151 time 1617347870
0.0017538329535592236
0.0014229351700499942
0.002411646981279498
0.000831099865386298
GEN 152 time 1617347872
0.0017538329535592236
0.0014229351700499942
0.002411646981279498
0.000831099865386298
GEN 153 time 1617347875
0.0017538329535592236
0.0014229351700499942
0.002411646981279498
0.000831099865386298
GEN 154 time 1617347878
0.0017538329535592236
0.0014229351700499942
0.002411646981279498
0.000831099865386298
GEN 155 time 1617347880
0.0017538329535592236
0.0014229351700499942
0.002411646981279498
0.000831099865386298
GEN 156 time 1617347883
0.0017538329535592236
0.0014229351700499942
0.002411646981279498
0.000831099865386298
GEN 157 time 1617347885
0.0017538329535592236
0.0014229351700499942
0.002411646981279498
0.000831099865386298
GEN 158 time 1617347888
0.0017538329535592236
0.0014229351700499942
0.002411646981279498
0.000831099865386298
GEN 159 time 1617347890
0.0017538329535592236
0.0014229351700499942
0.002411646981279498
0.000831099865386298
GEN 160 time 1617347893
0.0017538329535592236
0.0014229351700499942
0.002411646981279498
0.000831099865386298
GEN 161 time 1617347895
0.0017538329535592236
0.0014229351700499942
0.002411646981279498
0.000831099865386298
GEN 162 time 1617347898
0.0017538329535592236
0.0014229351700499942
0.002411646981279498
0.000831099865386298
GEN 163 time 1617347901
0.0017538329535592236
0.0014229351700499942
0.002411646981279498
0.000831099865386298
GEN 164 time 1617347903
0.0017538329535592236
0.0014229351700499942
0.002411646981279498
0.000831099865386298
GEN 165 time 1617347906
0.0017538329535592236
0.0014229351700499942
0.002411646981279498
0.000831099865386298
GEN 166 time 1617347909
0.0017538329535592236
0.0014229351700499942
0.002411646981279498
0.000831099865386298
GEN 167 time 1617347911
0.0017538329535592236
0.0014229351700499942
0.002411646981279498
0.000831099865386298
GEN 168 time 1617347914
0.0017538329535592236
0.0014229351700499942
0.002411646981279498
0.000831099865386298
GEN 169 time 1617347916
0.0017538329535592236
0.0014229351700499942
0.002411646981279498
0.000831099865386298
GEN 170 time 1617347919
0.0017538329535592236
0.0014229351700499942
0.002411646981279498
0.000831099865386298
GEN 171 time 1617347922
0.0017538329535592236
0.0014229351700499942
0.002411646981279498
0.000831099865386298
GEN 172 time 1617347924
0.0017538329535592236
0.0014229351700499942
0.002411646981279498
0.000831099865386298
GEN 173 time 1617347927
0.0017538329535592236
0.0014229351700499942
0.002411646981279498
0.000831099865386298
GEN 174 time 1617347929
0.0017538329535592236
0.0014229351700499942
0.002411646981279498
0.000831099865386298
GEN 175 time 1617347932
0.0017538329535592236
0.0014229351700499942
0.002411646981279498
0.000831099865386298
GEN 176 time 1617347935
0.0017538329535592236
0.0014229351700499942
0.002411646981279498
0.000831099865386298
GEN 177 time 1617347937
0.0017538329535592236
0.0014229351700499942
0.002411646981279498
0.000831099865386298
GEN 178 time 1617347940
0.0017538329535592236
0.0014229351700499942
0.002411646981279498
0.000831099865386298
GEN 179 time 1617347943
0.0017538329535592236
0.0014229351700499942
0.002411646981279498
0.000831099865386298
GEN 180 time 1617347945
0.0017538329535592236
0.0014229351700499942
0.002411646981279498
0.000831099865386298
GEN 181 time 1617347948
0.0017538329535592236
0.0014229351700499942
0.002411646981279498
0.000831099865386298
GEN 182 time 1617347950
0.0017538329535592236
0.0014229351700499942
0.002411646981279498
0.000831099865386298
GEN 183 time 1617347953
0.0017538329535592236
0.0014229351700499942
0.002411646981279498
0.000831099865386298
GEN 184 time 1617347956
0.0017538329535592236
0.0014229351700499942
0.002411646981279498
0.000831099865386298
GEN 185 time 1617347958
0.0017538329535592236
0.0014229351700499942
0.002411646981279498
0.000831099865386298
GEN 186 time 1617347961
0.0017538329535592236
0.0014229351700499942
0.002411646981279498
0.000831099865386298
GEN 187 time 1617347963
0.0017538329535592236
0.0014229351700499942
0.002411646981279498
0.000831099865386298
GEN 188 time 1617347966
0.0017538329535592236
0.0014229351700499942
0.002411646981279498
0.000831099865386298
GEN 189 time 1617347969
0.0017538329535592236
0.0014229351700499942
0.002411646981279498
0.000831099865386298
GEN 190 time 1617347971
0.0017538329535592236
0.0014229351700499942
0.002411646981279498
0.000831099865386298
GEN 191 time 1617347974
0.0017538329535592236
0.0014229351700499942
0.002411646981279498
0.000831099865386298
GEN 192 time 1617347976
0.0017538329535592236
0.0014229351700499942
0.002411646981279498
0.000831099865386298
GEN 193 time 1617347979
0.0017538329535592236
0.0014229351700499942
0.002411646981279498
0.000831099865386298
GEN 194 time 1617347982
0.0017538329535592236
0.0014229351700499942
0.002411646981279498
0.000831099865386298
GEN 195 time 1617347984
0.0017538329535592236
0.0014229351700499942
0.002411646981279498
0.000831099865386298
GEN 196 time 1617347987
0.0017538329535592236
0.0014229351700499942
0.002411646981279498
0.000831099865386298
GEN 197 time 1617347989
0.0017538329535592236
0.0014229351700499942
0.002411646981279498
0.000831099865386298
GEN 198 time 1617347992
0.0017538329535592236
0.0014229351700499942
0.002411646981279498
0.000831099865386298
GEN 199 time 1617347994
0.0017538329535592236
0.0014229351700499942
0.002411646981279498
0.000831099865386298
