14 0.0008111153177075487 0.06651330700000102
17 27 35 17 27 2 5 39 2 20 7 5 32 15 32 37 39 39 17 35 14 7 20 18 14 18 34 18 15 37 14 37 15 5 20 34 7 2 27 32
14 0.0008111153177075487 0.06589286600000221
27 7 17 20 17 35 15 18 15 32 32 34 27 2 18 5 18 14 37 17 20 39 37 27 20 7 14 7 2 5 35 39 2 34 37 14 39 15 5 32
14 0.0008111153177075487 0.06721215299999983
20 20 7 35 15 39 2 18 39 7 27 17 17 14 34 37 18 32 18 7 2 27 5 34 5 15 32 15 14 37 2 37 14 17 5 32 27 39 35 20
14 0.0008111153177075487 0.06705311700000038
14 39 32 36 2 17 5 2 5 17 27 14 32 20 34 37 2 15 34 32 27 7 18 17 18 39 15 39 20 37 27 7 20 14 18 15 7 5 37 36
14 0.0008111153177075487 0.06530395600000105
18 36 18 34 32 5 14 27 5 20 39 14 32 37 15 17 27 20 27 18 15 39 2 7 2 7 34 7 37 17 15 17 37 14 2 20 39 5 32 36
14 0.0008111153177075487 0.06600012300000202
37 2 17 32 17 39 37 20 39 27 35 34 32 7 20 5 20 14 18 17 2 15 18 37 2 27 14 27 7 5 32 15 35 34 18 14 15 39 5 7
14 0.0008111153177075487 0.06507521800000049
39 18 17 7 36 20 17 39 20 5 15 18 27 37 2 7 39 32 5 17 27 15 2 7 2 24 32 24 37 14 27 14 37 18 5 32 15 20 14 36
14 0.0008111153177075487 0.06575242499999945
17 5 27 18 20 14 17 5 14 7 39 32 27 37 36 34 5 2 32 27 20 39 15 17 15 7 2 7 37 18 20 18 37 32 15 2 39 14 34 36
14 0.0008111153177075487 0.06496421199999958
17 32 34 20 14 15 2 2 15 5 32 35 17 18 14 27 2 7 5 14 37 39 37 34 37 20 7 20 18 27 17 39 18 35 5 7 39 15 27 32
14 0.0008111153177075487 0.06785155000000032
18 32 17 20 32 5 17 15 5 14 37 18 36 39 15 27 15 7 20 17 14 37 2 20 2 24 7 24 39 27 14 27 39 18 2 7 37 5 32 36
