14 0.000810756200550475 0.0661663180000005
38 1 9 25 9 24 5 27 35 25 31 35 1 5 30 38 5 24 35 31 31 38 0 24 9 37 30 37 32 30 32 12 27 32 0 27 0 1 12 12
14 0.000810756200550475 0.06674531000000172
24 1 38 27 5 9 27 35 1 25 31 5 38 32 30 24 27 24 5 31 31 9 0 38 25 35 37 9 30 30 12 32 35 12 0 12 0 1 32 37
14 0.000810756200550475 0.06637939299999829
35 25 38 0 5 31 35 24 0 38 9 31 0 5 27 25 35 30 31 9 9 32 37 30 38 24 30 32 27 27 1 12 24 1 37 1 32 5 12 12
14 0.000810756200550475 0.06806751599999927
27 1 31 9 37 30 27 32 9 31 24 38 1 38 30 9 27 12 38 24 24 5 0 37 31 5 12 5 35 30 35 25 32 35 0 32 0 1 25 12
14 0.000810756200550475 0.06670743100000465
38 0 27 35 37 9 38 32 25 27 31 35 30 12 30 37 38 0 35 31 31 5 24 25 27 5 9 5 1 30 1 12 32 1 24 32 24 0 12 9
14 0.000810756200550475 0.06685941000000639
35 30 38 9 24 12 35 24 0 38 5 25 1 32 1 9 35 0 25 5 5 9 12 30 38 27 32 27 30 1 31 37 24 31 12 31 27 0 37 32
14 0.000810756200550475 0.0657972989999962
24 5 38 24 30 37 9 32 5 38 31 9 0 0 30 24 9 25 0 31 31 1 27 37 38 1 27 1 35 30 35 12 32 35 27 32 25 5 12 12
14 0.000810756200550475 0.06956320100000113
37 0 24 30 9 25 27 35 27 24 30 31 0 9 5 25 27 5 31 30 37 1 38 9 24 1 31 1 12 5 12 32 35 12 38 35 38 0 32 32
14 0.000810756200550475 0.06552554400000332
35 27 31 24 5 25 27 5 1 31 38 24 30 12 30 25 27 1 24 38 38 9 0 35 31 9 37 9 35 30 32 12 5 32 0 32 0 1 12 37
14 0.000810756200550475 0.06582427300000404
37 24 30 9 31 0 25 32 0 30 27 31 1 38 24 37 12 12 31 27 27 5 9 25 30 32 1 5 12 24 35 38 32 35 9 35 5 0 38 1
