14 0.0008094634959433461 0.06475947799999915
10 0 10 23 10 34 0 39 39 12 4 1 23 2 0 34 32 2 26 1 12 34 9 4 39 26 38 1 4 38 2 16 16 26 32 38 32 9 12 23
14 0.0008094634959433461 0.06396125200000213
4 10 1 39 1 38 1 10 4 23 26 12 39 10 34 38 32 16 16 34 23 38 12 17 4 0 2 34 17 2 0 26 26 0 32 2 32 12 23 39
14 0.0008094634959433461 0.06375749800000108
12 12 32 10 34 2 4 26 26 34 38 1 10 34 12 2 0 23 16 1 17 2 32 38 26 16 39 1 38 39 23 4 4 23 0 39 0 32 17 10
14 0.0008094634959433461 0.0675889319999996
4 34 34 26 34 39 2 10 0 17 0 1 26 1 2 39 32 23 2 10 10 39 4 12 0 1 38 12 12 38 23 16 16 23 32 38 32 4 17 26
14 0.0008094634959433461 0.06514837300000309
1 10 32 2 17 38 17 39 39 10 32 12 2 4 34 38 23 0 4 34 32 38 12 16 39 4 26 34 16 26 0 1 1 0 23 26 23 12 10 2
14 0.0008094634959433461 0.06460732200000052
34 4 4 26 4 39 1 0 0 10 1 12 26 23 38 39 38 32 32 12 10 39 34 17 0 23 2 12 17 2 32 1 38 23 19 2 19 34 10 26
14 0.0008094634959433461 0.06525978199999827
23 1 12 10 26 32 0 38 38 34 0 34 10 4 9 32 2 23 4 26 17 32 12 0 38 4 39 9 26 39 23 1 1 34 2 39 2 12 17 10
14 0.0008094634959433461 0.06563032400000068
38 10 38 23 38 26 0 39 39 34 34 1 23 2 10 0 32 16 2 12 17 0 1 34 39 2 4 12 12 4 16 26 26 10 32 4 32 1 17 23
14 0.0008094634959433461 0.0640021310000023
4 23 0 39 0 32 0 12 12 17 1 17 39 2 9 32 38 34 2 10 23 32 1 10 12 2 26 9 10 26 34 4 4 34 38 26 38 1 23 39
14 0.0008094634959433461 0.06428216800000186
12 0 4 10 4 32 0 2 2 23 1 4 10 0 34 32 26 38 16 34 23 32 12 1 2 16 39 34 1 39 38 26 26 38 17 39 17 12 23 10
