['./data/small/layer/uu-dem7_r25_1.json', './data/small/layer/uu-dem2_r25_1.json', './data/small/layer/uu-dem8_r25_1.json', './data/small/hop/uu-dem7_r25_1_0.json']
GEN 0 time 1599135469
0.0023368348238357903
0.0014883809423332723
0.0019331241698611365
0.0019717429709320946
GEN 1 time 1599135470
0.0023368348238357903
0.0014883809423332723
0.0019331241698611365
0.0019717429709320946
GEN 2 time 1599135472
0.0023368348238357903
0.0014883809423332723
0.0019331241698611365
0.0019717429709320946
GEN 3 time 1599135473
0.0023368348238357903
0.0014883809423332723
0.0019331241698611365
0.0019717429709320946
GEN 4 time 1599135475
0.0023368348238357903
0.0014883809423332723
0.0019331241698611365
0.0019711921937727583
GEN 5 time 1599135478
0.0023368348238357903
0.0014883809423332723
0.0019331241698611365
0.0018091614310163972
GEN 6 time 1599135480
0.0023368348238357903
0.0014883809423332723
0.0019331241698611365
0.0018091614310163972
GEN 7 time 1599135483
0.0023368348238357903
0.0013805834533975835
0.0019331241698611365
0.0018091614310163972
GEN 8 time 1599135486
0.0023368348238357903
0.0013805834533975835
0.0019331241698611365
0.0018091614310163972
GEN 9 time 1599135489
0.0023368348238357903
0.0013805834533975835
0.0019331241698611365
0.0018091614310163972
GEN 10 time 1599135492
0.0023368348238357903
0.0013805834533975835
0.0019331241698611365
0.0018091614310163972
GEN 11 time 1599135494
0.0023368348238357903
0.0013805834533975835
0.0019331241698611365
0.0018091614310163972
GEN 12 time 1599135497
0.0023368348238357903
0.0013805834533975835
0.0019331241698611365
0.0018091614310163972
GEN 13 time 1599135500
0.0023368348238357903
0.0013805834533975835
0.0019331241698611365
0.0018091614310163972
GEN 14 time 1599135503
0.0023368348238357903
0.0013805834533975835
0.0019331241698611365
0.001807928055098868
GEN 15 time 1599135506
0.0023368348238357903
0.0013805834533975835
0.0019331241698611365
0.001807928055098868
GEN 16 time 1599135509
0.0023368348238357903
0.0013714534893155448
0.0019331241698611365
0.001807928055098868
GEN 17 time 1599135512
0.0023368348238357903
0.0013534573802287822
0.0019331241698611365
0.001731164378063889
GEN 18 time 1599135515
0.0023368348238357903
0.0013534573802287822
0.0019331241698611365
0.001731164378063889
GEN 19 time 1599135518
0.0023368348238357903
0.0013534573802287822
0.0019331241698611365
0.001731164378063889
GEN 20 time 1599135521
0.0023368348238357903
0.0013534573802287822
0.0019331241698611365
0.001731164378063889
GEN 21 time 1599135524
0.0023368348238357903
0.0012944154081866313
0.0019331241698611365
0.001731164378063889
GEN 22 time 1599135527
0.0023368348238357903
0.0012944154081866313
0.0019331241698611365
0.001731164378063889
GEN 23 time 1599135530
0.0023368348238357903
0.0012944154081866313
0.0019331241698611365
0.001731164378063889
GEN 24 time 1599135533
0.0023368348238357903
0.0012944154081866313
0.0019331241698611365
0.001731164378063889
GEN 25 time 1599135536
0.0023368348238357903
0.0012944154081866313
0.0019331241698611365
0.001731164378063889
GEN 26 time 1599135540
0.0023368348238357903
0.0012944154081866313
0.0019331241698611365
0.001731164378063889
GEN 27 time 1599135543
0.0023368348238357903
0.0012944154081866313
0.0019331241698611365
0.001731164378063889
GEN 28 time 1599135546
0.0023368348238357903
0.0012944154081866313
0.0019331241698611365
0.001731164378063889
GEN 29 time 1599135549
0.0023368348238357903
0.0012944154081866313
0.0019331241698611365
0.001731164378063889
GEN 30 time 1599135552
0.0023368348238357903
0.0012944154081866313
0.0019331241698611365
0.001731164378063889
GEN 31 time 1599135555
0.0023368348238357903
0.0012919375768381683
0.0019331241698611365
0.001731164378063889
GEN 32 time 1599135558
0.0023368348238357903
0.0012919375768381683
0.0019331241698611365
0.001731164378063889
GEN 33 time 1599135561
0.0023368348238357903
0.0012919375768381683
0.0019331241698611365
0.001731164378063889
GEN 34 time 1599135565
0.0023368348238357903
0.0012919375768381683
0.0019331241698611365
0.001731164378063889
GEN 35 time 1599135568
0.0023368348238357903
0.001288360942333272
0.0019331241698611365
0.001731164378063889
GEN 36 time 1599135571
0.0023368348238357903
0.001288360942333272
0.0019331241698611365
0.001731164378063889
GEN 37 time 1599135574
0.0023368348238357903
0.001288360942333272
0.0019331241698611365
0.0016760368010473575
GEN 38 time 1599135578
0.0023368348238357903
0.001288360942333272
0.0019331241698611365
0.0016760368010473575
GEN 39 time 1599135581
0.0023368348238357903
0.001288360942333272
0.0019331241698611365
0.0016760368010473575
GEN 40 time 1599135585
0.0023368348238357903
0.001288360942333272
0.0019331241698611365
0.0016760368010473575
GEN 41 time 1599135588
0.0023368348238357903
0.001288360942333272
0.0019331241698611365
0.0016760368010473575
GEN 42 time 1599135592
0.0023368348238357903
0.001288360942333272
0.0019331241698611365
0.0016760368010473575
GEN 43 time 1599135595
0.0023368348238357903
0.001288360942333272
0.0019331241698611365
0.0016760368010473575
GEN 44 time 1599135598
0.0023368348238357903
0.0012281042040629903
0.0019331241698611365
0.0016760368010473575
GEN 45 time 1599135601
0.0023368348238357903
0.0012281042040629903
0.0019331241698611365
0.0016760368010473575
GEN 46 time 1599135604
0.0023368348238357903
0.0012281042040629903
0.0019331241698611365
0.0016760368010473575
GEN 47 time 1599135607
0.0023368348238357903
0.0012281042040629903
0.0019331241698611365
0.0016760368010473575
GEN 48 time 1599135610
0.0023368348238357903
0.0012281042040629903
0.0019331241698611365
0.0016760368010473575
GEN 49 time 1599135613
0.0023368348238357903
0.0012281042040629903
0.0019331241698611365
0.0016760368010473575
GEN 50 time 1599135616
0.0023368348238357903
0.0012281042040629903
0.0019331241698611365
0.0016760368010473575
GEN 51 time 1599135619
0.0023368348238357903
0.0012281042040629903
0.0019331241698611365
0.0016760368010473575
GEN 52 time 1599135622
0.0023368348238357903
0.0012281042040629903
0.0019331241698611365
0.0016760368010473575
GEN 53 time 1599135625
0.0023368348238357903
0.0012281042040629903
0.0019331241698611365
0.0016760368010473575
GEN 54 time 1599135628
0.0023368348238357903
0.0012281042040629903
0.0019331241698611365
0.0016760368010473575
GEN 55 time 1599135631
0.0023368348238357903
0.0012281042040629903
0.0019331241698611365
0.0016760368010473575
GEN 56 time 1599135634
0.0023368348238357903
0.0012281042040629903
0.0019331241698611365
0.0016760368010473575
GEN 57 time 1599135637
0.0023368348238357903
0.0012281042040629903
0.0019331241698611365
0.0016760368010473575
GEN 58 time 1599135640
0.0023368348238357903
0.0012281042040629903
0.0019331241698611365
0.0016760368010473575
GEN 59 time 1599135643
0.0023368348238357903
0.0012281042040629903
0.0019331241698611365
0.0016760368010473575
GEN 60 time 1599135646
0.0023368348238357903
0.0012281042040629903
0.0019331241698611365
0.0016760368010473575
GEN 61 time 1599135650
0.0023368348238357903
0.0011714334893155446
0.0019331241698611365
0.0016760368010473575
GEN 62 time 1599135653
0.0023368348238357903
0.0011714334893155446
0.0019331241698611365
0.0016760368010473575
GEN 63 time 1599135656
0.0023368348238357903
0.0011714334893155446
0.0019331241698611365
0.0016760368010473575
GEN 64 time 1599135659
0.0023368348238357903
0.0011714334893155446
0.0019331241698611365
0.0016760368010473575
GEN 65 time 1599135662
0.0023368348238357903
0.0011714334893155446
0.0019331241698611365
0.0016760368010473575
GEN 66 time 1599135665
0.0023368348238357903
0.0011714334893155446
0.0019331241698611365
0.001607908055098868
GEN 67 time 1599135668
0.0023368348238357903
0.0011714334893155446
0.0019331241698611365
0.001607908055098868
GEN 68 time 1599135671
0.0023368348238357903
0.0011714334893155446
0.0019331241698611365
0.001607908055098868
GEN 69 time 1599135674
0.0023368348238357903
0.0011714334893155446
0.0019331241698611365
0.001607908055098868
GEN 70 time 1599135677
0.0023368348238357903
0.0011714334893155446
0.0019331241698611365
0.001607908055098868
GEN 71 time 1599135680
0.0023368348238357903
0.0011714334893155446
0.0019331241698611365
0.001607908055098868
GEN 72 time 1599135683
0.0023368348238357903
0.0011714334893155446
0.0019331241698611365
0.001607908055098868
GEN 73 time 1599135686
0.0023368348238357903
0.0011714334893155446
0.0019331241698611365
0.001607908055098868
GEN 74 time 1599135689
0.0023368348238357903
0.0011714334893155446
0.0019331241698611365
0.001607908055098868
GEN 75 time 1599135692
0.0023368348238357903
0.0011714334893155446
0.0019331241698611365
0.001607908055098868
GEN 76 time 1599135695
0.0023368348238357903
0.0011714334893155446
0.0019331241698611365
0.001607908055098868
GEN 77 time 1599135698
0.0023368348238357903
0.0011714334893155446
0.0019331241698611365
0.001607908055098868
GEN 78 time 1599135701
0.0023368348238357903
0.0011714334893155446
0.0019331241698611365
0.001607908055098868
GEN 79 time 1599135704
0.0023368348238357903
0.0011714334893155446
0.0019331241698611365
0.001607369726393951
GEN 80 time 1599135707
0.0023368348238357903
0.0011714334893155446
0.0019331241698611365
0.001607369726393951
GEN 81 time 1599135710
0.0023368348238357903
0.0011714334893155446
0.0019331241698611365
0.001607369726393951
GEN 82 time 1599135713
0.0023368348238357903
0.0011714334893155446
0.0019331241698611365
0.001607369726393951
GEN 83 time 1599135716
0.0023368348238357903
0.0011714334893155446
0.0019331241698611365
0.001607369726393951
GEN 84 time 1599135719
0.0023368348238357903
0.0011714334893155446
0.0019331241698611365
0.001607369726393951
GEN 85 time 1599135722
0.0023368348238357903
0.0011714334893155446
0.0019331241698611365
0.001607369726393951
GEN 86 time 1599135725
0.0023368348238357903
0.0011714334893155446
0.0019331241698611365
0.001607369726393951
GEN 87 time 1599135728
0.0023368348238357903
0.0011714334893155446
0.0019331241698611365
0.001607369726393951
GEN 88 time 1599135731
0.0023368348238357903
0.0011714334893155446
0.0019331241698611365
0.001607369726393951
GEN 89 time 1599135735
0.0023368348238357903
0.0011714334893155446
0.0019331241698611365
0.001607369726393951
GEN 90 time 1599135738
0.0023368348238357903
0.0011714334893155446
0.0019331241698611365
0.001607369726393951
GEN 91 time 1599135741
0.0023368348238357903
0.0011714334893155446
0.0019331241698611365
0.001607369726393951
GEN 92 time 1599135744
0.0023368348238357903
0.0011714334893155446
0.0019331241698611365
0.001607369726393951
GEN 93 time 1599135748
0.0023368348238357903
0.0011714334893155446
0.0019331241698611365
0.001607369726393951
GEN 94 time 1599135751
0.0023368348238357903
0.0011714334893155446
0.0019331241698611365
0.001607369726393951
GEN 95 time 1599135754
0.0023368348238357903
0.0011714334893155446
0.0019331241698611365
0.001607369726393951
GEN 96 time 1599135757
0.0023368348238357903
0.0011714334893155446
0.0019331241698611365
0.001607369726393951
GEN 97 time 1599135761
0.0023368348238357903
0.0011714334893155446
0.0019331241698611365
0.001607369726393951
GEN 98 time 1599135764
0.0023368348238357903
0.0011714334893155446
0.0019331241698611365
0.001607369726393951
GEN 99 time 1599135767
0.0023368348238357903
0.0011714334893155446
0.0019331241698611365
0.001607369726393951
GEN 100 time 1599135770
0.0023368348238357903
0.0011714334893155446
0.0019331241698611365
0.001607369726393951
GEN 101 time 1599135774
0.0023368348238357903
0.0011714334893155446
0.0019331241698611365
0.001607369726393951
GEN 102 time 1599135777
0.0023368348238357903
0.0011714334893155446
0.0019331241698611365
0.001607369726393951
GEN 103 time 1599135781
0.0023368348238357903
0.0011714334893155446
0.0019331241698611365
0.001607369726393951
GEN 104 time 1599135784
0.0023368348238357903
0.0011714334893155446
0.0019331241698611365
0.001607369726393951
GEN 105 time 1599135787
0.0023368348238357903
0.0011714334893155446
0.0019331241698611365
0.001607369726393951
GEN 106 time 1599135790
0.0023368348238357903
0.0011714334893155446
0.0019331241698611365
0.001607369726393951
GEN 107 time 1599135794
0.0023368348238357903
0.0011714334893155446
0.0019331241698611365
0.001607369726393951
GEN 108 time 1599135798
0.0023368348238357903
0.0011714334893155446
0.0019331241698611365
0.001607369726393951
GEN 109 time 1599135801
0.0023368348238357903
0.0011714334893155446
0.0019331241698611365
0.001607369726393951
GEN 110 time 1599135804
0.0023368348238357903
0.0011714334893155446
0.0019331241698611365
0.001607369726393951
GEN 111 time 1599135808
0.0023368348238357903
0.0011714334893155446
0.0019331241698611365
0.001607369726393951
GEN 112 time 1599135811
0.0023368348238357903
0.0011714334893155446
0.0019331241698611365
0.001607369726393951
GEN 113 time 1599135814
0.0023368348238357903
0.0011714334893155446
0.0019331241698611365
0.001607369726393951
GEN 114 time 1599135818
0.0023368348238357903
0.0011714334893155446
0.0019331241698611365
0.001607369726393951
GEN 115 time 1599135821
0.0023368348238357903
0.0011714334893155446
0.0019331241698611365
0.001607369726393951
GEN 116 time 1599135825
0.0023368348238357903
0.0011714334893155446
0.0019331241698611365
0.001607369726393951
GEN 117 time 1599135828
0.0023368348238357903
0.0011714334893155446
0.0019331241698611365
0.001607369726393951
GEN 118 time 1599135832
0.0023368348238357903
0.0011714334893155446
0.0019331241698611365
0.001607369726393951
GEN 119 time 1599135835
0.0023368348238357903
0.0011714334893155446
0.0019331241698611365
0.001607369726393951
GEN 120 time 1599135838
0.0023368348238357903
0.0011714334893155446
0.0019331241698611365
0.001607369726393951
GEN 121 time 1599135842
0.0023368348238357903
0.0011714334893155446
0.0019331241698611365
0.001607369726393951
GEN 122 time 1599135845
0.0023368348238357903
0.0011714334893155446
0.0019331241698611365
0.001607369726393951
GEN 123 time 1599135849
0.0023368348238357903
0.0011714334893155446
0.0019331241698611365
0.001607369726393951
GEN 124 time 1599135853
0.0023368348238357903
0.0011714334893155446
0.0019331241698611365
0.001607369726393951
GEN 125 time 1599135857
0.0023368348238357903
0.0011714334893155446
0.0019331241698611365
0.001607369726393951
GEN 126 time 1599135860
0.0023368348238357903
0.0011714334893155446
0.0019331241698611365
0.001607369726393951
GEN 127 time 1599135864
0.0023368348238357903
0.0011714334893155446
0.0019331241698611365
0.001607369726393951
GEN 128 time 1599135867
0.0023368348238357903
0.0011714334893155446
0.0019331241698611365
0.001607369726393951
GEN 129 time 1599135871
0.0023368348238357903
0.0011714334893155446
0.0019331241698611365
0.001607369726393951
GEN 130 time 1599135875
0.0023368348238357903
0.0011714334893155446
0.0019331241698611365
0.001607369726393951
GEN 131 time 1599135879
0.0023368348238357903
0.0011714334893155446
0.0019331241698611365
0.001607369726393951
GEN 132 time 1599135882
0.0023368348238357903
0.0011714334893155446
0.0019331241698611365
0.001607369726393951
GEN 133 time 1599135886
0.0023368348238357903
0.0011714334893155446
0.0019331241698611365
0.001607369726393951
GEN 134 time 1599135890
0.0023368348238357903
0.0011714334893155446
0.0019331241698611365
0.001607369726393951
GEN 135 time 1599135894
0.0023368348238357903
0.0011714334893155446
0.0019331241698611365
0.001607369726393951
GEN 136 time 1599135897
0.0023368348238357903
0.0011714334893155446
0.0019331241698611365
0.001607369726393951
GEN 137 time 1599135901
0.0023368348238357903
0.0011714334893155446
0.0019331241698611365
0.001607369726393951
GEN 138 time 1599135905
0.0023368348238357903
0.0011714334893155446
0.0019331241698611365
0.001607369726393951
GEN 139 time 1599135908
0.0023368348238357903
0.0011714334893155446
0.0019331241698611365
0.001607369726393951
GEN 140 time 1599135912
0.0023368348238357903
0.0011714334893155446
0.0019331241698611365
0.001607369726393951
GEN 141 time 1599135915
0.0023368348238357903
0.0011714334893155446
0.0019331241698611365
0.001607369726393951
GEN 142 time 1599135919
0.0023368348238357903
0.0011714334893155446
0.0019331241698611365
0.001607369726393951
GEN 143 time 1599135923
0.0023368348238357903
0.0011714334893155446
0.0019331241698611365
0.001607369726393951
GEN 144 time 1599135926
0.0023368348238357903
0.0011714334893155446
0.0019331241698611365
0.001607369726393951
GEN 145 time 1599135930
0.0023368348238357903
0.0011714334893155446
0.0019331241698611365
0.001607369726393951
GEN 146 time 1599135934
0.0023368348238357903
0.0011714334893155446
0.0019331241698611365
0.001607369726393951
GEN 147 time 1599135938
0.0023368348238357903
0.0011714334893155446
0.0019331241698611365
0.001607369726393951
GEN 148 time 1599135941
0.0023368348238357903
0.0011714334893155446
0.0019331241698611365
0.001607369726393951
GEN 149 time 1599135945
0.0023368348238357903
0.0011714334893155446
0.0019331241698611365
0.001607369726393951
GEN 150 time 1599135949
0.0023368348238357903
0.0011714334893155446
0.0019331241698611365
0.001607369726393951
GEN 151 time 1599135952
0.0023368348238357903
0.0011714334893155446
0.0019331241698611365
0.001607369726393951
GEN 152 time 1599135956
0.0023368348238357903
0.0011714334893155446
0.0019331241698611365
0.001607369726393951
GEN 153 time 1599135959
0.0023368348238357903
0.0011714334893155446
0.0019331241698611365
0.001607369726393951
GEN 154 time 1599135963
0.0023368348238357903
0.0011714334893155446
0.0019331241698611365
0.001607369726393951
GEN 155 time 1599135966
0.0023368348238357903
0.0011714334893155446
0.0019331241698611365
0.001607369726393951
GEN 156 time 1599135970
0.0023368348238357903
0.0011714334893155446
0.0019331241698611365
0.001607369726393951
GEN 157 time 1599135974
0.0023368348238357903
0.0011714334893155446
0.0019331241698611365
0.001607369726393951
GEN 158 time 1599135977
0.0023368348238357903
0.0011714334893155446
0.0019331241698611365
0.001607369726393951
GEN 159 time 1599135981
0.0023368348238357903
0.0011714334893155446
0.0019331241698611365
0.001607369726393951
GEN 160 time 1599135985
0.0023368348238357903
0.0011714334893155446
0.0019331241698611365
0.001607369726393951
GEN 161 time 1599135988
0.0023368348238357903
0.0011714334893155446
0.0019331241698611365
0.001607369726393951
GEN 162 time 1599135992
0.0023368348238357903
0.0011714334893155446
0.0019331241698611365
0.001607369726393951
GEN 163 time 1599135995
0.0023368348238357903
0.0011714334893155446
0.0019331241698611365
0.001607369726393951
GEN 164 time 1599135999
0.0023368348238357903
0.0011714334893155446
0.0019331241698611365
0.001607369726393951
GEN 165 time 1599136003
0.0023368348238357903
0.0011714334893155446
0.0019331241698611365
0.001607369726393951
GEN 166 time 1599136007
0.0023368348238357903
0.0011714334893155446
0.0019331241698611365
0.001607369726393951
GEN 167 time 1599136011
0.0023368348238357903
0.0011714334893155446
0.0019331241698611365
0.001607369726393951
GEN 168 time 1599136014
0.0023368348238357903
0.0011714334893155446
0.0019331241698611365
0.001607369726393951
GEN 169 time 1599136018
0.0023368348238357903
0.0011714334893155446
0.0019331241698611365
0.001607369726393951
GEN 170 time 1599136022
0.0023368348238357903
0.0011714334893155446
0.0019331241698611365
0.001607369726393951
GEN 171 time 1599136025
0.0023368348238357903
0.0011714334893155446
0.0019331241698611365
0.001607369726393951
GEN 172 time 1599136029
0.0023368348238357903
0.0011714334893155446
0.0019331241698611365
0.001607369726393951
GEN 173 time 1599136032
0.0023368348238357903
0.0011714334893155446
0.0019331241698611365
0.001607369726393951
GEN 174 time 1599136036
0.0023368348238357903
0.0011714334893155446
0.0019331241698611365
0.001607369726393951
GEN 175 time 1599136040
0.0023368348238357903
0.0011714334893155446
0.0019331241698611365
0.001607369726393951
GEN 176 time 1599136043
0.0023368348238357903
0.0011714334893155446
0.0019331241698611365
0.001607369726393951
GEN 177 time 1599136047
0.0023368348238357903
0.0011714334893155446
0.0019331241698611365
0.001607369726393951
GEN 178 time 1599136050
0.0023368348238357903
0.0011714334893155446
0.0019331241698611365
0.001607369726393951
GEN 179 time 1599136054
0.0023368348238357903
0.0011714334893155446
0.0019331241698611365
0.001607369726393951
GEN 180 time 1599136057
0.0023368348238357903
0.0011714334893155446
0.0019331241698611365
0.001607369726393951
GEN 181 time 1599136061
0.0023368348238357903
0.0011714334893155446
0.0019331241698611365
0.001607369726393951
GEN 182 time 1599136064
0.0023368348238357903
0.0011714334893155446
0.0019331241698611365
0.001607369726393951
GEN 183 time 1599136068
0.0023368348238357903
0.0011714334893155446
0.0019331241698611365
0.001607369726393951
GEN 184 time 1599136072
0.0023368348238357903
0.0011714334893155446
0.0019331241698611365
0.001607369726393951
GEN 185 time 1599136075
0.0023368348238357903
0.0011714334893155446
0.0019331241698611365
0.001607369726393951
GEN 186 time 1599136079
0.0023368348238357903
0.0011714334893155446
0.0019331241698611365
0.001607369726393951
GEN 187 time 1599136083
0.0023368348238357903
0.0011714334893155446
0.0019331241698611365
0.001607369726393951
GEN 188 time 1599136086
0.0023368348238357903
0.0011714334893155446
0.0019331241698611365
0.001607369726393951
GEN 189 time 1599136090
0.0023368348238357903
0.0011714334893155446
0.0019331241698611365
0.001607369726393951
GEN 190 time 1599136094
0.0023368348238357903
0.0011714334893155446
0.0019331241698611365
0.001607369726393951
GEN 191 time 1599136098
0.0023368348238357903
0.0011714334893155446
0.0019331241698611365
0.001607369726393951
GEN 192 time 1599136101
0.0023368348238357903
0.0011714334893155446
0.0019331241698611365
0.001607369726393951
GEN 193 time 1599136105
0.0023368348238357903
0.0011714334893155446
0.0019331241698611365
0.001607369726393951
GEN 194 time 1599136108
0.0023368348238357903
0.0011714334893155446
0.0019331241698611365
0.001607369726393951
GEN 195 time 1599136112
0.0023368348238357903
0.0011714334893155446
0.0019331241698611365
0.001607369726393951
GEN 196 time 1599136116
0.0023368348238357903
0.0011714334893155446
0.0019331241698611365
0.001607369726393951
GEN 197 time 1599136119
0.0023368348238357903
0.0011714334893155446
0.0019331241698611365
0.001607369726393951
GEN 198 time 1599136123
0.0023368348238357903
0.0011714334893155446
0.0019331241698611365
0.001607369726393951
GEN 199 time 1599136127
0.0023368348238357903
0.0011714334893155446
0.0019331241698611365
0.001607369726393951
