['./data/small/layer/ga-dem3_r25_1.json', './data/small/layer/ga-dem8_r25_1.json', './data/small/layer/ga-dem1_r25_1.json', './data/small/hop/ga-dem5_r25_1_0.json']
GEN 0 time 1598859006
0.0024066706884487486
0.0018176390996958245
0.002874419263161404
0.0030205735389068926
GEN 1 time 1598859011
0.0022020956422934388
0.0015192558232235396
0.002874419263161404
0.0026946061685230115
GEN 2 time 1598859018
0.002173934761916407
0.0015192558232235396
0.002874419263161404
0.0026946061685230115
GEN 3 time 1598859025
0.002173934761916407
0.0015192558232235396
0.002874419263161404
0.0026946061685230115
GEN 4 time 1598859033
0.002173934761916407
0.0015192558232235396
0.002874419263161404
0.0026946061685230115
GEN 5 time 1598859041
0.0020303756324813356
0.0015192558232235396
0.002874419263161404
0.002636160494512313
GEN 6 time 1598859049
0.0020303756324813356
0.0015192558232235396
0.002874419263161404
0.002636160494512313
GEN 7 time 1598859058
0.0020303756324813356
0.0015192558232235396
0.002874419263161404
0.002636160494512313
GEN 8 time 1598859066
0.0020303756324813356
0.0015192558232235396
0.002874419263161404
0.002636160494512313
GEN 9 time 1598859074
0.001641621439293294
0.0015192558232235396
0.002874419263161404
0.002636160494512313
GEN 10 time 1598859083
0.001641621439293294
0.0015192558232235396
0.002874419263161404
0.002636160494512313
GEN 11 time 1598859091
0.001641621439293294
0.0015192558232235396
0.002874419263161404
0.002636160494512313
GEN 12 time 1598859098
0.001641621439293294
0.0015192558232235396
0.002874419263161404
0.002636160494512313
GEN 13 time 1598859106
0.001641621439293294
0.0015192558232235396
0.002874419263161404
0.002636160494512313
GEN 14 time 1598859113
0.001641621439293294
0.0015192558232235396
0.002874419263161404
0.002445203621698329
GEN 15 time 1598859121
0.001641621439293294
0.0015192558232235396
0.002874419263161404
0.002445203621698329
GEN 16 time 1598859129
0.001641621439293294
0.0015192558232235396
0.002874419263161404
0.002445203621698329
GEN 17 time 1598859137
0.001641621439293294
0.0015192558232235396
0.002874419263161404
0.002247221870000827
GEN 18 time 1598859144
0.001641621439293294
0.0015192558232235396
0.002874419263161404
0.002247221870000827
GEN 19 time 1598859151
0.001641621439293294
0.0015192558232235396
0.002874419263161404
0.002247221870000827
GEN 20 time 1598859158
0.001641621439293294
0.0015192558232235396
0.002874419263161404
0.002247221870000827
GEN 21 time 1598859165
0.0014365208477817516
0.0015192558232235396
0.002874419263161404
0.002247221870000827
GEN 22 time 1598859172
0.0014365208477817516
0.0015192558232235396
0.002874419263161404
0.002247221870000827
GEN 23 time 1598859179
0.0014365208477817516
0.0015192558232235396
0.002874419263161404
0.002247221870000827
GEN 24 time 1598859187
0.0014365208477817516
0.0015192558232235396
0.002874419263161404
0.002247221870000827
GEN 25 time 1598859193
0.0014365208477817516
0.0015192558232235396
0.002874419263161404
0.002247221870000827
GEN 26 time 1598859200
0.0014365208477817516
0.0015192558232235396
0.002874419263161404
0.002247221870000827
GEN 27 time 1598859209
0.0014365208477817516
0.0015192558232235396
0.002874419263161404
0.002247221870000827
GEN 28 time 1598859216
0.0014365208477817516
0.0015192558232235396
0.002874419263161404
0.002247221870000827
GEN 29 time 1598859224
0.0014365208477817516
0.0015192558232235396
0.002874419263161404
0.002247221870000827
GEN 30 time 1598859232
0.0014365208477817516
0.0015192558232235396
0.002874419263161404
0.002247221870000827
GEN 31 time 1598859240
0.0013500359477185188
0.0015192558232235396
0.002874419263161404
0.002247221870000827
GEN 32 time 1598859248
0.0013500359477185188
0.0015192558232235396
0.002874419263161404
0.002247221870000827
GEN 33 time 1598859256
0.0013500359477185188
0.0015192558232235396
0.002874419263161404
0.002247221870000827
GEN 34 time 1598859264
0.001241581439293294
0.0015192558232235396
0.002874419263161404
0.002247221870000827
GEN 35 time 1598859271
0.001241581439293294
0.0015192558232235396
0.002874419263161404
0.002247221870000827
GEN 36 time 1598859279
0.001241581439293294
0.0015192558232235396
0.002874419263161404
0.0022336485676789147
GEN 37 time 1598859287
0.001241581439293294
0.0015192558232235396
0.002874419263161404
0.0022336485676789147
GEN 38 time 1598859294
0.001241581439293294
0.0015192558232235396
0.002874419263161404
0.0022336485676789147
GEN 39 time 1598859301
0.001241581439293294
0.0015192558232235396
0.002874419263161404
0.0022336485676789147
GEN 40 time 1598859310
0.001241581439293294
0.0015192558232235396
0.002874419263161404
0.0022336485676789147
GEN 41 time 1598859317
0.0012184608532400543
0.0015192558232235396
0.002874419263161404
0.0022336485676789147
GEN 42 time 1598859324
0.0012184608532400543
0.0015192558232235396
0.002874419263161404
0.0022336485676789147
GEN 43 time 1598859332
0.0012184608532400543
0.0015192558232235396
0.002874419263161404
0.0022336485676789147
GEN 44 time 1598859340
0.0012184608532400543
0.0015192558232235396
0.002874419263161404
0.0022336485676789147
GEN 45 time 1598859348
0.0012184608532400543
0.0015192558232235396
0.002874419263161404
0.0022336485676789147
GEN 46 time 1598859357
0.0012184608532400543
0.0015192558232235396
0.002874419263161404
0.0022336485676789147
GEN 47 time 1598859366
0.0012184608532400543
0.0015192558232235396
0.002874419263161404
0.0022336485676789147
GEN 48 time 1598859374
0.0012184608532400543
0.0015192558232235396
0.002874419263161404
0.0022336485676789147
GEN 49 time 1598859382
0.0012184608532400543
0.0015192558232235396
0.002874419263161404
0.0022336485676789147
GEN 50 time 1598859390
0.0012184608532400543
0.0015192558232235396
0.002874419263161404
0.0022336485676789147
GEN 51 time 1598859399
0.0012184608532400543
0.0015192558232235396
0.002874419263161404
0.0022336485676789147
GEN 52 time 1598859407
0.0012184608532400543
0.0015192558232235396
0.002874419263161404
0.00222293378276298
GEN 53 time 1598859414
0.0012184608532400543
0.0015192558232235396
0.002874419263161404
0.00222293378276298
GEN 54 time 1598859422
0.0012184608532400543
0.0015192558232235396
0.002874419263161404
0.00222293378276298
GEN 55 time 1598859430
0.0012184608532400543
0.0015192558232235396
0.002874419263161404
0.00222293378276298
GEN 56 time 1598859439
0.0012184608532400543
0.0015192558232235396
0.002874419263161404
0.00222293378276298
GEN 57 time 1598859446
0.0012184608532400543
0.0015192558232235396
0.002874419263161404
0.00222293378276298
GEN 58 time 1598859454
0.0012184608532400543
0.0015192558232235396
0.002874419263161404
0.00222293378276298
GEN 59 time 1598859463
0.0012184608532400543
0.0015192558232235396
0.002874419263161404
0.00222293378276298
GEN 60 time 1598859471
0.0012184608532400543
0.0015192558232235396
0.002874419263161404
0.00222293378276298
GEN 61 time 1598859477
0.0012184608532400543
0.0015192558232235396
0.002874419263161404
0.00222293378276298
GEN 62 time 1598859486
0.0012184608532400543
0.0015192558232235396
0.002874419263161404
0.00222293378276298
GEN 63 time 1598859494
0.0012184608532400543
0.0015192558232235396
0.002874419263161404
0.00222293378276298
GEN 64 time 1598859501
0.0012184608532400543
0.0015192558232235396
0.002874419263161404
0.00222293378276298
GEN 65 time 1598859510
0.0012184608532400543
0.0015192558232235396
0.002874419263161404
0.00222293378276298
GEN 66 time 1598859517
0.0012184608532400543
0.0015192558232235396
0.002874419263161404
0.00222293378276298
GEN 67 time 1598859526
0.0012184608532400543
0.0015192558232235396
0.002874419263161404
0.00222293378276298
GEN 68 time 1598859533
0.0012184608532400543
0.0015192558232235396
0.002874419263161404
0.00222293378276298
GEN 69 time 1598859542
0.0012184608532400543
0.0015192558232235396
0.002874419263161404
0.00222293378276298
GEN 70 time 1598859550
0.0012184608532400543
0.0015192558232235396
0.002874419263161404
0.00222293378276298
GEN 71 time 1598859558
0.0012184608532400543
0.0015192558232235396
0.002874419263161404
0.00222293378276298
GEN 72 time 1598859566
0.0012184608532400543
0.0015192558232235396
0.002874419263161404
0.00222293378276298
GEN 73 time 1598859574
0.0012184608532400543
0.0015192558232235396
0.002874419263161404
0.00222293378276298
GEN 74 time 1598859584
0.0012184608532400543
0.0015192558232235396
0.002874419263161404
0.00222293378276298
GEN 75 time 1598859592
0.0012184608532400543
0.0015192558232235396
0.002874419263161404
0.00222293378276298
GEN 76 time 1598859600
0.0012184608532400543
0.0015192558232235396
0.002874419263161404
0.00222293378276298
GEN 77 time 1598859608
0.0012184608532400543
0.0015192558232235396
0.002874419263161404
0.00222293378276298
GEN 78 time 1598859617
0.0012184608532400543
0.0015192558232235396
0.002874419263161404
0.00222293378276298
GEN 79 time 1598859627
0.0012184608532400543
0.0015192558232235396
0.002874419263161404
0.00222293378276298
GEN 80 time 1598859635
0.0012184608532400543
0.0015192558232235396
0.002874419263161404
0.00222293378276298
GEN 81 time 1598859644
0.0012184608532400543
0.0015192558232235396
0.002874419263161404
0.00222293378276298
GEN 82 time 1598859653
0.0012184608532400543
0.0015192558232235396
0.002874419263161404
0.00222293378276298
GEN 83 time 1598859662
0.0012184608532400543
0.0015192558232235396
0.002874419263161404
0.0018204535389068925
GEN 84 time 1598859670
0.0012184608532400543
0.0015192558232235396
0.002874419263161404
0.0018204535389068925
GEN 85 time 1598859679
0.0012184608532400543
0.0015192558232235396
0.002874419263161404
0.0018204535389068925
GEN 86 time 1598859687
0.0012184608532400543
0.0015192558232235396
0.002874419263161404
0.0018204535389068925
GEN 87 time 1598859696
0.0012184608532400543
0.0015192558232235396
0.002874419263161404
0.0018204535389068925
GEN 88 time 1598859703
0.0012184608532400543
0.0015192558232235396
0.002874419263161404
0.0018204535389068925
GEN 89 time 1598859712
0.0012184608532400543
0.0015192558232235396
0.002874419263161404
0.0018204535389068925
GEN 90 time 1598859720
0.0012184608532400543
0.0015192558232235396
0.002874419263161404
0.0018204535389068925
GEN 91 time 1598859728
0.0012184608532400543
0.0015192558232235396
0.002874419263161404
0.0018204535389068925
GEN 92 time 1598859738
0.0012184608532400543
0.0015192558232235396
0.002874419263161404
0.0018204535389068925
GEN 93 time 1598859746
0.0012184608532400543
0.0015192558232235396
0.002874419263161404
0.0018204535389068925
GEN 94 time 1598859754
0.0012184608532400543
0.0015192558232235396
0.002874419263161404
0.0018204535389068925
GEN 95 time 1598859763
0.0012184608532400543
0.0015192558232235396
0.002874419263161404
0.0018204535389068925
GEN 96 time 1598859771
0.0012184608532400543
0.0015192558232235396
0.002874419263161404
0.0018204535389068925
GEN 97 time 1598859781
0.0012184608532400543
0.0015192558232235396
0.002874419263161404
0.0018204535389068925
GEN 98 time 1598859789
0.0012184608532400543
0.0015192558232235396
0.002874419263161404
0.0018204535389068925
GEN 99 time 1598859798
0.0012184608532400543
0.0015192558232235396
0.002874419263161404
0.0018204535389068925
GEN 100 time 1598859807
0.0012184608532400543
0.0015192558232235396
0.002874419263161404
0.0018204535389068925
GEN 101 time 1598859815
0.0012184608532400543
0.0015192558232235396
0.002874419263161404
0.0018204535389068925
GEN 102 time 1598859824
0.0012184608532400543
0.0015192558232235396
0.002874419263161404
0.0018204535389068925
GEN 103 time 1598859833
0.0012184608532400543
0.0015192558232235396
0.002874419263161404
0.0018204535389068925
GEN 104 time 1598859841
0.0012184608532400543
0.0015192558232235396
0.002874419263161404
0.0018204535389068925
GEN 105 time 1598859851
0.0012184608532400543
0.0015192558232235396
0.002874419263161404
0.0018204535389068925
GEN 106 time 1598859860
0.0012184608532400543
0.0015192558232235396
0.002874419263161404
0.0018204535389068925
GEN 107 time 1598859870
0.0012184608532400543
0.0015192558232235396
0.002874419263161404
0.0018204535389068925
GEN 108 time 1598859879
0.0012184608532400543
0.0015192558232235396
0.002874419263161404
0.0018204535389068925
GEN 109 time 1598859890
0.0012184608532400543
0.0015192558232235396
0.002874419263161404
0.0018204535389068925
GEN 110 time 1598859899
0.0012184608532400543
0.0015192558232235396
0.002874419263161404
0.0018204535389068925
GEN 111 time 1598859908
0.0012184608532400543
0.0015192558232235396
0.002874419263161404
0.0018204535389068925
GEN 112 time 1598859916
0.0012184608532400543
0.0015192558232235396
0.002874419263161404
0.0018204535389068925
GEN 113 time 1598859924
0.0012184608532400543
0.0015192558232235396
0.002874419263161404
0.0018204535389068925
GEN 114 time 1598859934
0.0012184608532400543
0.0015192558232235396
0.002874419263161404
0.0018204535389068925
GEN 115 time 1598859944
0.0012184608532400543
0.0015192558232235396
0.002874419263161404
0.0018204535389068925
GEN 116 time 1598859954
0.0012184608532400543
0.0015192558232235396
0.002874419263161404
0.0018204535389068925
GEN 117 time 1598859963
0.0012184608532400543
0.0015192558232235396
0.002874419263161404
0.0018204535389068925
GEN 118 time 1598859973
0.0012184608532400543
0.0015192558232235396
0.002874419263161404
0.0018204535389068925
GEN 119 time 1598859982
0.0012184608532400543
0.0015192558232235396
0.002874419263161404
0.0018204535389068925
GEN 120 time 1598859990
0.0012184608532400543
0.0015192558232235396
0.002874419263161404
0.0018204535389068925
GEN 121 time 1598859999
0.0012184608532400543
0.0015192558232235396
0.002874419263161404
0.0018204535389068925
GEN 122 time 1598860009
0.0012184608532400543
0.0015192558232235396
0.002874419263161404
0.0018204535389068925
GEN 123 time 1598860018
0.0012184608532400543
0.0015192558232235396
0.002874419263161404
0.0018204535389068925
GEN 124 time 1598860027
0.0012184608532400543
0.0015192558232235396
0.002874419263161404
0.0018204535389068925
GEN 125 time 1598860036
0.0012184608532400543
0.0015192558232235396
0.002874419263161404
0.0018204535389068925
GEN 126 time 1598860045
0.0012184608532400543
0.0015192558232235396
0.002874419263161404
0.0018204535389068925
GEN 127 time 1598860056
0.0012184608532400543
0.0015192558232235396
0.002874419263161404
0.0018204535389068925
GEN 128 time 1598860066
0.0012184608532400543
0.0015192558232235396
0.002874419263161404
0.0018204535389068925
GEN 129 time 1598860076
0.0012184608532400543
0.0015192558232235396
0.002874419263161404
0.0018204535389068925
GEN 130 time 1598860085
0.0012184608532400543
0.0015192558232235396
0.002874419263161404
0.0018204535389068925
GEN 131 time 1598860094
0.0012184608532400543
0.0015192558232235396
0.002874419263161404
0.0018204535389068925
GEN 132 time 1598860102
0.0012184608532400543
0.0015192558232235396
0.002874419263161404
0.0018204535389068925
GEN 133 time 1598860112
0.0012184608532400543
0.0015192558232235396
0.002874419263161404
0.0018204535389068925
GEN 134 time 1598860122
0.0012184608532400543
0.0015192558232235396
0.002874419263161404
0.0018204535389068925
GEN 135 time 1598860132
0.0012184608532400543
0.0015192558232235396
0.002874419263161404
0.0018204535389068925
GEN 136 time 1598860141
0.0012184608532400543
0.0015192558232235396
0.002874419263161404
0.0018204535389068925
GEN 137 time 1598860150
0.0012184608532400543
0.0015192558232235396
0.002874419263161404
0.0018204535389068925
GEN 138 time 1598860159
0.0012184608532400543
0.0015192558232235396
0.002874419263161404
0.0018204535389068925
GEN 139 time 1598860169
0.0012184608532400543
0.0015192558232235396
0.002874419263161404
0.0018204535389068925
GEN 140 time 1598860179
0.0012184608532400543
0.0015192558232235396
0.002874419263161404
0.0018204535389068925
GEN 141 time 1598860189
0.0012184608532400543
0.0015192558232235396
0.002874419263161404
0.0018204535389068925
GEN 142 time 1598860198
0.0012184608532400543
0.0015192558232235396
0.002874419263161404
0.0018204535389068925
GEN 143 time 1598860207
0.0012184608532400543
0.0015192558232235396
0.002874419263161404
0.0018204535389068925
GEN 144 time 1598860218
0.0012184608532400543
0.0015192558232235396
0.002874419263161404
0.0018204535389068925
GEN 145 time 1598860228
0.0012184608532400543
0.0015192558232235396
0.002874419263161404
0.0018204535389068925
GEN 146 time 1598860236
0.0012184608532400543
0.0015192558232235396
0.002874419263161404
0.0018204535389068925
GEN 147 time 1598860246
0.0012184608532400543
0.0015192558232235396
0.002874419263161404
0.0018204535389068925
GEN 148 time 1598860255
0.0012184608532400543
0.0015192558232235396
0.002874419263161404
0.0018204535389068925
GEN 149 time 1598860264
0.0012184608532400543
0.0015192558232235396
0.002874419263161404
0.0018204535389068925
GEN 150 time 1598860275
0.0012184608532400543
0.0015192558232235396
0.002874419263161404
0.0018204535389068925
GEN 151 time 1598860284
0.0012184608532400543
0.0015192558232235396
0.002874419263161404
0.0018204535389068925
GEN 152 time 1598860294
0.0012184608532400543
0.0015192558232235396
0.002874419263161404
0.0018204535389068925
GEN 153 time 1598860304
0.0012184608532400543
0.0015192558232235396
0.002874419263161404
0.0018204535389068925
GEN 154 time 1598860314
0.0012184608532400543
0.0015192558232235396
0.002874419263161404
0.0018204535389068925
GEN 155 time 1598860325
0.0012184608532400543
0.0015192558232235396
0.002874419263161404
0.0018204535389068925
GEN 156 time 1598860335
0.0012184608532400543
0.0015192558232235396
0.002874419263161404
0.0018204535389068925
GEN 157 time 1598860346
0.0012184608532400543
0.0015192558232235396
0.002874419263161404
0.0018204535389068925
GEN 158 time 1598860356
0.0012184608532400543
0.0015192558232235396
0.002874419263161404
0.0018204535389068925
GEN 159 time 1598860366
0.0012184608532400543
0.0015192558232235396
0.002874419263161404
0.0018204535389068925
GEN 160 time 1598860376
0.0012184608532400543
0.0015192558232235396
0.002874419263161404
0.0018204535389068925
GEN 161 time 1598860385
0.0012184608532400543
0.0015192558232235396
0.002874419263161404
0.0018204535389068925
GEN 162 time 1598860395
0.0012184608532400543
0.0015192558232235396
0.002874419263161404
0.0018204535389068925
GEN 163 time 1598860405
0.0012184608532400543
0.0015192558232235396
0.002874419263161404
0.0018204535389068925
GEN 164 time 1598860414
0.0012184608532400543
0.0015192558232235396
0.002874419263161404
0.0018204535389068925
GEN 165 time 1598860423
0.0012184608532400543
0.0015192558232235396
0.002874419263161404
0.0018204535389068925
GEN 166 time 1598860433
0.0012184608532400543
0.0015192558232235396
0.002874419263161404
0.0018204535389068925
GEN 167 time 1598860444
0.0012184608532400543
0.0015192558232235396
0.002874419263161404
0.0018204535389068925
GEN 168 time 1598860453
0.0012184608532400543
0.0015192558232235396
0.002874419263161404
0.0018204535389068925
GEN 169 time 1598860463
0.0012184608532400543
0.0015192558232235396
0.002874419263161404
0.0018204535389068925
GEN 170 time 1598860472
0.0012184608532400543
0.0015192558232235396
0.002874419263161404
0.0018204535389068925
GEN 171 time 1598860482
0.0012184608532400543
0.0015192558232235396
0.002874419263161404
0.0018204535389068925
GEN 172 time 1598860491
0.0012184608532400543
0.0015192558232235396
0.002874419263161404
0.0018204535389068925
GEN 173 time 1598860503
0.0012184608532400543
0.0015192558232235396
0.002874419263161404
0.0018204535389068925
GEN 174 time 1598860512
0.0012184608532400543
0.0015192558232235396
0.002874419263161404
0.0018204535389068925
GEN 175 time 1598860522
0.0012184608532400543
0.0015192558232235396
0.002874419263161404
0.0018204535389068925
GEN 176 time 1598860532
0.0012184608532400543
0.0015192558232235396
0.002874419263161404
0.0018204535389068925
GEN 177 time 1598860542
0.0012184608532400543
0.0015192558232235396
0.002874419263161404
0.0018204535389068925
GEN 178 time 1598860551
0.0012184608532400543
0.0015192558232235396
0.002874419263161404
0.0018204535389068925
GEN 179 time 1598860561
0.0012184608532400543
0.0015192558232235396
0.002874419263161404
0.0018204535389068925
GEN 180 time 1598860571
0.0012184608532400543
0.0015192558232235396
0.002874419263161404
0.0018204535389068925
GEN 181 time 1598860581
0.0012184608532400543
0.0015192558232235396
0.002874419263161404
0.0018204535389068925
GEN 182 time 1598860590
0.0012184608532400543
0.0015192558232235396
0.002874419263161404
0.0018204535389068925
GEN 183 time 1598860601
0.0012184608532400543
0.0015192558232235396
0.002874419263161404
0.0018204535389068925
GEN 184 time 1598860610
0.0012184608532400543
0.0015192558232235396
0.002874419263161404
0.0018204535389068925
GEN 185 time 1598860620
0.0012184608532400543
0.0015192558232235396
0.002874419263161404
0.0018204535389068925
GEN 186 time 1598860630
0.0012184608532400543
0.0015192558232235396
0.002874419263161404
0.0018204535389068925
GEN 187 time 1598860640
0.0012184608532400543
0.0015192558232235396
0.002874419263161404
0.0018204535389068925
GEN 188 time 1598860650
0.0012184608532400543
0.0015192558232235396
0.002874419263161404
0.0018204535389068925
GEN 189 time 1598860660
0.0012184608532400543
0.0015192558232235396
0.002874419263161404
0.0018204535389068925
GEN 190 time 1598860670
0.0012184608532400543
0.0015192558232235396
0.002874419263161404
0.0018204535389068925
GEN 191 time 1598860679
0.0012184608532400543
0.0015192558232235396
0.002874419263161404
0.0018204535389068925
GEN 192 time 1598860689
0.0012184608532400543
0.0015192558232235396
0.002874419263161404
0.0018204535389068925
GEN 193 time 1598860698
0.0012184608532400543
0.0015192558232235396
0.002874419263161404
0.0018204535389068925
GEN 194 time 1598860707
0.0012184608532400543
0.0015192558232235396
0.002874419263161404
0.0018204535389068925
GEN 195 time 1598860717
0.0012184608532400543
0.0015192558232235396
0.002874419263161404
0.0018204535389068925
GEN 196 time 1598860726
0.0012184608532400543
0.0015192558232235396
0.002874419263161404
0.0018204535389068925
GEN 197 time 1598860736
0.0012184608532400543
0.0015192558232235396
0.002874419263161404
0.0018204535389068925
GEN 198 time 1598860745
0.0012184608532400543
0.0015192558232235396
0.002874419263161404
0.0018204535389068925
GEN 199 time 1598860755
0.0012184608532400543
0.0015192558232235396
0.002874419263161404
0.0018204535389068925
