['./data/small/layer/ga-dem8_r25_1.json', './data/small/layer/ga-dem2_r25_1.json', './data/small/layer/ga-dem6_r25_1.json', './data/small/hop/ga-dem8_r25_1_0.json']
GEN 0 time 1598861842
0.0018176390996958245
0.0022067770168573493
0.002230225812845651
0.0025989850182715577
GEN 1 time 1598861845
0.0018176390996958245
0.0022067770168573493
0.001830185812845651
0.0025989850182715577
GEN 2 time 1598861849
0.0018176390996958245
0.0022067770168573493
0.001830185812845651
0.0025989850182715577
GEN 3 time 1598861854
0.0018176390996958245
0.0022067770168573493
0.0018006654016561317
0.0025989850182715577
GEN 4 time 1598861859
0.0018176390996958245
0.0022067770168573493
0.0018006654016561317
0.0025989850182715577
GEN 5 time 1598861865
0.0018176390996958245
0.002202109149791356
0.001630165812845651
0.0025989850182715577
GEN 6 time 1598861871
0.0018176390996958245
0.002000399527311251
0.001630165812845651
0.0025989850182715577
GEN 7 time 1598861876
0.0018176390996958245
0.001419475810142211
0.001630165812845651
0.0025989850182715577
GEN 8 time 1598861882
0.0018176390996958245
0.0014188811755343773
0.0016110631721721086
0.0025989850182715577
GEN 9 time 1598861889
0.0018176390996958245
0.0014188811755343773
0.0016110631721721086
0.0025989850182715577
GEN 10 time 1598861895
0.0018176390996958245
0.0014188811755343773
0.00160816724804342
0.0021029760641404186
GEN 11 time 1598861901
0.0018176390996958245
0.0014188811755343773
0.00160816724804342
0.0021029760641404186
GEN 12 time 1598861907
0.0018176390996958245
0.0014188811755343773
0.00160816724804342
0.0021029760641404186
GEN 13 time 1598861913
0.0018176390996958245
0.0014188811755343773
0.00160816724804342
0.0021029760641404186
GEN 14 time 1598861920
0.0018176390996958245
0.0014188811755343773
0.0014301458128456513
0.0021029760641404186
GEN 15 time 1598861926
0.0018176390996958245
0.0014188811755343773
0.0014301458128456513
0.0021029760641404186
GEN 16 time 1598861932
0.0018176390996958245
0.0014188811755343773
0.0014301458128456513
0.0021029760641404186
GEN 17 time 1598861938
0.0018176390996958245
0.0014188811755343773
0.0014301458128456513
0.0021029760641404186
GEN 18 time 1598861945
0.0016235139796362836
0.0014188811755343773
0.0014301458128456513
0.0020792750089336006
GEN 19 time 1598861951
0.0016235139796362836
0.0014188811755343773
0.001421804740745734
0.0020792750089336006
GEN 20 time 1598861957
0.0016235139796362836
0.0014188811755343773
0.001421804740745734
0.0020792750089336006
GEN 21 time 1598861964
0.0016235139796362836
0.0014188811755343773
0.0014069910829341199
0.0020792750089336006
GEN 22 time 1598861970
0.0016235139796362836
0.0014188811755343773
0.0014069910829341199
0.0020792750089336006
GEN 23 time 1598861976
0.0016235139796362836
0.0014188811755343773
0.0014069910829341199
0.0020792750089336006
GEN 24 time 1598861983
0.0016235139796362836
0.0014188811755343773
0.0014069910829341199
0.0020792750089336006
GEN 25 time 1598861990
0.0016235139796362836
0.0014188811755343773
0.0014069910829341199
0.0020792750089336006
GEN 26 time 1598861996
0.0016235139796362836
0.0014188811755343773
0.0014069910829341199
0.0020792750089336006
GEN 27 time 1598862003
0.0016235139796362836
0.0014188811755343773
0.0014069910829341199
0.0020792750089336006
GEN 28 time 1598862009
0.0016235139796362836
0.0014188811755343773
0.0014069910829341199
0.0020792750089336006
GEN 29 time 1598862016
0.0016235139796362836
0.0014188811755343773
0.0014069910829341199
0.0020792750089336006
GEN 30 time 1598862023
0.0016235139796362836
0.0014113655088695935
0.0014069910829341199
0.00207347413807146
GEN 31 time 1598862029
0.0016235139796362836
0.0014113655088695935
0.0014069910829341199
0.00207347413807146
GEN 32 time 1598862036
0.0016235139796362836
0.0014113655088695935
0.0014069910829341199
0.00207347413807146
GEN 33 time 1598862042
0.0016235139796362836
0.0014113655088695935
0.0014069910829341199
0.00207347413807146
GEN 34 time 1598862048
0.0016235139796362836
0.0014113655088695935
0.0014069910829341199
0.00207347413807146
GEN 35 time 1598862054
0.0016235139796362836
0.0014113655088695935
0.0014069910829341199
0.00207347413807146
GEN 36 time 1598862061
0.0016235139796362836
0.0014113655088695935
0.0014069910829341199
0.00207347413807146
GEN 37 time 1598862067
0.0016235139796362836
0.0014113655088695935
0.0014069910829341199
0.00207347413807146
GEN 38 time 1598862073
0.0016235139796362836
0.0014113655088695935
0.0014069910829341199
0.00207347413807146
GEN 39 time 1598862080
0.0016235139796362836
0.0014113655088695935
0.0014069910829341199
0.00207347413807146
GEN 40 time 1598862086
0.0016176190996958246
0.0012008856005774578
0.0012301258128456511
0.00207347413807146
GEN 41 time 1598862093
0.0016176190996958246
0.0012008856005774578
0.0012301258128456511
0.00207347413807146
GEN 42 time 1598862100
0.0016176190996958246
0.0012008856005774578
0.0012301258128456511
0.00207347413807146
GEN 43 time 1598862106
0.0016176190996958246
0.0012008856005774578
0.0012269760315178986
0.00207347413807146
GEN 44 time 1598862113
0.0016176190996958246
0.0012008856005774578
0.0012269760315178986
0.00207347413807146
GEN 45 time 1598862120
0.0016176190996958246
0.0012008856005774578
0.0012269760315178986
0.00207347413807146
GEN 46 time 1598862127
0.0016176190996958246
0.0012008856005774578
0.0012269760315178986
0.00207347413807146
GEN 47 time 1598862134
0.0016176190996958246
0.0012008856005774578
0.0012269760315178986
0.00207347413807146
GEN 48 time 1598862141
0.0016176190996958246
0.0012008856005774578
0.0012269760315178986
0.00207347413807146
GEN 49 time 1598862147
0.0016176190996958246
0.0012008856005774578
0.0012269760315178986
0.00207347413807146
GEN 50 time 1598862154
0.0016176190996958246
0.0012008856005774578
0.0012269760315178986
0.00207347413807146
GEN 51 time 1598862161
0.0016176190996958246
0.0012008856005774578
0.0012269760315178986
0.00207347413807146
GEN 52 time 1598862168
0.0016176190996958246
0.0012008856005774578
0.0012269760315178986
0.00207347413807146
GEN 53 time 1598862175
0.0016176190996958246
0.0012008856005774578
0.0012269760315178986
0.00207347413807146
GEN 54 time 1598862182
0.0016176190996958246
0.0012008856005774578
0.0012269760315178986
0.00207347413807146
GEN 55 time 1598862189
0.0016176190996958246
0.0012008856005774578
0.0012269760315178986
0.00207347413807146
GEN 56 time 1598862196
0.0016176190996958246
0.0012008856005774578
0.0012269760315178986
0.00207347413807146
GEN 57 time 1598862203
0.0016176190996958246
0.0012008856005774578
0.0012269760315178986
0.00207347413807146
GEN 58 time 1598862211
0.0016176190996958246
0.0012008856005774578
0.0012269760315178986
0.00207347413807146
GEN 59 time 1598862218
0.0016176190996958246
0.0012008856005774578
0.0012269760315178986
0.00207347413807146
GEN 60 time 1598862226
0.0016176190996958246
0.0012008856005774578
0.0012269760315178986
0.00207347413807146
GEN 61 time 1598862233
0.0016176190996958246
0.0012008856005774578
0.0012269760315178986
0.00207347413807146
GEN 62 time 1598862240
0.0016176190996958246
0.0012008856005774578
0.0012269760315178986
0.00207347413807146
GEN 63 time 1598862248
0.0016176190996958246
0.0012008856005774578
0.0012269760315178986
0.00207347413807146
GEN 64 time 1598862255
0.0016176190996958246
0.0012008856005774578
0.0012269760315178986
0.00207347413807146
GEN 65 time 1598862263
0.0016176190996958246
0.0012008856005774578
0.0012269760315178986
0.00207347413807146
GEN 66 time 1598862271
0.0016176190996958246
0.0012008856005774578
0.0012269760315178986
0.00207347413807146
GEN 67 time 1598862278
0.0016176190996958246
0.0012008856005774578
0.0012269760315178986
0.00207347413807146
GEN 68 time 1598862286
0.0016176190996958246
0.0012008856005774578
0.0012269760315178986
0.00207347413807146
GEN 69 time 1598862294
0.0016176190996958246
0.0012008856005774578
0.0012269760315178986
0.00207347413807146
GEN 70 time 1598862301
0.0016176190996958246
0.0012008856005774578
0.0012269760315178986
0.00207347413807146
GEN 71 time 1598862309
0.0016176190996958246
0.0012008856005774578
0.0012269760315178986
0.001973686246490979
GEN 72 time 1598862316
0.0016176190996958246
0.0012008856005774578
0.0012269760315178986
0.001973686246490979
GEN 73 time 1598862324
0.0016176190996958246
0.0012008856005774578
0.0012269760315178986
0.001973686246490979
GEN 74 time 1598862331
0.0016176190996958246
0.0012008856005774578
0.0012269760315178986
0.001973686246490979
GEN 75 time 1598862338
0.0016176190996958246
0.0012008856005774578
0.0012269760315178986
0.001973686246490979
GEN 76 time 1598862346
0.0016176190996958246
0.0012008856005774578
0.0012269760315178986
0.001973686246490979
GEN 77 time 1598862353
0.0016176190996958246
0.0012008856005774578
0.0012269760315178986
0.001973686246490979
GEN 78 time 1598862360
0.0016176190996958246
0.0012008856005774578
0.0012269760315178986
0.001973686246490979
GEN 79 time 1598862367
0.0016176190996958246
0.0012008856005774578
0.0012269760315178986
0.001973686246490979
GEN 80 time 1598862375
0.0016176190996958246
0.0012008856005774578
0.0012269760315178986
0.001973686246490979
GEN 81 time 1598862382
0.0016176190996958246
0.0012008856005774578
0.0012269760315178986
0.001973686246490979
GEN 82 time 1598862389
0.0016176190996958246
0.0012008856005774578
0.0012269760315178986
0.001973686246490979
GEN 83 time 1598862396
0.0016176190996958246
0.0012008856005774578
0.0012269760315178986
0.001973686246490979
GEN 84 time 1598862403
0.0016176190996958246
0.0012008856005774578
0.0012269760315178986
0.001973686246490979
GEN 85 time 1598862411
0.0016176190996958246
0.0012008856005774578
0.0012269760315178986
0.001973686246490979
GEN 86 time 1598862418
0.0016176190996958246
0.0012008856005774578
0.0012269760315178986
0.001973686246490979
GEN 87 time 1598862426
0.0016176190996958246
0.0012008856005774578
0.0012269760315178986
0.001973686246490979
GEN 88 time 1598862434
0.0016176190996958246
0.0012008856005774578
0.0012269760315178986
0.001973686246490979
GEN 89 time 1598862441
0.0016176190996958246
0.0012008856005774578
0.0012269760315178986
0.001973686246490979
GEN 90 time 1598862449
0.0016176190996958246
0.0012008856005774578
0.0012269760315178986
0.001973686246490979
GEN 91 time 1598862457
0.0016176190996958246
0.0012008856005774578
0.0012269760315178986
0.001973686246490979
GEN 92 time 1598862464
0.0016176190996958246
0.0012008856005774578
0.0012269760315178986
0.001973686246490979
GEN 93 time 1598862472
0.0016176190996958246
0.0012008856005774578
0.0012269760315178986
0.001973686246490979
GEN 94 time 1598862479
0.0016176190996958246
0.0012008856005774578
0.0012269760315178986
0.001973686246490979
GEN 95 time 1598862487
0.0016176190996958246
0.0012008856005774578
0.0012269760315178986
0.001973686246490979
GEN 96 time 1598862494
0.0016176190996958246
0.0012008856005774578
0.0012269760315178986
0.001973686246490979
GEN 97 time 1598862502
0.0016176190996958246
0.0012008856005774578
0.0012269760315178986
0.001973686246490979
GEN 98 time 1598862510
0.0016176190996958246
0.0012008856005774578
0.0012269760315178986
0.001973686246490979
GEN 99 time 1598862518
0.0016176190996958246
0.0012008856005774578
0.0012269760315178986
0.001973686246490979
GEN 100 time 1598862525
0.0016176190996958246
0.0012008856005774578
0.0012269760315178986
0.001973686246490979
GEN 101 time 1598862533
0.0016176190996958246
0.0012008856005774578
0.0012269760315178986
0.001973686246490979
GEN 102 time 1598862540
0.0016176190996958246
0.0012008856005774578
0.0012269760315178986
0.001973686246490979
GEN 103 time 1598862548
0.0016176190996958246
0.0012008856005774578
0.0012269760315178986
0.001973686246490979
GEN 104 time 1598862556
0.0016176190996958246
0.0012008856005774578
0.0012269760315178986
0.001973686246490979
GEN 105 time 1598862564
0.0016176190996958246
0.0012008856005774578
0.0012269760315178986
0.001973686246490979
GEN 106 time 1598862572
0.0016176190996958246
0.0012008856005774578
0.0012269760315178986
0.001973686246490979
GEN 107 time 1598862580
0.0016176190996958246
0.0012008856005774578
0.0012269760315178986
0.001973686246490979
GEN 108 time 1598862587
0.0016176190996958246
0.0012008856005774578
0.0012269760315178986
0.001973686246490979
GEN 109 time 1598862595
0.0016176190996958246
0.0012008856005774578
0.0012269760315178986
0.001973686246490979
GEN 110 time 1598862603
0.0016176190996958246
0.0012008856005774578
0.0012269760315178986
0.001973686246490979
GEN 111 time 1598862611
0.0016176190996958246
0.0012008856005774578
0.0012269760315178986
0.001973686246490979
GEN 112 time 1598862618
0.0016176190996958246
0.0012008856005774578
0.0012269760315178986
0.001973686246490979
GEN 113 time 1598862626
0.0016176190996958246
0.0012008856005774578
0.0012269760315178986
0.001973686246490979
GEN 114 time 1598862634
0.0016176190996958246
0.0012008856005774578
0.0012269760315178986
0.001973686246490979
GEN 115 time 1598862641
0.0016176190996958246
0.0012008856005774578
0.0012269760315178986
0.001973686246490979
GEN 116 time 1598862649
0.0016176190996958246
0.0012008856005774578
0.0012269760315178986
0.001973686246490979
GEN 117 time 1598862657
0.0016176190996958246
0.0012008856005774578
0.0012269760315178986
0.001973686246490979
GEN 118 time 1598862664
0.0016176190996958246
0.0012008856005774578
0.0012269760315178986
0.001973686246490979
GEN 119 time 1598862672
0.0016176190996958246
0.0012008856005774578
0.0012269760315178986
0.001973686246490979
GEN 120 time 1598862680
0.0016176190996958246
0.0012008856005774578
0.0012269760315178986
0.001973686246490979
GEN 121 time 1598862687
0.0016176190996958246
0.0012008856005774578
0.0012269760315178986
0.001973686246490979
GEN 122 time 1598862695
0.0016176190996958246
0.0012008856005774578
0.0012269760315178986
0.001973686246490979
GEN 123 time 1598862703
0.0016176190996958246
0.0012008856005774578
0.0012269760315178986
0.001973686246490979
GEN 124 time 1598862711
0.0016176190996958246
0.0012008856005774578
0.0012269760315178986
0.001973686246490979
GEN 125 time 1598862718
0.0016176190996958246
0.0012008856005774578
0.0012269760315178986
0.001973686246490979
GEN 126 time 1598862726
0.0016176190996958246
0.0012008856005774578
0.0012269760315178986
0.001973686246490979
GEN 127 time 1598862733
0.0016176190996958246
0.0012008856005774578
0.0012269760315178986
0.001973686246490979
GEN 128 time 1598862741
0.0016176190996958246
0.0012008856005774578
0.0012269760315178986
0.001973686246490979
GEN 129 time 1598862749
0.0016176190996958246
0.0012008856005774578
0.0012269760315178986
0.001973686246490979
GEN 130 time 1598862756
0.0016176190996958246
0.0012008856005774578
0.0012269760315178986
0.001973686246490979
GEN 131 time 1598862763
0.0016176190996958246
0.0012008856005774578
0.0012269760315178986
0.001973686246490979
GEN 132 time 1598862771
0.0016176190996958246
0.0012008856005774578
0.0012269760315178986
0.001973686246490979
GEN 133 time 1598862778
0.0016176190996958246
0.0012008856005774578
0.0012269760315178986
0.001973686246490979
GEN 134 time 1598862786
0.0016176190996958246
0.0012008856005774578
0.0012269760315178986
0.001973686246490979
GEN 135 time 1598862793
0.0016176190996958246
0.0012008856005774578
0.0012269760315178986
0.001973686246490979
GEN 136 time 1598862801
0.0016176190996958246
0.0012008856005774578
0.0012269760315178986
0.001973686246490979
GEN 137 time 1598862808
0.0016176190996958246
0.0012008856005774578
0.0012269760315178986
0.001973686246490979
GEN 138 time 1598862816
0.0016176190996958246
0.0012008856005774578
0.0012269760315178986
0.001973686246490979
GEN 139 time 1598862823
0.0016176190996958246
0.0012008856005774578
0.0012269760315178986
0.001973686246490979
GEN 140 time 1598862831
0.0016176190996958246
0.0012008856005774578
0.0012269760315178986
0.001973686246490979
GEN 141 time 1598862838
0.0016176190996958246
0.0012008856005774578
0.0012269760315178986
0.001973686246490979
GEN 142 time 1598862846
0.0016176190996958246
0.0012008856005774578
0.0012269760315178986
0.001973686246490979
GEN 143 time 1598862853
0.0016176190996958246
0.0012008856005774578
0.0012269760315178986
0.001973686246490979
GEN 144 time 1598862861
0.0016176190996958246
0.0012008856005774578
0.0012269760315178986
0.001973686246490979
GEN 145 time 1598862868
0.0016176190996958246
0.0012008856005774578
0.0012269760315178986
0.001973686246490979
GEN 146 time 1598862876
0.0016176190996958246
0.0012008856005774578
0.0012269760315178986
0.001973686246490979
GEN 147 time 1598862883
0.0016176190996958246
0.0012008856005774578
0.0012269760315178986
0.001973686246490979
GEN 148 time 1598862891
0.0016176190996958246
0.0012008856005774578
0.0012269760315178986
0.001973686246490979
GEN 149 time 1598862899
0.0016176190996958246
0.0012008856005774578
0.0012269760315178986
0.001973686246490979
GEN 150 time 1598862906
0.0016176190996958246
0.0012008856005774578
0.0012269760315178986
0.001973686246490979
GEN 151 time 1598862914
0.0016176190996958246
0.0012008856005774578
0.0012269760315178986
0.001973686246490979
GEN 152 time 1598862921
0.0016176190996958246
0.0012008856005774578
0.0012269760315178986
0.001973686246490979
GEN 153 time 1598862929
0.0016176190996958246
0.0012008856005774578
0.0012269760315178986
0.001973686246490979
GEN 154 time 1598862937
0.0016176190996958246
0.0012008856005774578
0.0012269760315178986
0.001973686246490979
GEN 155 time 1598862944
0.0016176190996958246
0.0012008856005774578
0.0012269760315178986
0.001973686246490979
GEN 156 time 1598862952
0.0016176190996958246
0.0012008856005774578
0.0012269760315178986
0.001973686246490979
GEN 157 time 1598862959
0.0016176190996958246
0.0012008856005774578
0.0012269760315178986
0.001973686246490979
GEN 158 time 1598862967
0.0016176190996958246
0.0012008856005774578
0.0012269760315178986
0.001973686246490979
GEN 159 time 1598862975
0.0016176190996958246
0.0012008856005774578
0.0012269760315178986
0.001973686246490979
GEN 160 time 1598862983
0.0016176190996958246
0.0012008856005774578
0.0012269760315178986
0.001973686246490979
GEN 161 time 1598862991
0.0016176190996958246
0.0012008856005774578
0.0012269760315178986
0.001973686246490979
GEN 162 time 1598862998
0.0016176190996958246
0.0012008856005774578
0.0012269760315178986
0.001973686246490979
GEN 163 time 1598863006
0.0016176190996958246
0.0012008856005774578
0.0012269760315178986
0.001973686246490979
GEN 164 time 1598863013
0.0016176190996958246
0.0012008856005774578
0.0012269760315178986
0.001973686246490979
GEN 165 time 1598863021
0.0016176190996958246
0.0012008856005774578
0.0012269760315178986
0.001973686246490979
GEN 166 time 1598863028
0.0016176190996958246
0.0012008856005774578
0.0012269760315178986
0.001973686246490979
GEN 167 time 1598863036
0.0016176190996958246
0.0012008856005774578
0.0012269760315178986
0.001973686246490979
GEN 168 time 1598863043
0.0016176190996958246
0.0012008856005774578
0.0012269760315178986
0.001973686246490979
GEN 169 time 1598863050
0.0016176190996958246
0.0012008856005774578
0.0012269760315178986
0.001973686246490979
GEN 170 time 1598863058
0.0016176190996958246
0.0012008856005774578
0.0012269760315178986
0.001973686246490979
GEN 171 time 1598863065
0.0016176190996958246
0.0012008856005774578
0.0012269760315178986
0.001973686246490979
GEN 172 time 1598863073
0.0016176190996958246
0.0012008856005774578
0.0012269760315178986
0.001973686246490979
GEN 173 time 1598863081
0.0016176190996958246
0.0012008856005774578
0.0012269760315178986
0.001973686246490979
GEN 174 time 1598863088
0.0016176190996958246
0.0012008856005774578
0.0012269760315178986
0.001973686246490979
GEN 175 time 1598863095
0.0016176190996958246
0.0012008856005774578
0.0012269760315178986
0.001973686246490979
GEN 176 time 1598863103
0.0016176190996958246
0.0012008856005774578
0.0012269760315178986
0.001973686246490979
GEN 177 time 1598863111
0.0016176190996958246
0.0012008856005774578
0.0012269760315178986
0.001973686246490979
GEN 178 time 1598863118
0.0016176190996958246
0.0012008856005774578
0.0012269760315178986
0.001973686246490979
GEN 179 time 1598863126
0.0016176190996958246
0.0012008856005774578
0.0012269760315178986
0.001973686246490979
GEN 180 time 1598863134
0.0016176190996958246
0.0012008856005774578
0.0012269760315178986
0.001973686246490979
GEN 181 time 1598863141
0.0016176190996958246
0.0012008856005774578
0.0012269760315178986
0.001973686246490979
GEN 182 time 1598863149
0.0016176190996958246
0.0012008856005774578
0.0012269760315178986
0.001973686246490979
GEN 183 time 1598863156
0.0016176190996958246
0.0012008856005774578
0.0012269760315178986
0.001973686246490979
GEN 184 time 1598863164
0.0016176190996958246
0.0012008856005774578
0.0012269760315178986
0.001973686246490979
GEN 185 time 1598863171
0.0016176190996958246
0.0012008856005774578
0.0012269760315178986
0.001973686246490979
GEN 186 time 1598863179
0.0016176190996958246
0.0012008856005774578
0.0012269760315178986
0.001973686246490979
GEN 187 time 1598863186
0.0016176190996958246
0.0012008856005774578
0.0012269760315178986
0.001973686246490979
GEN 188 time 1598863194
0.0016176190996958246
0.0012008856005774578
0.0012269760315178986
0.001973686246490979
GEN 189 time 1598863201
0.0016176190996958246
0.0012008856005774578
0.0012269760315178986
0.001973686246490979
GEN 190 time 1598863208
0.0016176190996958246
0.0012008856005774578
0.0012269760315178986
0.001973686246490979
GEN 191 time 1598863216
0.0016176190996958246
0.0012008856005774578
0.0012269760315178986
0.001973686246490979
GEN 192 time 1598863223
0.0016176190996958246
0.0012008856005774578
0.0012269760315178986
0.001973686246490979
GEN 193 time 1598863231
0.0016176190996958246
0.0012008856005774578
0.0012269760315178986
0.001973686246490979
GEN 194 time 1598863238
0.0016176190996958246
0.0012008856005774578
0.0012269760315178986
0.001973686246490979
GEN 195 time 1598863246
0.0016176190996958246
0.0012008856005774578
0.0012269760315178986
0.001973686246490979
GEN 196 time 1598863253
0.0016176190996958246
0.0012008856005774578
0.0012269760315178986
0.001973686246490979
GEN 197 time 1598863261
0.0016176190996958246
0.0012008856005774578
0.0012269760315178986
0.001973686246490979
GEN 198 time 1598863268
0.0016176190996958246
0.0012008856005774578
0.0012269760315178986
0.001973686246490979
GEN 199 time 1598863276
0.0016176190996958246
0.0012008856005774578
0.0012269760315178986
0.001973686246490979
