['./data/small/layer/uu-dem7_r25_1.json', './data/small/layer/uu-dem4_r25_1.json', './data/small/layer/uu-dem7_r50_1.json', './data/small/hop/uu-dem7_r25_1_0.json']
GEN 0 time 1617418845
0.0023368348238357903
0.0015358109921157913
0.0026342167901095624
0.0012059261119687018
GEN 1 time 1617418846
0.0023368348238357903
0.0015358109921157913
0.0026342167901095624
0.0012059261119687018
GEN 2 time 1617418847
0.0023368348238357903
0.0015358109921157913
0.0026342167901095624
0.0012019757834177533
GEN 3 time 1617418848
0.0023368348238357903
0.0015358109921157913
0.0026342167901095624
0.0012019757834177533
GEN 4 time 1617418849
0.0023368348238357903
0.0015358109921157913
0.0026342167901095624
0.001010175329198652
GEN 5 time 1617418850
0.0023368348238357903
0.0014855053265408816
0.0026342167901095624
0.001010175329198652
GEN 6 time 1617418851
0.0023368348238357903
0.0014855053265408816
0.0026342167901095624
0.001010175329198652
GEN 7 time 1617418852
0.0023368348238357903
0.0014855053265408816
0.0026342167901095624
0.001010175329198652
GEN 8 time 1617418853
0.0023368348238357903
0.0014584555404298799
0.0026342167901095624
0.001010175329198652
GEN 9 time 1617418854
0.0023368348238357903
0.0014584555404298799
0.0026342167901095624
0.001009081431016397
GEN 10 time 1617418855
0.0023368348238357903
0.0014584555404298799
0.0026342167901095624
0.001009081431016397
GEN 11 time 1617418855
0.0023368348238357903
0.0014584555404298799
0.0026342167901095624
0.001009081431016397
GEN 12 time 1617418856
0.0023368348238357903
0.0014584555404298799
0.0026342167901095624
0.001009081431016397
GEN 13 time 1617418857
0.0023368348238357903
0.0014584555404298799
0.0026342167901095624
0.001009081431016397
GEN 14 time 1617418858
0.0023368348238357903
0.0014584555404298799
0.0026342167901095624
0.0009944377814092205
GEN 15 time 1617418859
0.0023368348238357903
0.0014584555404298799
0.0026342167901095624
0.0009944377814092205
GEN 16 time 1617418860
0.0023368348238357903
0.0014584555404298799
0.0026342167901095624
0.0009944377814092205
GEN 17 time 1617418861
0.0023368348238357903
0.0014584555404298799
0.0026342167901095624
0.0009944377814092205
GEN 18 time 1617418862
0.0023368348238357903
0.0014584555404298799
0.0026342167901095624
0.0009944377814092205
GEN 19 time 1617418863
0.0023368348238357903
0.0014584555404298799
0.0026342167901095624
0.0009944377814092205
GEN 20 time 1617418864
0.0023368348238357903
0.0014584555404298799
0.0026342167901095624
0.0009944377814092205
GEN 21 time 1617418865
0.0023368348238357903
0.0014584555404298799
0.0026342167901095624
0.0009944377814092205
GEN 22 time 1617418866
0.0023368348238357903
0.0014584555404298799
0.0026342167901095624
0.0009944377814092205
GEN 23 time 1617418867
0.0023368348238357903
0.0014584555404298799
0.0026342167901095624
0.0009944377814092205
GEN 24 time 1617418868
0.0023368348238357903
0.0014584555404298799
0.0026342167901095624
0.0009944377814092205
GEN 25 time 1617418869
0.0023368348238357903
0.0014584555404298799
0.0026342167901095624
0.0008946734344461732
GEN 26 time 1617418870
0.0023368348238357903
0.0014584555404298799
0.0026342167901095624
0.0008941775446616152
GEN 27 time 1617418871
0.0023368348238357903
0.0014584555404298799
0.0026342167901095624
0.0008882783902638058
GEN 28 time 1617418872
0.0023368348238357903
0.0014584555404298799
0.0026342167901095624
0.0008882783902638058
GEN 29 time 1617418873
0.0023368348238357903
0.0014584555404298799
0.0026342167901095624
0.0008882783902638058
GEN 30 time 1617418874
0.0023368348238357903
0.0014584555404298799
0.0026342167901095624
0.0008882783902638058
GEN 31 time 1617418875
0.0023368348238357903
0.0014584555404298799
0.0026342167901095624
0.0008882783902638058
GEN 32 time 1617418876
0.0023368348238357903
0.0014584555404298799
0.0026342167901095624
0.0008882783902638058
GEN 33 time 1617418877
0.0023368348238357903
0.0014584555404298799
0.0026342167901095624
0.0008882783902638058
GEN 34 time 1617418878
0.0023368348238357903
0.0014584555404298799
0.0026342167901095624
0.0008882783902638058
GEN 35 time 1617418879
0.0023368348238357903
0.0014584555404298799
0.0026342167901095624
0.0008882783902638058
GEN 36 time 1617418880
0.0023368348238357903
0.0014584555404298799
0.0026342167901095624
0.0008818244783934455
GEN 37 time 1617418881
0.0023368348238357903
0.0014584555404298799
0.0026342167901095624
0.0008818244783934455
GEN 38 time 1617418882
0.0023368348238357903
0.0014584555404298799
0.0026342167901095624
0.0008818244783934455
GEN 39 time 1617418883
0.0023368348238357903
0.0014584555404298799
0.0026342167901095624
0.0008818244783934455
GEN 40 time 1617418884
0.0023368348238357903
0.0014584555404298799
0.0026342167901095624
0.0008818244783934455
GEN 41 time 1617418885
0.0023368348238357903
0.0014584555404298799
0.0026342167901095624
0.0008818244783934455
GEN 42 time 1617418886
0.0023368348238357903
0.0014584555404298799
0.0026342167901095624
0.0008818244783934455
GEN 43 time 1617418887
0.0023368348238357903
0.0014584555404298799
0.0026342167901095624
0.0008818244783934455
GEN 44 time 1617418888
0.0023368348238357903
0.0014584555404298799
0.0026342167901095624
0.0008818244783934455
GEN 45 time 1617418889
0.0023368348238357903
0.0014584555404298799
0.0026342167901095624
0.0008818244783934455
GEN 46 time 1617418890
0.0023368348238357903
0.0014584555404298799
0.0026342167901095624
0.0008818244783934455
GEN 47 time 1617418891
0.0023368348238357903
0.0014584555404298799
0.0026342167901095624
0.0008818244783934455
GEN 48 time 1617418892
0.0023368348238357903
0.0014584555404298799
0.0026342167901095624
0.0008818244783934455
GEN 49 time 1617418893
0.0023368348238357903
0.0014584555404298799
0.0026342167901095624
0.0008818244783934455
GEN 50 time 1617418894
0.0023368348238357903
0.0014584555404298799
0.0026342167901095624
0.0008818244783934455
GEN 51 time 1617418895
0.0023368348238357903
0.0014584555404298799
0.0026342167901095624
0.0008818244783934455
GEN 52 time 1617418896
0.0023368348238357903
0.0014584555404298799
0.0026342167901095624
0.0008818244783934455
GEN 53 time 1617418897
0.0023368348238357903
0.0014584555404298799
0.0026342167901095624
0.0008818244783934455
GEN 54 time 1617418898
0.0023368348238357903
0.0014584555404298799
0.0026342167901095624
0.0008716979445106429
GEN 55 time 1617418899
0.0023368348238357903
0.0014584555404298799
0.0026342167901095624
0.0008716979445106429
GEN 56 time 1617418900
0.0023368348238357903
0.0014584555404298799
0.0026342167901095624
0.0008716979445106429
GEN 57 time 1617418901
0.0023368348238357903
0.0014584555404298799
0.0026342167901095624
0.0008716979445106429
GEN 58 time 1617418902
0.0023368348238357903
0.0014584555404298799
0.0026342167901095624
0.0008716979445106429
GEN 59 time 1617418903
0.0023368348238357903
0.0014584555404298799
0.0026342167901095624
0.0008716979445106429
GEN 60 time 1617418904
0.0023368348238357903
0.0014584555404298799
0.0026342167901095624
0.0008716979445106429
GEN 61 time 1617418905
0.0023368348238357903
0.0014584555404298799
0.0026342167901095624
0.0008716979445106429
GEN 62 time 1617418906
0.0023368348238357903
0.0014584555404298799
0.0026342167901095624
0.0008716979445106429
GEN 63 time 1617418907
0.0023368348238357903
0.0014584555404298799
0.0026342167901095624
0.0008716979445106429
GEN 64 time 1617418908
0.0023368348238357903
0.0014584555404298799
0.0026342167901095624
0.0008716979445106429
GEN 65 time 1617418909
0.0023368348238357903
0.0014584555404298799
0.0026342167901095624
0.0008716979445106429
GEN 66 time 1617418910
0.0023368348238357903
0.0014584555404298799
0.0026342167901095624
0.0008716979445106429
GEN 67 time 1617418911
0.0023368348238357903
0.0014584555404298799
0.0026342167901095624
0.0008716979445106429
GEN 68 time 1617418912
0.0023368348238357903
0.0014584555404298799
0.0026342167901095624
0.0008716979445106429
GEN 69 time 1617418913
0.0023368348238357903
0.0014584555404298799
0.0026342167901095624
0.0008716979445106429
GEN 70 time 1617418914
0.0023368348238357903
0.0014584555404298799
0.0026342167901095624
0.0008716979445106429
GEN 71 time 1617418915
0.0023368348238357903
0.0014584555404298799
0.0026342167901095624
0.0008716979445106429
GEN 72 time 1617418916
0.0023368348238357903
0.0014584555404298799
0.0026342167901095624
0.0008716979445106429
GEN 73 time 1617418917
0.0023368348238357903
0.0014584555404298799
0.0026342167901095624
0.0008716979445106429
GEN 74 time 1617418918
0.0023368348238357903
0.0014584555404298799
0.0026342167901095624
0.0008716979445106429
GEN 75 time 1617418919
0.0023368348238357903
0.0014584555404298799
0.0026342167901095624
0.0008716979445106429
GEN 76 time 1617418919
0.0023368348238357903
0.0014584555404298799
0.0026342167901095624
0.0008716979445106429
GEN 77 time 1617418920
0.0023368348238357903
0.0014584555404298799
0.0026342167901095624
0.0008716979445106429
GEN 78 time 1617418921
0.0023368348238357903
0.0014584555404298799
0.0026342167901095624
0.0008716979445106429
GEN 79 time 1617418922
0.0023368348238357903
0.0014584555404298799
0.0026342167901095624
0.0008645549652180115
GEN 80 time 1617418923
0.0023368348238357903
0.0014584555404298799
0.0026342167901095624
0.0008645549652180115
GEN 81 time 1617418924
0.0023368348238357903
0.0014584555404298799
0.0026342167901095624
0.0008645549652180115
GEN 82 time 1617418925
0.0023368348238357903
0.0014584555404298799
0.0026342167901095624
0.0008645549652180115
GEN 83 time 1617418926
0.0023368348238357903
0.0014584555404298799
0.0026342167901095624
0.0008645549652180115
GEN 84 time 1617418927
0.0023368348238357903
0.0014584555404298799
0.0026342167901095624
0.0008645549652180115
GEN 85 time 1617418928
0.0023368348238357903
0.0014584555404298799
0.0026342167901095624
0.0008645549652180115
GEN 86 time 1617418929
0.0023368348238357903
0.0014584555404298799
0.0026342167901095624
0.0008645549652180115
GEN 87 time 1617418930
0.0023368348238357903
0.0014584555404298799
0.0026342167901095624
0.0008645549652180115
GEN 88 time 1617418931
0.0023368348238357903
0.0014584555404298799
0.0026342167901095624
0.0008645549652180115
GEN 89 time 1617418932
0.0023368348238357903
0.0014584555404298799
0.0026342167901095624
0.0008645549652180115
GEN 90 time 1617418933
0.0023368348238357903
0.0014584555404298799
0.0026342167901095624
0.0008645549652180115
GEN 91 time 1617418934
0.0023368348238357903
0.0014584555404298799
0.0026342167901095624
0.0008645549652180115
GEN 92 time 1617418935
0.0023368348238357903
0.0014584555404298799
0.0026342167901095624
0.0008645549652180115
GEN 93 time 1617418936
0.0023368348238357903
0.0014584555404298799
0.0026342167901095624
0.0008645549652180115
GEN 94 time 1617418937
0.0023368348238357903
0.0014584555404298799
0.0026342167901095624
0.0008645549652180115
GEN 95 time 1617418938
0.0023368348238357903
0.0014584555404298799
0.0026342167901095624
0.0008645549652180115
GEN 96 time 1617418939
0.0023368348238357903
0.0014584555404298799
0.0026342167901095624
0.0008645549652180115
GEN 97 time 1617418940
0.0023368348238357903
0.0014584555404298799
0.0026342167901095624
0.0008645549652180115
GEN 98 time 1617418941
0.0023368348238357903
0.0014584555404298799
0.0026342167901095624
0.0008645549652180115
GEN 99 time 1617418942
0.0023368348238357903
0.0014584555404298799
0.0026342167901095624
0.0008645549652180115
GEN 100 time 1617418943
0.0023368348238357903
0.0014584555404298799
0.0026342167901095624
0.0008645549652180115
GEN 101 time 1617418944
0.0023368348238357903
0.0014584555404298799
0.0026342167901095624
0.0008645549652180115
GEN 102 time 1617418945
0.0023368348238357903
0.0014584555404298799
0.0026342167901095624
0.0008645549652180115
GEN 103 time 1617418946
0.0023368348238357903
0.0014584555404298799
0.0026342167901095624
0.0008645549652180115
GEN 104 time 1617418947
0.0023368348238357903
0.0014584555404298799
0.0026342167901095624
0.0008645549652180115
GEN 105 time 1617418948
0.0023368348238357903
0.0014584555404298799
0.0026342167901095624
0.0008645549652180115
GEN 106 time 1617418949
0.0023368348238357903
0.0014584555404298799
0.0026342167901095624
0.0008645549652180115
GEN 107 time 1617418950
0.0023368348238357903
0.0014584555404298799
0.0026342167901095624
0.0008645549652180115
GEN 108 time 1617418951
0.0023368348238357903
0.0014584555404298799
0.0026342167901095624
0.0008645549652180115
GEN 109 time 1617418952
0.0023368348238357903
0.0014584555404298799
0.0026342167901095624
0.0008645549652180115
GEN 110 time 1617418953
0.0023368348238357903
0.0014584555404298799
0.0026342167901095624
0.0008645549652180115
GEN 111 time 1617418954
0.0023368348238357903
0.0014584555404298799
0.0026342167901095624
0.0008645549652180115
GEN 112 time 1617418955
0.0023368348238357903
0.0014584555404298799
0.0026342167901095624
0.0008645549652180115
GEN 113 time 1617418956
0.0023368348238357903
0.0014584555404298799
0.0026342167901095624
0.0008645549652180115
GEN 114 time 1617418957
0.0023368348238357903
0.0014584555404298799
0.0026342167901095624
0.0008645549652180115
GEN 115 time 1617418957
0.0023368348238357903
0.0014584555404298799
0.0026342167901095624
0.0008645549652180115
GEN 116 time 1617418958
0.0023368348238357903
0.0014584555404298799
0.0026342167901095624
0.0008645549652180115
GEN 117 time 1617418959
0.0023368348238357903
0.0014584555404298799
0.0026342167901095624
0.0008645549652180115
GEN 118 time 1617418960
0.0023368348238357903
0.0014584555404298799
0.0026342167901095624
0.0008645549652180115
GEN 119 time 1617418961
0.0023368348238357903
0.0014584555404298799
0.0026342167901095624
0.0008645549652180115
GEN 120 time 1617418962
0.0023368348238357903
0.0014584555404298799
0.0026342167901095624
0.000852431895777189
GEN 121 time 1617418963
0.0023368348238357903
0.0014584555404298799
0.0026342167901095624
0.000852431895777189
GEN 122 time 1617418964
0.0023368348238357903
0.0014584555404298799
0.0026342167901095624
0.000852431895777189
GEN 123 time 1617418965
0.0023368348238357903
0.0014584555404298799
0.0026342167901095624
0.000852431895777189
GEN 124 time 1617418966
0.0023368348238357903
0.0014584555404298799
0.0026342167901095624
0.000852431895777189
GEN 125 time 1617418967
0.0023368348238357903
0.0014584555404298799
0.0026342167901095624
0.000852431895777189
GEN 126 time 1617418968
0.0023368348238357903
0.0014584555404298799
0.0026342167901095624
0.000852431895777189
GEN 127 time 1617418969
0.0023368348238357903
0.0014584555404298799
0.0026342167901095624
0.000852431895777189
GEN 128 time 1617418970
0.0023368348238357903
0.0014584555404298799
0.0026342167901095624
0.000852431895777189
GEN 129 time 1617418971
0.0023368348238357903
0.0014584555404298799
0.0026342167901095624
0.000852431895777189
GEN 130 time 1617418972
0.0023368348238357903
0.0014584555404298799
0.0026342167901095624
0.000852431895777189
GEN 131 time 1617418973
0.0023368348238357903
0.0014584555404298799
0.0026342167901095624
0.000852431895777189
GEN 132 time 1617418974
0.0023368348238357903
0.0014584555404298799
0.0026342167901095624
0.000852431895777189
GEN 133 time 1617418975
0.0023368348238357903
0.0014584555404298799
0.0026342167901095624
0.000852431895777189
GEN 134 time 1617418976
0.0023368348238357903
0.0014584555404298799
0.0026342167901095624
0.000852431895777189
GEN 135 time 1617418977
0.0023368348238357903
0.0014584555404298799
0.0026342167901095624
0.000852431895777189
GEN 136 time 1617418978
0.0023368348238357903
0.0014584555404298799
0.0026342167901095624
0.000852431895777189
GEN 137 time 1617418979
0.0023368348238357903
0.0014584555404298799
0.0026342167901095624
0.000852431895777189
GEN 138 time 1617418980
0.0023368348238357903
0.0014584555404298799
0.0026342167901095624
0.000852431895777189
GEN 139 time 1617418981
0.0023368348238357903
0.0014584555404298799
0.0026342167901095624
0.0008470212066217369
GEN 140 time 1617418982
0.0023368348238357903
0.0014584555404298799
0.0026342167901095624
0.0008470212066217369
GEN 141 time 1617418983
0.0023368348238357903
0.0014584555404298799
0.0026342167901095624
0.0008470212066217369
GEN 142 time 1617418984
0.0023368348238357903
0.0014584555404298799
0.0026342167901095624
0.0008470212066217369
GEN 143 time 1617418985
0.0023368348238357903
0.0014584555404298799
0.0026342167901095624
0.0008470212066217369
GEN 144 time 1617418986
0.0023368348238357903
0.0014584555404298799
0.0026342167901095624
0.0008470212066217369
GEN 145 time 1617418987
0.0023368348238357903
0.0014584555404298799
0.0026342167901095624
0.0008470212066217369
GEN 146 time 1617418988
0.0023368348238357903
0.0014584555404298799
0.0026342167901095624
0.0008470212066217369
GEN 147 time 1617418989
0.0023368348238357903
0.0014584555404298799
0.0026342167901095624
0.0008470212066217369
GEN 148 time 1617418990
0.0023368348238357903
0.0014584555404298799
0.0026342167901095624
0.0008470212066217369
GEN 149 time 1617418991
0.0023368348238357903
0.0014584555404298799
0.0026342167901095624
0.0008470212066217369
GEN 150 time 1617418992
0.0023368348238357903
0.0014584555404298799
0.0026342167901095624
0.0008470212066217369
GEN 151 time 1617418993
0.0023368348238357903
0.0014584555404298799
0.0026342167901095624
0.0008470212066217369
GEN 152 time 1617418994
0.0023368348238357903
0.0014584555404298799
0.0026342167901095624
0.0008470212066217369
GEN 153 time 1617418995
0.0023368348238357903
0.0014584555404298799
0.0026342167901095624
0.0008470212066217369
GEN 154 time 1617418996
0.0023368348238357903
0.0014584555404298799
0.0026342167901095624
0.0008470212066217369
GEN 155 time 1617418997
0.0023368348238357903
0.0014584555404298799
0.0026342167901095624
0.0008470212066217369
GEN 156 time 1617418998
0.0023368348238357903
0.0014584555404298799
0.0026342167901095624
0.0008470212066217369
GEN 157 time 1617418999
0.0023368348238357903
0.0014584555404298799
0.0026342167901095624
0.0008470212066217369
GEN 158 time 1617418999
0.0023368348238357903
0.0014584555404298799
0.0026342167901095624
0.0008470212066217369
GEN 159 time 1617419000
0.0023368348238357903
0.0014584555404298799
0.0026342167901095624
0.0008470212066217369
GEN 160 time 1617419001
0.0023368348238357903
0.0014584555404298799
0.0026342167901095624
0.0008470212066217369
GEN 161 time 1617419002
0.0023368348238357903
0.0014584555404298799
0.0026342167901095624
0.0008470212066217369
GEN 162 time 1617419003
0.0023368348238357903
0.0014584555404298799
0.0026342167901095624
0.0008470212066217369
GEN 163 time 1617419004
0.0023368348238357903
0.0014584555404298799
0.0026342167901095624
0.0008470212066217369
GEN 164 time 1617419005
0.0023368348238357903
0.0014584555404298799
0.0026342167901095624
0.0008470212066217369
GEN 165 time 1617419006
0.0023368348238357903
0.0014584555404298799
0.0026342167901095624
0.0008470212066217369
GEN 166 time 1617419007
0.0023368348238357903
0.0014584555404298799
0.0026342167901095624
0.0008470212066217369
GEN 167 time 1617419008
0.0023368348238357903
0.0014584555404298799
0.0026342167901095624
0.0008470212066217369
GEN 168 time 1617419009
0.0023368348238357903
0.0014584555404298799
0.0026342167901095624
0.0008470212066217369
GEN 169 time 1617419010
0.0023368348238357903
0.0014584555404298799
0.0026342167901095624
0.0008470212066217369
GEN 170 time 1617419011
0.0023368348238357903
0.0014584555404298799
0.0026342167901095624
0.0008470212066217369
GEN 171 time 1617419012
0.0023368348238357903
0.0014584555404298799
0.0026342167901095624
0.0008470212066217369
GEN 172 time 1617419013
0.0023368348238357903
0.0014584555404298799
0.0026342167901095624
0.0008470212066217369
GEN 173 time 1617419014
0.0023368348238357903
0.0014584555404298799
0.0026342167901095624
0.0008470212066217369
GEN 174 time 1617419015
0.0023368348238357903
0.0014584555404298799
0.0026342167901095624
0.0008470212066217369
GEN 175 time 1617419016
0.0023368348238357903
0.0014584555404298799
0.0026342167901095624
0.0008470212066217369
GEN 176 time 1617419017
0.0023368348238357903
0.0014584555404298799
0.0026342167901095624
0.0008470212066217369
GEN 177 time 1617419018
0.0023368348238357903
0.0014584555404298799
0.0026342167901095624
0.0008470212066217369
GEN 178 time 1617419019
0.0023368348238357903
0.0014584555404298799
0.0026342167901095624
0.0008470212066217369
GEN 179 time 1617419020
0.0023368348238357903
0.0014584555404298799
0.0026342167901095624
0.0008470212066217369
GEN 180 time 1617419021
0.0023368348238357903
0.0014584555404298799
0.0026342167901095624
0.0008470212066217369
GEN 181 time 1617419022
0.0023368348238357903
0.0014584555404298799
0.0026342167901095624
0.0008470212066217369
GEN 182 time 1617419023
0.0023368348238357903
0.0014584555404298799
0.0026342167901095624
0.0008470212066217369
GEN 183 time 1617419024
0.0023368348238357903
0.0014584555404298799
0.0026342167901095624
0.0008470212066217369
GEN 184 time 1617419025
0.0023368348238357903
0.0014584555404298799
0.0026342167901095624
0.0008470212066217369
GEN 185 time 1617419026
0.0023368348238357903
0.0014584555404298799
0.0026342167901095624
0.0008470212066217369
GEN 186 time 1617419027
0.0023368348238357903
0.0014584555404298799
0.0026342167901095624
0.0008470212066217369
GEN 187 time 1617419028
0.0023368348238357903
0.0014584555404298799
0.0026342167901095624
0.0008470212066217369
GEN 188 time 1617419029
0.0023368348238357903
0.0014584555404298799
0.0026342167901095624
0.0008470212066217369
GEN 189 time 1617419030
0.0023368348238357903
0.0014584555404298799
0.0026342167901095624
0.0008470212066217369
GEN 190 time 1617419031
0.0023368348238357903
0.0014584555404298799
0.0026342167901095624
0.0008470212066217369
GEN 191 time 1617419032
0.0023368348238357903
0.0014584555404298799
0.0026342167901095624
0.0008470212066217369
GEN 192 time 1617419033
0.0023368348238357903
0.0014584555404298799
0.0026342167901095624
0.0008470212066217369
GEN 193 time 1617419034
0.0023368348238357903
0.0014584555404298799
0.0026342167901095624
0.0008470212066217369
GEN 194 time 1617419035
0.0023368348238357903
0.0014584555404298799
0.0026342167901095624
0.0008470212066217369
GEN 195 time 1617419036
0.0023368348238357903
0.0014584555404298799
0.0026342167901095624
0.0008470212066217369
GEN 196 time 1617419037
0.0023368348238357903
0.0014584555404298799
0.0026342167901095624
0.0008470212066217369
GEN 197 time 1617419038
0.0023368348238357903
0.0014584555404298799
0.0026342167901095624
0.0008470212066217369
GEN 198 time 1617419039
0.0023368348238357903
0.0014584555404298799
0.0026342167901095624
0.0008470212066217369
GEN 199 time 1617419040
0.0023368348238357903
0.0014584555404298799
0.0026342167901095624
0.0008470212066217369
