['./data/small/layer/uu-dem6_r25_1.json', './data/small/layer/uu-dem10_r25_1.json', './data/small/layer/uu-dem8_r25_1.json', './data/small/hop/uu-dem5_r25_1_0.json']
GEN 0 time 1599160113
0.001596963160098174
0.0028266157675943962
0.0019331241698611365
0.0021305033293745057
GEN 1 time 1599160114
0.001596963160098174
0.0028266157675943962
0.0019331241698611365
0.0021305033293745057
GEN 2 time 1599160116
0.001596963160098174
0.0026219592056800326
0.0019331241698611365
0.0021305033293745057
GEN 3 time 1599160117
0.001596963160098174
0.002405772125150871
0.0019331241698611365
0.0021305033293745057
GEN 4 time 1599160119
0.001596963160098174
0.002029010410062038
0.0019331241698611365
0.0021305033293745057
GEN 5 time 1599160121
0.001596963160098174
0.0018122043816207161
0.0019331241698611365
0.0021305033293745057
GEN 6 time 1599160124
0.001596963160098174
0.0018122043816207161
0.0019331241698611365
0.0021305033293745057
GEN 7 time 1599160126
0.001596963160098174
0.0018122043816207161
0.0019331241698611365
0.0021305033293745057
GEN 8 time 1599160129
0.001596963160098174
0.0018122043816207161
0.0019331241698611365
0.0021305033293745057
GEN 9 time 1599160132
0.001596963160098174
0.0018122043816207161
0.0019331241698611365
0.0021305033293745057
GEN 10 time 1599160135
0.001596963160098174
0.0018122043816207161
0.0019331241698611365
0.0021305033293745057
GEN 11 time 1599160138
0.001596963160098174
0.0018122043816207161
0.0019331241698611365
0.0021305033293745057
GEN 12 time 1599160141
0.001596963160098174
0.0018122043816207161
0.0019331241698611365
0.0021305033293745057
GEN 13 time 1599160144
0.001596963160098174
0.0018122043816207161
0.0019331241698611365
0.0021305033293745057
GEN 14 time 1599160147
0.001596963160098174
0.0018122043816207161
0.0019331241698611365
0.0021305033293745057
GEN 15 time 1599160150
0.001596963160098174
0.0018122043816207161
0.0019331241698611365
0.0021305033293745057
GEN 16 time 1599160153
0.001596963160098174
0.0018122043816207161
0.0019331241698611365
0.0020364809495579768
GEN 17 time 1599160156
0.001596963160098174
0.0018122043816207161
0.0019331241698611365
0.0020364809495579768
GEN 18 time 1599160159
0.001596963160098174
0.0018122043816207161
0.0019331241698611365
0.0020364809495579768
GEN 19 time 1599160162
0.001596963160098174
0.0018122043816207161
0.0019331241698611365
0.0020364809495579768
GEN 20 time 1599160165
0.001596963160098174
0.0018122043816207161
0.0019331241698611365
0.0020364809495579768
GEN 21 time 1599160168
0.001596963160098174
0.0018122043816207161
0.0019331241698611365
0.0020364809495579768
GEN 22 time 1599160171
0.001596963160098174
0.0018122043816207161
0.0019331241698611365
0.0020364809495579768
GEN 23 time 1599160174
0.001596963160098174
0.0018122043816207161
0.0019331241698611365
0.0020364809495579768
GEN 24 time 1599160177
0.001596963160098174
0.001415016387548214
0.0019331241698611365
0.0020364809495579768
GEN 25 time 1599160180
0.001596963160098174
0.001415016387548214
0.0019331241698611365
0.0020364809495579768
GEN 26 time 1599160183
0.001596963160098174
0.001415016387548214
0.0019331241698611365
0.0020364809495579768
GEN 27 time 1599160186
0.001596963160098174
0.001415016387548214
0.0019331241698611365
0.0018364609495579768
GEN 28 time 1599160189
0.001596963160098174
0.001415016387548214
0.0019331241698611365
0.0018364609495579768
GEN 29 time 1599160193
0.001596963160098174
0.001415016387548214
0.0019331241698611365
0.0018364609495579768
GEN 30 time 1599160196
0.001596963160098174
0.001415016387548214
0.0019331241698611365
0.0018364609495579768
GEN 31 time 1599160199
0.001596963160098174
0.001415016387548214
0.0019331241698611365
0.0018364609495579768
GEN 32 time 1599160203
0.001596963160098174
0.001415016387548214
0.0019331241698611365
0.0018364609495579768
GEN 33 time 1599160206
0.001596963160098174
0.001415016387548214
0.0019331241698611365
0.0018364609495579768
GEN 34 time 1599160210
0.001596963160098174
0.001415016387548214
0.0019331241698611365
0.0018364609495579768
GEN 35 time 1599160213
0.001596963160098174
0.001415016387548214
0.0019331241698611365
0.0018364609495579768
GEN 36 time 1599160216
0.001596963160098174
0.001415016387548214
0.0019331241698611365
0.0018364609495579768
GEN 37 time 1599160220
0.001596963160098174
0.001415016387548214
0.0019331241698611365
0.0018364609495579768
GEN 38 time 1599160223
0.001596963160098174
0.001415016387548214
0.0019331241698611365
0.0018364609495579768
GEN 39 time 1599160227
0.001596963160098174
0.001415016387548214
0.0019331241698611365
0.0018364609495579768
GEN 40 time 1599160230
0.001596963160098174
0.001415016387548214
0.0019331241698611365
0.0018364609495579768
GEN 41 time 1599160234
0.001596963160098174
0.001401048545972066
0.0019331241698611365
0.0018364609495579768
GEN 42 time 1599160237
0.001596963160098174
0.001401048545972066
0.0019331241698611365
0.0018364609495579768
GEN 43 time 1599160240
0.001596963160098174
0.001401048545972066
0.0019331241698611365
0.0018364609495579768
GEN 44 time 1599160244
0.001596963160098174
0.001401048545972066
0.0019331241698611365
0.0018364609495579768
GEN 45 time 1599160247
0.001596963160098174
0.0014010463019446075
0.0019331241698611365
0.0018364609495579768
GEN 46 time 1599160251
0.001596963160098174
0.0014010463019446075
0.0019331241698611365
0.0018364609495579768
GEN 47 time 1599160255
0.001596963160098174
0.0014010463019446075
0.0019331241698611365
0.0018364609495579768
GEN 48 time 1599160258
0.001596963160098174
0.0014010463019446075
0.0019331241698611365
0.0018364609495579768
GEN 49 time 1599160262
0.001596963160098174
0.0014010463019446075
0.0019331241698611365
0.0018364609495579768
GEN 50 time 1599160265
0.001596963160098174
0.0014010463019446075
0.0019331241698611365
0.0018364609495579768
GEN 51 time 1599160269
0.001596963160098174
0.0014010463019446075
0.0019331241698611365
0.0018364609495579768
GEN 52 time 1599160272
0.001596963160098174
0.0014010463019446075
0.0019331241698611365
0.0018364609495579768
GEN 53 time 1599160276
0.001596963160098174
0.0014010463019446075
0.0019331241698611365
0.0018364609495579768
GEN 54 time 1599160279
0.001596963160098174
0.0014010463019446075
0.0019331241698611365
0.0018364609495579768
GEN 55 time 1599160283
0.001596963160098174
0.0014010463019446075
0.0019331241698611365
0.0018364609495579768
GEN 56 time 1599160287
0.001596963160098174
0.0014010463019446075
0.0019331241698611365
0.0018364609495579768
GEN 57 time 1599160290
0.001596963160098174
0.0014010463019446075
0.0019331241698611365
0.0018364609495579768
GEN 58 time 1599160294
0.001596963160098174
0.0014010463019446075
0.0019331241698611365
0.0018364609495579768
GEN 59 time 1599160298
0.001596963160098174
0.0014010463019446075
0.0019331241698611365
0.0018364609495579768
GEN 60 time 1599160301
0.001596963160098174
0.0014010463019446075
0.0019331241698611365
0.0018364609495579768
GEN 61 time 1599160305
0.001596963160098174
0.0014010463019446075
0.0019331241698611365
0.0018364609495579768
GEN 62 time 1599160308
0.001596963160098174
0.0014010463019446075
0.0019331241698611365
0.0018364609495579768
GEN 63 time 1599160312
0.001596963160098174
0.0014010463019446075
0.0019331241698611365
0.0018364609495579768
GEN 64 time 1599160316
0.001596963160098174
0.0014010463019446075
0.0019331241698611365
0.0018364609495579768
GEN 65 time 1599160319
0.001596963160098174
0.0014010463019446075
0.0019331241698611365
0.0018364609495579768
GEN 66 time 1599160323
0.001596963160098174
0.0014010463019446075
0.0019331241698611365
0.0018364609495579768
GEN 67 time 1599160327
0.001596963160098174
0.0014010463019446075
0.0019331241698611365
0.0018364609495579768
GEN 68 time 1599160330
0.001596963160098174
0.0014010463019446075
0.0019331241698611365
0.0018364609495579768
GEN 69 time 1599160334
0.001596963160098174
0.0014010463019446075
0.0019331241698611365
0.0018364609495579768
GEN 70 time 1599160338
0.001596963160098174
0.0014010463019446075
0.0019331241698611365
0.0018364609495579768
GEN 71 time 1599160341
0.001596963160098174
0.0014010463019446075
0.0019331241698611365
0.0018364609495579768
GEN 72 time 1599160345
0.001596963160098174
0.0014010463019446075
0.0019331241698611365
0.0018364609495579768
GEN 73 time 1599160349
0.001596963160098174
0.0014010463019446075
0.0019331241698611365
0.0018364609495579768
GEN 74 time 1599160353
0.001596963160098174
0.0014010463019446075
0.0019331241698611365
0.0018364609495579768
GEN 75 time 1599160357
0.001596963160098174
0.0014010463019446075
0.0019331241698611365
0.0018364609495579768
GEN 76 time 1599160361
0.001596963160098174
0.0014010463019446075
0.0019331241698611365
0.0018364609495579768
GEN 77 time 1599160365
0.001596963160098174
0.0014010463019446075
0.0019331241698611365
0.0018364609495579768
GEN 78 time 1599160369
0.001596963160098174
0.0014010463019446075
0.0019331241698611365
0.0018364609495579768
GEN 79 time 1599160374
0.001596963160098174
0.0014010463019446075
0.0019331241698611365
0.0018364609495579768
GEN 80 time 1599160378
0.001596963160098174
0.0014010463019446075
0.0019331241698611365
0.0018364609495579768
GEN 81 time 1599160382
0.001596963160098174
0.0014010463019446075
0.0019331241698611365
0.0018364609495579768
GEN 82 time 1599160386
0.001596963160098174
0.0014010463019446075
0.0019331241698611365
0.0018364609495579768
GEN 83 time 1599160390
0.001596963160098174
0.0014010463019446075
0.0019331241698611365
0.0018364609495579768
GEN 84 time 1599160394
0.001596963160098174
0.0014010463019446075
0.0019331241698611365
0.0018364609495579768
GEN 85 time 1599160398
0.001596963160098174
0.0014010463019446075
0.0019331241698611365
0.0018364609495579768
GEN 86 time 1599160401
0.001596963160098174
0.0014010463019446075
0.0019331241698611365
0.0018364609495579768
GEN 87 time 1599160405
0.001596963160098174
0.0014010463019446075
0.0019331241698611365
0.0018364609495579768
GEN 88 time 1599160409
0.001596963160098174
0.0014010463019446075
0.0019331241698611365
0.0018364609495579768
GEN 89 time 1599160413
0.001596963160098174
0.0014010463019446075
0.0019331241698611365
0.0018364609495579768
GEN 90 time 1599160417
0.001596963160098174
0.0014010463019446075
0.0019331241698611365
0.0018364609495579768
GEN 91 time 1599160421
0.001596963160098174
0.0014010463019446075
0.0019331241698611365
0.0018364609495579768
GEN 92 time 1599160424
0.001596963160098174
0.0014010463019446075
0.0019331241698611365
0.0018364609495579768
GEN 93 time 1599160428
0.001596963160098174
0.0014010463019446075
0.0019331241698611365
0.0018364609495579768
GEN 94 time 1599160432
0.001596963160098174
0.0014010463019446075
0.0019331241698611365
0.0018364609495579768
GEN 95 time 1599160436
0.001596963160098174
0.0014010463019446075
0.0019331241698611365
0.0018364609495579768
GEN 96 time 1599160439
0.001596963160098174
0.0014010463019446075
0.0019331241698611365
0.0018364609495579768
GEN 97 time 1599160443
0.001596963160098174
0.0014010463019446075
0.0019331241698611365
0.0018364609495579768
GEN 98 time 1599160447
0.001596963160098174
0.0014010463019446075
0.0019331241698611365
0.0018364609495579768
GEN 99 time 1599160451
0.001596963160098174
0.0014010463019446075
0.0019331241698611365
0.0018364609495579768
GEN 100 time 1599160455
0.001596963160098174
0.0014010463019446075
0.0019331241698611365
0.0018364609495579768
GEN 101 time 1599160459
0.001596963160098174
0.0014010463019446075
0.0019331241698611365
0.0018364609495579768
GEN 102 time 1599160462
0.001596963160098174
0.0014010463019446075
0.0019331241698611365
0.0018364609495579768
GEN 103 time 1599160466
0.001596963160098174
0.0014010463019446075
0.0019331241698611365
0.0018364609495579768
GEN 104 time 1599160470
0.001596963160098174
0.0014010463019446075
0.0019331241698611365
0.0018364609495579768
GEN 105 time 1599160473
0.001596963160098174
0.0014010463019446075
0.0019331241698611365
0.0018364609495579768
GEN 106 time 1599160478
0.001596963160098174
0.0014010463019446075
0.0019331241698611365
0.0018364609495579768
GEN 107 time 1599160481
0.001596963160098174
0.0014010463019446075
0.0019331241698611365
0.0018364609495579768
GEN 108 time 1599160485
0.001596963160098174
0.0014010463019446075
0.0019331241698611365
0.0018364609495579768
GEN 109 time 1599160489
0.001596963160098174
0.0014010463019446075
0.0019331241698611365
0.0018364609495579768
GEN 110 time 1599160493
0.001596963160098174
0.0014010463019446075
0.0019331241698611365
0.0018364609495579768
GEN 111 time 1599160496
0.001596963160098174
0.0014010463019446075
0.0019331241698611365
0.0018364609495579768
GEN 112 time 1599160500
0.001596963160098174
0.0014010463019446075
0.0019331241698611365
0.0018364609495579768
GEN 113 time 1599160504
0.001596963160098174
0.0014010463019446075
0.0019331241698611365
0.0018364609495579768
GEN 114 time 1599160508
0.001596963160098174
0.0014010463019446075
0.0019331241698611365
0.0018364609495579768
GEN 115 time 1599160512
0.001596963160098174
0.0014010463019446075
0.0019331241698611365
0.0018364609495579768
GEN 116 time 1599160516
0.001596963160098174
0.0014010463019446075
0.0019331241698611365
0.0018364609495579768
GEN 117 time 1599160520
0.001596963160098174
0.0014010463019446075
0.0019331241698611365
0.0018364609495579768
GEN 118 time 1599160523
0.001596963160098174
0.0014010463019446075
0.0019331241698611365
0.0018364609495579768
GEN 119 time 1599160528
0.001596963160098174
0.0014010463019446075
0.0019331241698611365
0.0018364609495579768
GEN 120 time 1599160532
0.001596963160098174
0.0014010463019446075
0.0019331241698611365
0.0018364609495579768
GEN 121 time 1599160536
0.001596963160098174
0.0014010463019446075
0.0019331241698611365
0.0018364609495579768
GEN 122 time 1599160540
0.001596963160098174
0.0014010463019446075
0.0019331241698611365
0.0018364609495579768
GEN 123 time 1599160544
0.001596963160098174
0.0014010463019446075
0.0019331241698611365
0.0018364609495579768
GEN 124 time 1599160549
0.001596963160098174
0.0014010463019446075
0.0019331241698611365
0.0018364609495579768
GEN 125 time 1599160552
0.001596963160098174
0.0014010463019446075
0.0019331241698611365
0.0018364609495579768
GEN 126 time 1599160556
0.001596963160098174
0.0014010463019446075
0.0019331241698611365
0.0018364609495579768
GEN 127 time 1599160560
0.001596963160098174
0.0014010463019446075
0.0019331241698611365
0.0018364609495579768
GEN 128 time 1599160564
0.001596963160098174
0.0014010463019446075
0.0019331241698611365
0.0018364609495579768
GEN 129 time 1599160568
0.001596963160098174
0.0014010463019446075
0.0019331241698611365
0.0018364609495579768
GEN 130 time 1599160572
0.001596963160098174
0.0014010463019446075
0.0019331241698611365
0.0018364609495579768
GEN 131 time 1599160576
0.001596963160098174
0.0014010463019446075
0.0019331241698611365
0.0018364609495579768
GEN 132 time 1599160579
0.001596963160098174
0.0014010463019446075
0.0019331241698611365
0.0018364609495579768
GEN 133 time 1599160583
0.001596963160098174
0.0014010463019446075
0.0019331241698611365
0.0018364609495579768
GEN 134 time 1599160587
0.001596963160098174
0.0014010463019446075
0.0019331241698611365
0.0018364609495579768
GEN 135 time 1599160591
0.001596963160098174
0.0014010463019446075
0.0019331241698611365
0.0018364609495579768
GEN 136 time 1599160595
0.001596963160098174
0.0014010463019446075
0.0019331241698611365
0.0018364609495579768
GEN 137 time 1599160599
0.001596963160098174
0.0014010463019446075
0.0019331241698611365
0.0018364609495579768
GEN 138 time 1599160603
0.001596963160098174
0.0014010463019446075
0.0019331241698611365
0.0018364609495579768
GEN 139 time 1599160607
0.001596963160098174
0.0014010463019446075
0.0019331241698611365
0.0018364609495579768
GEN 140 time 1599160611
0.001596963160098174
0.0014010463019446075
0.0019331241698611365
0.0018364609495579768
GEN 141 time 1599160615
0.001596963160098174
0.0014010463019446075
0.0019331241698611365
0.0018364609495579768
GEN 142 time 1599160619
0.001596963160098174
0.0014010463019446075
0.0019331241698611365
0.0018364609495579768
GEN 143 time 1599160623
0.001596963160098174
0.0014010463019446075
0.0019331241698611365
0.0018364609495579768
GEN 144 time 1599160627
0.001596963160098174
0.0014010463019446075
0.0019331241698611365
0.0018364609495579768
GEN 145 time 1599160631
0.001596963160098174
0.0014010463019446075
0.0019331241698611365
0.0018364609495579768
GEN 146 time 1599160635
0.001596963160098174
0.0014010463019446075
0.0019331241698611365
0.0018364609495579768
GEN 147 time 1599160640
0.001596963160098174
0.0014010463019446075
0.0019331241698611365
0.0018364609495579768
GEN 148 time 1599160644
0.001596963160098174
0.0014010463019446075
0.0019331241698611365
0.0018364609495579768
GEN 149 time 1599160648
0.001596963160098174
0.0014010463019446075
0.0019331241698611365
0.0018364609495579768
GEN 150 time 1599160653
0.001596963160098174
0.0014010463019446075
0.0019331241698611365
0.0018364609495579768
GEN 151 time 1599160657
0.001596963160098174
0.0014010463019446075
0.0019331241698611365
0.0018364609495579768
GEN 152 time 1599160661
0.001596963160098174
0.0014010463019446075
0.0019331241698611365
0.0018364609495579768
GEN 153 time 1599160664
0.001596963160098174
0.0014010463019446075
0.0019331241698611365
0.0018364609495579768
GEN 154 time 1599160668
0.001596963160098174
0.0014010463019446075
0.0019331241698611365
0.0018364609495579768
GEN 155 time 1599160672
0.001596963160098174
0.0014010463019446075
0.0019331241698611365
0.0018364609495579768
GEN 156 time 1599160675
0.001596963160098174
0.0014010463019446075
0.0019331241698611365
0.0018364609495579768
GEN 157 time 1599160679
0.001596963160098174
0.0014010463019446075
0.0019331241698611365
0.0018364609495579768
GEN 158 time 1599160683
0.001596963160098174
0.0014010463019446075
0.0019331241698611365
0.0018364609495579768
GEN 159 time 1599160687
0.001596963160098174
0.0014010463019446075
0.0019331241698611365
0.0018364609495579768
GEN 160 time 1599160691
0.001596963160098174
0.0014010463019446075
0.0019331241698611365
0.0018364609495579768
GEN 161 time 1599160695
0.001596963160098174
0.0014010463019446075
0.0019331241698611365
0.0018364609495579768
GEN 162 time 1599160699
0.001596963160098174
0.0014010463019446075
0.0019331241698611365
0.0018364609495579768
GEN 163 time 1599160703
0.001596963160098174
0.0014010463019446075
0.0019331241698611365
0.0018364609495579768
GEN 164 time 1599160706
0.001596963160098174
0.0014010463019446075
0.0019331241698611365
0.0018364609495579768
GEN 165 time 1599160710
0.001596963160098174
0.0014010463019446075
0.0019331241698611365
0.0018364609495579768
GEN 166 time 1599160714
0.001596963160098174
0.0014010463019446075
0.0019331241698611365
0.0018364609495579768
GEN 167 time 1599160718
0.001596963160098174
0.0014010463019446075
0.0019331241698611365
0.0018364609495579768
GEN 168 time 1599160722
0.001596963160098174
0.0014010463019446075
0.0019331241698611365
0.0018364609495579768
GEN 169 time 1599160726
0.001596963160098174
0.0014010463019446075
0.0019331241698611365
0.0018364609495579768
GEN 170 time 1599160730
0.001596963160098174
0.0014010463019446075
0.0019331241698611365
0.0018364609495579768
GEN 171 time 1599160734
0.001596963160098174
0.0014010463019446075
0.0019331241698611365
0.0018364609495579768
GEN 172 time 1599160738
0.001596963160098174
0.0014010463019446075
0.0019331241698611365
0.0018364609495579768
GEN 173 time 1599160742
0.001596963160098174
0.0014010463019446075
0.0019331241698611365
0.0018364609495579768
GEN 174 time 1599160745
0.001596963160098174
0.0014010463019446075
0.0019331241698611365
0.0018364609495579768
GEN 175 time 1599160749
0.001596963160098174
0.0014010463019446075
0.0019331241698611365
0.0018364609495579768
GEN 176 time 1599160753
0.001596963160098174
0.0014010463019446075
0.0019331241698611365
0.0018364609495579768
GEN 177 time 1599160757
0.001596963160098174
0.0014010463019446075
0.0019331241698611365
0.0018364609495579768
GEN 178 time 1599160761
0.001596963160098174
0.0014010463019446075
0.0019331241698611365
0.0018364609495579768
GEN 179 time 1599160765
0.001596963160098174
0.0014010463019446075
0.0019331241698611365
0.0018364609495579768
GEN 180 time 1599160769
0.001596963160098174
0.0014010463019446075
0.0019331241698611365
0.0018364609495579768
GEN 181 time 1599160773
0.001596963160098174
0.0014010463019446075
0.0019331241698611365
0.0018364609495579768
GEN 182 time 1599160776
0.001596963160098174
0.0014010463019446075
0.0019331241698611365
0.0018364609495579768
GEN 183 time 1599160780
0.001596963160098174
0.0014010463019446075
0.0019331241698611365
0.0018364609495579768
GEN 184 time 1599160784
0.001596963160098174
0.0014010463019446075
0.0019331241698611365
0.0018364609495579768
GEN 185 time 1599160788
0.001596963160098174
0.0014010463019446075
0.0019331241698611365
0.0018364609495579768
GEN 186 time 1599160792
0.001596963160098174
0.0014010463019446075
0.0019331241698611365
0.0018364609495579768
GEN 187 time 1599160796
0.001596963160098174
0.0014010463019446075
0.0019331241698611365
0.0018364609495579768
GEN 188 time 1599160800
0.001596963160098174
0.0014010463019446075
0.0019331241698611365
0.0018364609495579768
GEN 189 time 1599160804
0.001596963160098174
0.0014010463019446075
0.0019331241698611365
0.0018364609495579768
GEN 190 time 1599160807
0.001596963160098174
0.0014010463019446075
0.0019331241698611365
0.0018364609495579768
GEN 191 time 1599160811
0.001596963160098174
0.0014010463019446075
0.0019331241698611365
0.0018364609495579768
GEN 192 time 1599160815
0.001596963160098174
0.0014010463019446075
0.0019331241698611365
0.0018364609495579768
GEN 193 time 1599160819
0.001596963160098174
0.0014010463019446075
0.0019331241698611365
0.0018364609495579768
GEN 194 time 1599160823
0.001596963160098174
0.0014010463019446075
0.0019331241698611365
0.0018364609495579768
GEN 195 time 1599160827
0.001596963160098174
0.0014010463019446075
0.0019331241698611365
0.0018364609495579768
GEN 196 time 1599160831
0.001596963160098174
0.0014010463019446075
0.0019331241698611365
0.0018364609495579768
GEN 197 time 1599160835
0.001596963160098174
0.0014010463019446075
0.0019331241698611365
0.0018364609495579768
GEN 198 time 1599160839
0.001596963160098174
0.0014010463019446075
0.0019331241698611365
0.0018364609495579768
GEN 199 time 1599160843
0.001596963160098174
0.0014010463019446075
0.0019331241698611365
0.0018364609495579768
