['./data/small/layer/uu-dem2_r25_1.json', './data/small/hop/uu-dem4_r25_1_0.json', './data/small/hop/uu-dem5_r25_1_0.json', './data/small/hop/uu-dem7_r25_1_0.json']
GEN 0 time 1617245533
0.0012675445951169908
0.0013149039123802678
0.0011589205782002116
0.0010904890877899954
GEN 1 time 1617245534
0.0012675445951169908
0.0010872838010097708
0.0011589205782002116
0.0010800322530414405
GEN 2 time 1617245535
0.0012560922036427829
0.0010872838010097708
0.0011589205782002116
0.0010800322530414405
GEN 3 time 1617245537
0.0012560922036427829
0.0010872838010097708
0.001106900160619208
0.0010645749652180114
GEN 4 time 1617245538
0.001201568645086438
0.0010872838010097708
0.001106900160619208
0.0010645749652180114
GEN 5 time 1617245539
0.001201568645086438
0.0010872838010097708
0.001106900160619208
0.0010645749652180114
GEN 6 time 1617245541
0.001201568645086438
0.0010872838010097708
0.0010482914239193569
0.0010645749652180114
GEN 7 time 1617245542
0.001201568645086438
0.0010872838010097708
0.0010482914239193569
0.0010645749652180114
GEN 8 time 1617245544
0.001201568645086438
0.0010869108847281297
0.0010482914239193569
0.0010645749652180114
GEN 9 time 1617245545
0.001201568645086438
0.0010869108847281297
0.0010482914239193569
0.0010645749652180114
GEN 10 time 1617245546
0.001201568645086438
0.0010869108847281297
0.0010482914239193569
0.0010645749652180114
GEN 11 time 1617245548
0.001201568645086438
0.001061528798514507
0.0010482914239193569
0.0010479540669409999
GEN 12 time 1617245549
0.001201568645086438
0.001061528798514507
0.0010482914239193569
0.0010479540669409999
GEN 13 time 1617245550
0.001197283056485359
0.001061528798514507
0.0010482914239193569
0.0010479540669409999
GEN 14 time 1617245552
0.0011714334893155446
0.001061528798514507
0.0010482914239193569
0.0010479540669409999
GEN 15 time 1617245553
0.0011714334893155446
0.001061528798514507
0.001044411890345166
0.0010479540669409999
GEN 16 time 1617245555
0.0011714334893155446
0.0010580290272944742
0.001044411890345166
0.0010479540669409999
GEN 17 time 1617245556
0.0011714334893155446
0.0010580290272944742
0.001044411890345166
0.0010479540669409999
GEN 18 time 1617245558
0.0011714334893155446
0.001039842907573002
0.001044411890345166
0.0010479540669409999
GEN 19 time 1617245560
0.0011714334893155446
0.001039842907573002
0.001044411890345166
0.0010479540669409999
GEN 20 time 1617245562
0.0011714334893155446
0.001039842907573002
0.001044411890345166
0.0010479540669409999
GEN 21 time 1617245563
0.0011714334893155446
0.0010160298146044274
0.001044411890345166
0.0010479540669409999
GEN 22 time 1617245565
0.0011714334893155446
0.0010155411257324464
0.001044411890345166
0.0010479540669409999
GEN 23 time 1617245566
0.0011714334893155446
0.0010155411257324464
0.001021099604846391
0.0010479540669409999
GEN 24 time 1617245567
0.0011714334893155446
0.0010155411257324464
0.001021099604846391
0.0010479540669409999
GEN 25 time 1617245569
0.0011714334893155446
0.0010155411257324464
0.001021099604846391
0.0010479540669409999
GEN 26 time 1617245570
0.0011714334893155446
0.0010155411257324464
0.001021099604846391
0.0010479540669409999
GEN 27 time 1617245571
0.0011714334893155446
0.0010155411257324464
0.001021099604846391
0.0010479540669409999
GEN 28 time 1617245573
0.0011714334893155446
0.0010155411257324464
0.001021099604846391
0.0010479540669409999
GEN 29 time 1617245574
0.0011714334893155446
0.001010644041635782
0.001021099604846391
0.0010479540669409999
GEN 30 time 1617245576
0.0011714334893155446
0.001010644041635782
0.001021099604846391
0.0010479540669409999
GEN 31 time 1617245577
0.0011714334893155446
0.001010644041635782
0.001021099604846391
0.0010479540669409999
GEN 32 time 1617245579
0.0011714334893155446
0.001010644041635782
0.001021099604846391
0.0010479540669409999
GEN 33 time 1617245580
0.0011714334893155446
0.001010644041635782
0.001021099604846391
0.0010479540669409999
GEN 34 time 1617245581
0.0011714334893155446
0.001010644041635782
0.001021099604846391
0.0010479540669409999
GEN 35 time 1617245583
0.0011714334893155446
0.001010644041635782
0.001021099604846391
0.0010479540669409999
GEN 36 time 1617245584
0.0011714334893155446
0.0010065679324740208
0.001021099604846391
0.0010479540669409999
GEN 37 time 1617245585
0.0011714334893155446
0.0010065679324740208
0.001021099604846391
0.0010479540669409999
GEN 38 time 1617245586
0.0011714334893155446
0.0010065679324740208
0.001021099604846391
0.0010479540669409999
GEN 39 time 1617245588
0.0011714334893155446
0.0010065679324740208
0.001021099604846391
0.0010479540669409999
GEN 40 time 1617245589
0.0011714334893155446
0.0010065679324740208
0.001021099604846391
0.0010479540669409999
GEN 41 time 1617245590
0.0011714334893155446
0.0010065679324740208
0.001021099604846391
0.0010479540669409999
GEN 42 time 1617245591
0.0011714334893155446
0.0010065679324740208
0.001021099604846391
0.0010479540669409999
GEN 43 time 1617245593
0.0011714334893155446
0.0010065679324740208
0.001021099604846391
0.0010479540669409999
GEN 44 time 1617245594
0.0011714334893155446
0.0010065679324740208
0.001021099604846391
0.0010479540669409999
GEN 45 time 1617245595
0.0011714334893155446
0.0010065679324740208
0.001021099604846391
0.0010479540669409999
GEN 46 time 1617245597
0.0011714334893155446
0.0010065679324740208
0.001021099604846391
0.0010479540669409999
GEN 47 time 1617245598
0.0011714334893155446
0.0010065679324740208
0.001021099604846391
0.0010479540669409999
GEN 48 time 1617245599
0.0011714334893155446
0.0010065679324740208
0.001021099604846391
0.0010479540669409999
GEN 49 time 1617245600
0.0011714334893155446
0.0009656222154562319
0.001021099604846391
0.0010479540669409999
GEN 50 time 1617245602
0.0011714334893155446
0.0009656222154562319
0.001021099604846391
0.0010479540669409999
GEN 51 time 1617245603
0.0011714334893155446
0.0009656222154562319
0.001021099604846391
0.0010479540669409999
GEN 52 time 1617245604
0.0011714334893155446
0.0009656222154562319
0.001021099604846391
0.0010479540669409999
GEN 53 time 1617245606
0.0011714334893155446
0.0009656222154562319
0.001021099604846391
0.0010479540669409999
GEN 54 time 1617245607
0.0011714334893155446
0.0009656222154562319
0.001021099604846391
0.0010479540669409999
GEN 55 time 1617245609
0.0011714334893155446
0.0009656222154562319
0.001021099604846391
0.0010479540669409999
GEN 56 time 1617245610
0.0011714334893155446
0.0009656222154562319
0.001021099604846391
0.0010479540669409999
GEN 57 time 1617245611
0.0011714334893155446
0.0009656222154562319
0.001021099604846391
0.0010479540669409999
GEN 58 time 1617245613
0.0011714334893155446
0.0009656222154562319
0.001021099604846391
0.0010479540669409999
GEN 59 time 1617245614
0.0011714334893155446
0.0009656222154562319
0.001021099604846391
0.0010479540669409999
GEN 60 time 1617245615
0.0011714334893155446
0.0009656222154562319
0.001021099604846391
0.0010479540669409999
GEN 61 time 1617245616
0.0011714334893155446
0.0008698921934919838
0.001021099604846391
0.0010479540669409999
GEN 62 time 1617245618
0.0011714334893155446
0.0008698921934919838
0.001021099604846391
0.0010479540669409999
GEN 63 time 1617245619
0.0011714334893155446
0.0008698921934919838
0.001021099604846391
0.0010479540669409999
GEN 64 time 1617245620
0.0011714334893155446
0.0008698921934919838
0.001021099604846391
0.0010479540669409999
GEN 65 time 1617245622
0.0011714334893155446
0.0008698921934919838
0.001021099604846391
0.0010479540669409999
GEN 66 time 1617245623
0.0011714334893155446
0.0008698921934919838
0.001021099604846391
0.0010479540669409999
GEN 67 time 1617245624
0.0011714334893155446
0.0008698921934919838
0.001021099604846391
0.0010479540669409999
GEN 68 time 1617245626
0.0011714334893155446
0.0008698921934919838
0.001021099604846391
0.0010479540669409999
GEN 69 time 1617245627
0.0011714334893155446
0.0008698921934919838
0.001021099604846391
0.0010479540669409999
GEN 70 time 1617245628
0.0011714334893155446
0.0008698921934919838
0.001021099604846391
0.0010479540669409999
GEN 71 time 1617245629
0.0011714334893155446
0.0008698921934919838
0.001021099604846391
0.0010479540669409999
GEN 72 time 1617245631
0.0011714334893155446
0.0008698921934919838
0.001021099604846391
0.0010479540669409999
GEN 73 time 1617245632
0.0011714334893155446
0.0008698921934919838
0.001021099604846391
0.0010479540669409999
GEN 74 time 1617245633
0.0011714334893155446
0.0008698921934919838
0.001021099604846391
0.0010479540669409999
GEN 75 time 1617245635
0.0011714334893155446
0.0008698921934919838
0.001021099604846391
0.0010479540669409999
GEN 76 time 1617245636
0.0011714334893155446
0.0008698921934919838
0.001021099604846391
0.0010479540669409999
GEN 77 time 1617245638
0.0011714334893155446
0.0008698921934919838
0.001021099604846391
0.0010479540669409999
GEN 78 time 1617245639
0.0011714334893155446
0.0008698921934919838
0.001021099604846391
0.0010479540669409999
GEN 79 time 1617245640
0.0011714334893155446
0.0008698921934919838
0.001021099604846391
0.0010479540669409999
GEN 80 time 1617245641
0.0011714334893155446
0.0008698921934919838
0.001021099604846391
0.0010479540669409999
GEN 81 time 1617245643
0.0011714334893155446
0.0008698921934919838
0.001021099604846391
0.0010479540669409999
GEN 82 time 1617245644
0.0011714334893155446
0.0008698921934919838
0.001021099604846391
0.0010479540669409999
GEN 83 time 1617245645
0.0011714334893155446
0.0008698921934919838
0.001021099604846391
0.0010479540669409999
GEN 84 time 1617245646
0.0011714334893155446
0.0008698921934919838
0.001021099604846391
0.0010479540669409999
GEN 85 time 1617245648
0.0011714334893155446
0.0008698921934919838
0.001021099604846391
0.0010479540669409999
GEN 86 time 1617245649
0.0011714334893155446
0.0008698921934919838
0.001021099604846391
0.0010479540669409999
GEN 87 time 1617245650
0.0011714334893155446
0.0008698921934919838
0.001021099604846391
0.0010479540669409999
GEN 88 time 1617245652
0.0011714334893155446
0.0008698921934919838
0.001021099604846391
0.0010479540669409999
GEN 89 time 1617245653
0.0011714334893155446
0.0008698921934919838
0.001021099604846391
0.0010479540669409999
GEN 90 time 1617245654
0.0011714334893155446
0.0008698921934919838
0.001021099604846391
0.0010479540669409999
GEN 91 time 1617245656
0.0011714334893155446
0.0008698921934919838
0.001021099604846391
0.0010479540669409999
GEN 92 time 1617245657
0.0011714334893155446
0.0008698921934919838
0.001021099604846391
0.0010479540669409999
GEN 93 time 1617245659
0.0011714334893155446
0.0008698921934919838
0.001021099604846391
0.0010479540669409999
GEN 94 time 1617245660
0.0011714334893155446
0.0008698921934919838
0.001021099604846391
0.0010479540669409999
GEN 95 time 1617245661
0.0011714334893155446
0.0008698921934919838
0.001021099604846391
0.0010479540669409999
GEN 96 time 1617245662
0.0011714334893155446
0.0008698921934919838
0.001021099604846391
0.0010479540669409999
GEN 97 time 1617245664
0.0011714334893155446
0.0008698921934919838
0.001021099604846391
0.0010479540669409999
GEN 98 time 1617245665
0.0011714334893155446
0.0008698921934919838
0.001021099604846391
0.0010479540669409999
GEN 99 time 1617245666
0.0011714334893155446
0.0008698921934919838
0.001021099604846391
0.0010479540669409999
GEN 100 time 1617245667
0.0011714334893155446
0.0008698921934919838
0.001021099604846391
0.0010479540669409999
GEN 101 time 1617245669
0.0011714334893155446
0.0008698921934919838
0.001021099604846391
0.0010479540669409999
GEN 102 time 1617245670
0.0011714334893155446
0.0008698921934919838
0.001021099604846391
0.0010479540669409999
GEN 103 time 1617245671
0.0011714334893155446
0.0008698921934919838
0.001021099604846391
0.0010479540669409999
GEN 104 time 1617245673
0.0011714334893155446
0.0008698921934919838
0.001021099604846391
0.0010479540669409999
GEN 105 time 1617245674
0.0011714334893155446
0.0008698921934919838
0.001021099604846391
0.0010479540669409999
GEN 106 time 1617245675
0.0011714334893155446
0.0008698921934919838
0.001021099604846391
0.0010479540669409999
GEN 107 time 1617245676
0.0011714334893155446
0.0008698921934919838
0.001021099604846391
0.0010479540669409999
GEN 108 time 1617245678
0.0011714334893155446
0.0008698921934919838
0.001021099604846391
0.0010479540669409999
GEN 109 time 1617245679
0.0011714334893155446
0.0008698921934919838
0.001021099604846391
0.0010479540669409999
GEN 110 time 1617245680
0.0011714334893155446
0.0008698921934919838
0.001021099604846391
0.0010479540669409999
GEN 111 time 1617245682
0.0011714334893155446
0.0008698921934919838
0.001021099604846391
0.0010479540669409999
GEN 112 time 1617245683
0.0011714334893155446
0.0008698921934919838
0.001021099604846391
0.0010479540669409999
GEN 113 time 1617245685
0.0011714334893155446
0.0008698921934919838
0.001021099604846391
0.0010479540669409999
GEN 114 time 1617245686
0.0011714334893155446
0.0008698921934919838
0.001021099604846391
0.0010479540669409999
GEN 115 time 1617245687
0.0011714334893155446
0.0008698921934919838
0.001021099604846391
0.0010479540669409999
GEN 116 time 1617245689
0.0011714334893155446
0.0008698921934919838
0.001021099604846391
0.0010479540669409999
GEN 117 time 1617245690
0.0011714334893155446
0.0008698921934919838
0.001021099604846391
0.0010479540669409999
GEN 118 time 1617245691
0.0011714334893155446
0.0008698921934919838
0.001021099604846391
0.0010479540669409999
GEN 119 time 1617245692
0.0011714334893155446
0.0008698921934919838
0.001021099604846391
0.0010479540669409999
GEN 120 time 1617245694
0.0011714334893155446
0.0008698921934919838
0.001021099604846391
0.0010479540669409999
GEN 121 time 1617245695
0.0011714334893155446
0.0008698921934919838
0.001021099604846391
0.0010479540669409999
GEN 122 time 1617245696
0.0011714334893155446
0.0008698921934919838
0.001021099604846391
0.0010479540669409999
GEN 123 time 1617245697
0.0011714334893155446
0.0008698921934919838
0.001021099604846391
0.0010479540669409999
GEN 124 time 1617245699
0.0011714334893155446
0.0008698921934919838
0.001021099604846391
0.0010479540669409999
GEN 125 time 1617245700
0.0011714334893155446
0.0008698921934919838
0.001021099604846391
0.0010479540669409999
GEN 126 time 1617245702
0.0011714334893155446
0.0008698921934919838
0.001021099604846391
0.0010479540669409999
GEN 127 time 1617245703
0.0011714334893155446
0.0008698921934919838
0.001021099604846391
0.0010479540669409999
GEN 128 time 1617245704
0.0011714334893155446
0.0008698921934919838
0.001021099604846391
0.0010479540669409999
GEN 129 time 1617245706
0.0011714334893155446
0.0008698921934919838
0.001021099604846391
0.0010479540669409999
GEN 130 time 1617245707
0.0011714334893155446
0.0008698921934919838
0.001021099604846391
0.0010479540669409999
GEN 131 time 1617245708
0.0011714334893155446
0.0008698921934919838
0.001021099604846391
0.0010479540669409999
GEN 132 time 1617245710
0.0011714334893155446
0.0008698921934919838
0.001021099604846391
0.0010479540669409999
GEN 133 time 1617245711
0.0011714334893155446
0.0008698921934919838
0.001021099604846391
0.0010479540669409999
GEN 134 time 1617245712
0.0011714334893155446
0.0008698921934919838
0.001021099604846391
0.0010479540669409999
GEN 135 time 1617245713
0.0011714334893155446
0.0008698921934919838
0.001021099604846391
0.0010479540669409999
GEN 136 time 1617245715
0.0011714334893155446
0.0008698921934919838
0.001021099604846391
0.0010479540669409999
GEN 137 time 1617245716
0.0011714334893155446
0.0008698921934919838
0.001021099604846391
0.0010479540669409999
GEN 138 time 1617245717
0.0011714334893155446
0.0008698921934919838
0.001021099604846391
0.0010479540669409999
GEN 139 time 1617245718
0.0011714334893155446
0.0008698921934919838
0.001021099604846391
0.0010479540669409999
GEN 140 time 1617245720
0.0011714334893155446
0.0008698921934919838
0.001021099604846391
0.0010479540669409999
GEN 141 time 1617245721
0.0011714334893155446
0.0008698921934919838
0.001021099604846391
0.0010479540669409999
GEN 142 time 1617245723
0.0011714334893155446
0.0008698921934919838
0.001021099604846391
0.0010479540669409999
GEN 143 time 1617245724
0.0011714334893155446
0.0008698921934919838
0.001021099604846391
0.0010479540669409999
GEN 144 time 1617245725
0.0011714334893155446
0.0008698921934919838
0.001021099604846391
0.0010479540669409999
GEN 145 time 1617245727
0.0011714334893155446
0.0008698921934919838
0.001021099604846391
0.0010479540669409999
GEN 146 time 1617245728
0.0011714334893155446
0.0008698921934919838
0.001021099604846391
0.0010479540669409999
GEN 147 time 1617245729
0.0011714334893155446
0.0008698921934919838
0.001021099604846391
0.0010479540669409999
GEN 148 time 1617245731
0.0011714334893155446
0.0008698921934919838
0.001021099604846391
0.0010479540669409999
GEN 149 time 1617245732
0.0011714334893155446
0.0008698921934919838
0.001021099604846391
0.0010479540669409999
GEN 150 time 1617245733
0.0011714334893155446
0.0008698921934919838
0.001021099604846391
0.0010479540669409999
GEN 151 time 1617245734
0.0011714334893155446
0.0008698921934919838
0.001021099604846391
0.0010479540669409999
GEN 152 time 1617245736
0.0011714334893155446
0.0008698921934919838
0.001021099604846391
0.0010479540669409999
GEN 153 time 1617245737
0.0011714334893155446
0.0008698921934919838
0.001021099604846391
0.0010479540669409999
GEN 154 time 1617245738
0.0011714334893155446
0.0008698921934919838
0.001021099604846391
0.0010479540669409999
GEN 155 time 1617245740
0.0011714334893155446
0.0008698921934919838
0.001021099604846391
0.0010479540669409999
GEN 156 time 1617245741
0.0011714334893155446
0.0008698921934919838
0.001021099604846391
0.0010479540669409999
GEN 157 time 1617245742
0.0011714334893155446
0.0008698921934919838
0.001021099604846391
0.0010479540669409999
GEN 158 time 1617245743
0.0011714334893155446
0.0008698921934919838
0.001021099604846391
0.0010479540669409999
GEN 159 time 1617245745
0.0011714334893155446
0.0008698921934919838
0.001021099604846391
0.0010479540669409999
GEN 160 time 1617245746
0.0011714334893155446
0.0008698921934919838
0.001021099604846391
0.0010479540669409999
GEN 161 time 1617245747
0.0011714334893155446
0.0008698921934919838
0.001021099604846391
0.0010479540669409999
GEN 162 time 1617245748
0.0011714334893155446
0.0008698921934919838
0.001021099604846391
0.0010479540669409999
GEN 163 time 1617245750
0.0011714334893155446
0.0008698921934919838
0.001021099604846391
0.0010479540669409999
GEN 164 time 1617245751
0.0011714334893155446
0.0008698921934919838
0.001021099604846391
0.0010479540669409999
GEN 165 time 1617245752
0.0011714334893155446
0.0008698921934919838
0.001021099604846391
0.0010479540669409999
GEN 166 time 1617245753
0.0011714334893155446
0.0008698921934919838
0.001021099604846391
0.0010479540669409999
GEN 167 time 1617245755
0.0011714334893155446
0.0008698921934919838
0.001021099604846391
0.0010479540669409999
GEN 168 time 1617245756
0.0011714334893155446
0.0008698921934919838
0.001021099604846391
0.0010479540669409999
GEN 169 time 1617245758
0.0011714334893155446
0.0008698921934919838
0.001021099604846391
0.0010479540669409999
GEN 170 time 1617245759
0.0011714334893155446
0.0008698921934919838
0.001021099604846391
0.0010479540669409999
GEN 171 time 1617245760
0.0011714334893155446
0.0008698921934919838
0.001021099604846391
0.0010479540669409999
GEN 172 time 1617245762
0.0011714334893155446
0.0008698921934919838
0.001021099604846391
0.0010479540669409999
GEN 173 time 1617245763
0.0011714334893155446
0.0008698921934919838
0.001021099604846391
0.0010479540669409999
GEN 174 time 1617245764
0.0011714334893155446
0.0008698921934919838
0.001021099604846391
0.0010479540669409999
GEN 175 time 1617245766
0.0011714334893155446
0.0008698921934919838
0.001021099604846391
0.0010479540669409999
GEN 176 time 1617245767
0.0011714334893155446
0.0008698921934919838
0.001021099604846391
0.0010479540669409999
GEN 177 time 1617245768
0.0011714334893155446
0.0008698921934919838
0.001021099604846391
0.0010479540669409999
GEN 178 time 1617245769
0.0011714334893155446
0.0008698921934919838
0.001021099604846391
0.0010479540669409999
GEN 179 time 1617245771
0.0011714334893155446
0.0008698921934919838
0.001021099604846391
0.0010479540669409999
GEN 180 time 1617245772
0.0011714334893155446
0.0008698921934919838
0.001021099604846391
0.0010479540669409999
GEN 181 time 1617245773
0.0011714334893155446
0.0008698921934919838
0.001021099604846391
0.0010479540669409999
GEN 182 time 1617245775
0.0011714334893155446
0.0008698921934919838
0.001021099604846391
0.0010479540669409999
GEN 183 time 1617245776
0.0011714334893155446
0.0008698921934919838
0.001021099604846391
0.0010479540669409999
GEN 184 time 1617245777
0.0011714334893155446
0.0008698921934919838
0.001021099604846391
0.0010479540669409999
GEN 185 time 1617245778
0.0011714334893155446
0.0008698921934919838
0.001021099604846391
0.0010479540669409999
GEN 186 time 1617245780
0.0011714334893155446
0.0008698921934919838
0.001021099604846391
0.0010479540669409999
GEN 187 time 1617245781
0.0011714334893155446
0.0008698921934919838
0.001021099604846391
0.0010479540669409999
GEN 188 time 1617245782
0.0011714334893155446
0.0008698921934919838
0.001021099604846391
0.0010479540669409999
GEN 189 time 1617245783
0.0011714334893155446
0.0008698921934919838
0.001021099604846391
0.0010479540669409999
GEN 190 time 1617245785
0.0011714334893155446
0.0008698921934919838
0.001021099604846391
0.0010479540669409999
GEN 191 time 1617245786
0.0011714334893155446
0.0008698921934919838
0.001021099604846391
0.0010479540669409999
GEN 192 time 1617245788
0.0011714334893155446
0.0008698921934919838
0.001021099604846391
0.0010479540669409999
GEN 193 time 1617245789
0.0011714334893155446
0.0008698921934919838
0.001021099604846391
0.0010479540669409999
GEN 194 time 1617245790
0.0011714334893155446
0.0008698921934919838
0.001021099604846391
0.0010479540669409999
GEN 195 time 1617245792
0.0011714334893155446
0.0008698921934919838
0.001021099604846391
0.0010479540669409999
GEN 196 time 1617245793
0.0011714334893155446
0.0008698921934919838
0.001021099604846391
0.0010479540669409999
GEN 197 time 1617245794
0.0011714334893155446
0.0008698921934919838
0.001021099604846391
0.0010479540669409999
GEN 198 time 1617245796
0.0011714334893155446
0.0008698921934919838
0.001021099604846391
0.0010479540669409999
GEN 199 time 1617245797
0.0011714334893155446
0.0008698921934919838
0.001021099604846391
0.0010479540669409999
