['./data/small/layer/uu-dem4_r25_1.json', './data/small/layer/uu-dem1_r25_1.json', './data/small/layer/uu-dem7_r25_1.json', './data/small/hop/uu-dem6_r25_1_0.json']
GEN 0 time 1599115387
0.0014584555404298799
0.0016571391963555908
0.0023368348238357903
0.0021016840403536552
GEN 1 time 1599115388
0.0014584555404298799
0.0016253133020812068
0.0023368348238357903
0.0021016840403536552
GEN 2 time 1599115390
0.0014584555404298799
0.0016253133020812068
0.0023368348238357903
0.0020945952450147818
GEN 3 time 1599115392
0.0014584555404298799
0.0016253133020812068
0.0023368348238357903
0.0020945952450147818
GEN 4 time 1599115394
0.0014584555404298799
0.0016253133020812068
0.0023368348238357903
0.0020945952450147818
GEN 5 time 1599115397
0.0014584555404298799
0.0016253133020812068
0.0023368348238357903
0.002035933502475689
GEN 6 time 1599115399
0.0014584555404298799
0.0016253133020812068
0.0023368348238357903
0.0019016640403536553
GEN 7 time 1599115402
0.0014584555404298799
0.0014868598269226704
0.0023368348238357903
0.0019016640403536553
GEN 8 time 1599115405
0.0014584555404298799
0.0014868598269226704
0.0023368348238357903
0.0018617388099606666
GEN 9 time 1599115408
0.0014584555404298799
0.0014868598269226704
0.0023368348238357903
0.0018617388099606666
GEN 10 time 1599115411
0.0014584555404298799
0.0014868598269226704
0.0023368348238357903
0.0018617388099606666
GEN 11 time 1599115414
0.0014584555404298799
0.0014868598269226704
0.0023368348238357903
0.0018617388099606666
GEN 12 time 1599115417
0.0014584555404298799
0.0014868598269226704
0.0023368348238357903
0.0018617388099606666
GEN 13 time 1599115420
0.0014584555404298799
0.0014200353557188529
0.0023368348238357903
0.0017016440403536553
GEN 14 time 1599115423
0.0014584555404298799
0.0014200353557188529
0.0023368348238357903
0.0017016440403536553
GEN 15 time 1599115426
0.0014584555404298799
0.0014200353557188529
0.0023368348238357903
0.0017016440403536553
GEN 16 time 1599115429
0.0014584555404298799
0.0014200353557188529
0.0023368348238357903
0.0017016440403536553
GEN 17 time 1599115432
0.0014584555404298799
0.0014022820108684955
0.0023368348238357903
0.0017016440403536553
GEN 18 time 1599115436
0.0014584555404298799
0.0014022820108684955
0.0023368348238357903
0.0017016440403536553
GEN 19 time 1599115439
0.0014584555404298799
0.0014022820108684955
0.0023368348238357903
0.0017016440403536553
GEN 20 time 1599115442
0.0014584555404298799
0.0014022820108684955
0.0023368348238357903
0.0017016440403536553
GEN 21 time 1599115446
0.0014584555404298799
0.0014022820108684955
0.0023368348238357903
0.0017016440403536553
GEN 22 time 1599115449
0.0014584555404298799
0.0014022820108684955
0.0023368348238357903
0.0017016440403536553
GEN 23 time 1599115452
0.0014584555404298799
0.0013089946016198453
0.0023368348238357903
0.0017016440403536553
GEN 24 time 1599115456
0.0014584555404298799
0.0013089946016198453
0.0023368348238357903
0.0016961163115671869
GEN 25 time 1599115459
0.0014584555404298799
0.0013089946016198453
0.0023368348238357903
0.0016961163115671869
GEN 26 time 1599115463
0.0014584555404298799
0.0013089946016198453
0.0023368348238357903
0.0016961163115671869
GEN 27 time 1599115466
0.0014584555404298799
0.0013089946016198453
0.0023368348238357903
0.0016961163115671869
GEN 28 time 1599115470
0.0014584555404298799
0.0013089946016198453
0.0023368348238357903
0.0016665658832265547
GEN 29 time 1599115473
0.0014584555404298799
0.0013089946016198453
0.0023368348238357903
0.0016617188099606666
GEN 30 time 1599115477
0.0014584555404298799
0.0013089946016198453
0.0023368348238357903
0.0016617188099606666
GEN 31 time 1599115481
0.0014584555404298799
0.0013089946016198453
0.0023368348238357903
0.0016617188099606666
GEN 32 time 1599115485
0.0014584555404298799
0.0013089946016198453
0.0023368348238357903
0.0016617188099606666
GEN 33 time 1599115488
0.0014584555404298799
0.0013089946016198453
0.0023368348238357903
0.0016617188099606666
GEN 34 time 1599115492
0.0014584555404298799
0.0013089946016198453
0.0023368348238357903
0.0016617188099606666
GEN 35 time 1599115495
0.0014584555404298799
0.0013089946016198453
0.0023368348238357903
0.0016617188099606666
GEN 36 time 1599115499
0.0014584555404298799
0.0013089946016198453
0.0023368348238357903
0.0016617188099606666
GEN 37 time 1599115502
0.0014584555404298799
0.0013089946016198453
0.0023368348238357903
0.0016617188099606666
GEN 38 time 1599115506
0.0014584555404298799
0.0013089946016198453
0.0023368348238357903
0.0016617188099606666
GEN 39 time 1599115509
0.0014584555404298799
0.0013089946016198453
0.0023368348238357903
0.0016617188099606666
GEN 40 time 1599115513
0.0014584555404298799
0.0013089946016198453
0.0023368348238357903
0.0016617188099606666
GEN 41 time 1599115516
0.0014584555404298799
0.0013089946016198453
0.0023368348238357903
0.0016617188099606666
GEN 42 time 1599115520
0.0014584555404298799
0.0013089946016198453
0.0023368348238357903
0.0016617188099606666
GEN 43 time 1599115523
0.0014584555404298799
0.0013089946016198453
0.0023368348238357903
0.0016617188099606666
GEN 44 time 1599115527
0.0014584555404298799
0.0013089946016198453
0.0023368348238357903
0.0016617188099606666
GEN 45 time 1599115530
0.0014584555404298799
0.0013089946016198453
0.0023368348238357903
0.0016617188099606666
GEN 46 time 1599115534
0.0014584555404298799
0.0013089946016198453
0.0023368348238357903
0.0016617188099606666
GEN 47 time 1599115537
0.0014584555404298799
0.0013089946016198453
0.0023368348238357903
0.0016617188099606666
GEN 48 time 1599115541
0.0014584555404298799
0.0013089946016198453
0.0023368348238357903
0.0016617188099606666
GEN 49 time 1599115544
0.0014584555404298799
0.0013089946016198453
0.0023368348238357903
0.0016617188099606666
GEN 50 time 1599115547
0.0014584555404298799
0.0013089946016198453
0.0023368348238357903
0.0016617188099606666
GEN 51 time 1599115551
0.0014584555404298799
0.0013089946016198453
0.0023368348238357903
0.0016617188099606666
GEN 52 time 1599115554
0.0014584555404298799
0.0013089946016198453
0.0023368348238357903
0.0016617188099606666
GEN 53 time 1599115558
0.0014584555404298799
0.0013089946016198453
0.0023368348238357903
0.0016617188099606666
GEN 54 time 1599115561
0.0014584555404298799
0.0013089946016198453
0.0023368348238357903
0.0016617188099606666
GEN 55 time 1599115565
0.0014584555404298799
0.0013089946016198453
0.0023368348238357903
0.0016617188099606666
GEN 56 time 1599115568
0.0014584555404298799
0.0013089946016198453
0.0023368348238357903
0.0016617188099606666
GEN 57 time 1599115572
0.0014584555404298799
0.0013089946016198453
0.0023368348238357903
0.0016617188099606666
GEN 58 time 1599115575
0.0014584555404298799
0.0013089946016198453
0.0023368348238357903
0.0016617188099606666
GEN 59 time 1599115579
0.0014584555404298799
0.0013089946016198453
0.0023368348238357903
0.0016617188099606666
GEN 60 time 1599115582
0.0014584555404298799
0.0013089946016198453
0.0023368348238357903
0.0016617188099606666
GEN 61 time 1599115586
0.0014584555404298799
0.0013089946016198453
0.0023368348238357903
0.0016617188099606666
GEN 62 time 1599115589
0.0014584555404298799
0.0013089946016198453
0.0023368348238357903
0.0016617188099606666
GEN 63 time 1599115593
0.0014584555404298799
0.0013089946016198453
0.0023368348238357903
0.0016617188099606666
GEN 64 time 1599115596
0.0014584555404298799
0.0013089946016198453
0.0023368348238357903
0.0016617188099606666
GEN 65 time 1599115600
0.0014584555404298799
0.0013089946016198453
0.0023368348238357903
0.0016617188099606666
GEN 66 time 1599115603
0.0014584555404298799
0.0013089946016198453
0.0023368348238357903
0.0016617188099606666
GEN 67 time 1599115607
0.0014584555404298799
0.0013089946016198453
0.0023368348238357903
0.0016617188099606666
GEN 68 time 1599115610
0.0014584555404298799
0.0013089946016198453
0.0023368348238357903
0.0016617188099606666
GEN 69 time 1599115614
0.0014584555404298799
0.0013089946016198453
0.0023368348238357903
0.0016617188099606666
GEN 70 time 1599115617
0.0014584555404298799
0.0013089946016198453
0.0023368348238357903
0.0016617188099606666
GEN 71 time 1599115621
0.0014584555404298799
0.0013089946016198453
0.0023368348238357903
0.0016617188099606666
GEN 72 time 1599115624
0.0014584555404298799
0.0013089946016198453
0.0023368348238357903
0.0016617188099606666
GEN 73 time 1599115628
0.0014584555404298799
0.0013089946016198453
0.0023368348238357903
0.0016617188099606666
GEN 74 time 1599115632
0.0014584555404298799
0.0013089946016198453
0.0023368348238357903
0.0016617188099606666
GEN 75 time 1599115635
0.0014584555404298799
0.0013089946016198453
0.0023368348238357903
0.0016617188099606666
GEN 76 time 1599115639
0.0014584555404298799
0.0013089946016198453
0.0023368348238357903
0.0016617188099606666
GEN 77 time 1599115643
0.0014584555404298799
0.0013089946016198453
0.0023368348238357903
0.0016617188099606666
GEN 78 time 1599115646
0.0014584555404298799
0.0013089946016198453
0.0023368348238357903
0.0016617188099606666
GEN 79 time 1599115650
0.0014584555404298799
0.0013089946016198453
0.0023368348238357903
0.0016617188099606666
GEN 80 time 1599115653
0.0014584555404298799
0.0013089946016198453
0.0023368348238357903
0.0016617188099606666
GEN 81 time 1599115657
0.0014584555404298799
0.0013089946016198453
0.0023368348238357903
0.0016617188099606666
GEN 82 time 1599115660
0.0014584555404298799
0.0013089946016198453
0.0023368348238357903
0.0016617188099606666
GEN 83 time 1599115664
0.0014584555404298799
0.0013089946016198453
0.0023368348238357903
0.0016617188099606666
GEN 84 time 1599115667
0.0014584555404298799
0.0013089946016198453
0.0023368348238357903
0.0016617188099606666
GEN 85 time 1599115671
0.0014584555404298799
0.0013089946016198453
0.0023368348238357903
0.0016617188099606666
GEN 86 time 1599115674
0.0014584555404298799
0.0013089946016198453
0.0023368348238357903
0.0016617188099606666
GEN 87 time 1599115678
0.0014584555404298799
0.0013089946016198453
0.0023368348238357903
0.0016617188099606666
GEN 88 time 1599115682
0.0014584555404298799
0.0013089946016198453
0.0023368348238357903
0.0016617188099606666
GEN 89 time 1599115685
0.0014584555404298799
0.0013089946016198453
0.0023368348238357903
0.0016617188099606666
GEN 90 time 1599115689
0.0014584555404298799
0.0013089946016198453
0.0023368348238357903
0.0016617188099606666
GEN 91 time 1599115693
0.0014584555404298799
0.0013089946016198453
0.0023368348238357903
0.0016617188099606666
GEN 92 time 1599115697
0.0014584555404298799
0.0013089946016198453
0.0023368348238357903
0.0016617188099606666
GEN 93 time 1599115701
0.0014584555404298799
0.0013089946016198453
0.0023368348238357903
0.0016617188099606666
GEN 94 time 1599115705
0.0014584555404298799
0.0013089946016198453
0.0023368348238357903
0.0016617188099606666
GEN 95 time 1599115709
0.0014584555404298799
0.0013089946016198453
0.0023368348238357903
0.0016617188099606666
GEN 96 time 1599115712
0.0014584555404298799
0.0013089946016198453
0.0023368348238357903
0.0016617188099606666
GEN 97 time 1599115716
0.0014584555404298799
0.0013089946016198453
0.0023368348238357903
0.0016617188099606666
GEN 98 time 1599115719
0.0014584555404298799
0.0013089946016198453
0.0023368348238357903
0.0016617188099606666
GEN 99 time 1599115723
0.0014584555404298799
0.0013089946016198453
0.0023368348238357903
0.0016617188099606666
GEN 100 time 1599115727
0.0014584555404298799
0.0013089946016198453
0.0023368348238357903
0.0016617188099606666
GEN 101 time 1599115731
0.0014584555404298799
0.0013089946016198453
0.0023368348238357903
0.0016617188099606666
GEN 102 time 1599115734
0.0014584555404298799
0.0013089946016198453
0.0023368348238357903
0.0016617188099606666
GEN 103 time 1599115738
0.0014584555404298799
0.0013089946016198453
0.0023368348238357903
0.0016617188099606666
GEN 104 time 1599115742
0.0014584555404298799
0.0013089946016198453
0.0023368348238357903
0.0016617188099606666
GEN 105 time 1599115745
0.0014584555404298799
0.0013089946016198453
0.0023368348238357903
0.0016617188099606666
GEN 106 time 1599115749
0.0014584555404298799
0.0013089946016198453
0.0023368348238357903
0.0016617188099606666
GEN 107 time 1599115752
0.0014584555404298799
0.0013089946016198453
0.0023368348238357903
0.0016617188099606666
GEN 108 time 1599115756
0.0014584555404298799
0.0013089946016198453
0.0023368348238357903
0.0016617188099606666
GEN 109 time 1599115760
0.0014584555404298799
0.0013089946016198453
0.0023368348238357903
0.0016617188099606666
GEN 110 time 1599115763
0.0014584555404298799
0.0013089946016198453
0.0023368348238357903
0.0016617188099606666
GEN 111 time 1599115767
0.0014584555404298799
0.0013089946016198453
0.0023368348238357903
0.0016617188099606666
GEN 112 time 1599115770
0.0014584555404298799
0.0013089946016198453
0.0023368348238357903
0.0016617188099606666
GEN 113 time 1599115774
0.0014584555404298799
0.0013089946016198453
0.0023368348238357903
0.0016385358589111124
GEN 114 time 1599115777
0.0014584555404298799
0.0013089946016198453
0.0023368348238357903
0.0016385358589111124
GEN 115 time 1599115781
0.0014584555404298799
0.0013089946016198453
0.0023368348238357903
0.0016385358589111124
GEN 116 time 1599115784
0.0014584555404298799
0.0013089946016198453
0.0023368348238357903
0.0016385358589111124
GEN 117 time 1599115788
0.0014584555404298799
0.0013089946016198453
0.0023368348238357903
0.0016385358589111124
GEN 118 time 1599115792
0.0014584555404298799
0.0013089946016198453
0.0023368348238357903
0.0016385358589111124
GEN 119 time 1599115795
0.0014584555404298799
0.0013089946016198453
0.0023368348238357903
0.0016385358589111124
GEN 120 time 1599115799
0.0014584555404298799
0.0013089946016198453
0.0023368348238357903
0.0016385358589111124
GEN 121 time 1599115802
0.0014584555404298799
0.0013089946016198453
0.0023368348238357903
0.0016385358589111124
GEN 122 time 1599115806
0.0014584555404298799
0.0013089946016198453
0.0023368348238357903
0.0016385358589111124
GEN 123 time 1599115809
0.0014584555404298799
0.0013089946016198453
0.0023368348238357903
0.0016385358589111124
GEN 124 time 1599115813
0.0014584555404298799
0.0013089946016198453
0.0023368348238357903
0.0016385358589111124
GEN 125 time 1599115816
0.0014584555404298799
0.0013089946016198453
0.0023368348238357903
0.0016385358589111124
GEN 126 time 1599115820
0.0014584555404298799
0.0013089946016198453
0.0023368348238357903
0.0016385358589111124
GEN 127 time 1599115824
0.0014584555404298799
0.0013089946016198453
0.0023368348238357903
0.0016385358589111124
GEN 128 time 1599115827
0.0014584555404298799
0.0013089946016198453
0.0023368348238357903
0.0016385358589111124
GEN 129 time 1599115831
0.0014584555404298799
0.0013089946016198453
0.0023368348238357903
0.0016385358589111124
GEN 130 time 1599115835
0.0014584555404298799
0.0013089946016198453
0.0023368348238357903
0.0016385358589111124
GEN 131 time 1599115839
0.0014584555404298799
0.0013089946016198453
0.0023368348238357903
0.0016385358589111124
GEN 132 time 1599115843
0.0014584555404298799
0.0013089946016198453
0.0023368348238357903
0.0016385358589111124
GEN 133 time 1599115847
0.0014584555404298799
0.0013089946016198453
0.0023368348238357903
0.0016385358589111124
GEN 134 time 1599115851
0.0014584555404298799
0.0013089946016198453
0.0023368348238357903
0.0016385358589111124
GEN 135 time 1599115855
0.0014584555404298799
0.0013089946016198453
0.0023368348238357903
0.0016385358589111124
GEN 136 time 1599115859
0.0014584555404298799
0.0013089946016198453
0.0023368348238357903
0.0016385358589111124
GEN 137 time 1599115863
0.0014584555404298799
0.0013089946016198453
0.0023368348238357903
0.0016385358589111124
GEN 138 time 1599115867
0.0014584555404298799
0.0013089946016198453
0.0023368348238357903
0.0016385358589111124
GEN 139 time 1599115871
0.0014584555404298799
0.0013089946016198453
0.0023368348238357903
0.0016385358589111124
GEN 140 time 1599115875
0.0014584555404298799
0.0013089946016198453
0.0023368348238357903
0.0016385358589111124
GEN 141 time 1599115879
0.0014584555404298799
0.0013089946016198453
0.0023368348238357903
0.0016385358589111124
GEN 142 time 1599115883
0.0014584555404298799
0.0013089946016198453
0.0023368348238357903
0.0016385358589111124
GEN 143 time 1599115887
0.0014584555404298799
0.0013089946016198453
0.0023368348238357903
0.0016385358589111124
GEN 144 time 1599115891
0.0014584555404298799
0.0013089946016198453
0.0023368348238357903
0.0016385358589111124
GEN 145 time 1599115896
0.0014584555404298799
0.0013089946016198453
0.0023368348238357903
0.0016385358589111124
GEN 146 time 1599115900
0.0014584555404298799
0.0013089946016198453
0.0023368348238357903
0.0016385358589111124
GEN 147 time 1599115903
0.0014584555404298799
0.0013089946016198453
0.0023368348238357903
0.0016385358589111124
GEN 148 time 1599115907
0.0014584555404298799
0.0013089946016198453
0.0023368348238357903
0.0016385358589111124
GEN 149 time 1599115911
0.0014584555404298799
0.0013089946016198453
0.0023368348238357903
0.0016385358589111124
GEN 150 time 1599115915
0.0014584555404298799
0.0013089946016198453
0.0023368348238357903
0.0016385358589111124
GEN 151 time 1599115920
0.0014584555404298799
0.0013089946016198453
0.0023368348238357903
0.0016385358589111124
GEN 152 time 1599115925
0.0014584555404298799
0.0013089946016198453
0.0023368348238357903
0.0016385358589111124
GEN 153 time 1599115929
0.0014584555404298799
0.0013089946016198453
0.0023368348238357903
0.0016385358589111124
GEN 154 time 1599115932
0.0014584555404298799
0.0013089946016198453
0.0023368348238357903
0.0016385358589111124
GEN 155 time 1599115936
0.0014584555404298799
0.0013089946016198453
0.0023368348238357903
0.0016385358589111124
GEN 156 time 1599115940
0.0014584555404298799
0.0013089946016198453
0.0023368348238357903
0.0016385358589111124
GEN 157 time 1599115944
0.0014584555404298799
0.0013089946016198453
0.0023368348238357903
0.0016385358589111124
GEN 158 time 1599115948
0.0014584555404298799
0.0013089946016198453
0.0023368348238357903
0.0016385358589111124
GEN 159 time 1599115952
0.0014584555404298799
0.0013089946016198453
0.0023368348238357903
0.0016385358589111124
GEN 160 time 1599115956
0.0014584555404298799
0.0013089946016198453
0.0023368348238357903
0.0016385358589111124
GEN 161 time 1599115960
0.0014584555404298799
0.0013089946016198453
0.0023368348238357903
0.0016196458638104692
GEN 162 time 1599115963
0.0014584555404298799
0.0013089946016198453
0.0023368348238357903
0.001617705258853863
GEN 163 time 1599115967
0.0014584555404298799
0.0013089946016198453
0.0023368348238357903
0.001617705258853863
GEN 164 time 1599115971
0.0014584555404298799
0.0013089946016198453
0.0023368348238357903
0.001617705258853863
GEN 165 time 1599115974
0.0014584555404298799
0.0013089946016198453
0.0023368348238357903
0.001617705258853863
GEN 166 time 1599115978
0.0014584555404298799
0.0013089946016198453
0.0023368348238357903
0.0014766531081632384
GEN 167 time 1599115982
0.0014584555404298799
0.0013089946016198453
0.0023368348238357903
0.0014766531081632384
GEN 168 time 1599115986
0.0014584555404298799
0.0013089946016198453
0.0023368348238357903
0.0014766531081632384
GEN 169 time 1599115990
0.0014584555404298799
0.0013089946016198453
0.0023368348238357903
0.0014766531081632384
GEN 170 time 1599115994
0.0014584555404298799
0.0013089946016198453
0.0023368348238357903
0.0014766531081632384
GEN 171 time 1599115998
0.0014584555404298799
0.0013089946016198453
0.0023368348238357903
0.0014766531081632384
GEN 172 time 1599116001
0.0014584555404298799
0.0013089946016198453
0.0023368348238357903
0.0014766531081632384
GEN 173 time 1599116005
0.0014584555404298799
0.0013089946016198453
0.0023368348238357903
0.0014766531081632384
GEN 174 time 1599116009
0.0014584555404298799
0.0013089946016198453
0.0023368348238357903
0.0014766531081632384
GEN 175 time 1599116013
0.0014584555404298799
0.0013089946016198453
0.0023368348238357903
0.0014766531081632384
GEN 176 time 1599116017
0.0014584555404298799
0.0013089946016198453
0.0023368348238357903
0.0014766531081632384
GEN 177 time 1599116021
0.0014584555404298799
0.0013089946016198453
0.0023368348238357903
0.0014766531081632384
GEN 178 time 1599116025
0.0014584555404298799
0.0013089946016198453
0.0023368348238357903
0.0014766531081632384
GEN 179 time 1599116029
0.0014584555404298799
0.0013089946016198453
0.0023368348238357903
0.0014766531081632384
GEN 180 time 1599116033
0.0014584555404298799
0.0013089946016198453
0.0023368348238357903
0.0014766531081632384
GEN 181 time 1599116036
0.0014584555404298799
0.0013089946016198453
0.0023368348238357903
0.0014766531081632384
GEN 182 time 1599116040
0.0014584555404298799
0.0013089946016198453
0.0023368348238357903
0.0014766531081632384
GEN 183 time 1599116044
0.0014584555404298799
0.0013089946016198453
0.0023368348238357903
0.0014766531081632384
GEN 184 time 1599116048
0.0014584555404298799
0.0013089946016198453
0.0023368348238357903
0.0014766531081632384
GEN 185 time 1599116052
0.0014584555404298799
0.0013089946016198453
0.0023368348238357903
0.0014766531081632384
GEN 186 time 1599116055
0.0014584555404298799
0.0013089946016198453
0.0023368348238357903
0.0014766531081632384
GEN 187 time 1599116059
0.0014584555404298799
0.0013089946016198453
0.0023368348238357903
0.0014766531081632384
GEN 188 time 1599116063
0.0014584555404298799
0.0013089946016198453
0.0023368348238357903
0.0014766531081632384
GEN 189 time 1599116066
0.0014584555404298799
0.0013089946016198453
0.0023368348238357903
0.0014766531081632384
GEN 190 time 1599116070
0.0014584555404298799
0.0013089946016198453
0.0023368348238357903
0.0014766531081632384
GEN 191 time 1599116074
0.0014584555404298799
0.0013089946016198453
0.0023368348238357903
0.0014766531081632384
GEN 192 time 1599116078
0.0014584555404298799
0.0013089946016198453
0.0023368348238357903
0.0014766531081632384
GEN 193 time 1599116082
0.0014584555404298799
0.0013089946016198453
0.0023368348238357903
0.0014766531081632384
GEN 194 time 1599116086
0.0014584555404298799
0.0013089946016198453
0.0023368348238357903
0.0014766531081632384
GEN 195 time 1599116089
0.0014584555404298799
0.0013089946016198453
0.0023368348238357903
0.0014766531081632384
GEN 196 time 1599116093
0.0014584555404298799
0.0013089946016198453
0.0023368348238357903
0.0014766531081632384
GEN 197 time 1599116097
0.0014584555404298799
0.0013089946016198453
0.0023368348238357903
0.0014766531081632384
GEN 198 time 1599116102
0.0014584555404298799
0.0013089946016198453
0.0023368348238357903
0.0014766531081632384
GEN 199 time 1599116106
0.0014584555404298799
0.0013089946016198453
0.0023368348238357903
0.0014766531081632384
