['./data/small/layer/uu-dem3_r25_1.json', './data/small/layer/uu-dem5_r25_1.json', './data/small/layer/uu-dem6_r25_1.json', './data/small/hop/uu-dem5_r25_1_0.json', './data/small/hop/uu-dem3_r25_1_0.json', './data/small/hop/uu-dem2_r25_1_0.json']
GEN 0 time 1599156256
0.0017058410808370235
inf
0.0021248641222782606
0.002636540949557977
0.0023958820934890136
0.002075050442703075
GEN 1 time 1599156258
0.0017058410808370235
inf
0.0021248641222782606
0.002236500949557977
0.0023958820934890136
0.002070535203534555
GEN 2 time 1599156261
0.0017058410808370235
inf
0.0019970031600981737
0.002236500949557977
0.0023893840607822087
0.002070535203534555
GEN 3 time 1599156263
0.0017058410808370235
inf
0.0019675015642996083
0.0021679627593701465
0.002333053339553175
0.002057422331340485
GEN 4 time 1599156266
0.0017058410808370235
inf
0.001796983160098174
0.0021679627593701465
0.002333053339553175
0.0017526150202249687
GEN 5 time 1599156269
0.0017058410808370235
inf
0.0017669009947228053
0.0021679627593701465
0.002333053339553175
0.0017526150202249687
GEN 6 time 1599156272
0.0017058410808370235
inf
0.0017669009947228053
0.0018558651694694677
0.002333053339553175
0.0017526150202249687
GEN 7 time 1599156275
0.0017058410808370235
inf
0.0017484773311283294
0.0018558651694694677
0.002325733847227675
0.0017526150202249687
GEN 8 time 1599156278
0.0017058410808370235
inf
0.001596963160098174
0.0018558651694694677
0.0021958620934890137
0.0017526150202249687
GEN 9 time 1599156281
0.0017058410808370235
inf
0.001596963160098174
0.0018558651694694677
0.002144971253406337
0.0017526150202249687
GEN 10 time 1599156285
0.0017058410808370235
inf
0.001596963160098174
0.0018558651694694677
0.002144971253406337
0.0017526150202249687
GEN 11 time 1599156288
0.0017058410808370235
inf
0.001596963160098174
0.0018558651694694677
0.0021384286390447086
0.0017526150202249687
GEN 12 time 1599156292
0.0017058410808370235
0.002191164823506423
0.001596963160098174
0.0018558651694694677
0.0021384286390447086
0.0017526150202249687
GEN 13 time 1599156295
0.0017058410808370235
0.002191164823506423
0.001596963160098174
0.0018558651694694677
0.0021384286390447086
0.0017526150202249687
GEN 14 time 1599156299
0.0017058410808370235
0.002191164823506423
0.001596963160098174
0.0018558651694694677
0.0021384286390447086
0.0017526150202249687
GEN 15 time 1599156302
0.0017058410808370235
0.002191164823506423
0.001596963160098174
0.0018558651694694677
0.0021384286390447086
0.0017526150202249687
GEN 16 time 1599156307
0.0017058410808370235
0.002191164823506423
0.001596963160098174
0.0018558651694694677
0.0021384286390447086
0.0017526150202249687
GEN 17 time 1599156310
0.0017058410808370235
0.002191164823506423
0.001596963160098174
0.0018558651694694677
0.0021384286390447086
0.0017526150202249687
GEN 18 time 1599156313
0.0017058410808370235
0.002191164823506423
0.001596963160098174
0.0018558651694694677
0.0021219927830798137
0.0017526150202249687
GEN 19 time 1599156317
0.0017058410808370235
0.002191164823506423
0.001596963160098174
0.0018558651694694677
0.0021219927830798137
0.0017526150202249687
GEN 20 time 1599156320
0.0017058410808370235
0.002191164823506423
0.001596963160098174
0.0018558651694694677
0.0021219927830798137
0.0017526150202249687
GEN 21 time 1599156323
0.0017058410808370235
0.002191164823506423
0.001596963160098174
0.0018558651694694677
0.0021219927830798137
0.0017526150202249687
GEN 22 time 1599156327
0.0017058410808370235
0.002191164823506423
0.001596963160098174
0.0018558651694694677
0.0021219927830798137
0.0017526150202249687
GEN 23 time 1599156330
0.0017058410808370235
0.002191164823506423
0.001596963160098174
0.0018558651694694677
0.0021219927830798137
0.0017526150202249687
GEN 24 time 1599156334
0.0017058410808370235
0.002191164823506423
0.001596963160098174
0.0018558651694694677
0.0021219927830798137
0.0017526150202249687
GEN 25 time 1599156337
0.0017058410808370235
0.002191164823506423
0.001596963160098174
0.0018558651694694677
0.0021219927830798137
0.0017526150202249687
GEN 26 time 1599156340
0.0017058410808370235
0.002191164823506423
0.001596963160098174
0.0018558651694694677
0.0021219927830798137
0.0017526150202249687
GEN 27 time 1599156344
0.0017058410808370235
0.002191164823506423
0.001596963160098174
0.0018558651694694677
0.0021219927830798137
0.0016776982359919751
GEN 28 time 1599156347
0.0017058410808370235
0.002191164823506423
0.001596963160098174
0.0018558651694694677
0.001989344060782209
0.0016776982359919751
GEN 29 time 1599156351
0.0017058410808370235
0.002191164823506423
0.001596963160098174
0.0018558651694694677
0.001989344060782209
0.0016776982359919751
GEN 30 time 1599156355
0.0017058410808370235
0.002191164823506423
0.001596963160098174
0.0018558651694694677
0.001989344060782209
0.0016776982359919751
GEN 31 time 1599156359
0.0017058410808370235
0.002191164823506423
0.001596963160098174
0.0018558651694694677
0.001989344060782209
0.0016776982359919751
GEN 32 time 1599156363
0.0017058410808370235
0.002191164823506423
0.001596963160098174
0.0018558651694694677
0.001989344060782209
0.0016776982359919751
GEN 33 time 1599156366
0.0017058410808370235
0.002191164823506423
0.001596963160098174
0.0018558651694694677
0.001989344060782209
0.0016776982359919751
GEN 34 time 1599156369
0.0017058410808370235
0.002191164823506423
0.001596963160098174
0.0018558651694694677
0.001989344060782209
0.0016776982359919751
GEN 35 time 1599156373
0.0017058410808370235
0.002191164823506423
0.001596963160098174
0.0018558651694694677
0.001989344060782209
0.0016776982359919751
GEN 36 time 1599156376
0.0017058410808370235
0.002191164823506423
0.001596963160098174
0.0018558651694694677
0.001989344060782209
0.0016776982359919751
GEN 37 time 1599156380
0.0017058410808370235
0.002191164823506423
0.001596963160098174
0.0018558651694694677
0.001989344060782209
0.0016776982359919751
GEN 38 time 1599156384
0.0017058410808370235
0.002191164823506423
0.001596963160098174
0.0018558651694694677
0.001989344060782209
0.0016776982359919751
GEN 39 time 1599156387
0.0017058410808370235
0.002191164823506423
0.001596963160098174
0.0018558651694694677
0.001989344060782209
0.0016776982359919751
GEN 40 time 1599156390
0.0017058410808370235
0.002191164823506423
0.001596963160098174
0.0018558651694694677
0.001989344060782209
0.0016776982359919751
GEN 41 time 1599156394
0.0017058410808370235
0.002191164823506423
0.001596963160098174
0.0018558651694694677
0.001989344060782209
0.0016776982359919751
GEN 42 time 1599156397
0.0017058410808370235
0.002191164823506423
0.001596963160098174
0.0018558651694694677
0.001989344060782209
0.0016776982359919751
GEN 43 time 1599156401
0.0017058410808370235
0.002191164823506423
0.001596963160098174
0.0018558651694694677
0.0019177167847905501
0.0016776982359919751
GEN 44 time 1599156404
0.0017058410808370235
0.002191164823506423
0.001596963160098174
0.0018558651694694677
0.0019177167847905501
0.0016776982359919751
GEN 45 time 1599156408
0.0017058410808370235
0.002191164823506423
0.001596963160098174
0.0018558651694694677
0.0019177167847905501
0.0016776982359919751
GEN 46 time 1599156411
0.0017058410808370235
0.002191164823506423
0.001596963160098174
0.0018558651694694677
0.0019177167847905501
0.0016776982359919751
GEN 47 time 1599156415
0.0017058410808370235
0.002191164823506423
0.001596963160098174
0.0018558651694694677
0.0019177167847905501
0.0016776982359919751
GEN 48 time 1599156419
0.0017058410808370235
0.002191164823506423
0.001596963160098174
0.0018558651694694677
0.0019177167847905501
0.0016776982359919751
GEN 49 time 1599156423
0.0017058410808370235
0.002191164823506423
0.001596963160098174
0.0018558651694694677
0.0019177167847905501
0.0016776982359919751
GEN 50 time 1599156427
0.0017058410808370235
0.002191164823506423
0.001596963160098174
0.0018558651694694677
0.0019177167847905501
0.0016776982359919751
GEN 51 time 1599156431
0.0017058410808370235
0.002191164823506423
0.001596963160098174
0.0018558651694694677
0.0019177167847905501
0.001570454881189182
GEN 52 time 1599156436
0.0017058410808370235
0.002191164823506423
0.001596963160098174
0.0018558651694694677
0.0019177167847905501
0.001570454881189182
GEN 53 time 1599156441
0.0017058410808370235
0.002191164823506423
0.001596963160098174
0.0018558651694694677
0.0017893240607822088
0.001570454881189182
GEN 54 time 1599156445
0.0017058410808370235
0.002191164823506423
0.001596963160098174
0.0018558651694694677
0.0017893240607822088
0.001570454881189182
GEN 55 time 1599156449
0.0017058410808370235
0.002191164823506423
0.001596963160098174
0.0018558651694694677
0.0017893240607822088
0.001570454881189182
GEN 56 time 1599156453
0.0017058410808370235
0.002191164823506423
0.001596963160098174
0.0018558651694694677
0.0017893240607822088
0.001570454881189182
GEN 57 time 1599156457
0.0017058410808370235
0.002191164823506423
0.001596963160098174
0.0018558651694694677
0.0017893240607822088
0.001570454881189182
GEN 58 time 1599156461
0.0017058410808370235
0.002191164823506423
0.001596963160098174
0.0018558651694694677
0.0017893240607822088
0.001570454881189182
GEN 59 time 1599156465
0.0017058410808370235
0.002191164823506423
0.001596963160098174
0.0018558651694694677
0.0017893240607822088
0.001570454881189182
GEN 60 time 1599156469
0.0017058410808370235
0.002191164823506423
0.001596963160098174
0.0018558651694694677
0.0017893240607822088
0.001570454881189182
GEN 61 time 1599156473
0.0017058410808370235
0.002191164823506423
0.001596963160098174
0.0018558651694694677
0.0017893240607822088
0.001570454881189182
GEN 62 time 1599156477
0.0017058410808370235
0.002191164823506423
0.001596963160098174
0.0018558651694694677
0.0017893240607822088
0.001570454881189182
GEN 63 time 1599156481
0.0017058410808370235
0.002191164823506423
0.001596963160098174
0.0018558651694694677
0.0017893240607822088
0.001570454881189182
GEN 64 time 1599156485
0.0017058410808370235
0.002191164823506423
0.001596963160098174
0.0018558651694694677
0.0017256738472276752
0.001570454881189182
GEN 65 time 1599156490
0.0017058410808370235
0.002191164823506423
0.001596963160098174
0.0018558651694694677
0.0017256738472276752
0.001570454881189182
GEN 66 time 1599156494
0.0017058410808370235
0.002191164823506423
0.001596963160098174
0.0018558651694694677
0.0017256738472276752
0.0015466012217319755
GEN 67 time 1599156499
0.0017058410808370235
0.002191164823506423
0.001596963160098174
0.0018558651694694677
0.0017256738472276752
0.0015466012217319755
GEN 68 time 1599156503
0.0017058410808370235
0.002191164823506423
0.001596963160098174
0.0018558651694694677
0.0017256738472276752
0.0015466012217319755
GEN 69 time 1599156507
0.0017058410808370235
0.002191164823506423
0.001596963160098174
0.0018558651694694677
0.0017256738472276752
0.0015466012217319755
GEN 70 time 1599156512
0.0017058410808370235
0.002191164823506423
0.001596963160098174
0.0018558651694694677
0.0017256738472276752
0.0015466012217319755
GEN 71 time 1599156516
0.0017058410808370235
0.002191164823506423
0.001596963160098174
0.0018558651694694677
0.0017256738472276752
0.0015466012217319755
GEN 72 time 1599156520
0.0017058410808370235
0.002191164823506423
0.001596963160098174
0.0018558651694694677
0.0017256738472276752
0.0015466012217319755
GEN 73 time 1599156525
0.0017058410808370235
0.002191164823506423
0.001596963160098174
0.0018558651694694677
0.0017256738472276752
0.0015466012217319755
GEN 74 time 1599156529
0.0017058410808370235
0.002191164823506423
0.001596963160098174
0.0018558651694694677
0.0017256738472276752
0.0015466012217319755
GEN 75 time 1599156534
0.0017058410808370235
0.002191164823506423
0.001596963160098174
0.0018558651694694677
0.0017256738472276752
0.0015466012217319755
GEN 76 time 1599156538
0.0017058410808370235
0.002191164823506423
0.001596963160098174
0.0018558651694694677
0.0017256738472276752
0.0015466012217319755
GEN 77 time 1599156543
0.0017058410808370235
0.002191164823506423
0.001596963160098174
0.0018558651694694677
0.0017256738472276752
0.0014929129109742438
GEN 78 time 1599156547
0.0017058410808370235
0.002191164823506423
0.001596963160098174
0.0018558651694694677
0.0017256738472276752
0.0014929129109742438
GEN 79 time 1599156552
0.0017058410808370235
0.002191164823506423
0.001596963160098174
0.0018558651694694677
0.0017256738472276752
0.0014929129109742438
GEN 80 time 1599156556
0.0017058410808370235
0.002191164823506423
0.001596963160098174
0.0018558651694694677
0.0017256738472276752
0.0014929129109742438
GEN 81 time 1599156561
0.0017058410808370235
0.002191164823506423
0.001596963160098174
0.0018558651694694677
0.0017256738472276752
0.0014929129109742438
GEN 82 time 1599156565
0.0017058410808370235
0.002191164823506423
0.001596963160098174
0.0018558651694694677
0.0017256738472276752
0.0014929129109742438
GEN 83 time 1599156570
0.0017058410808370235
0.002191164823506423
0.001596963160098174
0.0018558651694694677
0.0017256738472276752
0.0014929129109742438
GEN 84 time 1599156574
0.0017058410808370235
0.002191164823506423
0.001596963160098174
0.0018558651694694677
0.0017256738472276752
0.0014929129109742438
GEN 85 time 1599156579
0.0017058410808370235
0.002191164823506423
0.001596963160098174
0.0018558651694694677
0.0017256738472276752
0.0014929129109742438
GEN 86 time 1599156584
0.0017058410808370235
0.002191164823506423
0.001596963160098174
0.0018558651694694677
0.0017256738472276752
0.0014929129109742438
GEN 87 time 1599156588
0.0017058410808370235
0.002191164823506423
0.001596963160098174
0.0018558651694694677
0.0017256738472276752
0.0014929129109742438
GEN 88 time 1599156593
0.0017058410808370235
0.002191164823506423
0.001596963160098174
0.0018558651694694677
0.0017256738472276752
0.0014929129109742438
GEN 89 time 1599156597
0.0017058410808370235
0.002191164823506423
0.001596963160098174
0.0018558651694694677
0.0017256738472276752
0.0014929129109742438
GEN 90 time 1599156602
0.0017058410808370235
0.002191164823506423
0.001596963160098174
0.0018558651694694677
0.0017256738472276752
0.0014929129109742438
GEN 91 time 1599156607
0.0017058410808370235
0.002191164823506423
0.001596963160098174
0.0018558651694694677
0.0017256738472276752
0.0014929129109742438
GEN 92 time 1599156611
0.0017058410808370235
0.002191164823506423
0.001596963160098174
0.0018558651694694677
0.0017256738472276752
0.0014929129109742438
GEN 93 time 1599156616
0.0017058410808370235
0.002191164823506423
0.001596963160098174
0.0018558651694694677
0.0017256738472276752
0.0014929129109742438
GEN 94 time 1599156620
0.0017058410808370235
0.002191164823506423
0.001596963160098174
0.0018558651694694677
0.0017256738472276752
0.0014929129109742438
GEN 95 time 1599156625
0.0017058410808370235
0.002191164823506423
0.001596963160098174
0.0018558651694694677
0.0017256738472276752
0.0014929129109742438
GEN 96 time 1599156630
0.0017058410808370235
0.002191164823506423
0.001596963160098174
0.0018558651694694677
0.0017256738472276752
0.0014929129109742438
GEN 97 time 1599156634
0.0017058410808370235
0.002191164823506423
0.001596963160098174
0.0018558651694694677
0.0017256738472276752
0.0014929129109742438
GEN 98 time 1599156639
0.0017058410808370235
0.002191164823506423
0.001596963160098174
0.0018558651694694677
0.0017256738472276752
0.0014929129109742438
GEN 99 time 1599156643
0.0017058410808370235
0.002191164823506423
0.001596963160098174
0.0018558651694694677
0.0017256738472276752
0.0014929129109742438
GEN 100 time 1599156648
0.0017058410808370235
0.002191164823506423
0.001596963160098174
0.0018558651694694677
0.0017256738472276752
0.0014929129109742438
GEN 101 time 1599156652
0.0017058410808370235
0.002191164823506423
0.001596963160098174
0.0018558651694694677
0.0017256738472276752
0.0014929129109742438
GEN 102 time 1599156657
0.0017058410808370235
0.002191164823506423
0.001596963160098174
0.0018558651694694677
0.0017256738472276752
0.0014929129109742438
GEN 103 time 1599156661
0.0017058410808370235
0.002191164823506423
0.001596963160098174
0.0018558651694694677
0.0017256738472276752
0.0014929129109742438
GEN 104 time 1599156666
0.0017058410808370235
0.002191164823506423
0.001596963160098174
0.0018558651694694677
0.0017256738472276752
0.0014929129109742438
GEN 105 time 1599156670
0.0017058410808370235
0.002191164823506423
0.001596963160098174
0.0018558651694694677
0.0017256738472276752
0.0014929129109742438
GEN 106 time 1599156675
0.0017058410808370235
0.002191164823506423
0.001596963160098174
0.0018558651694694677
0.0017256738472276752
0.0014929129109742438
GEN 107 time 1599156680
0.0017058410808370235
0.002191164823506423
0.001596963160098174
0.0018558651694694677
0.0017256738472276752
0.0014929129109742438
GEN 108 time 1599156684
0.0017058410808370235
0.002191164823506423
0.001596963160098174
0.0018558651694694677
0.0017256738472276752
0.0014929129109742438
GEN 109 time 1599156689
0.0017058410808370235
0.002191164823506423
0.001596963160098174
0.0018558651694694677
0.0017256738472276752
0.0014929129109742438
GEN 110 time 1599156693
0.0017058410808370235
0.002191164823506423
0.001596963160098174
0.0018558651694694677
0.0017256738472276752
0.0014929129109742438
GEN 111 time 1599156697
0.0017058410808370235
0.002191164823506423
0.001596963160098174
0.0018558651694694677
0.0017256738472276752
0.0014929129109742438
GEN 112 time 1599156702
0.0017058410808370235
0.002191164823506423
0.001596963160098174
0.0018558651694694677
0.0017256738472276752
0.0014929129109742438
GEN 113 time 1599156707
0.0017058410808370235
0.002191164823506423
0.001596963160098174
0.0018558651694694677
0.0017256738472276752
0.0014929129109742438
GEN 114 time 1599156711
0.0017058410808370235
0.002191164823506423
0.001596963160098174
0.0018558651694694677
0.0017256738472276752
0.0014807542924846991
GEN 115 time 1599156715
0.0017058410808370235
0.002191164823506423
0.001596963160098174
0.0018558651694694677
0.0017256738472276752
0.0014807542924846991
GEN 116 time 1599156720
0.0017058410808370235
0.002191164823506423
0.001596963160098174
0.0018558651694694677
0.0017256738472276752
0.0014807542924846991
GEN 117 time 1599156725
0.0017058410808370235
0.002191164823506423
0.001596963160098174
0.0018558651694694677
0.0017256738472276752
0.0014807542924846991
GEN 118 time 1599156729
0.0017058410808370235
0.002191164823506423
0.001596963160098174
0.0018558651694694677
0.0017256738472276752
0.0014573623313404852
GEN 119 time 1599156733
0.0017058410808370235
0.002191164823506423
0.001596963160098174
0.0018558651694694677
0.0017256738472276752
0.0014573623313404852
GEN 120 time 1599156738
0.0017058410808370235
0.002191164823506423
0.001596963160098174
0.0018558651694694677
0.0017256738472276752
0.0014573623313404852
GEN 121 time 1599156742
0.0017058410808370235
0.002191164823506423
0.001596963160098174
0.0018558651694694677
0.0017256738472276752
0.0014573623313404852
GEN 122 time 1599156747
0.0017058410808370235
0.002191164823506423
0.001596963160098174
0.0018558651694694677
0.0017256738472276752
0.0014573623313404852
GEN 123 time 1599156751
0.0017058410808370235
0.002191164823506423
0.001596963160098174
0.0018558651694694677
0.0017256738472276752
0.0014573623313404852
GEN 124 time 1599156756
0.0017058410808370235
0.002191164823506423
0.001596963160098174
0.0018558651694694677
0.0017256738472276752
0.0014573623313404852
GEN 125 time 1599156760
0.0017058410808370235
0.002191164823506423
0.001596963160098174
0.0018558651694694677
0.0017256738472276752
0.0014573623313404852
GEN 126 time 1599156765
0.0017058410808370235
0.002191164823506423
0.001596963160098174
0.0018558651694694677
0.0017256738472276752
0.0014573623313404852
GEN 127 time 1599156769
0.0017058410808370235
0.002191164823506423
0.001596963160098174
0.0018558651694694677
0.0017256738472276752
0.0014573623313404852
GEN 128 time 1599156774
0.0017058410808370235
0.002191164823506423
0.001596963160098174
0.0018558651694694677
0.0017256738472276752
0.0014573623313404852
GEN 129 time 1599156778
0.0017058410808370235
0.002191164823506423
0.001596963160098174
0.0018558651694694677
0.0017256738472276752
0.0014573623313404852
GEN 130 time 1599156782
0.0017058410808370235
0.002191164823506423
0.001596963160098174
0.0018558651694694677
0.0017256738472276752
0.0014573623313404852
GEN 131 time 1599156787
0.0017058410808370235
0.002191164823506423
0.001596963160098174
0.0018558651694694677
0.0017256738472276752
0.0014573623313404852
GEN 132 time 1599156791
0.0017058410808370235
0.002191164823506423
0.001596963160098174
0.0018558651694694677
0.0017256738472276752
0.0014573623313404852
GEN 133 time 1599156796
0.0017058410808370235
0.002191164823506423
0.001596963160098174
0.0018558651694694677
0.0017256738472276752
0.0014573623313404852
GEN 134 time 1599156800
0.0017058410808370235
0.002191164823506423
0.001596963160098174
0.0018558651694694677
0.0017256738472276752
0.0014573623313404852
GEN 135 time 1599156804
0.0017058410808370235
0.002191164823506423
0.001596963160098174
0.0018558651694694677
0.0017256738472276752
0.0014573623313404852
GEN 136 time 1599156809
0.0017058410808370235
0.002191164823506423
0.001596963160098174
0.0018558651694694677
0.0017256738472276752
0.0014573623313404852
GEN 137 time 1599156813
0.0017058410808370235
0.002191164823506423
0.001596963160098174
0.0018558651694694677
0.0017256738472276752
0.0014573623313404852
GEN 138 time 1599156818
0.0017058410808370235
0.002191164823506423
0.001596963160098174
0.0018558651694694677
0.0017256738472276752
0.0014573623313404852
GEN 139 time 1599156823
0.0017058410808370235
0.002191164823506423
0.001596963160098174
0.0018558651694694677
0.0017256738472276752
0.0014573623313404852
GEN 140 time 1599156827
0.0017058410808370235
0.002191164823506423
0.001596963160098174
0.0018558651694694677
0.0017256738472276752
0.0014573623313404852
GEN 141 time 1599156832
0.0017058410808370235
0.002191164823506423
0.001596963160098174
0.0018558651694694677
0.0017256738472276752
0.0014573623313404852
GEN 142 time 1599156836
0.0017058410808370235
0.002191164823506423
0.001596963160098174
0.0018558651694694677
0.0017256738472276752
0.0014573623313404852
GEN 143 time 1599156841
0.0017058410808370235
0.002191164823506423
0.001596963160098174
0.0018558651694694677
0.0017256738472276752
0.0014573623313404852
GEN 144 time 1599156846
0.0017058410808370235
0.002191164823506423
0.001596963160098174
0.0018558651694694677
0.0017256738472276752
0.0014573623313404852
GEN 145 time 1599156850
0.0017058410808370235
0.002191164823506423
0.001596963160098174
0.0018558651694694677
0.0017256738472276752
0.0014573623313404852
GEN 146 time 1599156855
0.0017058410808370235
0.002191164823506423
0.001596963160098174
0.0018558651694694677
0.0017256738472276752
0.0014573623313404852
GEN 147 time 1599156860
0.0017058410808370235
0.002191164823506423
0.001596963160098174
0.0018558651694694677
0.0017256738472276752
0.0014212324832663797
GEN 148 time 1599156865
0.0017058410808370235
0.002191164823506423
0.001596963160098174
0.0018558651694694677
0.0017256738472276752
0.0014212324832663797
GEN 149 time 1599156869
0.0017058410808370235
0.002191164823506423
0.001596963160098174
0.0018558651694694677
0.0017256738472276752
0.0014212324832663797
GEN 150 time 1599156874
0.0017058410808370235
0.002191164823506423
0.001596963160098174
0.0018558651694694677
0.0017256738472276752
0.0014212324832663797
GEN 151 time 1599156879
0.0017058410808370235
0.002191164823506423
0.001596963160098174
0.0018558651694694677
0.0017256738472276752
0.0014212324832663797
GEN 152 time 1599156884
0.0017058410808370235
0.002191164823506423
0.001596963160098174
0.0018558651694694677
0.0017256738472276752
0.0014212324832663797
GEN 153 time 1599156888
0.0017058410808370235
0.002191164823506423
0.001596963160098174
0.0018558651694694677
0.0017256738472276752
0.0014212324832663797
GEN 154 time 1599156893
0.0017058410808370235
0.002191164823506423
0.001596963160098174
0.0018558651694694677
0.0017256738472276752
0.0014212324832663797
GEN 155 time 1599156898
0.0017058410808370235
0.002191164823506423
0.001596963160098174
0.0018558651694694677
0.0017256738472276752
0.0014212324832663797
GEN 156 time 1599156903
0.0017058410808370235
0.002191164823506423
0.001596963160098174
0.0018558651694694677
0.0017256738472276752
0.0014212324832663797
GEN 157 time 1599156908
0.0017058410808370235
0.002191164823506423
0.001596963160098174
0.0018558651694694677
0.0017256738472276752
0.0014212324832663797
GEN 158 time 1599156913
0.0017058410808370235
0.002191164823506423
0.001596963160098174
0.0018558651694694677
0.0017256738472276752
0.0014212324832663797
GEN 159 time 1599156918
0.0017058410808370235
0.002191164823506423
0.001596963160098174
0.0018558651694694677
0.0017256738472276752
0.0014212324832663797
GEN 160 time 1599156923
0.0017058410808370235
0.002191164823506423
0.001596963160098174
0.0018558651694694677
0.0017256738472276752
0.0014212324832663797
GEN 161 time 1599156927
0.0017058410808370235
0.002191164823506423
0.001596963160098174
0.0018558651694694677
0.0017256738472276752
0.0014212324832663797
GEN 162 time 1599156932
0.0017058410808370235
0.002191164823506423
0.001596963160098174
0.0018558651694694677
0.0017256738472276752
0.0014212324832663797
GEN 163 time 1599156937
0.0017058410808370235
0.002191164823506423
0.001596963160098174
0.0018558651694694677
0.0017256738472276752
0.0014212324832663797
GEN 164 time 1599156942
0.0017058410808370235
0.002191164823506423
0.001596963160098174
0.0018558651694694677
0.0017256738472276752
0.0014212324832663797
GEN 165 time 1599156947
0.0017058410808370235
0.002191164823506423
0.001596963160098174
0.0018558651694694677
0.0017256738472276752
0.0014212324832663797
GEN 166 time 1599156952
0.0017058410808370235
0.002191164823506423
0.001596963160098174
0.0018558651694694677
0.0017256738472276752
0.0014212324832663797
GEN 167 time 1599156957
0.0017058410808370235
0.002191164823506423
0.001596963160098174
0.0018558651694694677
0.0017256738472276752
0.0014212324832663797
GEN 168 time 1599156962
0.0017058410808370235
0.002191164823506423
0.001596963160098174
0.0018558651694694677
0.0017256738472276752
0.0014212324832663797
GEN 169 time 1599156966
0.0017058410808370235
0.002191164823506423
0.001596963160098174
0.0018558651694694677
0.0017256738472276752
0.0014212324832663797
GEN 170 time 1599156971
0.0017058410808370235
0.002191164823506423
0.001596963160098174
0.0018558651694694677
0.0017256738472276752
0.0014212324832663797
GEN 171 time 1599156976
0.0017058410808370235
0.002191164823506423
0.001596963160098174
0.0018558651694694677
0.0017256738472276752
0.0014212324832663797
GEN 172 time 1599156981
0.0017058410808370235
0.002191164823506423
0.001596963160098174
0.0018558651694694677
0.0017256738472276752
0.0014212324832663797
GEN 173 time 1599156985
0.0017058410808370235
0.002191164823506423
0.001596963160098174
0.0018558651694694677
0.0017256738472276752
0.0014212324832663797
GEN 174 time 1599156990
0.0017058410808370235
0.002191164823506423
0.001596963160098174
0.0018558651694694677
0.0017256738472276752
0.0014212324832663797
GEN 175 time 1599156995
0.0017058410808370235
0.002191164823506423
0.001596963160098174
0.0018558651694694677
0.0017256738472276752
0.0014212324832663797
GEN 176 time 1599157000
0.0017058410808370235
0.002191164823506423
0.001596963160098174
0.0018558651694694677
0.0017256738472276752
0.0014212324832663797
GEN 177 time 1599157004
0.0017058410808370235
0.002191164823506423
0.001596963160098174
0.0018558651694694677
0.0017256738472276752
0.0014212324832663797
GEN 178 time 1599157009
0.0017058410808370235
0.002191164823506423
0.001596963160098174
0.0018558651694694677
0.0017256738472276752
0.0014212324832663797
GEN 179 time 1599157014
0.0017058410808370235
0.002191164823506423
0.001596963160098174
0.0018558651694694677
0.0017256738472276752
0.0014212324832663797
GEN 180 time 1599157019
0.0017058410808370235
0.002191164823506423
0.001596963160098174
0.0018558651694694677
0.0017256738472276752
0.0014212324832663797
GEN 181 time 1599157024
0.0017058410808370235
0.002191164823506423
0.001596963160098174
0.0018558651694694677
0.0017256738472276752
0.0014212324832663797
GEN 182 time 1599157028
0.0017058410808370235
0.002191164823506423
0.001596963160098174
0.0018558651694694677
0.0017256738472276752
0.0014212324832663797
GEN 183 time 1599157033
0.0017058410808370235
0.002191164823506423
0.001596963160098174
0.0018558651694694677
0.0017256738472276752
0.0014212324832663797
GEN 184 time 1599157038
0.0017058410808370235
0.002191164823506423
0.001596963160098174
0.0018558651694694677
0.0017256738472276752
0.0014212324832663797
GEN 185 time 1599157043
0.0017058410808370235
0.002191164823506423
0.001596963160098174
0.0018558651694694677
0.0017256738472276752
0.0014212324832663797
GEN 186 time 1599157048
0.0017058410808370235
0.002191164823506423
0.001596963160098174
0.0018558651694694677
0.0017256738472276752
0.0014212324832663797
GEN 187 time 1599157053
0.0017058410808370235
0.002191164823506423
0.001596963160098174
0.0018558651694694677
0.0017256738472276752
0.0014212324832663797
GEN 188 time 1599157058
0.0017058410808370235
0.002191164823506423
0.001596963160098174
0.0018558651694694677
0.0017256738472276752
0.0014212324832663797
GEN 189 time 1599157063
0.0017058410808370235
0.002191164823506423
0.001596963160098174
0.0018558651694694677
0.0017256738472276752
0.0014212324832663797
GEN 190 time 1599157068
0.0017058410808370235
0.002191164823506423
0.001596963160098174
0.0018558651694694677
0.0017256738472276752
0.0014212324832663797
GEN 191 time 1599157073
0.0017058410808370235
0.002191164823506423
0.001596963160098174
0.0018558651694694677
0.0017256738472276752
0.0014212324832663797
GEN 192 time 1599157078
0.0017058410808370235
0.002191164823506423
0.001596963160098174
0.0018558651694694677
0.0017256738472276752
0.0014212324832663797
GEN 193 time 1599157082
0.0017058410808370235
0.002191164823506423
0.001596963160098174
0.0018558651694694677
0.0017256738472276752
0.0014212324832663797
GEN 194 time 1599157087
0.0017058410808370235
0.002191164823506423
0.001596963160098174
0.0018558651694694677
0.0017256738472276752
0.0014212324832663797
GEN 195 time 1599157092
0.0017058410808370235
0.002191164823506423
0.001596963160098174
0.0018558651694694677
0.0017256738472276752
0.0014212324832663797
GEN 196 time 1599157097
0.0017058410808370235
0.002191164823506423
0.001596963160098174
0.0018558651694694677
0.0017256738472276752
0.0014212324832663797
GEN 197 time 1599157102
0.0017058410808370235
0.002191164823506423
0.001596963160098174
0.0018558651694694677
0.0017256738472276752
0.0014212324832663797
GEN 198 time 1599157107
0.0017058410808370235
0.002191164823506423
0.001596963160098174
0.0018558651694694677
0.0017256738472276752
0.0014212324832663797
GEN 199 time 1599157112
0.0017058410808370235
0.002191164823506423
0.001596963160098174
0.0018558651694694677
0.0017256738472276752
0.0014212324832663797
