['./data/small/layer/uu-dem7_r25_1.json', './data/small/layer/uu-dem4_r25_1.json', './data/small/layer/uu-dem2_r25_1.json', './data/small/hop/uu-dem7_r25_1_0.json', './data/small/hop/uu-dem3_r25_1_0.json', './data/small/hop/uu-dem2_r25_1_0.json']
GEN 0 time 1599157030
0.0023368348238357903
0.0015532725531838558
0.001561085432213952
0.0019537519459436126
0.0022714870855257844
0.0019704948811891817
GEN 1 time 1599157033
0.0023368348238357903
0.0015532725531838558
0.001561085432213952
0.0018905690877899953
0.0022714870855257844
0.0019704948811891817
GEN 2 time 1599157036
0.0023368348238357903
0.0015532725531838558
0.0014152176981619103
0.0018905690877899953
0.0021384286390447086
0.0019704948811891817
GEN 3 time 1599157038
0.0023368348238357903
0.0015532725531838558
0.0014152176981619103
0.00184683892407605
0.0021384286390447086
0.0019704948811891817
GEN 4 time 1599157042
0.0023368348238357903
0.0014855053265408816
0.0014152176981619103
0.00184683892407605
0.001871447085525784
0.0019692068291415903
GEN 5 time 1599157045
0.0023368348238357903
0.0014855053265408816
0.0014152176981619103
0.00184683892407605
0.001871447085525784
0.0019692068291415903
GEN 6 time 1599157048
0.0023368348238357903
0.0014855053265408816
0.0014152176981619103
0.00184683892407605
0.001871447085525784
0.0019692068291415903
GEN 7 time 1599157051
0.0023368348238357903
0.0014855053265408816
0.0014152176981619103
0.00184683892407605
0.001871447085525784
0.001854384693706192
GEN 8 time 1599157055
0.0023368348238357903
0.0014584555404298799
0.0014152176981619103
0.0018227293939662489
0.001871447085525784
0.0016595132306824365
GEN 9 time 1599157058
0.0023368348238357903
0.0014584555404298799
0.0014152176981619103
0.0018227293939662489
0.001871447085525784
0.0016595132306824365
GEN 10 time 1599157061
0.0023368348238357903
0.0014584555404298799
0.0014152176981619103
0.0018227293939662489
0.001871447085525784
0.0016595132306824365
GEN 11 time 1599157064
0.0023368348238357903
0.0014584555404298799
0.0014152176981619103
0.0018227293939662489
0.001871447085525784
0.0016595132306824365
GEN 12 time 1599157068
0.0023368348238357903
0.0014584555404298799
0.0014152176981619103
0.0018227293939662489
0.001871447085525784
0.0016595132306824365
GEN 13 time 1599157071
0.0023368348238357903
0.0014584555404298799
0.0013714534893155448
0.0018227293939662489
0.001871447085525784
0.0016510584593196823
GEN 14 time 1599157074
0.0023368348238357903
0.0014584555404298799
0.0013714534893155448
0.0018227293939662489
0.0018553880823937608
0.0016510584593196823
GEN 15 time 1599157078
0.0023368348238357903
0.0014584555404298799
0.0013714534893155448
0.0018227293939662489
0.0018553880823937608
0.0016510584593196823
GEN 16 time 1599157081
0.0023368348238357903
0.0014584555404298799
0.0013714534893155448
0.0018227293939662489
0.0018553880823937608
0.0016510584593196823
GEN 17 time 1599157085
0.0023368348238357903
0.0014584555404298799
0.0013714534893155448
0.0017711721937727584
0.0017955493667612254
0.0016510584593196823
GEN 18 time 1599157088
0.0023368348238357903
0.0014584555404298799
0.0013714534893155448
0.0017711721937727584
0.0017955493667612254
0.0016510584593196823
GEN 19 time 1599157092
0.0023368348238357903
0.0014584555404298799
0.0013714534893155448
0.0017711721937727584
0.0017955493667612254
0.0016510584593196823
GEN 20 time 1599157095
0.0023368348238357903
0.0014584555404298799
0.0013714534893155448
0.0017711721937727584
0.0017955493667612254
0.0016510584593196823
GEN 21 time 1599157099
0.0023368348238357903
0.0014584555404298799
0.0013714534893155448
0.0017711721937727584
0.0017955493667612254
0.0016510584593196823
GEN 22 time 1599157102
0.0023368348238357903
0.0014584555404298799
0.0013714534893155448
0.0017711721937727584
0.0017955493667612254
0.0016510584593196823
GEN 23 time 1599157106
0.0023368348238357903
0.0014584555404298799
0.0013714534893155448
0.001667766518801581
0.0017955493667612254
0.0016510584593196823
GEN 24 time 1599157110
0.0023368348238357903
0.0014584555404298799
0.0013714534893155448
0.001667766518801581
0.0017955493667612254
0.0016510584593196823
GEN 25 time 1599157113
0.0023368348238357903
0.0014584555404298799
0.0013714534893155448
0.001667766518801581
0.0017955493667612254
0.0016510584593196823
GEN 26 time 1599157117
0.0023368348238357903
0.0014584555404298799
0.0013714534893155448
0.001667766518801581
0.0017955493667612254
0.0016510584593196823
GEN 27 time 1599157121
0.0023368348238357903
0.0014584555404298799
0.0013714534893155448
0.001667766518801581
0.0017955493667612254
0.0016510584593196823
GEN 28 time 1599157124
0.0023368348238357903
0.0014584555404298799
0.0013714534893155448
0.001667766518801581
0.0017955493667612254
0.0016510584593196823
GEN 29 time 1599157128
0.0023368348238357903
0.0014584555404298799
0.0013714534893155448
0.001667766518801581
0.0017601597378061912
0.0016510584593196823
GEN 30 time 1599157131
0.0023368348238357903
0.0014584555404298799
0.0013714534893155448
0.001667766518801581
0.0017601597378061912
0.0016510584593196823
GEN 31 time 1599157135
0.0023368348238357903
0.0014584555404298799
0.0013714534893155448
0.001667766518801581
0.0017601597378061912
0.0016510584593196823
GEN 32 time 1599157139
0.0023368348238357903
0.0014584555404298799
0.0013714534893155448
0.001667766518801581
0.0017601597378061912
0.0016357621363636515
GEN 33 time 1599157142
0.0023368348238357903
0.0014584555404298799
0.0013714534893155448
0.001667766518801581
0.0017601597378061912
0.0016357621363636515
GEN 34 time 1599157146
0.0023368348238357903
0.0014584555404298799
0.0013714534893155448
0.001667766518801581
0.0017601597378061912
0.0016357621363636515
GEN 35 time 1599157150
0.0023368348238357903
0.0014584555404298799
0.0013714534893155448
0.001667766518801581
0.0017601597378061912
0.0016357621363636515
GEN 36 time 1599157154
0.0023368348238357903
0.0014584555404298799
0.0013714534893155448
0.001667766518801581
0.0017601597378061912
0.0016357621363636515
GEN 37 time 1599157158
0.0023368348238357903
0.0014584555404298799
0.0013714534893155448
0.001667766518801581
0.0017601597378061912
0.0016357621363636515
GEN 38 time 1599157162
0.0023368348238357903
0.0014584555404298799
0.0013714534893155448
0.001667766518801581
0.0017601597378061912
0.0016357621363636515
GEN 39 time 1599157166
0.0023368348238357903
0.0014584555404298799
0.0013714534893155448
0.001667766518801581
0.0017601597378061912
0.0016357621363636515
GEN 40 time 1599157170
0.0023368348238357903
0.0014584555404298799
0.0013714534893155448
0.001667766518801581
0.0017601597378061912
0.0016357621363636515
GEN 41 time 1599157174
0.0023368348238357903
0.0014584555404298799
0.0013714534893155448
0.001667766518801581
0.0017219527830798136
0.0016357621363636515
GEN 42 time 1599157178
0.0023368348238357903
0.0014584555404298799
0.0013714534893155448
0.001667766518801581
0.0017219527830798136
0.0016357621363636515
GEN 43 time 1599157182
0.0023368348238357903
0.0014584555404298799
0.0013714534893155448
0.001667766518801581
0.001671427085525784
0.0016357621363636515
GEN 44 time 1599157187
0.0023368348238357903
0.0014584555404298799
0.0013714534893155448
0.001667766518801581
0.001671427085525784
0.0015822777524599132
GEN 45 time 1599157191
0.0023368348238357903
0.0014584555404298799
0.0013714534893155448
0.001667766518801581
0.001671427085525784
0.0015822777524599132
GEN 46 time 1599157194
0.0023368348238357903
0.0014584555404298799
0.0013714534893155448
0.001667766518801581
0.001671427085525784
0.0015822777524599132
GEN 47 time 1599157198
0.0023368348238357903
0.0014584555404298799
0.0013714534893155448
0.001667766518801581
0.001671427085525784
0.0015822777524599132
GEN 48 time 1599157202
0.0023368348238357903
0.0014584555404298799
0.0013714534893155448
0.001667766518801581
0.001671427085525784
0.0015822777524599132
GEN 49 time 1599157206
0.0023368348238357903
0.0014584555404298799
0.0013714534893155448
0.001667766518801581
0.001671427085525784
0.0015822777524599132
GEN 50 time 1599157210
0.0023368348238357903
0.0014584555404298799
0.0013714534893155448
0.001667766518801581
0.001671427085525784
0.0015822777524599132
GEN 51 time 1599157213
0.0023368348238357903
0.0014584555404298799
0.0013714534893155448
0.0016074787945669932
0.001671427085525784
0.0015822777524599132
GEN 52 time 1599157217
0.0023368348238357903
0.0014584555404298799
0.0013714534893155448
0.0016074787945669932
0.001671427085525784
0.0015822777524599132
GEN 53 time 1599157221
0.0023368348238357903
0.0014584555404298799
0.0013714534893155448
0.0016074787945669932
0.001671427085525784
0.0015691668291415903
GEN 54 time 1599157225
0.0023368348238357903
0.0014584555404298799
0.0013714534893155448
0.0016074787945669932
0.001671427085525784
0.0015691668291415903
GEN 55 time 1599157228
0.0023368348238357903
0.0014584555404298799
0.0013534573802287822
0.0016074787945669932
0.001671427085525784
0.0015691668291415903
GEN 56 time 1599157232
0.0023368348238357903
0.0014584555404298799
0.0013534573802287822
0.0016074787945669932
0.001671427085525784
0.0015691668291415903
GEN 57 time 1599157235
0.0023368348238357903
0.0014584555404298799
0.0013534573802287822
0.0016074787945669932
0.001671427085525784
0.0015691668291415903
GEN 58 time 1599157239
0.0023368348238357903
0.0014584555404298799
0.0013534573802287822
0.0016074787945669932
0.001671427085525784
0.0015691668291415903
GEN 59 time 1599157242
0.0023368348238357903
0.0014584555404298799
0.0013534573802287822
0.0016074787945669932
0.001671427085525784
0.0015691668291415903
GEN 60 time 1599157246
0.0023368348238357903
0.0014584555404298799
0.0013534573802287822
0.0016074787945669932
0.001671427085525784
0.0015691668291415903
GEN 61 time 1599157250
0.0023368348238357903
0.0014584555404298799
0.0013534573802287822
0.0016074787945669932
0.001671427085525784
0.0015691668291415903
GEN 62 time 1599157253
0.0023368348238357903
0.0014584555404298799
0.0013534573802287822
0.0016074787945669932
0.001671427085525784
0.0015691668291415903
GEN 63 time 1599157257
0.0023368348238357903
0.0014584555404298799
0.0013534573802287822
0.0016074787945669932
0.001671427085525784
0.0015691668291415903
GEN 64 time 1599157260
0.0023368348238357903
0.0014584555404298799
0.0013534573802287822
0.0016074787945669932
0.001671427085525784
0.0015691668291415903
GEN 65 time 1599157264
0.0023368348238357903
0.0014584555404298799
0.0013534573802287822
0.0016074787945669932
0.001671427085525784
0.0015691668291415903
GEN 66 time 1599157267
0.0023368348238357903
0.0014584555404298799
0.0013534573802287822
0.0016074787945669932
0.001671427085525784
0.0015691668291415903
GEN 67 time 1599157271
0.0023368348238357903
0.0014584555404298799
0.0013534573802287822
0.0016074787945669932
0.001671427085525784
0.0015691668291415903
GEN 68 time 1599157275
0.0023368348238357903
0.0014584555404298799
0.0013534573802287822
0.0016074787945669932
0.001671427085525784
0.0015691668291415903
GEN 69 time 1599157278
0.0023368348238357903
0.0014584555404298799
0.0013534573802287822
0.0016074787945669932
0.001671427085525784
0.0015691668291415903
GEN 70 time 1599157282
0.0023368348238357903
0.0014584555404298799
0.0013534573802287822
0.0016074787945669932
0.001671427085525784
0.0015691668291415903
GEN 71 time 1599157285
0.0023368348238357903
0.0014584555404298799
0.0013534573802287822
0.001607369726393951
0.001671427085525784
0.0015691668291415903
GEN 72 time 1599157289
0.0023368348238357903
0.0014584555404298799
0.0013534573802287822
0.001607369726393951
0.001671427085525784
0.0015691668291415903
GEN 73 time 1599157293
0.0023368348238357903
0.0014584555404298799
0.0013534573802287822
0.001607369726393951
0.001671427085525784
0.0015691668291415903
GEN 74 time 1599157296
0.0023368348238357903
0.0014584555404298799
0.0013534573802287822
0.001607369726393951
0.001671427085525784
0.0015691668291415903
GEN 75 time 1599157300
0.0023368348238357903
0.0014584555404298799
0.0013534573802287822
0.001607369726393951
0.001671427085525784
0.0015691668291415903
GEN 76 time 1599157304
0.0023368348238357903
0.0014584555404298799
0.0013534573802287822
0.001607369726393951
0.001671427085525784
0.0015691668291415903
GEN 77 time 1599157308
0.0023368348238357903
0.0014584555404298799
0.0013534573802287822
0.001607369726393951
0.001671427085525784
0.0015691668291415903
GEN 78 time 1599157312
0.0023368348238357903
0.0014584555404298799
0.0013534573802287822
0.001607369726393951
0.001671427085525784
0.0015691668291415903
GEN 79 time 1599157316
0.0023368348238357903
0.0014584555404298799
0.0013534573802287822
0.001607369726393951
0.001671427085525784
0.0015691668291415903
GEN 80 time 1599157320
0.0023368348238357903
0.0014584555404298799
0.0013534573802287822
0.001607369726393951
0.001671427085525784
0.0015691668291415903
GEN 81 time 1599157324
0.0023368348238357903
0.0014584555404298799
0.0013534573802287822
0.001607369726393951
0.001671427085525784
0.0015691668291415903
GEN 82 time 1599157328
0.0023368348238357903
0.0014584555404298799
0.0013534573802287822
0.001607369726393951
0.001671427085525784
0.0015691668291415903
GEN 83 time 1599157331
0.0023368348238357903
0.0014584555404298799
0.0013534573802287822
0.001607369726393951
0.001671427085525784
0.0015691668291415903
GEN 84 time 1599157335
0.0023368348238357903
0.0014584555404298799
0.0013534573802287822
0.001607369726393951
0.001671427085525784
0.0015691668291415903
GEN 85 time 1599157339
0.0023368348238357903
0.0014584555404298799
0.0013534573802287822
0.001607369726393951
0.001671427085525784
0.0015691668291415903
GEN 86 time 1599157342
0.0023368348238357903
0.0014584555404298799
0.0013534573802287822
0.001607369726393951
0.001671427085525784
0.0015691668291415903
GEN 87 time 1599157346
0.0023368348238357903
0.0014584555404298799
0.0013534573802287822
0.001607369726393951
0.001671427085525784
0.0015691668291415903
GEN 88 time 1599157349
0.0023368348238357903
0.0014584555404298799
0.0013534573802287822
0.001607369726393951
0.001671427085525784
0.0015691668291415903
GEN 89 time 1599157353
0.0023368348238357903
0.0014584555404298799
0.0013534573802287822
0.001607369726393951
0.001671427085525784
0.0015540942467454125
GEN 90 time 1599157356
0.0023368348238357903
0.0014584555404298799
0.0013534573802287822
0.001607369726393951
0.001671427085525784
0.0015540942467454125
GEN 91 time 1599157360
0.0023368348238357903
0.0014584555404298799
0.0013534573802287822
0.001607369726393951
0.001671427085525784
0.0015540942467454125
GEN 92 time 1599157363
0.0023368348238357903
0.0014584555404298799
0.0013534573802287822
0.001607369726393951
0.001671427085525784
0.0015540942467454125
GEN 93 time 1599157367
0.0023368348238357903
0.0014584555404298799
0.0013534573802287822
0.001607369726393951
0.001671427085525784
0.0015540942467454125
GEN 94 time 1599157370
0.0023368348238357903
0.0014584555404298799
0.0013534573802287822
0.001607369726393951
0.001671427085525784
0.0015540942467454125
GEN 95 time 1599157374
0.0023368348238357903
0.0014584555404298799
0.0013534573802287822
0.001607369726393951
0.001671427085525784
0.0015540942467454125
GEN 96 time 1599157377
0.0023368348238357903
0.0014584555404298799
0.0013534573802287822
0.001607369726393951
0.001671427085525784
0.0015540942467454125
GEN 97 time 1599157381
0.0023368348238357903
0.0014584555404298799
0.0013534573802287822
0.001607369726393951
0.001671427085525784
0.0015540942467454125
GEN 98 time 1599157384
0.0023368348238357903
0.0014584555404298799
0.0013534573802287822
0.001607369726393951
0.001671427085525784
0.0015540942467454125
GEN 99 time 1599157388
0.0023368348238357903
0.0014584555404298799
0.0013534573802287822
0.001607369726393951
0.001671427085525784
0.0015540942467454125
GEN 100 time 1599157391
0.0023368348238357903
0.0014584555404298799
0.0013534573802287822
0.001607369726393951
0.001671427085525784
0.0015540942467454125
GEN 101 time 1599157395
0.0023368348238357903
0.0014584555404298799
0.0013534573802287822
0.001607369726393951
0.001671427085525784
0.0015540942467454125
GEN 102 time 1599157398
0.0023368348238357903
0.0014584555404298799
0.0013534573802287822
0.001607369726393951
0.001671427085525784
0.0015540942467454125
GEN 103 time 1599157402
0.0023368348238357903
0.0014584555404298799
0.0013534573802287822
0.001607369726393951
0.001671427085525784
0.0015540942467454125
GEN 104 time 1599157406
0.0023368348238357903
0.0014584555404298799
0.0013534573802287822
0.001607369726393951
0.001671427085525784
0.0015540942467454125
GEN 105 time 1599157410
0.0023368348238357903
0.0014584555404298799
0.0013534573802287822
0.001607369726393951
0.001671427085525784
0.0015540942467454125
GEN 106 time 1599157413
0.0023368348238357903
0.0014584555404298799
0.0013534573802287822
0.001607369726393951
0.001671427085525784
0.0015540942467454125
GEN 107 time 1599157417
0.0023368348238357903
0.0014584555404298799
0.0013534573802287822
0.001607369726393951
0.001671427085525784
0.0015540942467454125
GEN 108 time 1599157421
0.0023368348238357903
0.0014584555404298799
0.0013534573802287822
0.001607369726393951
0.001671427085525784
0.0015540942467454125
GEN 109 time 1599157425
0.0023368348238357903
0.0014584555404298799
0.0013534573802287822
0.001607369726393951
0.001671427085525784
0.0015540942467454125
GEN 110 time 1599157428
0.0023368348238357903
0.0014584555404298799
0.0013534573802287822
0.001607369726393951
0.001671427085525784
0.0015540942467454125
GEN 111 time 1599157432
0.0023368348238357903
0.0014584555404298799
0.0013534573802287822
0.001607369726393951
0.001671427085525784
0.0015540942467454125
GEN 112 time 1599157435
0.0023368348238357903
0.0014584555404298799
0.0013534573802287822
0.001607369726393951
0.001671427085525784
0.0015540942467454125
GEN 113 time 1599157439
0.0023368348238357903
0.0014584555404298799
0.0013534573802287822
0.001607369726393951
0.001671427085525784
0.0014731525464955022
GEN 114 time 1599157443
0.0023368348238357903
0.0014584555404298799
0.0013534573802287822
0.001607369726393951
0.001671427085525784
0.0014731525464955022
GEN 115 time 1599157446
0.0023368348238357903
0.0014584555404298799
0.0013534573802287822
0.001607369726393951
0.001671427085525784
0.0014731525464955022
GEN 116 time 1599157450
0.0023368348238357903
0.0014584555404298799
0.0013534573802287822
0.001607369726393951
0.001671427085525784
0.0014731525464955022
GEN 117 time 1599157454
0.0023368348238357903
0.0014584555404298799
0.0013534573802287822
0.001607369726393951
0.001671427085525784
0.0014731525464955022
GEN 118 time 1599157457
0.0023368348238357903
0.0014584555404298799
0.0013534573802287822
0.001607369726393951
0.001671427085525784
0.0014731525464955022
GEN 119 time 1599157461
0.0023368348238357903
0.0014584555404298799
0.0013534573802287822
0.001607369726393951
0.001671427085525784
0.0014731525464955022
GEN 120 time 1599157464
0.0023368348238357903
0.0014584555404298799
0.0013534573802287822
0.001607369726393951
0.001671427085525784
0.0014731525464955022
GEN 121 time 1599157468
0.0023368348238357903
0.0014584555404298799
0.0013534573802287822
0.001607369726393951
0.001671427085525784
0.0014573623313404852
GEN 122 time 1599157471
0.0023368348238357903
0.0014584555404298799
0.0013534573802287822
0.001607369726393951
0.001671427085525784
0.0014573623313404852
GEN 123 time 1599157475
0.0023368348238357903
0.0014584555404298799
0.0013534573802287822
0.001607369726393951
0.001671427085525784
0.0014573623313404852
GEN 124 time 1599157478
0.0023368348238357903
0.0014584555404298799
0.0013534573802287822
0.001607369726393951
0.001671427085525784
0.0014573623313404852
GEN 125 time 1599157482
0.0023368348238357903
0.0014584555404298799
0.0013363309014388731
0.001607369726393951
0.001671427085525784
0.0014573623313404852
GEN 126 time 1599157485
0.0023368348238357903
0.0014584555404298799
0.0013363309014388731
0.001607369726393951
0.001671427085525784
0.0014573623313404852
GEN 127 time 1599157489
0.0023368348238357903
0.0014584555404298799
0.0013363309014388731
0.001607369726393951
0.001671427085525784
0.0014573623313404852
GEN 128 time 1599157492
0.0023368348238357903
0.0014584555404298799
0.0013363309014388731
0.001607369726393951
0.001671427085525784
0.0014573623313404852
GEN 129 time 1599157496
0.0023368348238357903
0.0014584555404298799
0.0013363309014388731
0.001607369726393951
0.001671427085525784
0.0014573623313404852
GEN 130 time 1599157500
0.0023368348238357903
0.0014584555404298799
0.0013363309014388731
0.001607369726393951
0.001671427085525784
0.0014573623313404852
GEN 131 time 1599157503
0.0023368348238357903
0.0014584555404298799
0.0013363309014388731
0.001607369726393951
0.001671427085525784
0.0014573623313404852
GEN 132 time 1599157507
0.0023368348238357903
0.0014584555404298799
0.0013363309014388731
0.001607369726393951
0.001671427085525784
0.0014573623313404852
GEN 133 time 1599157510
0.0023368348238357903
0.0014584555404298799
0.0013363309014388731
0.001607369726393951
0.001671427085525784
0.0014573623313404852
GEN 134 time 1599157513
0.0023368348238357903
0.0014584555404298799
0.0013363309014388731
0.001607369726393951
0.001671427085525784
0.0014573623313404852
GEN 135 time 1599157517
0.0023368348238357903
0.0014584555404298799
0.0013363309014388731
0.001607369726393951
0.001671427085525784
0.0014573623313404852
GEN 136 time 1599157520
0.0023368348238357903
0.0014584555404298799
0.0013363309014388731
0.001607369726393951
0.001671427085525784
0.0014573623313404852
GEN 137 time 1599157524
0.0023368348238357903
0.0014584555404298799
0.0013363309014388731
0.001607369726393951
0.001671427085525784
0.0014573623313404852
GEN 138 time 1599157527
0.0023368348238357903
0.0014584555404298799
0.0013363309014388731
0.001607369726393951
0.001671427085525784
0.0014573623313404852
GEN 139 time 1599157531
0.0023368348238357903
0.0014584555404298799
0.0013363309014388731
0.001607369726393951
0.001671427085525784
0.0014573623313404852
GEN 140 time 1599157534
0.0023368348238357903
0.0014584555404298799
0.0013363309014388731
0.001607369726393951
0.001671427085525784
0.0014573623313404852
GEN 141 time 1599157538
0.0023368348238357903
0.0014584555404298799
0.0013363309014388731
0.001607369726393951
0.001671427085525784
0.0014573623313404852
GEN 142 time 1599157541
0.0023368348238357903
0.0014584555404298799
0.0013363309014388731
0.001607369726393951
0.001671427085525784
0.0014573623313404852
GEN 143 time 1599157545
0.0023368348238357903
0.0014584555404298799
0.0013363309014388731
0.001607369726393951
0.001671427085525784
0.0014573623313404852
GEN 144 time 1599157549
0.0023368348238357903
0.0014584555404298799
0.0013363309014388731
0.001607369726393951
0.001671427085525784
0.0014573623313404852
GEN 145 time 1599157552
0.0023368348238357903
0.0014584555404298799
0.0013363309014388731
0.001607369726393951
0.001671427085525784
0.0014573623313404852
GEN 146 time 1599157556
0.0023368348238357903
0.0014584555404298799
0.0013363309014388731
0.001607369726393951
0.001671427085525784
0.0014573623313404852
GEN 147 time 1599157560
0.0023368348238357903
0.0014584555404298799
0.0013363309014388731
0.001607369726393951
0.001671427085525784
0.0014573623313404852
GEN 148 time 1599157563
0.0023368348238357903
0.0014584555404298799
0.0013363309014388731
0.001607369726393951
0.001671427085525784
0.0014573623313404852
GEN 149 time 1599157567
0.0023368348238357903
0.0014584555404298799
0.0013363309014388731
0.001607369726393951
0.001671427085525784
0.0014573623313404852
GEN 150 time 1599157570
0.0023368348238357903
0.0014584555404298799
0.0013363309014388731
0.001607369726393951
0.001671427085525784
0.0014573623313404852
GEN 151 time 1599157574
0.0023368348238357903
0.0014584555404298799
0.0012151976981619103
0.001607369726393951
0.001671427085525784
0.0014573623313404852
GEN 152 time 1599157577
0.0023368348238357903
0.0014584555404298799
0.0012151976981619103
0.001607369726393951
0.001671427085525784
0.0014573623313404852
GEN 153 time 1599157581
0.0023368348238357903
0.0014584555404298799
0.0012151976981619103
0.001607369726393951
0.001671427085525784
0.0014573623313404852
GEN 154 time 1599157584
0.0023368348238357903
0.0014584555404298799
0.0012151976981619103
0.001607369726393951
0.001671427085525784
0.0014573623313404852
GEN 155 time 1599157588
0.0023368348238357903
0.0014584555404298799
0.0012151976981619103
0.001607369726393951
0.001671427085525784
0.0014573623313404852
GEN 156 time 1599157591
0.0023368348238357903
0.0014584555404298799
0.0012151976981619103
0.001607369726393951
0.001671427085525784
0.0014573623313404852
GEN 157 time 1599157595
0.0023368348238357903
0.0014584555404298799
0.0012151976981619103
0.001607369726393951
0.001671427085525784
0.0014573623313404852
GEN 158 time 1599157599
0.0023368348238357903
0.0014584555404298799
0.0012151976981619103
0.001607369726393951
0.001671427085525784
0.0014573623313404852
GEN 159 time 1599157602
0.0023368348238357903
0.0014584555404298799
0.0012151976981619103
0.001607369726393951
0.001671427085525784
0.0014573623313404852
GEN 160 time 1599157606
0.0023368348238357903
0.0014584555404298799
0.0012151976981619103
0.001607369726393951
0.001671427085525784
0.0014573623313404852
GEN 161 time 1599157610
0.0023368348238357903
0.0014584555404298799
0.0012151976981619103
0.001607369726393951
0.001671427085525784
0.0014573623313404852
GEN 162 time 1599157613
0.0023368348238357903
0.0014584555404298799
0.0012151976981619103
0.001607369726393951
0.001671427085525784
0.0014573623313404852
GEN 163 time 1599157617
0.0023368348238357903
0.0014584555404298799
0.0012151976981619103
0.001607369726393951
0.001671427085525784
0.0014573623313404852
GEN 164 time 1599157620
0.0023368348238357903
0.0014584555404298799
0.0012151976981619103
0.001607369726393951
0.001671427085525784
0.0014573623313404852
GEN 165 time 1599157624
0.0023368348238357903
0.0014584555404298799
0.0012151976981619103
0.001536316661082301
0.001671427085525784
0.0014573623313404852
GEN 166 time 1599157628
0.0023368348238357903
0.0014584555404298799
0.0012151976981619103
0.001536316661082301
0.001671427085525784
0.0014573623313404852
GEN 167 time 1599157631
0.0023368348238357903
0.0014584555404298799
0.0012151976981619103
0.001536316661082301
0.001671427085525784
0.0014573623313404852
GEN 168 time 1599157635
0.0023368348238357903
0.0014584555404298799
0.0012151976981619103
0.001536316661082301
0.001671427085525784
0.0014573623313404852
GEN 169 time 1599157639
0.0023368348238357903
0.0014584555404298799
0.0012151976981619103
0.001536316661082301
0.001671427085525784
0.0014573623313404852
GEN 170 time 1599157642
0.0023368348238357903
0.0014584555404298799
0.0012151976981619103
0.001536316661082301
0.001671427085525784
0.0014573623313404852
GEN 171 time 1599157646
0.0023368348238357903
0.0014584555404298799
0.0012151976981619103
0.001536316661082301
0.001671427085525784
0.0014573623313404852
GEN 172 time 1599157649
0.0023368348238357903
0.0014584555404298799
0.0012151976981619103
0.001536316661082301
0.001671427085525784
0.0014573623313404852
GEN 173 time 1599157653
0.0023368348238357903
0.0014584555404298799
0.0012151976981619103
0.001536316661082301
0.001671427085525784
0.0014573623313404852
GEN 174 time 1599157657
0.0023368348238357903
0.0014584555404298799
0.0012151976981619103
0.001536316661082301
0.001671427085525784
0.0014573623313404852
GEN 175 time 1599157660
0.0023368348238357903
0.0014584555404298799
0.0012151976981619103
0.001536316661082301
0.001671427085525784
0.0014573623313404852
GEN 176 time 1599157664
0.0023368348238357903
0.0014584555404298799
0.0012151976981619103
0.001536316661082301
0.001671427085525784
0.0014573623313404852
GEN 177 time 1599157668
0.0023368348238357903
0.0014584555404298799
0.0012151976981619103
0.001536316661082301
0.001671427085525784
0.0014573623313404852
GEN 178 time 1599157672
0.0023368348238357903
0.0014584555404298799
0.0012151976981619103
0.001536316661082301
0.001671427085525784
0.0014573623313404852
GEN 179 time 1599157675
0.0023368348238357903
0.0014584555404298799
0.0012151976981619103
0.001536316661082301
0.001671427085525784
0.0014573623313404852
GEN 180 time 1599157679
0.0023368348238357903
0.0014584555404298799
0.0012151976981619103
0.001536316661082301
0.001671427085525784
0.0014573623313404852
GEN 181 time 1599157683
0.0023368348238357903
0.0014584555404298799
0.0012151976981619103
0.001536316661082301
0.001671427085525784
0.0014573623313404852
GEN 182 time 1599157686
0.0023368348238357903
0.0014584555404298799
0.0012151976981619103
0.001536316661082301
0.001671427085525784
0.0014573623313404852
GEN 183 time 1599157690
0.0023368348238357903
0.0014584555404298799
0.0012151976981619103
0.001536316661082301
0.001671427085525784
0.0014573623313404852
GEN 184 time 1599157693
0.0023368348238357903
0.0014584555404298799
0.0012151976981619103
0.001536316661082301
0.001671427085525784
0.0014573623313404852
GEN 185 time 1599157697
0.0023368348238357903
0.0014584555404298799
0.0012151976981619103
0.001536316661082301
0.001671427085525784
0.0014573623313404852
GEN 186 time 1599157701
0.0023368348238357903
0.0014584555404298799
0.0012151976981619103
0.001536316661082301
0.001671427085525784
0.0014573623313404852
GEN 187 time 1599157704
0.0023368348238357903
0.0014584555404298799
0.0012151976981619103
0.001536316661082301
0.001671427085525784
0.0014573623313404852
GEN 188 time 1599157708
0.0023368348238357903
0.0014584555404298799
0.0012151976981619103
0.001536316661082301
0.001671427085525784
0.0014573623313404852
GEN 189 time 1599157712
0.0023368348238357903
0.0014584555404298799
0.0012151976981619103
0.001536316661082301
0.001671427085525784
0.0014573623313404852
GEN 190 time 1599157716
0.0023368348238357903
0.0014584555404298799
0.0012151976981619103
0.001536316661082301
0.001671427085525784
0.0014573623313404852
GEN 191 time 1599157720
0.0023368348238357903
0.0014584555404298799
0.0012151976981619103
0.001536316661082301
0.001671427085525784
0.0014573623313404852
GEN 192 time 1599157724
0.0023368348238357903
0.0014584555404298799
0.0012151976981619103
0.001536316661082301
0.001671427085525784
0.0014573623313404852
GEN 193 time 1599157728
0.0023368348238357903
0.0014584555404298799
0.0012151976981619103
0.001536316661082301
0.001671427085525784
0.0014573623313404852
GEN 194 time 1599157732
0.0023368348238357903
0.0014584555404298799
0.0012151976981619103
0.001536316661082301
0.001671427085525784
0.0014573623313404852
GEN 195 time 1599157736
0.0023368348238357903
0.0014584555404298799
0.0012151976981619103
0.001536316661082301
0.001671427085525784
0.0014573623313404852
GEN 196 time 1599157740
0.0023368348238357903
0.0014584555404298799
0.0012151976981619103
0.001536316661082301
0.001671427085525784
0.0014573623313404852
GEN 197 time 1599157744
0.0023368348238357903
0.0014584555404298799
0.0012151976981619103
0.001536316661082301
0.001671427085525784
0.0014573623313404852
GEN 198 time 1599157747
0.0023368348238357903
0.0014584555404298799
0.0012151976981619103
0.001536316661082301
0.001671427085525784
0.0014573623313404852
GEN 199 time 1599157752
0.0023368348238357903
0.0014584555404298799
0.0012151976981619103
0.001536316661082301
0.001671427085525784
0.0014573623313404852
