['./data/layer/uu-dem10_r25_1.json', './data/layer/uu-dem4_r25_1.json', './data/layer/uu-dem8_r25_1.json', './data/hop/uu-dem2_r25_1_40.json', './data/hop/uu-dem6_r25_1_40.json', './data/hop/uu-dem5_r25_1_40.json']
GEN 0 time 1590586869
0.0018011074585622007
0.003001250779955389
0.0018008559893730757
0.0060014158398963725
0.005001419800572059
0.008601260612359149
GEN 1 time 1590586875
0.0018011074585622007
0.003001250779955389
0.0016011168856183864
0.0060014158398963725
0.005001419800572059
0.008601260612359149
GEN 2 time 1590586880
0.0018011074585622007
0.003001250779955389
0.0016010476710587697
0.0060014158398963725
0.005001419800572059
0.008601260612359149
GEN 3 time 1590586885
0.0016011151944708285
0.002001115391364497
0.0016010476710587697
0.0060014158398963725
0.005001419800572059
0.008601260612359149
GEN 4 time 1590586891
0.0016011151944708285
0.002001115391364497
0.0016010476710587697
0.005801500836470026
0.005001419800572059
0.00600146591678632
GEN 5 time 1590586897
0.0016011151944708285
0.002001115391364497
0.0016010476710587697
0.0038013559176917444
0.005001419800572059
0.00600146591678632
GEN 6 time 1590586903
0.0016011151944708285
0.002001115391364497
0.0016010476710587697
0.0038013559176917444
0.005001419800572059
0.00600146591678632
GEN 7 time 1590586909
0.0016011151944708285
0.0018009642225577367
0.0016010476710587697
0.0038013559176917444
0.005001419800572059
0.00600146591678632
GEN 8 time 1590586916
0.0016011151944708285
0.0018009642225577367
0.0016009212730244385
0.0038013559176917444
0.005001419800572059
0.00600146591678632
GEN 9 time 1590586923
0.0016011151944708285
0.0018009016926057244
0.00140111491221806
0.0038013559176917444
0.005001419800572059
0.00600146591678632
GEN 10 time 1590586931
0.0016011151944708285
0.0018009016926057244
0.00140111491221806
0.0038013559176917444
0.005001419800572059
0.00600146591678632
GEN 11 time 1590586938
0.0016011151944708285
0.0018009016926057244
0.00140111491221806
0.0038013559176917444
0.005001419800572059
0.00600146591678632
GEN 12 time 1590586945
0.0016011151944708285
0.0018009016926057244
0.00140111491221806
0.0038013559176917444
0.005001419800572059
0.00600146591678632
GEN 13 time 1590586952
0.0016011151944708285
0.0018009016926057244
0.00140111491221806
0.0038013559176917444
0.005001419800572059
0.006001218796774515
GEN 14 time 1590586960
0.0016011151944708285
0.0018009016926057244
0.00140111491221806
0.0038013559176917444
0.005001419800572059
0.006001218796774515
GEN 15 time 1590586967
0.0016011151944708285
0.0018009016926057244
0.0014010968856183865
0.0038013559176917444
0.005001419800572059
0.006001218796774515
GEN 16 time 1590586974
0.0016011151944708285
0.0018009016926057244
0.0014010968856183865
0.0038013559176917444
0.005001148662639545
0.006001218796774515
GEN 17 time 1590586981
0.0014011106961671997
0.0018009016926057244
0.0014010968856183865
0.0038013559176917444
0.005001148662639545
0.006001218796774515
GEN 18 time 1590586988
0.0014011106961671997
0.0018009016926057244
0.0014010968856183865
0.0038013559176917444
0.005001148662639545
0.006001218796774515
GEN 19 time 1590586995
0.0014011106961671997
0.0018009016926057244
0.0014010968856183865
0.0038013559176917444
0.005001148662639545
0.006001218796774515
GEN 20 time 1590587002
0.0014010674585622008
0.0018009016926057244
0.0014010968856183865
0.0038013559176917444
0.005001148662639545
0.006001218796774515
GEN 21 time 1590587009
0.0014010674585622008
0.0016011218638383809
0.0014010968856183865
0.0038013559176917444
0.005001148662639545
0.006001218796774515
GEN 22 time 1590587016
0.0014010674585622008
0.0016011218638383809
0.0014010968856183865
0.0038013559176917444
0.005001148662639545
0.006001218796774515
GEN 23 time 1590587023
0.0014010674585622008
0.0016011218638383809
0.0014010968856183865
0.0038013559176917444
0.005001148662639545
0.006001218796774515
GEN 24 time 1590587030
0.0014010674585622008
0.0016011218638383809
0.0014010968856183865
0.0038013559176917444
0.005001148662639545
0.006001218796774515
GEN 25 time 1590587037
0.0014010674585622008
0.0016011218638383809
0.0014010968856183865
0.0038013559176917444
0.005000981837702788
0.00600106562824626
GEN 26 time 1590587044
0.0014010674585622008
0.0016011218638383809
0.0014010968856183865
0.0038013559176917444
0.005000981837702788
0.00600106562824626
GEN 27 time 1590587051
0.0014010674585622008
0.0016011218638383809
0.0014010968856183865
0.0038013559176917444
0.005000981837702788
0.00600106562824626
GEN 28 time 1590587058
0.0014010674585622008
0.0016011218638383809
0.0014010968856183865
0.0038013559176917444
0.005000981837702788
0.00600106562824626
GEN 29 time 1590587065
0.0014010674585622008
0.0016011218638383809
0.0014010968856183865
0.0038013559176917444
0.005000981837702788
0.00600106562824626
GEN 30 time 1590587072
0.0014010674585622008
0.0016008528734247987
0.0014010968856183865
0.0038013559176917444
0.005000981837702788
0.00600106562824626
GEN 31 time 1590587080
0.0014010674585622008
0.0016008528734247987
0.0014010968856183865
0.0038013559176917444
0.005000981837702788
0.00600106562824626
GEN 32 time 1590587087
0.0014010674585622008
0.0016008528734247987
0.0014010968856183865
0.0038013559176917444
0.005000981837702788
0.005401419427566581
GEN 33 time 1590587094
0.0014010674585622008
0.0016008528734247987
0.0014010968856183865
0.0038013559176917444
0.005000981837702788
0.005401419427566581
GEN 34 time 1590587101
0.0014010674585622008
0.0016008528734247987
0.0014010968856183865
0.0038013559176917444
0.005000981837702788
0.005401419427566581
GEN 35 time 1590587108
0.0014010674585622008
0.0016008528734247987
0.0014010968856183865
0.0038013559176917444
0.005000981837702788
0.005401419427566581
GEN 36 time 1590587115
0.0014010674585622008
0.0016008528734247987
0.0014010968856183865
0.0038013559176917444
0.005000981837702788
0.005401419427566581
GEN 37 time 1590587122
0.0014010674585622008
0.0016008528734247987
0.0014010968856183865
0.0038013559176917444
0.005000981837702788
0.005401419427566581
GEN 38 time 1590587129
0.0014010674585622008
0.0016008528734247987
0.0014010968856183865
0.0038013559176917444
0.005000981837702788
0.005401419427566581
GEN 39 time 1590587136
0.0014010674585622008
0.0016008528734247987
0.0014010968856183865
0.0038013559176917444
0.005000981837702788
0.005401419427566581
GEN 40 time 1590587143
0.0014010674585622008
0.0016008528734247987
0.0014010968856183865
0.0038013559176917444
0.004801399800572059
0.005401419427566581
GEN 41 time 1590587150
0.0014010674585622008
0.0016008528734247987
0.0014010968856183865
0.0038013559176917444
0.004801399800572059
0.005401419427566581
GEN 42 time 1590587156
0.0014010674585622008
0.0016008528734247987
0.0014010968856183865
0.0038013559176917444
0.004801399800572059
0.005401419427566581
GEN 43 time 1590587163
0.0014010674585622008
0.0016008528734247987
0.0014010968856183865
0.0038013559176917444
0.004801399800572059
0.005401419427566581
GEN 44 time 1590587170
0.0014010674585622008
0.0016008528734247987
0.0014010968856183865
0.003801016259245699
0.004801399800572059
0.005401419427566581
GEN 45 time 1590587177
0.0014010674585622008
0.0016008528734247987
0.0014010968856183865
0.003801016259245699
0.004801399800572059
0.005401419427566581
GEN 46 time 1590587184
0.0014010674585622008
0.001401101863838381
0.0014010968856183865
0.0036013359176917444
0.004801399800572059
0.005401419427566581
GEN 47 time 1590587192
0.0014010674585622008
0.001401101863838381
0.0014010968856183865
0.0036013359176917444
0.004801399800572059
0.005401419427566581
GEN 48 time 1590587199
0.0014010674585622008
0.001401101863838381
0.0014009104289925253
0.0036013359176917444
0.004801399800572059
0.005401419427566581
GEN 49 time 1590587206
0.0014010674585622008
0.001401101863838381
0.0014009104289925253
0.0036013359176917444
0.004801399800572059
0.005401419427566581
GEN 50 time 1590587213
0.0014010674585622008
0.001401101863838381
0.0014009104289925253
0.0036013359176917444
0.004801399800572059
0.005001423047622058
GEN 51 time 1590587220
0.0014010674585622008
0.001401101863838381
0.0014009104289925253
0.0036013359176917444
0.004801399800572059
0.005001214732751875
GEN 52 time 1590587227
0.0014010674585622008
0.001401101863838381
0.0014009104289925253
0.0036013359176917444
0.004601422179498803
0.005001214732751875
GEN 53 time 1590587234
0.0014010674585622008
0.001401101863838381
0.0014009104289925253
0.0036013359176917444
0.004601422179498803
0.005001214732751875
GEN 54 time 1590587241
0.0014010674585622008
0.001401101863838381
0.0014009104289925253
0.0036013359176917444
0.004601422179498803
0.005001214732751875
GEN 55 time 1590587249
0.0014010674585622008
0.001401101863838381
0.0014009104289925253
0.0036013359176917444
0.004601422179498803
0.005001214732751875
GEN 56 time 1590587256
0.0014010674585622008
0.001401101863838381
0.0014009104289925253
0.0036013359176917444
0.004601422179498803
0.005001214732751875
GEN 57 time 1590587263
0.0014010674585622008
0.001401101863838381
0.0014009104289925253
0.0034011000905110446
0.004601422179498803
0.005001214732751875
GEN 58 time 1590587270
0.0014010674585622008
0.001401101863838381
0.0014009104289925253
0.0034011000905110446
0.004601422179498803
0.004801194732751875
GEN 59 time 1590587277
0.0014010674585622008
0.001401101863838381
0.0014009104289925253
0.0034011000905110446
0.004601422179498803
0.004800971090690896
GEN 60 time 1590587284
0.0014010674585622008
0.001401101863838381
0.0014009104289925253
0.0034011000905110446
0.004201068662639545
0.004800971090690896
GEN 61 time 1590587291
0.0014010674585622008
0.001401101863838381
0.0014009104289925253
0.0034011000905110446
0.004201068662639545
0.004800971090690896
GEN 62 time 1590587298
0.0014010674585622008
0.001401101863838381
0.0014009104289925253
0.0034011000905110446
0.004201068662639545
0.004800971090690896
GEN 63 time 1590587306
0.0014010674585622008
0.001401101863838381
0.0014009104289925253
0.0034011000905110446
0.004201068662639545
0.004201038796774515
GEN 64 time 1590587313
0.0014010674585622008
0.001401101863838381
0.0014009104289925253
0.0034011000905110446
0.004201068662639545
0.004201038796774515
GEN 65 time 1590587321
0.0014010674585622008
0.001401101863838381
0.0014008825703569784
0.0034011000905110446
0.004201068662639545
0.004201038796774515
GEN 66 time 1590587328
0.0014010674585622008
0.001401101863838381
0.0014008825703569784
0.0034011000905110446
0.004201068662639545
0.004201038796774515
GEN 67 time 1590587335
0.0014010674585622008
0.001401101863838381
0.0014008825703569784
0.0034011000905110446
0.004201068662639545
0.004201038796774515
GEN 68 time 1590587343
0.0014010674585622008
0.001401101863838381
0.0014008825703569784
0.0034011000905110446
0.004201068662639545
0.004201038796774515
GEN 69 time 1590587350
0.0014010674585622008
0.001401101863838381
0.0014008825703569784
0.0034011000905110446
0.004201068662639545
0.004201038796774515
GEN 70 time 1590587357
0.0014010674585622008
0.001401101863838381
0.0014008825703569784
0.0034011000905110446
0.004001048662639545
0.004201038796774515
GEN 71 time 1590587364
0.0014010674585622008
0.001401101863838381
0.0014008825703569784
0.0034011000905110446
0.004001048662639545
0.004201038796774515
GEN 72 time 1590587372
0.0014010674585622008
0.001401101863838381
0.0014008825703569784
0.0034011000905110446
0.004001048662639545
0.004201038796774515
GEN 73 time 1590587379
0.0014010674585622008
0.001401101863838381
0.0014008825703569784
0.0034011000905110446
0.004001048662639545
0.004201038796774515
GEN 74 time 1590587386
0.0014010674585622008
0.001401101863838381
0.0014008825703569784
0.0034011000905110446
0.004001048662639545
0.004201038796774515
GEN 75 time 1590587393
0.0014010674585622008
0.001401101863838381
0.0014008825703569784
0.0034011000905110446
0.004001048662639545
0.004201038796774515
GEN 76 time 1590587400
0.0014010674585622008
0.001401101863838381
0.0014008825703569784
0.0034011000905110446
0.004001048662639545
0.004201038796774515
GEN 77 time 1590587408
0.0014010674585622008
0.001401101863838381
0.0014008825703569784
0.0034011000905110446
0.004001048662639545
0.004201038796774515
GEN 78 time 1590587415
0.0014010674585622008
0.001401101863838381
0.0014008825703569784
0.0034011000905110446
0.004001048662639545
0.004201038796774515
GEN 79 time 1590587422
0.0014010674585622008
0.001401101863838381
0.0014008825703569784
0.0034011000905110446
0.004001048662639545
0.004201038796774515
GEN 80 time 1590587429
0.0014010674585622008
0.001401101863838381
0.0014008825703569784
0.0034011000905110446
0.004001048662639545
0.004201038796774515
GEN 81 time 1590587435
0.0014010674585622008
0.001401101863838381
0.0014008825703569784
0.0034011000905110446
0.0036009057834142408
0.004201038796774515
GEN 82 time 1590587442
0.0014010674585622008
0.001401101863838381
0.0014008825703569784
0.0034011000905110446
0.0036009057834142408
0.004201038796774515
GEN 83 time 1590587450
0.0014010674585622008
0.001401101863838381
0.0014008825703569784
0.0034011000905110446
0.0036009057834142408
0.004201038796774515
GEN 84 time 1590587457
0.0014010674585622008
0.001401101863838381
0.0014008825703569784
0.0034011000905110446
0.0036009057834142408
0.004201038796774515
GEN 85 time 1590587464
0.0014010674585622008
0.001401101863838381
0.0014008825703569784
0.0034011000905110446
0.0036009057834142408
0.004201038796774515
GEN 86 time 1590587471
0.0014008310133994356
0.001401101863838381
0.0014008825703569784
0.0034011000905110446
0.0036009057834142408
0.004201038796774515
GEN 87 time 1590587478
0.0014008310133994356
0.001401101863838381
0.0014008825703569784
0.0034011000905110446
0.0036009057834142408
0.004201038796774515
GEN 88 time 1590587485
0.0014008310133994356
0.001401101863838381
0.0014008825703569784
0.0034011000905110446
0.0036009057834142408
0.004200820612359149
GEN 89 time 1590587492
0.0014008310133994356
0.001401101863838381
0.0014008825703569784
0.0034011000905110446
0.0036009057834142408
0.004200820612359149
GEN 90 time 1590587499
0.0014008310133994356
0.0014010452363837876
0.0014008825703569784
0.0034011000905110446
0.0036009057834142408
0.004200820612359149
GEN 91 time 1590587506
0.0014008310133994356
0.0014010452363837876
0.0014008825703569784
0.0034011000905110446
0.0036009057834142408
0.004200820612359149
GEN 92 time 1590587513
0.0014008310133994356
0.0014010452363837876
0.0014008825703569784
0.0034011000905110446
0.0036009057834142408
0.004200820612359149
GEN 93 time 1590587520
0.0014008310133994356
0.0014010452363837876
0.0014008825703569784
0.0034011000905110446
0.0036009057834142408
0.004200820612359149
GEN 94 time 1590587527
0.0014008310133994356
0.0014010452363837876
0.0014008825703569784
0.0034011000905110446
0.0036009057834142408
0.004200820612359149
GEN 95 time 1590587534
0.0014008310133994356
0.0014010452363837876
0.0014008825703569784
0.0034011000905110446
0.0036009057834142408
0.004200820612359149
GEN 96 time 1590587541
0.0014008310133994356
0.0014010452363837876
0.0014008825703569784
0.0034011000905110446
0.0036009057834142408
0.004200820612359149
GEN 97 time 1590587548
0.0014008310133994356
0.0014010452363837876
0.0014008825703569784
0.0034011000905110446
0.0036009057834142408
0.004200820612359149
GEN 98 time 1590587555
0.0014008310133994356
0.0014010452363837876
0.0014008825703569784
0.0034011000905110446
0.0036008418377027882
0.004200820612359149
GEN 99 time 1590587562
0.0012010751944708286
0.0014010452363837876
0.0014008825703569784
0.0034011000905110446
0.0036008418377027882
0.004200820612359149
