['./data/layer/ga-dem10_r25_1.json', './data/hop/ga-dem10_r25_1_40.json', './data/hop/ga-dem10_r25_1_0.json', './data/hop/ga-dem10_r50_1_40.json']
GEN 0 time 1587787102
0.003606076032578072
inf
0.003607483904472608
inf
GEN 1 time 1587787108
0.003606076032578072
inf
0.003607483904472608
inf
GEN 2 time 1587787114
0.003606076032578072
inf
0.003607483904472608
inf
GEN 3 time 1587787120
0.00360429356436042
0.014833500812032767
0.003607483904472608
inf
GEN 4 time 1587787126
0.0028025448533749537
0.014833500812032767
0.0036059813389749426
0.016075129593467394
GEN 5 time 1587787132
0.0028025448533749537
0.014833500812032767
0.0036059813389749426
0.016075129593467394
GEN 6 time 1587787138
0.0028025448533749537
0.014833500812032767
0.0036059813389749426
0.016075129593467394
GEN 7 time 1587787145
0.0028025448533749537
0.014833500812032767
0.003605496087522214
0.016075129593467394
GEN 8 time 1587787153
0.002405412186354645
0.014833500812032767
0.003605496087522214
0.016075129593467394
GEN 9 time 1587787161
0.002405412186354645
0.014833500812032767
0.003605496087522214
0.016075129593467394
GEN 10 time 1587787168
0.002405412186354645
0.014833500812032767
0.003605496087522214
0.016075129593467394
GEN 11 time 1587787176
0.002405412186354645
0.014833500812032767
0.003604812232908667
0.016075129593467394
GEN 12 time 1587787184
0.002403664058348143
0.014833500812032767
0.003604812232908667
0.016075129593467394
GEN 13 time 1587787192
0.002403664058348143
0.014833500812032767
0.0028044764498955507
0.016075129593467394
GEN 14 time 1587787200
0.002403664058348143
0.014833500812032767
0.0028044764498955507
0.016075129593467394
GEN 15 time 1587787208
0.0020045271367611847
0.014833500812032767
0.0028044764498955507
0.016075129593467394
GEN 16 time 1587787217
0.0020045271367611847
0.014833500812032767
0.0028044764498955507
0.016075129593467394
GEN 17 time 1587787225
0.0020045271367611847
0.014833500812032767
0.002804442729217577
0.016075129593467394
GEN 18 time 1587787233
0.0020045159316422556
0.014833500812032767
0.002804442729217577
0.016075129593467394
GEN 19 time 1587787242
0.0020045159316422556
0.014833500812032767
0.002804442729217577
0.016075129593467394
GEN 20 time 1587787250
0.0020045159316422556
0.013631597897789748
0.002804442729217577
0.016075129593467394
GEN 21 time 1587787257
0.0020045159316422556
0.013631597897789748
0.002804442729217577
0.015275234850581847
GEN 22 time 1587787265
0.0020045159316422556
0.013631597897789748
0.002804442729217577
0.015275234850581847
GEN 23 time 1587787272
0.0020045101552955374
0.013631597897789748
0.002804442729217577
0.015275234850581847
GEN 24 time 1587787279
0.0020045101552955374
0.013631597897789748
0.002804442729217577
0.015275234850581847
GEN 25 time 1587787287
0.0020045101552955374
0.013631597897789748
0.002804442729217577
0.015275234850581847
GEN 26 time 1587787294
0.0020045101552955374
0.013631597897789748
0.002804442729217577
0.015275234850581847
GEN 27 time 1587787301
0.0020045101552955374
0.013631597897789748
0.002804442729217577
0.015275234850581847
GEN 28 time 1587787308
0.0020045101552955374
0.013630784529976056
0.002804442729217577
0.015275234850581847
GEN 29 time 1587787316
0.0020045101552955374
0.013630784529976056
0.002804442729217577
0.015275234850581847
GEN 30 time 1587787323
0.0020045101552955374
0.013630784529976056
0.002804442729217577
0.015275234850581847
GEN 31 time 1587787330
0.0020045101552955374
0.013630784529976056
0.002804442729217577
0.015275234850581847
GEN 32 time 1587787337
0.0020045101552955374
0.013630784529976056
0.002804442729217577
0.014471275121603854
GEN 33 time 1587787344
0.0020045101552955374
0.013630784529976056
0.002804442729217577
0.014471275121603854
GEN 34 time 1587787352
0.0020045101552955374
0.011626257393214871
0.002804442729217577
0.014471275121603854
GEN 35 time 1587787359
0.0020045101552955374
0.011626257393214871
0.002804442729217577
0.014471275121603854
GEN 36 time 1587787366
0.0020045101552955374
0.011626257393214871
0.002804442729217577
0.014471275121603854
GEN 37 time 1587787373
0.0020045101552955374
0.011626257393214871
0.002804442729217577
0.014471275121603854
GEN 38 time 1587787380
0.0020045101552955374
0.011626257393214871
0.002804442729217577
0.014471275121603854
GEN 39 time 1587787388
0.0020045101552955374
0.011626257393214871
0.002804442729217577
0.014471275121603854
GEN 40 time 1587787395
0.0020045101552955374
0.011626257393214871
0.002804442729217577
0.014471275121603854
GEN 41 time 1587787402
0.0020045101552955374
0.011626257393214871
0.002804442729217577
0.014471275121603854
GEN 42 time 1587787409
0.0020045101552955374
0.011626257393214871
0.002804442729217577
0.014471275121603854
GEN 43 time 1587787416
0.0020045101552955374
0.011626257393214871
0.002804442729217577
0.014069295257114858
GEN 44 time 1587787423
0.0020045101552955374
0.011626257393214871
0.002804442729217577
0.014069295257114858
GEN 45 time 1587787431
0.0020045101552955374
0.00922082482910145
0.002804442729217577
0.013667315392625862
GEN 46 time 1587787438
0.0020045101552955374
0.00922082482910145
0.002804442729217577
0.013667315392625862
GEN 47 time 1587787445
0.0020045101552955374
0.00922082482910145
0.002804442729217577
0.013265335528136865
GEN 48 time 1587787452
0.0020045101552955374
0.00922082482910145
0.002803742847817852
0.013265335528136865
GEN 49 time 1587787459
0.0020045101552955374
0.00922082482910145
0.002803742847817852
0.013265335528136865
GEN 50 time 1587787466
0.0020045101552955374
0.00922082482910145
0.002803742847817852
0.013265335528136865
GEN 51 time 1587787473
0.0020045101552955374
0.00922082482910145
0.002803742847817852
0.013265335528136865
GEN 52 time 1587787480
0.0020045101552955374
0.008819919401749213
0.002803742847817852
0.013265335528136865
GEN 53 time 1587787487
0.0020045101552955374
0.008819919401749213
0.002803742847817852
0.013265335528136865
GEN 54 time 1587787494
0.0020045101552955374
0.008819919401749213
0.002803742847817852
0.013265335528136865
GEN 55 time 1587787501
0.0020045101552955374
0.008819919401749213
0.002803742847817852
0.012059395934669878
GEN 56 time 1587787508
0.0020045101552955374
0.008819919401749213
0.002803742847817852
0.012059395934669878
GEN 57 time 1587787516
0.0020045101552955374
0.008819919401749213
0.002803742847817852
0.012059395934669878
GEN 58 time 1587787523
0.0020045101552955374
0.008819919401749213
0.002803742847817852
0.012059395934669878
GEN 59 time 1587787530
0.0020045101552955374
0.008819919401749213
0.002803742847817852
0.012059395934669878
GEN 60 time 1587787537
0.0020045101552955374
0.008819919401749213
0.002803742847817852
0.012059395934669878
GEN 61 time 1587787544
0.0020045101552955374
0.008819919401749213
0.002803742847817852
0.012059395934669878
GEN 62 time 1587787551
0.0020045101552955374
0.008819919401749213
0.002803742847817852
0.012059395934669878
GEN 63 time 1587787559
0.0020045101552955374
0.008819919401749213
0.002803742847817852
0.012059395934669878
GEN 64 time 1587787566
0.0020045101552955374
0.008819919401749213
0.002803742847817852
0.012059395934669878
GEN 65 time 1587787573
0.0020045101552955374
0.008819919401749213
0.002803742847817852
0.012059395934669878
GEN 66 time 1587787580
0.0020045101552955374
0.008819919401749213
0.002803742847817852
0.011255436205691886
GEN 67 time 1587787587
0.0020045101552955374
0.008819919401749213
0.002803742847817852
0.011255436205691886
GEN 68 time 1587787594
0.0020045101552955374
0.008819919401749213
0.002803742847817852
0.011255436205691886
GEN 69 time 1587787601
0.0020045101552955374
0.008819919401749213
0.002803742847817852
0.011255436205691886
GEN 70 time 1587787608
0.0020045101552955374
0.008819919401749213
0.002803742847817852
0.011255436205691886
GEN 71 time 1587787616
0.0020045101552955374
0.008819919401749213
0.002803742847817852
0.011255436205691886
GEN 72 time 1587787623
0.0020045101552955374
0.008819919401749213
0.002803742847817852
0.011255436205691886
GEN 73 time 1587787630
0.0020045101552955374
0.008819919401749213
0.002803742847817852
0.011255436205691886
GEN 74 time 1587787637
0.0020045101552955374
0.008819919401749213
0.002803742847817852
0.011255436205691886
GEN 75 time 1587787644
0.0020045101552955374
0.008819919401749213
0.002803742847817852
0.011255436205691886
GEN 76 time 1587787652
0.0020045101552955374
0.008819919401749213
0.0028034302385352965
0.011255436205691886
GEN 77 time 1587787659
0.0020045101552955374
0.008819919401749213
0.0028034302385352965
0.011255436205691886
GEN 78 time 1587787666
0.0020045101552955374
0.008819919401749213
0.0028034302385352965
0.011255436205691886
GEN 79 time 1587787673
0.0020045101552955374
0.008819919401749213
0.0028034302385352965
0.011255436205691886
GEN 80 time 1587787681
0.0020045101552955374
0.008819919401749213
0.0028034302385352965
0.011255436205691886
GEN 81 time 1587787688
0.0020045101552955374
0.008819919401749213
0.0028034302385352965
0.011255436205691886
GEN 82 time 1587787696
0.0020045101552955374
0.008819919401749213
0.0028034302385352965
0.011255436205691886
GEN 83 time 1587787703
0.0020045101552955374
0.008819919401749213
0.0028034302385352965
0.01085345634120289
GEN 84 time 1587787711
0.0020045101552955374
0.008819919401749213
0.0028034302385352965
0.01085345634120289
GEN 85 time 1587787718
0.0020045101552955374
0.008819919401749213
0.0028034302385352965
0.01085345634120289
GEN 86 time 1587787726
0.0020045101552955374
0.008819919401749213
0.0028034302385352965
0.01085345634120289
GEN 87 time 1587787733
0.0020045101552955374
0.008819919401749213
0.0028034302385352965
0.010451476476713895
GEN 88 time 1587787741
0.0020045101552955374
0.008819919401749213
0.0028034302385352965
0.010451476476713895
GEN 89 time 1587787749
0.0020045101552955374
0.008819919401749213
0.0028034302385352965
0.010451476476713895
GEN 90 time 1587787757
0.0020045101552955374
0.008819919401749213
0.0028034302385352965
0.010451476476713895
GEN 91 time 1587787766
0.0020045101552955374
0.008819919401749213
0.0028034302385352965
0.010451476476713895
GEN 92 time 1587787774
0.0020045101552955374
0.008819919401749213
0.0028034302385352965
0.010451476476713895
GEN 93 time 1587787782
0.0020045101552955374
0.008819919401749213
0.0028034302385352965
0.010451476476713895
GEN 94 time 1587787791
0.0020045101552955374
0.008819919401749213
0.0028034302385352965
0.010451476476713895
GEN 95 time 1587787799
0.0020045101552955374
0.008819919401749213
0.0028034302385352965
0.010451476476713895
GEN 96 time 1587787808
0.0020045101552955374
0.008819919401749213
0.0028034302385352965
0.010049496612224897
GEN 97 time 1587787816
0.0020045101552955374
0.008819919401749213
0.0028034302385352965
0.010049496612224897
GEN 98 time 1587787824
0.0020045101552955374
0.008819919401749213
0.0028034302385352965
0.010049496612224897
GEN 99 time 1587787833
0.0020045101552955374
0.008819919401749213
0.0028034302385352965
0.010049496612224897
