['./data/small/layer/ga-dem5_r25_1.json', './data/small/hop/ga-dem5_r25_1_0.json', './data/small/hop/ga-dem5_r25_1_40.json', './data/small/hop/ga-dem5_r50_1_0.json']
GEN 0 time 1619255436
0.002801618440094439
0.0020591114654811464
0.0032649768847341143
0.0036431314935325486
GEN 1 time 1619255437
0.0024060914109749997
0.0020591114654811464
0.0032649768847341143
0.0036431314935325486
GEN 2 time 1619255438
0.0020188057369430316
0.0020591114654811464
0.0030557296163635913
0.0034431114935325486
GEN 3 time 1619255440
0.0020188057369430316
0.002003359095066708
0.0030557296163635913
0.0034431114935325486
GEN 4 time 1619255441
0.0018002128465976904
0.002003359095066708
0.0030557296163635913
0.003209337642318837
GEN 5 time 1619255442
0.0018002128465976904
0.002003359095066708
0.0030557296163635913
0.003209337642318837
GEN 6 time 1619255443
0.0018002128465976904
0.002003359095066708
0.0030557296163635913
0.003209337642318837
GEN 7 time 1619255445
0.0018002128465976904
0.002003359095066708
0.0030208756362903964
0.003009317642318837
GEN 8 time 1619255447
0.0018002128465976904
0.002003359095066708
0.0030208756362903964
0.003009317642318837
GEN 9 time 1619255448
0.0018002128465976904
0.002003359095066708
0.0030208756362903964
0.003009317642318837
GEN 10 time 1619255449
0.0018002128465976904
0.002003359095066708
0.0028056336053490934
0.003009317642318837
GEN 11 time 1619255450
0.0018002128465976904
0.002003359095066708
0.0028056336053490934
0.003009317642318837
GEN 12 time 1619255452
0.0018002128465976904
0.002003359095066708
0.0028056336053490934
0.003009317642318837
GEN 13 time 1619255453
0.0018002128465976904
0.002003359095066708
0.0028056336053490934
0.003009317642318837
GEN 14 time 1619255454
0.0018002128465976904
0.002003359095066708
0.0028056336053490934
0.003009317642318837
GEN 15 time 1619255455
0.0018002128465976904
0.0018807229086432765
0.0028056336053490934
0.0028092976423188375
GEN 16 time 1619255457
0.0018002128465976904
0.0018807229086432765
0.0028056336053490934
0.0028092976423188375
GEN 17 time 1619255458
0.0018002128465976904
0.0018807229086432765
0.0028056336053490934
0.0028092976423188375
GEN 18 time 1619255459
0.0018002128465976904
0.0018807229086432765
0.0028056336053490934
0.0028092976423188375
GEN 19 time 1619255460
0.0018002128465976904
0.0018807229086432765
0.0028056336053490934
0.0026092776423188376
GEN 20 time 1619255462
0.0018002128465976904
0.0018807229086432765
0.002666865800327212
0.0026092776423188376
GEN 21 time 1619255463
0.0018002128465976904
0.0018807229086432765
0.002666865800327212
0.0026092776423188376
GEN 22 time 1619255464
0.0018002128465976904
0.0018807229086432765
0.0026222383837747484
0.0026092776423188376
GEN 23 time 1619255465
0.0018002128465976904
0.0018807229086432765
0.0026222383837747484
0.0026092776423188376
GEN 24 time 1619255467
0.0018002128465976904
0.0018807229086432765
0.0026222383837747484
0.0026092776423188376
GEN 25 time 1619255468
0.0018002128465976904
0.0018274963712410846
0.0026222383837747484
0.0026092776423188376
GEN 26 time 1619255469
0.0018002128465976904
0.0018274963712410846
0.0026222383837747484
0.0026092776423188376
GEN 27 time 1619255471
0.0018002128465976904
0.0018274963712410846
0.0024544744854978085
0.0026092776423188376
GEN 28 time 1619255473
0.0018002128465976904
0.0018274963712410846
0.0024544744854978085
0.0026092776423188376
GEN 29 time 1619255474
0.0018002128465976904
0.0018274963712410846
0.0024544744854978085
0.0026092776423188376
GEN 30 time 1619255475
0.0018002128465976904
0.0018274963712410846
0.0024544744854978085
0.0026092776423188376
GEN 31 time 1619255477
0.0018002128465976904
0.0018274963712410846
0.0024544744854978085
0.0026092776423188376
GEN 32 time 1619255478
0.0018002128465976904
0.0018274963712410846
0.0024544744854978085
0.0026092776423188376
GEN 33 time 1619255479
0.0018002128465976904
0.001643645293850325
0.0024544744854978085
0.0026092776423188376
GEN 34 time 1619255481
0.001430280530127495
0.001643645293850325
0.0024544744854978085
0.0026092776423188376
GEN 35 time 1619255482
0.001430280530127495
0.001643645293850325
0.0024544744854978085
0.0026092776423188376
GEN 36 time 1619255483
0.001430280530127495
0.001643645293850325
0.0024544744854978085
0.0026092776423188376
GEN 37 time 1619255485
0.001430280530127495
0.001643645293850325
0.0024544744854978085
0.0026092776423188376
GEN 38 time 1619255486
0.001430280530127495
0.001643645293850325
0.0024544744854978085
0.0026092776423188376
GEN 39 time 1619255487
0.001430280530127495
0.001643645293850325
0.0024544744854978085
0.0026092776423188376
GEN 40 time 1619255488
0.001430280530127495
0.001643645293850325
0.0024544744854978085
0.0026092776423188376
GEN 41 time 1619255489
0.001430280530127495
0.001643645293850325
0.0024544744854978085
0.0026092776423188376
GEN 42 time 1619255491
0.001430280530127495
0.001643645293850325
0.0024544744854978085
0.0026092776423188376
GEN 43 time 1619255492
0.001430280530127495
0.001643645293850325
0.0024544744854978085
0.0026092776423188376
GEN 44 time 1619255493
0.001430280530127495
0.001643645293850325
0.0024413615031501175
0.0026092776423188376
GEN 45 time 1619255494
0.001430280530127495
0.001643645293850325
0.0024413615031501175
0.0026092776423188376
GEN 46 time 1619255496
0.001430280530127495
0.001643645293850325
0.0024413615031501175
0.0026092776423188376
GEN 47 time 1619255497
0.0012302605301274948
0.001643645293850325
0.0024413615031501175
0.0026092776423188376
GEN 48 time 1619255498
0.0012302605301274948
0.001643645293850325
0.002434474766909683
0.0026092776423188376
GEN 49 time 1619255499
0.0012302605301274948
0.001643645293850325
0.002434474766909683
0.0026092776423188376
GEN 50 time 1619255501
0.0012302605301274948
0.001643645293850325
0.002415476194595131
0.0026092776423188376
GEN 51 time 1619255502
0.0012302605301274948
0.001643645293850325
0.002415476194595131
0.0026092776423188376
GEN 52 time 1619255503
0.0012302605301274948
0.001643645293850325
0.002415476194595131
0.0026092776423188376
GEN 53 time 1619255504
0.0012302605301274948
0.001643645293850325
0.002415476194595131
0.0026092776423188376
GEN 54 time 1619255505
0.0012302605301274948
0.001643645293850325
0.002234454766909683
0.0026092776423188376
GEN 55 time 1619255506
0.0012302605301274948
0.001643645293850325
0.002234454766909683
0.0026092776423188376
GEN 56 time 1619255508
0.0012302605301274948
0.001643645293850325
0.002234454766909683
0.0026092776423188376
GEN 57 time 1619255509
0.0012302605301274948
0.001643645293850325
0.002234454766909683
0.0026092776423188376
GEN 58 time 1619255510
0.0012302605301274948
0.001643645293850325
0.002234454766909683
0.0026092776423188376
GEN 59 time 1619255511
0.0012302605301274948
0.001643645293850325
0.002234454766909683
0.0026092776423188376
GEN 60 time 1619255513
0.0012302605301274948
0.001643645293850325
0.002234454766909683
0.0026092776423188376
GEN 61 time 1619255514
0.0012302605301274948
0.001643645293850325
0.002234454766909683
0.0026092776423188376
GEN 62 time 1619255516
0.0012302605301274948
0.001643645293850325
0.002234454766909683
0.0026092776423188376
GEN 63 time 1619255517
0.0012302605301274948
0.001643645293850325
0.002234454766909683
0.0026092776423188376
GEN 64 time 1619255518
0.0012302605301274948
0.001643645293850325
0.002234454766909683
0.0026092776423188376
GEN 65 time 1619255520
0.0012302605301274948
0.001643645293850325
0.002234454766909683
0.0026092776423188376
GEN 66 time 1619255521
0.0012302605301274948
0.001643645293850325
0.002234454766909683
0.0026092776423188376
GEN 67 time 1619255523
0.0012302605301274948
0.001643645293850325
0.002234454766909683
0.0026092776423188376
GEN 68 time 1619255524
0.0012302605301274948
0.001643645293850325
0.002215456194595131
0.0026092776423188376
GEN 69 time 1619255525
0.0012302605301274948
0.001643645293850325
0.002079918343215896
0.0026092776423188376
GEN 70 time 1619255526
0.0012302605301274948
0.001643645293850325
0.002079918343215896
0.0026092776423188376
GEN 71 time 1619255527
0.0012302605301274948
0.001643645293850325
0.002079918343215896
0.0026092776423188376
GEN 72 time 1619255529
0.0012302605301274948
0.001643645293850325
0.002079918343215896
0.0026092776423188376
GEN 73 time 1619255530
0.0012302605301274948
0.001643645293850325
0.002079918343215896
0.0026092776423188376
GEN 74 time 1619255531
0.0012302605301274948
0.001643645293850325
0.002079918343215896
0.0026092776423188376
GEN 75 time 1619255532
0.0012302605301274948
0.001643645293850325
0.002079918343215896
0.0026092776423188376
GEN 76 time 1619255534
0.0012302605301274948
0.001643645293850325
0.002079918343215896
0.0026092776423188376
GEN 77 time 1619255535
0.0012302605301274948
0.001643645293850325
0.002079918343215896
0.0026092776423188376
GEN 78 time 1619255537
0.0012302605301274948
0.001643645293850325
0.002079918343215896
0.0026092776423188376
GEN 79 time 1619255538
0.0012302605301274948
0.001643645293850325
0.002079918343215896
0.0026092776423188376
GEN 80 time 1619255539
0.0012302605301274948
0.001643645293850325
0.002079918343215896
0.0026092776423188376
GEN 81 time 1619255540
0.0012302605301274948
0.001643645293850325
0.002079918343215896
0.0026092776423188376
GEN 82 time 1619255542
0.0012302605301274948
0.001643645293850325
0.002079918343215896
0.0026092776423188376
GEN 83 time 1619255543
0.0012302605301274948
0.001643645293850325
0.002079918343215896
0.0026092776423188376
GEN 84 time 1619255545
0.0012302605301274948
0.0016328923185055938
0.002079918343215896
0.0026092776423188376
GEN 85 time 1619255546
0.0012302605301274948
0.0016328923185055938
0.002079918343215896
0.0026092776423188376
GEN 86 time 1619255548
0.0012302605301274948
0.0016328923185055938
0.002079918343215896
0.0026092776423188376
GEN 87 time 1619255549
0.0012302605301274948
0.0016328923185055938
0.002079918343215896
0.0026092776423188376
GEN 88 time 1619255550
0.0012302605301274948
0.0016328923185055938
0.002079918343215896
0.0026092776423188376
GEN 89 time 1619255551
0.0012302605301274948
0.0016328923185055938
0.002079918343215896
0.0026092776423188376
GEN 90 time 1619255553
0.0012302605301274948
0.0014769259568221615
0.002079918343215896
0.0026092776423188376
GEN 91 time 1619255554
0.0012302605301274948
0.0014769259568221615
0.002079918343215896
0.0026092776423188376
GEN 92 time 1619255555
0.0012302605301274948
0.0014769259568221615
0.002079918343215896
0.0026092776423188376
GEN 93 time 1619255556
0.0012302605301274948
0.0014769259568221615
0.002079918343215896
0.0026092776423188376
GEN 94 time 1619255558
0.0012302605301274948
0.0014769259568221615
0.002079918343215896
0.0026092776423188376
GEN 95 time 1619255559
0.0012302605301274948
0.0014769259568221615
0.002079918343215896
0.0026092776423188376
GEN 96 time 1619255560
0.0012302605301274948
0.0014769259568221615
0.002079918343215896
0.0026092776423188376
GEN 97 time 1619255562
0.0012302605301274948
0.0014769259568221615
0.002079918343215896
0.0026092776423188376
GEN 98 time 1619255563
0.0012302605301274948
0.0014769259568221615
0.002079918343215896
0.0026092776423188376
GEN 99 time 1619255564
0.0012302605301274948
0.0014769259568221615
0.002079918343215896
0.0026092776423188376
GEN 100 time 1619255566
0.0012302605301274948
0.0014769259568221615
0.002079918343215896
0.0026092776423188376
GEN 101 time 1619255567
0.0012302605301274948
0.0014769259568221615
0.002079918343215896
0.0026092776423188376
GEN 102 time 1619255568
0.0012302605301274948
0.0014769259568221615
0.002079918343215896
0.0026092776423188376
GEN 103 time 1619255569
0.0012302605301274948
0.0014769259568221615
0.002079918343215896
0.0026092776423188376
GEN 104 time 1619255570
0.0012302605301274948
0.0014769259568221615
0.002079918343215896
0.0026092776423188376
GEN 105 time 1619255571
0.0012302605301274948
0.0014769259568221615
0.002079918343215896
0.0026092776423188376
GEN 106 time 1619255573
0.0012302605301274948
0.0014769259568221615
0.002079918343215896
0.0026092776423188376
GEN 107 time 1619255574
0.0012302605301274948
0.0014662682453111101
0.002079918343215896
0.0026092776423188376
GEN 108 time 1619255575
0.0012302605301274948
0.0014662682453111101
0.002079918343215896
0.0026092776423188376
GEN 109 time 1619255576
0.0012302605301274948
0.0014662682453111101
0.002079918343215896
0.0026092776423188376
GEN 110 time 1619255577
0.0012302605301274948
0.0014662682453111101
0.002079918343215896
0.0026092776423188376
GEN 111 time 1619255578
0.0012302605301274948
0.0014662682453111101
0.002079918343215896
0.0026092776423188376
GEN 112 time 1619255580
0.0012302605301274948
0.0014662682453111101
0.002079918343215896
0.0026092776423188376
GEN 113 time 1619255581
0.0012302605301274948
0.0014662682453111101
0.002079918343215896
0.0026092776423188376
GEN 114 time 1619255582
0.0012302605301274948
0.0014662682453111101
0.002079918343215896
0.0026092776423188376
GEN 115 time 1619255583
0.0012302605301274948
0.0014662682453111101
0.002079918343215896
0.0026092776423188376
GEN 116 time 1619255585
0.0012302605301274948
0.0014662682453111101
0.002079918343215896
0.0026092776423188376
GEN 117 time 1619255586
0.0012302605301274948
0.0014662682453111101
0.002079918343215896
0.0026092776423188376
GEN 118 time 1619255587
0.0012302605301274948
0.0014662682453111101
0.002079918343215896
0.0026092776423188376
GEN 119 time 1619255588
0.0012302605301274948
0.0014662682453111101
0.002079918343215896
0.0026092776423188376
GEN 120 time 1619255590
0.0012302605301274948
0.0014662682453111101
0.002079918343215896
0.0026092776423188376
GEN 121 time 1619255591
0.0012302605301274948
0.0014662682453111101
0.002079918343215896
0.0026092776423188376
GEN 122 time 1619255592
0.0012302605301274948
0.0014662682453111101
0.002079918343215896
0.0026092776423188376
GEN 123 time 1619255593
0.0012302605301274948
0.0014662682453111101
0.002079918343215896
0.0026092776423188376
GEN 124 time 1619255594
0.0012302605301274948
0.0014662682453111101
0.002079918343215896
0.0026092776423188376
GEN 125 time 1619255596
0.0012302605301274948
0.0014662682453111101
0.002079918343215896
0.0026092776423188376
GEN 126 time 1619255597
0.0012302605301274948
0.0014662682453111101
0.002079918343215896
0.0026092776423188376
GEN 127 time 1619255599
0.0012302605301274948
0.0014662682453111101
0.002079918343215896
0.0026092776423188376
GEN 128 time 1619255600
0.0012302605301274948
0.0014662682453111101
0.002079918343215896
0.0026092776423188376
GEN 129 time 1619255601
0.0012302605301274948
0.0014662682453111101
0.002079918343215896
0.0026092776423188376
GEN 130 time 1619255603
0.0012302605301274948
0.0014436252938503252
0.002079918343215896
0.0026092776423188376
GEN 131 time 1619255604
0.0012302605301274948
0.0014436252938503252
0.002079918343215896
0.0026092776423188376
GEN 132 time 1619255605
0.0012302605301274948
0.0014436252938503252
0.002079918343215896
0.0026092776423188376
GEN 133 time 1619255606
0.0012302605301274948
0.0014436252938503252
0.002079918343215896
0.0026092776423188376
GEN 134 time 1619255608
0.0012302605301274948
0.0014436252938503252
0.002079918343215896
0.0026092776423188376
GEN 135 time 1619255609
0.0012302605301274948
0.0014436252938503252
0.002079918343215896
0.0026092776423188376
GEN 136 time 1619255610
0.0012302605301274948
0.0014396651365010526
0.002079918343215896
0.0026092776423188376
GEN 137 time 1619255611
0.0012302605301274948
0.0014396651365010526
0.002079918343215896
0.0026092776423188376
GEN 138 time 1619255612
0.0012302605301274948
0.0014396651365010526
0.002079918343215896
0.0026092776423188376
GEN 139 time 1619255614
0.0012302605301274948
0.0014396651365010526
0.002079918343215896
0.0026092776423188376
GEN 140 time 1619255615
0.0012302605301274948
0.0014396651365010526
0.002079918343215896
0.0026092776423188376
GEN 141 time 1619255616
0.0012302605301274948
0.0014396651365010526
0.002079918343215896
0.0026092776423188376
GEN 142 time 1619255617
0.0012302605301274948
0.0014396651365010526
0.002079918343215896
0.0026092776423188376
GEN 143 time 1619255618
0.0012302605301274948
0.0014396651365010526
0.002079918343215896
0.0026092776423188376
GEN 144 time 1619255620
0.0012302605301274948
0.0014345450424373108
0.002079918343215896
0.0026092776423188376
GEN 145 time 1619255621
0.0012302605301274948
0.0014345450424373108
0.002079918343215896
0.0026092776423188376
GEN 146 time 1619255622
0.0012302605301274948
0.0014345450424373108
0.002079918343215896
0.0026092776423188376
GEN 147 time 1619255623
0.0012302605301274948
0.001423081584138885
0.002079918343215896
0.0026092776423188376
GEN 148 time 1619255625
0.0012302605301274948
0.001423081584138885
0.002079918343215896
0.0026092776423188376
GEN 149 time 1619255626
0.0012302605301274948
0.001423081584138885
0.002079918343215896
0.0026092776423188376
GEN 150 time 1619255628
0.0012302605301274948
0.001423081584138885
0.002079918343215896
0.0026092776423188376
GEN 151 time 1619255629
0.0012302605301274948
0.001423081584138885
0.002079918343215896
0.0026092776423188376
GEN 152 time 1619255630
0.0012302605301274948
0.001423081584138885
0.002079918343215896
0.0026092776423188376
GEN 153 time 1619255632
0.0012302605301274948
0.001423081584138885
0.002079918343215896
0.0026092776423188376
GEN 154 time 1619255633
0.0012302605301274948
0.001423081584138885
0.002079918343215896
0.0026092776423188376
GEN 155 time 1619255634
0.0012302605301274948
0.001423081584138885
0.002079918343215896
0.0026092776423188376
GEN 156 time 1619255635
0.0012302605301274948
0.001423081584138885
0.002079918343215896
0.0026092776423188376
GEN 157 time 1619255636
0.0012302605301274948
0.001423081584138885
0.002079918343215896
0.0026092776423188376
GEN 158 time 1619255638
0.0012302605301274948
0.001423081584138885
0.002079918343215896
0.0026092776423188376
GEN 159 time 1619255639
0.0012302605301274948
0.001423081584138885
0.002079918343215896
0.0026092776423188376
GEN 160 time 1619255640
0.0012302605301274948
0.001423081584138885
0.002079918343215896
0.0026092776423188376
GEN 161 time 1619255642
0.0012302605301274948
0.001423081584138885
0.002079918343215896
0.0026092776423188376
GEN 162 time 1619255643
0.0012302605301274948
0.001423081584138885
0.002079918343215896
0.0026092776423188376
GEN 163 time 1619255644
0.0012302605301274948
0.001423081584138885
0.002079918343215896
0.0026092776423188376
GEN 164 time 1619255645
0.0012302605301274948
0.001423081584138885
0.002079918343215896
0.0026092776423188376
GEN 165 time 1619255646
0.0012302605301274948
0.001423081584138885
0.002079918343215896
0.0026092776423188376
GEN 166 time 1619255648
0.0012302605301274948
0.001423081584138885
0.002079918343215896
0.0026092776423188376
GEN 167 time 1619255649
0.0012302605301274948
0.001423081584138885
0.002079918343215896
0.0026092776423188376
GEN 168 time 1619255650
0.0012302605301274948
0.001423081584138885
0.002079918343215896
0.0026092776423188376
GEN 169 time 1619255651
0.0012302605301274948
0.001423081584138885
0.002079918343215896
0.0026092776423188376
GEN 170 time 1619255652
0.0012302605301274948
0.001423081584138885
0.002079918343215896
0.0026092776423188376
GEN 171 time 1619255653
0.0012302605301274948
0.001423081584138885
0.002079918343215896
0.0026092776423188376
GEN 172 time 1619255655
0.0012302605301274948
0.001423081584138885
0.002079918343215896
0.0026092776423188376
GEN 173 time 1619255656
0.0012302605301274948
0.001423081584138885
0.002079918343215896
0.0026092776423188376
GEN 174 time 1619255657
0.0012302605301274948
0.001405181420333743
0.002079918343215896
0.0026092776423188376
GEN 175 time 1619255658
0.0012302605301274948
0.001405181420333743
0.002079918343215896
0.0026092776423188376
GEN 176 time 1619255659
0.0012302605301274948
0.001405181420333743
0.002079918343215896
0.0026092776423188376
GEN 177 time 1619255661
0.0012302605301274948
0.001405181420333743
0.002079918343215896
0.0026092776423188376
GEN 178 time 1619255663
0.0012302605301274948
0.001405181420333743
0.002079918343215896
0.0026092776423188376
GEN 179 time 1619255664
0.0012302605301274948
0.001405181420333743
0.002079918343215896
0.0026092776423188376
GEN 180 time 1619255665
0.0012302605301274948
0.001405181420333743
0.002079918343215896
0.0026092776423188376
GEN 181 time 1619255667
0.0012017996808558217
0.001405181420333743
0.002079918343215896
0.0026092776423188376
GEN 182 time 1619255668
0.0012017996808558217
0.001405181420333743
0.002079918343215896
0.0026092776423188376
GEN 183 time 1619255670
0.0012017996808558217
0.001405181420333743
0.002079918343215896
0.0026092776423188376
GEN 184 time 1619255671
0.0012017996808558217
0.001405181420333743
0.002079918343215896
0.0026092776423188376
GEN 185 time 1619255672
0.0012017996808558217
0.001405181420333743
0.002079918343215896
0.0026092776423188376
GEN 186 time 1619255673
0.0012017996808558217
0.001405181420333743
0.002079918343215896
0.0026092776423188376
GEN 187 time 1619255675
0.0012007869470550766
0.001405181420333743
0.002079918343215896
0.0026092776423188376
GEN 188 time 1619255676
0.0012007869470550766
0.001405181420333743
0.002079918343215896
0.0026092776423188376
GEN 189 time 1619255677
0.0012007869470550766
0.001405181420333743
0.002079918343215896
0.0026092776423188376
GEN 190 time 1619255678
0.0012007869470550766
0.001405181420333743
0.002079918343215896
0.0026092776423188376
GEN 191 time 1619255679
0.0012007869470550766
0.001405181420333743
0.002079918343215896
0.0026092776423188376
GEN 192 time 1619255680
0.0012007869470550766
0.001405181420333743
0.002079918343215896
0.0026092776423188376
GEN 193 time 1619255682
0.0012001528465976903
0.001405181420333743
0.002079918343215896
0.0026092776423188376
GEN 194 time 1619255683
0.0012001528465976903
0.001405181420333743
0.002079918343215896
0.0026092776423188376
GEN 195 time 1619255684
0.0012001528465976903
0.001405181420333743
0.002079918343215896
0.002409257642318837
GEN 196 time 1619255686
0.0012001528465976903
0.001405181420333743
0.002079918343215896
0.002409257642318837
GEN 197 time 1619255687
0.0012001528465976903
0.001405181420333743
0.002079918343215896
0.002409257642318837
GEN 198 time 1619255688
0.0012001528465976903
0.0012662482453111102
0.002079918343215896
0.002409257642318837
GEN 199 time 1619255689
0.0012001528465976903
0.0012662482453111102
0.002079918343215896
0.002409257642318837
