['./data/small/layer/no-dem1_r25_1.json', './data/small/hop/no-dem6_r25_1_0.json', './data/small/hop/no-dem1_r25_1_0.json', './data/small/hop/no-dem2_r25_1_0.json']
GEN 0 time 1599669742
0.001663053643855875
0.002660623993721637
0.0027490727361648747
0.0023201350656207303
GEN 1 time 1599669747
0.0016018347550001049
0.002660623993721637
0.0024033679746335865
0.0022485664327471415
GEN 2 time 1599669753
0.0016018347550001049
0.002660623993721637
0.0024033679746335865
0.0022485664327471415
GEN 3 time 1599669759
0.001571334718833375
0.002480635969116609
0.002339311072230762
0.0022485664327471415
GEN 4 time 1599669765
0.001571334718833375
0.0021073297213293966
0.002339311072230762
0.0022234498128642804
GEN 5 time 1599669772
0.001571334718833375
0.0021073297213293966
0.0021490127361648743
0.0022122115526592738
GEN 6 time 1599669779
0.001571334718833375
0.0021073297213293966
0.0021490127361648743
0.002048546432747142
GEN 7 time 1599669786
0.001571334718833375
0.0021073297213293966
0.002139291072230762
0.002029749904124721
GEN 8 time 1599669792
0.001571334718833375
0.0021073297213293966
0.002139291072230762
0.002029749904124721
GEN 9 time 1599669799
0.001571334718833375
0.0017445742642239036
0.002139291072230762
0.002029749904124721
GEN 10 time 1599669806
0.001571334718833375
0.0017445742642239036
0.002139291072230762
0.002029749904124721
GEN 11 time 1599669812
0.001571334718833375
0.0017445742642239036
0.0018101727260913891
0.002029749904124721
GEN 12 time 1599669819
0.001571334718833375
0.0017445742642239036
0.0018101727260913891
0.002029749904124721
GEN 13 time 1599669826
0.001571334718833375
0.0017445742642239036
0.0018101727260913891
0.002029749904124721
GEN 14 time 1599669833
0.001571334718833375
0.0017445742642239036
0.0018101727260913891
0.002029749904124721
GEN 15 time 1599669841
0.001571334718833375
0.0017445742642239036
0.0018101727260913891
0.002029749904124721
GEN 16 time 1599669848
0.001571334718833375
0.0017445742642239036
0.0018101727260913891
0.002029749904124721
GEN 17 time 1599669855
0.001571334718833375
0.0017445742642239036
0.0018101727260913891
0.002029749904124721
GEN 18 time 1599669861
0.001571334718833375
0.0017445742642239036
0.0018101727260913891
0.002029749904124721
GEN 19 time 1599669869
0.001571334718833375
0.0017445742642239036
0.0018101727260913891
0.002029749904124721
GEN 20 time 1599669876
0.001571334718833375
0.0017445742642239036
0.0018101727260913891
0.0018962054948967282
GEN 21 time 1599669883
0.001571334718833375
0.0017445742642239036
0.0018101727260913891
0.0018962054948967282
GEN 22 time 1599669890
0.001571334718833375
0.0017445742642239036
0.0018101727260913891
0.0018962054948967282
GEN 23 time 1599669898
0.001571334718833375
0.0017445742642239036
0.0018101727260913891
0.0018962054948967282
GEN 24 time 1599669904
0.001571334718833375
0.0017445742642239036
0.0018101727260913891
0.0018962054948967282
GEN 25 time 1599669914
0.001571334718833375
0.0017445742642239036
0.0018101727260913891
0.0018962054948967282
GEN 26 time 1599669921
0.001571334718833375
0.0017445742642239036
0.0018101727260913891
0.0018962054948967282
GEN 27 time 1599669928
0.001571334718833375
0.0017445742642239036
0.0018101727260913891
0.0018962054948967282
GEN 28 time 1599669936
0.001571334718833375
0.0017445742642239036
0.0018101727260913891
0.0018962054948967282
GEN 29 time 1599669943
0.001571334718833375
0.0017072897213293965
0.0018101727260913891
0.0018962054948967282
GEN 30 time 1599669949
0.001571334718833375
0.0017072897213293965
0.0018101727260913891
0.0018962054948967282
GEN 31 time 1599669957
0.001571334718833375
0.0017072897213293965
0.0018101727260913891
0.0018962054948967282
GEN 32 time 1599669963
0.001571334718833375
0.0017072897213293965
0.0018101727260913891
0.0018962054948967282
GEN 33 time 1599669971
0.001571334718833375
0.0017072897213293965
0.0018101727260913891
0.0018962054948967282
GEN 34 time 1599669977
0.001571334718833375
0.0017072897213293965
0.0018101727260913891
0.001888344726437844
GEN 35 time 1599669986
0.001571334718833375
0.0017072897213293965
0.0018101727260913891
0.001888344726437844
GEN 36 time 1599669992
0.001571334718833375
0.0017072897213293965
0.0018101727260913891
0.001888344726437844
GEN 37 time 1599669999
0.001571334718833375
0.0017072897213293965
0.0018101727260913891
0.001888344726437844
GEN 38 time 1599670007
0.001571334718833375
0.0017072897213293965
0.0018101727260913891
0.001888344726437844
GEN 39 time 1599670015
0.001571334718833375
0.0017072897213293965
0.0018101727260913891
0.001888344726437844
GEN 40 time 1599670023
0.001571334718833375
0.0017072897213293965
0.0018101727260913891
0.001888344726437844
GEN 41 time 1599670030
0.001571334718833375
0.0017072897213293965
0.0018101727260913891
0.001888344726437844
GEN 42 time 1599670037
0.001571334718833375
0.0017072897213293965
0.0018101727260913891
0.001888344726437844
GEN 43 time 1599670045
0.001571334718833375
0.0017072897213293965
0.0018101727260913891
0.001888344726437844
GEN 44 time 1599670053
0.001571334718833375
0.0017072897213293965
0.0018101727260913891
0.001888344726437844
GEN 45 time 1599670061
0.001571334718833375
0.0017072897213293965
0.0018033079746335864
0.001888344726437844
GEN 46 time 1599670069
0.001571334718833375
0.0017072897213293965
0.0018033079746335864
0.001888344726437844
GEN 47 time 1599670077
0.001571334718833375
0.0017072897213293965
0.0018033079746335864
0.001888344726437844
GEN 48 time 1599670085
0.001571334718833375
0.0017072897213293965
0.0018033079746335864
0.001888344726437844
GEN 49 time 1599670093
0.001571334718833375
0.0017072897213293965
0.0018033079746335864
0.001888344726437844
GEN 50 time 1599670100
0.001571334718833375
0.0017072897213293965
0.0018033079746335864
0.001888344726437844
GEN 51 time 1599670109
0.001571334718833375
0.0017072897213293965
0.0018033079746335864
0.001888344726437844
GEN 52 time 1599670117
0.001571334718833375
0.0017072897213293965
0.0018033079746335864
0.001888344726437844
GEN 53 time 1599670124
0.001571334718833375
0.0017072897213293965
0.0018033079746335864
0.001888344726437844
GEN 54 time 1599670133
0.001571334718833375
0.0017072897213293965
0.0018033079746335864
0.001888344726437844
GEN 55 time 1599670141
0.001571334718833375
0.0017072897213293965
0.0018033079746335864
0.001888344726437844
GEN 56 time 1599670149
0.001571334718833375
0.0017072897213293965
0.0018033079746335864
0.001888344726437844
GEN 57 time 1599670158
0.001571334718833375
0.0017072897213293965
0.0018033079746335864
0.001888344726437844
GEN 58 time 1599670167
0.001571334718833375
0.0017072897213293965
0.0018033079746335864
0.001888344726437844
GEN 59 time 1599670176
0.001571334718833375
0.0017072897213293965
0.0018033079746335864
0.001888344726437844
GEN 60 time 1599670184
0.001571334718833375
0.0017072897213293965
0.0018033079746335864
0.001888344726437844
GEN 61 time 1599670193
0.001571334718833375
0.0017072897213293965
0.0018033079746335864
0.001888344726437844
GEN 62 time 1599670202
0.001571334718833375
0.0017072897213293965
0.0018033079746335864
0.001888344726437844
GEN 63 time 1599670210
0.001571334718833375
0.0017072897213293965
0.0018033079746335864
0.001888344726437844
GEN 64 time 1599670219
0.001571334718833375
0.0017072897213293965
0.0018033079746335864
0.001888344726437844
GEN 65 time 1599670228
0.001571334718833375
0.0017072897213293965
0.0018033079746335864
0.001888344726437844
GEN 66 time 1599670236
0.001571334718833375
0.0017072897213293965
0.0018033079746335864
0.001888344726437844
GEN 67 time 1599670244
0.001571334718833375
0.0017072897213293965
0.0018033079746335864
0.001888344726437844
GEN 68 time 1599670253
0.001571334718833375
0.0017072897213293965
0.0018033079746335864
0.001888344726437844
GEN 69 time 1599670262
0.001571334718833375
0.0017072897213293965
0.0018033079746335864
0.001888344726437844
GEN 70 time 1599670271
0.001571334718833375
0.0016323329785965903
0.0018033079746335864
0.001888344726437844
GEN 71 time 1599670280
0.001571334718833375
0.0016323329785965903
0.0018033079746335864
0.001888344726437844
GEN 72 time 1599670288
0.001571334718833375
0.0016323329785965903
0.0018033079746335864
0.001888344726437844
GEN 73 time 1599670298
0.001571334718833375
0.0016323329785965903
0.0017489727361648744
0.001888344726437844
GEN 74 time 1599670306
0.001571334718833375
0.0016323329785965903
0.0017489727361648744
0.001888344726437844
GEN 75 time 1599670316
0.001571334718833375
0.0016323329785965903
0.0017489727361648744
0.001888344726437844
GEN 76 time 1599670325
0.001571334718833375
0.0016323329785965903
0.0017489727361648744
0.001888344726437844
GEN 77 time 1599670334
0.001571334718833375
0.0016323329785965903
0.0017489727361648744
0.001888344726437844
GEN 78 time 1599670343
0.001571334718833375
0.0016323329785965903
0.0017489727361648744
0.001888344726437844
GEN 79 time 1599670352
0.001571334718833375
0.0016323329785965903
0.0017489727361648744
0.001888344726437844
GEN 80 time 1599670361
0.001571334718833375
0.0016323329785965903
0.0017489727361648744
0.001888344726437844
GEN 81 time 1599670370
0.001571334718833375
0.0016323329785965903
0.0017489727361648744
0.001888344726437844
GEN 82 time 1599670379
0.001571334718833375
0.0016323329785965903
0.0017489727361648744
0.001888344726437844
GEN 83 time 1599670387
0.001571334718833375
0.0016323329785965903
0.0017489727361648744
0.001888344726437844
GEN 84 time 1599670396
0.001571334718833375
0.0016323329785965903
0.0017489727361648744
0.001888344726437844
GEN 85 time 1599670405
0.001571334718833375
0.0016323329785965903
0.001739251072230762
0.001888344726437844
GEN 86 time 1599670414
0.001571334718833375
0.0016323329785965903
0.001739251072230762
0.001888344726437844
GEN 87 time 1599670422
0.001571334718833375
0.0016323329785965903
0.001739251072230762
0.001888344726437844
GEN 88 time 1599670431
0.001571334718833375
0.0015217502136284729
0.001739251072230762
0.001888344726437844
GEN 89 time 1599670440
0.001571334718833375
0.0015217502136284729
0.001739251072230762
0.001888344726437844
GEN 90 time 1599670449
0.001571334718833375
0.0015217502136284729
0.001739251072230762
0.001888344726437844
GEN 91 time 1599670458
0.001571334718833375
0.0015217502136284729
0.001739251072230762
0.001888344726437844
GEN 92 time 1599670468
0.001571334718833375
0.0015217502136284729
0.001739251072230762
0.001888344726437844
GEN 93 time 1599670477
0.001571334718833375
0.0015217502136284729
0.001739251072230762
0.001888344726437844
GEN 94 time 1599670485
0.001571334718833375
0.0015217502136284729
0.001739251072230762
0.001888344726437844
GEN 95 time 1599670494
0.001571334718833375
0.0015217502136284729
0.001739251072230762
0.001888344726437844
GEN 96 time 1599670504
0.001571334718833375
0.0015217502136284729
0.001739251072230762
0.001888344726437844
GEN 97 time 1599670514
0.001571334718833375
0.0015217502136284729
0.001739251072230762
0.001888344726437844
GEN 98 time 1599670523
0.001571334718833375
0.0015217502136284729
0.001739251072230762
0.001888344726437844
GEN 99 time 1599670531
0.001571334718833375
0.0015217502136284729
0.001739251072230762
0.001888344726437844
GEN 100 time 1599670541
0.001571334718833375
0.0015217502136284729
0.001739251072230762
0.001888344726437844
GEN 101 time 1599670549
0.001571334718833375
0.0015217502136284729
0.001739251072230762
0.001888344726437844
GEN 102 time 1599670559
0.001571334718833375
0.0015217502136284729
0.001739251072230762
0.001888344726437844
GEN 103 time 1599670567
0.001571334718833375
0.0015217502136284729
0.001739251072230762
0.001888344726437844
GEN 104 time 1599670576
0.001571334718833375
0.0015217502136284729
0.001739251072230762
0.001888344726437844
GEN 105 time 1599670585
0.001571334718833375
0.0015217502136284729
0.001739251072230762
0.001888344726437844
GEN 106 time 1599670594
0.001571334718833375
0.0015217502136284729
0.001739251072230762
0.001888344726437844
GEN 107 time 1599670604
0.001571334718833375
0.0015217502136284729
0.001739251072230762
0.001888344726437844
GEN 108 time 1599670612
0.001571334718833375
0.0015217502136284729
0.001739251072230762
0.001888344726437844
GEN 109 time 1599670621
0.001571334718833375
0.0015217502136284729
0.001739251072230762
0.001888344726437844
GEN 110 time 1599670630
0.001571334718833375
0.0015217502136284729
0.001739251072230762
0.001888344726437844
GEN 111 time 1599670639
0.001571334718833375
0.0015217502136284729
0.001739251072230762
0.001888344726437844
GEN 112 time 1599670649
0.001571334718833375
0.0015217502136284729
0.001739251072230762
0.001888344726437844
GEN 113 time 1599670658
0.001571334718833375
0.0015217502136284729
0.001739251072230762
0.001888344726437844
GEN 114 time 1599670667
0.001571334718833375
0.0015217502136284729
0.001739251072230762
0.001888344726437844
GEN 115 time 1599670675
0.001571334718833375
0.0015217502136284729
0.001739251072230762
0.001888344726437844
GEN 116 time 1599670684
0.001571334718833375
0.0015217502136284729
0.001739251072230762
0.001888344726437844
GEN 117 time 1599670693
0.001571334718833375
0.0015217502136284729
0.001739251072230762
0.001888344726437844
GEN 118 time 1599670702
0.001571334718833375
0.0015217502136284729
0.001739251072230762
0.001888344726437844
GEN 119 time 1599670712
0.001571334718833375
0.0015217502136284729
0.001739251072230762
0.001888344726437844
GEN 120 time 1599670722
0.001571334718833375
0.0015217502136284729
0.001739251072230762
0.001888344726437844
GEN 121 time 1599670731
0.001571334718833375
0.0015217502136284729
0.001739251072230762
0.001888344726437844
GEN 122 time 1599670740
0.001571334718833375
0.0015217502136284729
0.001739251072230762
0.001888344726437844
GEN 123 time 1599670749
0.001571334718833375
0.0015217502136284729
0.001739251072230762
0.001888344726437844
GEN 124 time 1599670758
0.001571334718833375
0.0015217502136284729
0.001739251072230762
0.001888344726437844
GEN 125 time 1599670767
0.001571334718833375
0.0015217502136284729
0.001739251072230762
0.001888344726437844
GEN 126 time 1599670776
0.001571334718833375
0.0015217502136284729
0.001739251072230762
0.001888344726437844
GEN 127 time 1599670784
0.001571334718833375
0.0015217502136284729
0.001739251072230762
0.001888344726437844
GEN 128 time 1599670793
0.001571334718833375
0.0015217502136284729
0.001739251072230762
0.001888344726437844
GEN 129 time 1599670802
0.001571334718833375
0.0015217502136284729
0.001739251072230762
0.001888344726437844
GEN 130 time 1599670811
0.001571334718833375
0.0015217502136284729
0.001739251072230762
0.001888344726437844
GEN 131 time 1599670821
0.001571334718833375
0.0015217502136284729
0.001739251072230762
0.001888344726437844
GEN 132 time 1599670830
0.001571334718833375
0.0015217502136284729
0.001739251072230762
0.001888344726437844
GEN 133 time 1599670839
0.001571334718833375
0.0015217502136284729
0.001739251072230762
0.001888344726437844
GEN 134 time 1599670848
0.001571334718833375
0.0015217502136284729
0.001739251072230762
0.001888344726437844
GEN 135 time 1599670857
0.001571334718833375
0.0015217502136284729
0.001739251072230762
0.001888344726437844
GEN 136 time 1599670867
0.001571334718833375
0.0015217502136284729
0.001739251072230762
0.001888344726437844
GEN 137 time 1599670876
0.001571334718833375
0.0015217502136284729
0.001739251072230762
0.0018485264327471416
GEN 138 time 1599670885
0.001571334718833375
0.0015217502136284729
0.001739251072230762
0.0018485264327471416
GEN 139 time 1599670894
0.001571334718833375
0.0015217502136284729
0.001739251072230762
0.0018485264327471416
GEN 140 time 1599670903
0.001571334718833375
0.0015217502136284729
0.001739251072230762
0.0018485264327471416
GEN 141 time 1599670913
0.001571334718833375
0.0015217502136284729
0.001739251072230762
0.0018485264327471416
GEN 142 time 1599670922
0.001571334718833375
0.0015217502136284729
0.001739251072230762
0.0018485264327471416
GEN 143 time 1599670932
0.001571334718833375
0.0015217502136284729
0.001739251072230762
0.0018485264327471416
GEN 144 time 1599670941
0.001571334718833375
0.0015217502136284729
0.001739251072230762
0.0018485264327471416
GEN 145 time 1599670951
0.001571334718833375
0.0015217502136284729
0.001739251072230762
0.0018485264327471416
GEN 146 time 1599670960
0.001571334718833375
0.0015217502136284729
0.001739251072230762
0.0018485264327471416
GEN 147 time 1599670970
0.001571334718833375
0.0015217502136284729
0.001739251072230762
0.0018485264327471416
GEN 148 time 1599670979
0.001571334718833375
0.0015217502136284729
0.001739251072230762
0.0018485264327471416
GEN 149 time 1599670988
0.001571334718833375
0.0015217502136284729
0.001739251072230762
0.0018485264327471416
GEN 150 time 1599670998
0.001571334718833375
0.0015217502136284729
0.001739251072230762
0.0018485264327471416
GEN 151 time 1599671007
0.001571334718833375
0.0015217502136284729
0.001739251072230762
0.0018485264327471416
GEN 152 time 1599671016
0.001571334718833375
0.0015217502136284729
0.001739251072230762
0.0018485264327471416
GEN 153 time 1599671025
0.001571334718833375
0.0015217502136284729
0.001739251072230762
0.0018485264327471416
GEN 154 time 1599671034
0.001571334718833375
0.0015217502136284729
0.001739251072230762
0.0018485264327471416
GEN 155 time 1599671044
0.001571334718833375
0.0015217502136284729
0.001739251072230762
0.0018485264327471416
GEN 156 time 1599671053
0.001571334718833375
0.0015217502136284729
0.001739251072230762
0.0018485264327471416
GEN 157 time 1599671062
0.001571334718833375
0.0015217502136284729
0.001739251072230762
0.0018485264327471416
GEN 158 time 1599671072
0.001571334718833375
0.0015217502136284729
0.001739251072230762
0.0018485264327471416
GEN 159 time 1599671080
0.001571334718833375
0.0015217502136284729
0.001739251072230762
0.0018485264327471416
GEN 160 time 1599671089
0.001571334718833375
0.0015217502136284729
0.001739251072230762
0.0018485264327471416
GEN 161 time 1599671098
0.001571334718833375
0.0015217502136284729
0.001739251072230762
0.0018485264327471416
GEN 162 time 1599671106
0.001571334718833375
0.0015217502136284729
0.001739251072230762
0.0018485264327471416
GEN 163 time 1599671115
0.001571334718833375
0.0015217502136284729
0.001739251072230762
0.0018485264327471416
GEN 164 time 1599671125
0.001571334718833375
0.0015217502136284729
0.001739251072230762
0.0018485264327471416
GEN 165 time 1599671134
0.001571334718833375
0.0015217502136284729
0.001739251072230762
0.0018485264327471416
GEN 166 time 1599671143
0.001571334718833375
0.0015217502136284729
0.001739251072230762
0.0018485264327471416
GEN 167 time 1599671152
0.001571334718833375
0.0015217502136284729
0.001739251072230762
0.0018485264327471416
GEN 168 time 1599671162
0.001571334718833375
0.0015217502136284729
0.001739251072230762
0.0018485264327471416
GEN 169 time 1599671170
0.001571334718833375
0.0015217502136284729
0.0016567535619334643
0.0018485264327471416
GEN 170 time 1599671179
0.001571334718833375
0.0015217502136284729
0.0016567535619334643
0.0018485264327471416
GEN 171 time 1599671188
0.001571334718833375
0.0015217502136284729
0.0016567535619334643
0.0018485264327471416
GEN 172 time 1599671197
0.001571334718833375
0.0015217502136284729
0.0016567535619334643
0.0018485264327471416
GEN 173 time 1599671207
0.001571334718833375
0.0015217502136284729
0.0016567535619334643
0.0018485264327471416
GEN 174 time 1599671215
0.001571334718833375
0.0015217502136284729
0.0016567535619334643
0.0018485264327471416
GEN 175 time 1599671224
0.001571334718833375
0.0015217502136284729
0.0016567535619334643
0.0018485264327471416
GEN 176 time 1599671233
0.001571334718833375
0.0015217502136284729
0.0016567535619334643
0.0018485264327471416
GEN 177 time 1599671242
0.001571334718833375
0.0015217502136284729
0.0016567535619334643
0.0018485264327471416
GEN 178 time 1599671252
0.001571334718833375
0.0015217502136284729
0.0016567535619334643
0.0018485264327471416
GEN 179 time 1599671261
0.001571334718833375
0.0015217502136284729
0.0016567535619334643
0.0018485264327471416
GEN 180 time 1599671271
0.001571334718833375
0.0015217502136284729
0.0016567535619334643
0.0018485264327471416
GEN 181 time 1599671280
0.001571334718833375
0.0015217502136284729
0.0016567535619334643
0.0018485264327471416
GEN 182 time 1599671290
0.001571334718833375
0.0015217502136284729
0.0016567535619334643
0.0018485264327471416
GEN 183 time 1599671299
0.001571334718833375
0.0015217502136284729
0.0016567535619334643
0.0018485264327471416
GEN 184 time 1599671308
0.001571334718833375
0.0015217502136284729
0.0016567535619334643
0.0018485264327471416
GEN 185 time 1599671317
0.001571334718833375
0.0015217502136284729
0.0016567535619334643
0.0018485264327471416
GEN 186 time 1599671325
0.001571334718833375
0.0015217502136284729
0.0016567535619334643
0.0018485264327471416
GEN 187 time 1599671335
0.001571334718833375
0.0015217502136284729
0.0016567535619334643
0.0018485264327471416
GEN 188 time 1599671343
0.001571334718833375
0.0015217502136284729
0.0016567535619334643
0.0018485264327471416
GEN 189 time 1599671351
0.001571334718833375
0.0015217502136284729
0.0016567535619334643
0.0018485264327471416
GEN 190 time 1599671361
0.001571334718833375
0.0015217502136284729
0.0016567535619334643
0.0018485264327471416
GEN 191 time 1599671370
0.001571334718833375
0.0015217502136284729
0.0016567535619334643
0.0018485264327471416
GEN 192 time 1599671379
0.001571334718833375
0.0015217502136284729
0.0016567535619334643
0.0018485264327471416
GEN 193 time 1599671388
0.001571334718833375
0.0015217502136284729
0.0016567535619334643
0.0018485264327471416
GEN 194 time 1599671397
0.001571334718833375
0.0015217502136284729
0.0016567535619334643
0.0018485264327471416
GEN 195 time 1599671406
0.001571334718833375
0.0015217502136284729
0.0016567535619334643
0.0018485264327471416
GEN 196 time 1599671415
0.001571334718833375
0.0015217502136284729
0.0016567535619334643
0.0018485264327471416
GEN 197 time 1599671424
0.001571334718833375
0.0015217502136284729
0.0016567535619334643
0.0018485264327471416
GEN 198 time 1599671433
0.001571334718833375
0.0015217502136284729
0.0016567535619334643
0.0018485264327471416
GEN 199 time 1599671442
0.001571334718833375
0.0015217502136284729
0.0016567535619334643
0.0018485264327471416
