['./data/small/layer/uu-dem1_r25_1.json', './data/small/hop/uu-dem1_r25_1_0.json', './data/small/hop/uu-dem10_r25_1_0.json', './data/small/hop/uu-dem1_r50_1_0.json']
GEN 0 time 1609758029
0.0014200353557188529
0.0012406870334389674
0.0016450321298649034
0.0021714762496739598
GEN 1 time 1609758032
0.0014200353557188529
0.0012406870334389674
0.0016450321298649034
0.0021714762496739598
GEN 2 time 1609758034
0.0014200353557188529
0.0012203740949405957
0.0016168391657516853
0.001877800053590099
GEN 3 time 1609758037
0.0014200353557188529
0.0012203740949405957
0.0016080744680283979
0.001877800053590099
GEN 4 time 1609758039
0.0014200353557188529
0.0011253820510887232
0.0014750334621143066
0.001877800053590099
GEN 5 time 1609758042
0.0014200353557188529
0.0011253820510887232
0.0014750334621143066
0.001877800053590099
GEN 6 time 1609758045
0.0014200353557188529
0.0011253820510887232
0.0014750334621143066
0.001877800053590099
GEN 7 time 1609758048
0.0014200353557188529
0.0011253820510887232
0.0014750334621143066
0.001877800053590099
GEN 8 time 1609758051
0.0014200353557188529
0.0010994863582718096
0.0014750334621143066
0.001877800053590099
GEN 9 time 1609758053
0.0014200353557188529
0.0010994863582718096
0.0014750334621143066
0.001877800053590099
GEN 10 time 1609758056
0.0014200353557188529
0.0010994863582718096
0.0014750334621143066
0.001877800053590099
GEN 11 time 1609758058
0.0014200353557188529
0.0010925913318437386
0.0014750334621143066
0.001877800053590099
GEN 12 time 1609758061
0.0014200353557188529
0.0010629697920356892
0.0014750334621143066
0.0018174408651876028
GEN 13 time 1609758063
0.0014200353557188529
0.0010629697920356892
0.0014677514663186462
0.0018174408651876028
GEN 14 time 1609758066
0.0014200353557188529
0.0010629697920356892
0.0014677514663186462
0.0018174408651876028
GEN 15 time 1609758068
0.0014200353557188529
0.0010629697920356892
0.0014411060905536756
0.0018174408651876028
GEN 16 time 1609758071
0.0014200353557188529
0.0010437788041660664
0.0014327481822404096
0.0018174408651876028
GEN 17 time 1609758074
0.0014200353557188529
0.0010437788041660664
0.0014038684794824008
0.0018174408651876028
GEN 18 time 1609758077
0.0014200353557188529
0.0010437788041660664
0.0014038684794824008
0.0018174408651876028
GEN 19 time 1609758080
0.0014022820108684955
0.0010437788041660664
0.0014038684794824008
0.0016739900336632163
GEN 20 time 1609758083
0.0014022820108684955
0.0010437788041660664
0.0014038684794824008
0.0016333587918257353
GEN 21 time 1609758086
0.0014022820108684955
0.0010437788041660664
0.0014038684794824008
0.0016333587918257353
GEN 22 time 1609758088
0.0014022820108684955
0.0010437788041660664
0.0014038684794824008
0.0016333587918257353
GEN 23 time 1609758091
0.0013241549149018502
0.0010437788041660664
0.0014038684794824008
0.0016333587918257353
GEN 24 time 1609758094
0.0013241549149018502
0.0010437788041660664
0.0014038684794824008
0.0016333587918257353
GEN 25 time 1609758096
0.0013089946016198453
0.0010437788041660664
0.001297958600042267
0.0016333587918257353
GEN 26 time 1609758099
0.0013089946016198453
0.0010437788041660664
0.001297958600042267
0.0016333587918257353
GEN 27 time 1609758101
0.0013089946016198453
0.0010437788041660664
0.001297958600042267
0.0016333587918257353
GEN 28 time 1609758104
0.0013089946016198453
0.0010437788041660664
0.001297958600042267
0.0016333587918257353
GEN 29 time 1609758107
0.0013089946016198453
0.0010437788041660664
0.001297958600042267
0.0016333587918257353
GEN 30 time 1609758109
0.0013089946016198453
0.001017743113401416
0.001297958600042267
0.0016333587918257353
GEN 31 time 1609758112
0.0013089946016198453
0.001017743113401416
0.0012967554810335415
0.0016333587918257353
GEN 32 time 1609758115
0.0013089946016198453
0.001017743113401416
0.0012967554810335415
0.0016333587918257353
GEN 33 time 1609758117
0.0013089946016198453
0.001017743113401416
0.0012967554810335415
0.0016333587918257353
GEN 34 time 1609758120
0.0013089946016198453
0.001017743113401416
0.0012967554810335415
0.0016333587918257353
GEN 35 time 1609758122
0.0013089946016198453
0.001017743113401416
0.0012967554810335415
0.0016333587918257353
GEN 36 time 1609758125
0.0013089946016198453
0.001017743113401416
0.0012967554810335415
0.0016333587918257353
GEN 37 time 1609758128
0.0013089946016198453
0.001017743113401416
0.0012967554810335415
0.0016333587918257353
GEN 38 time 1609758130
0.0013089946016198453
0.001017743113401416
0.0012967554810335415
0.0016333587918257353
GEN 39 time 1609758133
0.0013089946016198453
0.001017743113401416
0.0012967554810335415
0.0016333587918257353
GEN 40 time 1609758136
0.0013089946016198453
0.0010013072029919075
0.0012940623238190136
0.0016277718319712008
GEN 41 time 1609758138
0.0013089946016198453
0.0010013072029919075
0.0012940623238190136
0.0016277718319712008
GEN 42 time 1609758140
0.0013089946016198453
0.0010013072029919075
0.0012940623238190136
0.0016277718319712008
GEN 43 time 1609758143
0.0013089946016198453
0.0010013072029919075
0.0012940623238190136
0.0016277718319712008
GEN 44 time 1609758146
0.0013089946016198453
0.0010013072029919075
0.0012940623238190136
0.0016277718319712008
GEN 45 time 1609758148
0.0013089946016198453
0.0010013072029919075
0.0012940623238190136
0.0016277718319712008
GEN 46 time 1609758151
0.0013089946016198453
0.0010013072029919075
0.0012940623238190136
0.0016277718319712008
GEN 47 time 1609758153
0.0013089946016198453
0.0010013072029919075
0.0012940623238190136
0.0016277718319712008
GEN 48 time 1609758155
0.0013089946016198453
0.0010013072029919075
0.0012940623238190136
0.0016277718319712008
GEN 49 time 1609758158
0.0013089946016198453
0.0010013072029919075
0.0012940623238190136
0.0016232808008994385
GEN 50 time 1609758161
0.0013089946016198453
0.0008834462311827626
0.0012710659110334807
0.0016232808008994385
GEN 51 time 1609758164
0.0013089946016198453
0.0008834462311827626
0.0012710659110334807
0.0016232808008994385
GEN 52 time 1609758166
0.0013089946016198453
0.0008834462311827626
0.0012710659110334807
0.0016232808008994385
GEN 53 time 1609758169
0.0013089946016198453
0.0008834462311827626
0.0012710659110334807
0.0016232808008994385
GEN 54 time 1609758171
0.0013089946016198453
0.0008834462311827626
0.0012710659110334807
0.0016232808008994385
GEN 55 time 1609758174
0.0013089946016198453
0.0008834462311827626
0.0012710659110334807
0.0016232808008994385
GEN 56 time 1609758177
0.0013089946016198453
0.0008612350826512215
0.0012710659110334807
0.0016232808008994385
GEN 57 time 1609758179
0.0013089946016198453
0.0008612350826512215
0.0012251649142528906
0.0016232808008994385
GEN 58 time 1609758181
0.0013089946016198453
0.0008612350826512215
0.0012251649142528906
0.0016232808008994385
GEN 59 time 1609758184
0.0013089946016198453
0.0008612350826512215
0.0012251649142528906
0.0016232808008994385
GEN 60 time 1609758186
0.0013089946016198453
0.0008612350826512215
0.0012251649142528906
0.0016232808008994385
GEN 61 time 1609758189
0.0013089946016198453
0.0008612350826512215
0.0012251649142528906
0.0016232808008994385
GEN 62 time 1609758191
0.0013089946016198453
0.0008612350826512215
0.0012169825673385359
0.0016232808008994385
GEN 63 time 1609758193
0.0013089946016198453
0.0008612350826512215
0.0012169825673385359
0.0016232808008994385
GEN 64 time 1609758196
0.0013089946016198453
0.0008612350826512215
0.0012169825673385359
0.0016232808008994385
GEN 65 time 1609758198
0.0013089946016198453
0.0008612350826512215
0.0012169825673385359
0.0016232808008994385
GEN 66 time 1609758200
0.0013089946016198453
0.0008612350826512215
0.0012169825673385359
0.0016232808008994385
GEN 67 time 1609758203
0.0013089946016198453
0.0008612350826512215
0.0012169825673385359
0.0016232808008994385
GEN 68 time 1609758206
0.0013089946016198453
0.0008612350826512215
0.0012169825673385359
0.0016232808008994385
GEN 69 time 1609758208
0.0013089946016198453
0.0008612350826512215
0.0012169825673385359
0.0016232808008994385
GEN 70 time 1609758211
0.0013089946016198453
0.0008612350826512215
0.0012169825673385359
0.0016232808008994385
GEN 71 time 1609758214
0.0013089946016198453
0.0008612350826512215
0.0012169825673385359
0.0016232808008994385
GEN 72 time 1609758216
0.0013089946016198453
0.0008612350826512215
0.0012169825673385359
0.0016232808008994385
GEN 73 time 1609758218
0.0013089946016198453
0.0008612350826512215
0.0012169825673385359
0.0016232808008994385
GEN 74 time 1609758221
0.0013089946016198453
0.000857270347651746
0.0012161938635300105
0.0016232808008994385
GEN 75 time 1609758223
0.0013089946016198453
0.000857270347651746
0.0012161938635300105
0.0016232808008994385
GEN 76 time 1609758226
0.0013089946016198453
0.000857270347651746
0.0012161938635300105
0.0016232808008994385
GEN 77 time 1609758228
0.0013089946016198453
0.000857270347651746
0.0012161938635300105
0.0016232808008994385
GEN 78 time 1609758231
0.0013089946016198453
0.000857270347651746
0.0012161938635300105
0.0016232808008994385
GEN 79 time 1609758233
0.0013089946016198453
0.000857270347651746
0.0012161938635300105
0.001602996264275605
GEN 80 time 1609758235
0.0013089946016198453
0.000857270347651746
0.0012161938635300105
0.001602996264275605
GEN 81 time 1609758238
0.0013089946016198453
0.000857270347651746
0.0012161938635300105
0.001602996264275605
GEN 82 time 1609758241
0.0013089946016198453
0.000857270347651746
0.0012161938635300105
0.001602996264275605
GEN 83 time 1609758243
0.0013089946016198453
0.000857270347651746
0.0012161938635300105
0.001602996264275605
GEN 84 time 1609758246
0.0013089946016198453
0.000857270347651746
0.0012161938635300105
0.001602996264275605
GEN 85 time 1609758248
0.0013089946016198453
0.000857270347651746
0.0012161938635300105
0.001602996264275605
GEN 86 time 1609758251
0.0013089946016198453
0.000857270347651746
0.0012161938635300105
0.001602996264275605
GEN 87 time 1609758253
0.0013089946016198453
0.000857270347651746
0.0012161938635300105
0.001602996264275605
GEN 88 time 1609758256
0.0013089946016198453
0.000857270347651746
0.0012161938635300105
0.001602996264275605
GEN 89 time 1609758258
0.0013089946016198453
0.000857270347651746
0.0012161938635300105
0.001602996264275605
GEN 90 time 1609758261
0.0013089946016198453
0.000857270347651746
0.0012161938635300105
0.001602996264275605
GEN 91 time 1609758264
0.0013089946016198453
0.000857270347651746
0.0012161938635300105
0.001602996264275605
GEN 92 time 1609758266
0.0013089946016198453
0.000857270347651746
0.0012161938635300105
0.001602996264275605
GEN 93 time 1609758269
0.0013089946016198453
0.000857270347651746
0.0012161938635300105
0.001602996264275605
GEN 94 time 1609758271
0.0013089946016198453
0.000857270347651746
0.0012154912842420986
0.001602996264275605
GEN 95 time 1609758274
0.0013089946016198453
0.000857270347651746
0.0012154912842420986
0.001602996264275605
GEN 96 time 1609758276
0.0013089946016198453
0.000857270347651746
0.0012154912842420986
0.001602996264275605
GEN 97 time 1609758279
0.0013089946016198453
0.000857270347651746
0.0012154912842420986
0.001602996264275605
GEN 98 time 1609758281
0.0013089946016198453
0.000857270347651746
0.0012154912842420986
0.001602996264275605
GEN 99 time 1609758284
0.0013089946016198453
0.000857270347651746
0.0012154912842420986
0.001602996264275605
GEN 100 time 1609758286
0.0013089946016198453
0.000857270347651746
0.0012154912842420986
0.001602996264275605
GEN 101 time 1609758289
0.0013089946016198453
0.000857270347651746
0.0012154912842420986
0.001602996264275605
GEN 102 time 1609758292
0.0013089946016198453
0.000857270347651746
0.0012154912842420986
0.001602996264275605
GEN 103 time 1609758295
0.0013089946016198453
0.000857270347651746
0.0012154912842420986
0.001602996264275605
GEN 104 time 1609758297
0.0013089946016198453
0.000857270347651746
0.0012154912842420986
0.001602996264275605
GEN 105 time 1609758300
0.0013089946016198453
0.000857270347651746
0.0012154912842420986
0.001602996264275605
GEN 106 time 1609758303
0.0013089946016198453
0.000857270347651746
0.0012154912842420986
0.001602996264275605
GEN 107 time 1609758305
0.0013089946016198453
0.000857270347651746
0.0012154912842420986
0.001602996264275605
GEN 108 time 1609758307
0.0013089946016198453
0.000857270347651746
0.0012154912842420986
0.001602996264275605
GEN 109 time 1609758310
0.0013089946016198453
0.000857270347651746
0.0012154912842420986
0.001602996264275605
GEN 110 time 1609758313
0.0013089946016198453
0.000857270347651746
0.0012154912842420986
0.001602996264275605
GEN 111 time 1609758316
0.0013089946016198453
0.000857270347651746
0.0012154912842420986
0.001602996264275605
GEN 112 time 1609758318
0.0013089946016198453
0.000857270347651746
0.0012154912842420986
0.001602996264275605
GEN 113 time 1609758321
0.0013089946016198453
0.000857270347651746
0.0012154912842420986
0.001602996264275605
GEN 114 time 1609758323
0.0013089946016198453
0.000857270347651746
0.0012154912842420986
0.001602996264275605
GEN 115 time 1609758326
0.0013089946016198453
0.000857270347651746
0.0012154912842420986
0.001602996264275605
GEN 116 time 1609758328
0.0013089946016198453
0.000857270347651746
0.0012154912842420986
0.001602996264275605
GEN 117 time 1609758331
0.0013089946016198453
0.000857270347651746
0.0012154912842420986
0.001602996264275605
GEN 118 time 1609758334
0.0013089946016198453
0.000857270347651746
0.0012154912842420986
0.001602996264275605
GEN 119 time 1609758336
0.0013089946016198453
0.000857270347651746
0.0012154912842420986
0.001602996264275605
GEN 120 time 1609758338
0.0013089946016198453
0.000857270347651746
0.0012154912842420986
0.001602996264275605
GEN 121 time 1609758341
0.0013089946016198453
0.000857270347651746
0.0012154912842420986
0.001602996264275605
GEN 122 time 1609758343
0.0013089946016198453
0.000857270347651746
0.0012154912842420986
0.001602996264275605
GEN 123 time 1609758346
0.0013089946016198453
0.000857270347651746
0.0012154912842420986
0.001602996264275605
GEN 124 time 1609758348
0.0013089946016198453
0.000857270347651746
0.0012154912842420986
0.001602996264275605
GEN 125 time 1609758351
0.0013089946016198453
0.000857270347651746
0.0012154912842420986
0.001602996264275605
GEN 126 time 1609758354
0.0013089946016198453
0.000857270347651746
0.0012154912842420986
0.001602996264275605
GEN 127 time 1609758356
0.0013089946016198453
0.000857270347651746
0.0012154912842420986
0.001602996264275605
GEN 128 time 1609758358
0.0013089946016198453
0.000857270347651746
0.0012154912842420986
0.001602996264275605
GEN 129 time 1609758361
0.0013089946016198453
0.000857270347651746
0.0012154912842420986
0.001602996264275605
GEN 130 time 1609758364
0.0013089946016198453
0.000857270347651746
0.0012154912842420986
0.001602996264275605
GEN 131 time 1609758366
0.0013089946016198453
0.000857270347651746
0.0012154912842420986
0.001602996264275605
GEN 132 time 1609758369
0.0013089946016198453
0.000857270347651746
0.0012154912842420986
0.001602996264275605
GEN 133 time 1609758371
0.0013089946016198453
0.000857270347651746
0.0012154912842420986
0.001602996264275605
GEN 134 time 1609758373
0.0013089946016198453
0.000857270347651746
0.0012154912842420986
0.001602996264275605
GEN 135 time 1609758376
0.0013089946016198453
0.000857270347651746
0.0012154912842420986
0.001602996264275605
GEN 136 time 1609758379
0.0013089946016198453
0.000857270347651746
0.0012154912842420986
0.001602996264275605
GEN 137 time 1609758381
0.0013089946016198453
0.000857270347651746
0.0012154912842420986
0.001602996264275605
GEN 138 time 1609758384
0.0013089946016198453
0.000857270347651746
0.0012154912842420986
0.001602996264275605
GEN 139 time 1609758386
0.0013089946016198453
0.000857270347651746
0.0012154912842420986
0.001602996264275605
GEN 140 time 1609758389
0.0013089946016198453
0.000857270347651746
0.0012154912842420986
0.001602996264275605
GEN 141 time 1609758392
0.0013089946016198453
0.000857270347651746
0.0012154912842420986
0.001602996264275605
GEN 142 time 1609758394
0.0013089946016198453
0.000857270347651746
0.0012154912842420986
0.001602996264275605
GEN 143 time 1609758397
0.0013089946016198453
0.000857270347651746
0.001204502398081017
0.001602996264275605
GEN 144 time 1609758400
0.0013089946016198453
0.000857270347651746
0.001204502398081017
0.001602996264275605
GEN 145 time 1609758402
0.0013089946016198453
0.000857270347651746
0.001204502398081017
0.001602996264275605
GEN 146 time 1609758405
0.0013089946016198453
0.000857270347651746
0.001204502398081017
0.001602996264275605
GEN 147 time 1609758407
0.0013089946016198453
0.000857270347651746
0.001204502398081017
0.001602996264275605
GEN 148 time 1609758409
0.0013089946016198453
0.000857270347651746
0.001204502398081017
0.001602996264275605
GEN 149 time 1609758412
0.0013089946016198453
0.000857270347651746
0.001204502398081017
0.001602996264275605
GEN 150 time 1609758414
0.0013089946016198453
0.000857270347651746
0.001204502398081017
0.001602996264275605
GEN 151 time 1609758416
0.0013089946016198453
0.000857270347651746
0.001204502398081017
0.001602996264275605
GEN 152 time 1609758419
0.0013089946016198453
0.000857270347651746
0.001204502398081017
0.001602996264275605
GEN 153 time 1609758421
0.0013089946016198453
0.000857270347651746
0.001204502398081017
0.001602996264275605
GEN 154 time 1609758424
0.0013089946016198453
0.000857270347651746
0.001204502398081017
0.001602996264275605
GEN 155 time 1609758427
0.0013089946016198453
0.000857270347651746
0.001204502398081017
0.001602996264275605
GEN 156 time 1609758430
0.0013089946016198453
0.000857270347651746
0.001204502398081017
0.001602996264275605
GEN 157 time 1609758432
0.0013089946016198453
0.000857270347651746
0.001204502398081017
0.001602996264275605
GEN 158 time 1609758435
0.0013089946016198453
0.000857270347651746
0.001204502398081017
0.001602996264275605
GEN 159 time 1609758437
0.0013089946016198453
0.000857270347651746
0.001204502398081017
0.001602996264275605
GEN 160 time 1609758440
0.0013089946016198453
0.000857270347651746
0.001204502398081017
0.001602996264275605
GEN 161 time 1609758442
0.0013089946016198453
0.000857270347651746
0.001204502398081017
0.001602996264275605
GEN 162 time 1609758445
0.0013089946016198453
0.000857270347651746
0.001204502398081017
0.001602996264275605
GEN 163 time 1609758447
0.0013089946016198453
0.000857270347651746
0.001204502398081017
0.001602996264275605
GEN 164 time 1609758450
0.0013089946016198453
0.000857270347651746
0.001204502398081017
0.001602996264275605
GEN 165 time 1609758452
0.0013089946016198453
0.000857270347651746
0.001204502398081017
0.001602996264275605
GEN 166 time 1609758455
0.0013089946016198453
0.000857270347651746
0.001204502398081017
0.001602996264275605
GEN 167 time 1609758457
0.0013089946016198453
0.000857270347651746
0.001204502398081017
0.001602996264275605
GEN 168 time 1609758460
0.0013089946016198453
0.000857270347651746
0.001204502398081017
0.001602996264275605
GEN 169 time 1609758463
0.0013089946016198453
0.000857270347651746
0.001204502398081017
0.001602996264275605
GEN 170 time 1609758465
0.0013089946016198453
0.000857270347651746
0.001204502398081017
0.001602996264275605
GEN 171 time 1609758468
0.0013089946016198453
0.000857270347651746
0.001204502398081017
0.001602996264275605
GEN 172 time 1609758471
0.0013089946016198453
0.000857270347651746
0.001204502398081017
0.001602996264275605
GEN 173 time 1609758473
0.0013089946016198453
0.000857270347651746
0.001204502398081017
0.001602996264275605
GEN 174 time 1609758476
0.0013089946016198453
0.000857270347651746
0.001204502398081017
0.001602996264275605
GEN 175 time 1609758478
0.0013089946016198453
0.000857270347651746
0.001204502398081017
0.001602996264275605
GEN 176 time 1609758481
0.0013089946016198453
0.000857270347651746
0.001204502398081017
0.001602996264275605
GEN 177 time 1609758484
0.0013089946016198453
0.000857270347651746
0.001204502398081017
0.001602996264275605
GEN 178 time 1609758486
0.0013089946016198453
0.000857270347651746
0.001204502398081017
0.001602996264275605
GEN 179 time 1609758488
0.0013089946016198453
0.000857270347651746
0.001204502398081017
0.001602996264275605
GEN 180 time 1609758491
0.0013089946016198453
0.000857270347651746
0.001204502398081017
0.001602996264275605
GEN 181 time 1609758493
0.0013089946016198453
0.000857270347651746
0.001204502398081017
0.001602996264275605
GEN 182 time 1609758496
0.0013089946016198453
0.000857270347651746
0.001204502398081017
0.001602996264275605
GEN 183 time 1609758499
0.0013089946016198453
0.000857270347651746
0.001204502398081017
0.001602996264275605
GEN 184 time 1609758501
0.0013089946016198453
0.000857270347651746
0.001204502398081017
0.001602996264275605
GEN 185 time 1609758504
0.0013089946016198453
0.000857270347651746
0.001204502398081017
0.001602996264275605
GEN 186 time 1609758506
0.0013089946016198453
0.000857270347651746
0.001204502398081017
0.001602996264275605
GEN 187 time 1609758509
0.0013089946016198453
0.000857270347651746
0.001204502398081017
0.001602996264275605
GEN 188 time 1609758511
0.0013089946016198453
0.000857270347651746
0.001204502398081017
0.001602996264275605
GEN 189 time 1609758513
0.0013089946016198453
0.000857270347651746
0.001204502398081017
0.001602996264275605
GEN 190 time 1609758516
0.0013089946016198453
0.000857270347651746
0.001204502398081017
0.001602996264275605
GEN 191 time 1609758518
0.0013089946016198453
0.000857270347651746
0.001204502398081017
0.001602996264275605
GEN 192 time 1609758521
0.0013089946016198453
0.000857270347651746
0.001204502398081017
0.001602996264275605
GEN 193 time 1609758524
0.0013089946016198453
0.000857270347651746
0.001204502398081017
0.001602996264275605
GEN 194 time 1609758526
0.0013089946016198453
0.000857270347651746
0.001204502398081017
0.001602996264275605
GEN 195 time 1609758528
0.0013089946016198453
0.000857270347651746
0.001204502398081017
0.001602996264275605
GEN 196 time 1609758531
0.0013089946016198453
0.000857270347651746
0.001204502398081017
0.001602996264275605
GEN 197 time 1609758533
0.0013089946016198453
0.000857270347651746
0.001204502398081017
0.001602996264275605
GEN 198 time 1609758536
0.0013089946016198453
0.000857270347651746
0.001204502398081017
0.001602996264275605
GEN 199 time 1609758538
0.0013089946016198453
0.000857270347651746
0.001204502398081017
0.001602996264275605
