['./data/small/layer/uu-dem2_r25_1.json', './data/small/hop/uu-dem2_r25_1_0.json', './data/small/hop/uu-dem9_r25_1_0.json', './data/small/hop/uu-dem2_r50_1_0.json']
GEN 0 time 1609809916
0.0015159715896146935
0.0010509984593196822
0.0018509826637164424
0.0023473625329042723
GEN 1 time 1609809919
0.0015159715896146935
0.0010509984593196822
0.0018371973354184825
0.0023473625329042723
GEN 2 time 1609809921
0.0015159715896146935
0.0010509984593196822
0.0018371973354184825
0.002049767087375824
GEN 3 time 1609809924
0.0015159715896146935
0.0010509984593196822
0.0018371973354184825
0.002049767087375824
GEN 4 time 1609809927
0.0015159715896146935
0.0010509984593196822
0.0018143630072955438
0.002049767087375824
GEN 5 time 1609809930
0.0014047728586886416
0.0010305706210381824
0.0016942823691573465
0.002049767087375824
GEN 6 time 1609809932
0.0014047728586886416
0.0010092043072473527
0.0016703506680101556
0.002049767087375824
GEN 7 time 1609809935
0.0014047728586886416
0.0010092043072473527
0.0016661663235260152
0.002049767087375824
GEN 8 time 1609809938
0.0014047728586886416
0.0010092043072473527
0.0014397513485326482
0.002049767087375824
GEN 9 time 1609809940
0.0014047728586886416
0.0010092043072473527
0.001417753232021539
0.002049767087375824
GEN 10 time 1609809943
0.0014047728586886416
0.0008865265573617637
0.001417753232021539
0.002049767087375824
GEN 11 time 1609809946
0.0014047728586886416
0.0008865265573617637
0.001417753232021539
0.002049767087375824
GEN 12 time 1609809948
0.0014047728586886416
0.0008865265573617637
0.001417753232021539
0.002049767087375824
GEN 13 time 1609809951
0.0014047728586886416
0.0008865265573617637
0.001417753232021539
0.0020408394257126028
GEN 14 time 1609809954
0.0014047728586886416
0.0008865265573617637
0.001417753232021539
0.0020408394257126028
GEN 15 time 1609809957
0.0014047728586886416
0.0008865265573617637
0.001417753232021539
0.0020408394257126028
GEN 16 time 1609809960
0.0014047728586886416
0.0008865265573617637
0.001417753232021539
0.0020408394257126028
GEN 17 time 1609809962
0.0014047728586886416
0.0008865265573617637
0.001417753232021539
0.0020408394257126028
GEN 18 time 1609809965
0.0014047728586886416
0.0008865265573617637
0.001417753232021539
0.0020408394257126028
GEN 19 time 1609809967
0.0014047728586886416
0.0008865265573617637
0.001417753232021539
0.0020381889140626626
GEN 20 time 1609809970
0.0014047728586886416
0.0008865265573617637
0.001417753232021539
0.0020269671829536663
GEN 21 time 1609809972
0.0014047728586886416
0.0008865265573617637
0.001417753232021539
0.0020269671829536663
GEN 22 time 1609809975
0.0014047728586886416
0.0008865265573617637
0.001417753232021539
0.0020269671829536663
GEN 23 time 1609809978
0.0014047728586886416
0.0008865265573617637
0.001417753232021539
0.002018971841106625
GEN 24 time 1609809980
0.0014047728586886416
0.0008806942924846992
0.001417753232021539
0.002018971841106625
GEN 25 time 1609809983
0.0014047728586886416
0.0008806942924846992
0.001417753232021539
0.002018971841106625
GEN 26 time 1609809986
0.0012965131292468968
0.0008806942924846992
0.001417753232021539
0.002018971841106625
GEN 27 time 1609809989
0.0012965131292468968
0.0008806942924846992
0.001417753232021539
0.0020015558518400715
GEN 28 time 1609809992
0.0012965131292468968
0.0008806096190286664
0.001417753232021539
0.0020015558518400715
GEN 29 time 1609809995
0.0012965131292468968
0.0008806096190286664
0.001417753232021539
0.0020015558518400715
GEN 30 time 1609809997
0.0012965131292468968
0.0008806096190286664
0.0014025217122639207
0.0019690232027575255
GEN 31 time 1609810000
0.0012965131292468968
0.0008806096190286664
0.0012966047826846753
0.0019690232027575255
GEN 32 time 1609810003
0.0012965131292468968
0.0008806096190286664
0.0012966047826846753
0.001963069410464779
GEN 33 time 1609810006
0.0012965131292468968
0.0008806096190286664
0.0012966047826846753
0.001963069410464779
GEN 34 time 1609810009
0.0012965131292468968
0.0008806096190286664
0.0012966047826846753
0.0018904485554999389
GEN 35 time 1609810011
0.0012965131292468968
0.0008806096190286664
0.0012966047826846753
0.0018904485554999389
GEN 36 time 1609810014
0.0012965131292468968
0.0008776182359919749
0.0012966047826846753
0.0018904485554999389
GEN 37 time 1609810017
0.0012965131292468968
0.0008776182359919749
0.0012966047826846753
0.0018904485554999389
GEN 38 time 1609810020
0.0012965131292468968
0.0008776182359919749
0.0012966047826846753
0.0018904485554999389
GEN 39 time 1609810023
0.0012747744620447592
0.0008776182359919749
0.0012966047826846753
0.0018904485554999389
GEN 40 time 1609810025
0.0012747744620447592
0.0008776182359919749
0.0012966047826846753
0.0018559589251882962
GEN 41 time 1609810028
0.0012747744620447592
0.0008776182359919749
0.0012966047826846753
0.0018559589251882962
GEN 42 time 1609810031
0.0012747744620447592
0.0008776182359919749
0.0012966047826846753
0.0018559589251882962
GEN 43 time 1609810033
0.0012747744620447592
0.0008776182359919749
0.0012966047826846753
0.0018559589251882962
GEN 44 time 1609810036
0.0012747744620447592
0.0008776182359919749
0.0012966047826846753
0.0018559589251882962
GEN 45 time 1609810039
0.0012747744620447592
0.0008776182359919749
0.0012966047826846753
0.0018559589251882962
GEN 46 time 1609810041
0.0012747744620447592
0.0008730925464955021
0.0012966047826846753
0.0018559589251882962
GEN 47 time 1609810044
0.0012747744620447592
0.0008730925464955021
0.0012966047826846753
0.0018138884279606745
GEN 48 time 1609810047
0.0012747744620447592
0.0008730925464955021
0.0012966047826846753
0.0018138884279606745
GEN 49 time 1609810049
0.0012747744620447592
0.0008730925464955021
0.0012966047826846753
0.0018138884279606745
GEN 50 time 1609810052
0.0012047528586886414
0.0008730925464955021
0.0012966047826846753
0.0018138884279606745
GEN 51 time 1609810054
0.0012047528586886414
0.0008730925464955021
0.0012966047826846753
0.0018138884279606745
GEN 52 time 1609810057
0.0012047528586886414
0.0008730925464955021
0.0012966047826846753
0.0018138884279606745
GEN 53 time 1609810059
0.0012047528586886414
0.0008370232811701957
0.0012966047826846753
0.0018138884279606745
GEN 54 time 1609810062
0.0012047528586886414
0.0008370232811701957
0.0012966047826846753
0.0018138884279606745
GEN 55 time 1609810065
0.0012047528586886414
0.0008370232811701957
0.0012966047826846753
0.0018138884279606745
GEN 56 time 1609810068
0.0012047528586886414
0.0008370232811701957
0.001282536967641086
0.0018138884279606745
GEN 57 time 1609810071
0.0012047528586886414
0.0008370232811701957
0.001282536967641086
0.0018138884279606745
GEN 58 time 1609810073
0.0012047528586886414
0.0008370232811701957
0.001282536967641086
0.0018138884279606745
GEN 59 time 1609810075
0.0012047528586886414
0.0008370232811701957
0.001282536967641086
0.0018138884279606745
GEN 60 time 1609810078
0.0012047528586886414
0.0008370232811701957
0.001282536967641086
0.0018138884279606745
GEN 61 time 1609810081
0.0012047528586886414
0.0008370232811701957
0.001282536967641086
0.0018138884279606745
GEN 62 time 1609810083
0.0012047528586886414
0.0008370232811701957
0.001282536967641086
0.0018138884279606745
GEN 63 time 1609810086
0.0012047528586886414
0.0008370232811701957
0.001282536967641086
0.0018138884279606745
GEN 64 time 1609810089
0.0012047528586886414
0.0008370232811701957
0.001282536967641086
0.0018138884279606745
GEN 65 time 1609810092
0.0012047528586886414
0.0008370232811701957
0.001282536967641086
0.0018138884279606745
GEN 66 time 1609810094
0.0012047528586886414
0.0008370232811701957
0.001282536967641086
0.0018138884279606745
GEN 67 time 1609810097
0.0012047528586886414
0.0008370232811701957
0.001282536967641086
0.0018138884279606745
GEN 68 time 1609810099
0.0012047528586886414
0.0008370232811701957
0.001282536967641086
0.0018138884279606745
GEN 69 time 1609810102
0.0012047528586886414
0.0008370232811701957
0.001282536967641086
0.0018138884279606745
GEN 70 time 1609810105
0.0012047528586886414
0.0008370232811701957
0.001282536967641086
0.0018138884279606745
GEN 71 time 1609810107
0.0012047528586886414
0.0008370232811701957
0.001282536967641086
0.0018138884279606745
GEN 72 time 1609810110
0.0012047528586886414
0.0008370232811701957
0.001282536967641086
0.0018138884279606745
GEN 73 time 1609810113
0.0012047528586886414
0.0008370232811701957
0.001282536967641086
0.0018138884279606745
GEN 74 time 1609810115
0.0012047528586886414
0.0008370232811701957
0.001282536967641086
0.0018138884279606745
GEN 75 time 1609810118
0.0012047528586886414
0.0008370232811701957
0.001282536967641086
0.0018138884279606745
GEN 76 time 1609810121
0.0012047528586886414
0.0008370232811701957
0.001282536967641086
0.0018138884279606745
GEN 77 time 1609810123
0.0012047528586886414
0.0008370232811701957
0.001282536967641086
0.0018138884279606745
GEN 78 time 1609810126
0.0012047528586886414
0.0008370232811701957
0.001282536967641086
0.0018138884279606745
GEN 79 time 1609810128
0.0012047528586886414
0.0008370232811701957
0.001282536967641086
0.0018138884279606745
GEN 80 time 1609810131
0.0012047528586886414
0.0008370232811701957
0.001282536967641086
0.0018138884279606745
GEN 81 time 1609810134
0.0012047528586886414
0.0008370232811701957
0.001282536967641086
0.0018138884279606745
GEN 82 time 1609810137
0.0012047528586886414
0.0008370232811701957
0.001282536967641086
0.0018138884279606745
GEN 83 time 1609810139
0.0012047528586886414
0.0008370232811701957
0.001282536967641086
0.0018138884279606745
GEN 84 time 1609810142
0.0012047528586886414
0.0008370232811701957
0.001282536967641086
0.0018138884279606745
GEN 85 time 1609810145
0.0012047528586886414
0.0008370232811701957
0.001282536967641086
0.0018138884279606745
GEN 86 time 1609810147
0.0012047528586886414
0.0008370232811701957
0.001282536967641086
0.0018138884279606745
GEN 87 time 1609810150
0.0012047528586886414
0.0008370232811701957
0.001282536967641086
0.0018138884279606745
GEN 88 time 1609810153
0.0012047528586886414
0.0008370232811701957
0.001282536967641086
0.0018138884279606745
GEN 89 time 1609810155
0.0012047528586886414
0.0008370232811701957
0.001282536967641086
0.0018138884279606745
GEN 90 time 1609810158
0.0012047528586886414
0.0008370232811701957
0.001282536967641086
0.0018138884279606745
GEN 91 time 1609810161
0.0012047528586886414
0.0008370232811701957
0.001282536967641086
0.0018138884279606745
GEN 92 time 1609810164
0.0012047528586886414
0.0008370232811701957
0.001282536967641086
0.0018138884279606745
GEN 93 time 1609810166
0.0012047528586886414
0.0008370232811701957
0.001282536967641086
0.0018138884279606745
GEN 94 time 1609810169
0.0012047528586886414
0.0008370232811701957
0.001282536967641086
0.0018138884279606745
GEN 95 time 1609810172
0.0012047528586886414
0.0008370232811701957
0.001282536967641086
0.0018138884279606745
GEN 96 time 1609810175
0.0012047528586886414
0.0008370232811701957
0.001282536967641086
0.0018138884279606745
GEN 97 time 1609810177
0.0012047528586886414
0.0008370232811701957
0.001282536967641086
0.0018138884279606745
GEN 98 time 1609810180
0.0012047528586886414
0.0008370232811701957
0.001282536967641086
0.0018138884279606745
GEN 99 time 1609810182
0.0012047528586886414
0.0008370232811701957
0.001282536967641086
0.0018138884279606745
GEN 100 time 1609810185
0.0012047528586886414
0.0008370232811701957
0.001282536967641086
0.0018138884279606745
GEN 101 time 1609810188
0.0012047528586886414
0.0008370232811701957
0.001282536967641086
0.0018138884279606745
GEN 102 time 1609810190
0.0012047528586886414
0.0008370232811701957
0.001282536967641086
0.0018138884279606745
GEN 103 time 1609810193
0.0012047528586886414
0.0008370232811701957
0.001282536967641086
0.0018138884279606745
GEN 104 time 1609810196
0.0012047528586886414
0.0008370232811701957
0.001282536967641086
0.0018138884279606745
GEN 105 time 1609810199
0.0012047528586886414
0.0008370232811701957
0.001282536967641086
0.0018138884279606745
GEN 106 time 1609810201
0.0012047528586886414
0.0008370232811701957
0.001282536967641086
0.0018138884279606745
GEN 107 time 1609810204
0.0012047528586886414
0.0008370232811701957
0.001282536967641086
0.0018138884279606745
GEN 108 time 1609810206
0.0012047528586886414
0.0008370232811701957
0.001282536967641086
0.0018138884279606745
GEN 109 time 1609810209
0.0012047528586886414
0.0008370232811701957
0.001282536967641086
0.0018138884279606745
GEN 110 time 1609810212
0.0012047528586886414
0.0008370232811701957
0.001282536967641086
0.0018138884279606745
GEN 111 time 1609810215
0.0012047528586886414
0.0008370232811701957
0.001282536967641086
0.0018138884279606745
GEN 112 time 1609810217
0.0012047528586886414
0.0008370232811701957
0.001282536967641086
0.0018138884279606745
GEN 113 time 1609810220
0.0012047528586886414
0.0008370232811701957
0.001282536967641086
0.0018138884279606745
GEN 114 time 1609810223
0.0012047528586886414
0.0008370232811701957
0.001282536967641086
0.0018138884279606745
GEN 115 time 1609810225
0.0012047528586886414
0.0008370232811701957
0.001282536967641086
0.0018138884279606745
GEN 116 time 1609810228
0.0012047528586886414
0.0008370232811701957
0.001282536967641086
0.0018138884279606745
GEN 117 time 1609810231
0.0012047528586886414
0.0008370232811701957
0.001282536967641086
0.0018138884279606745
GEN 118 time 1609810233
0.0012047528586886414
0.0008370232811701957
0.001282536967641086
0.0018138884279606745
GEN 119 time 1609810236
0.0012047528586886414
0.0008370232811701957
0.001282536967641086
0.0018138884279606745
GEN 120 time 1609810238
0.0012047528586886414
0.0008370232811701957
0.001282536967641086
0.0018138884279606745
GEN 121 time 1609810241
0.0012047528586886414
0.0008370232811701957
0.001282536967641086
0.0018138884279606745
GEN 122 time 1609810244
0.0012047528586886414
0.0008370232811701957
0.001282536967641086
0.0018138884279606745
GEN 123 time 1609810246
0.0012047528586886414
0.0008370232811701957
0.001282536967641086
0.0018138884279606745
GEN 124 time 1609810249
0.0012047528586886414
0.0008370232811701957
0.001282536967641086
0.0018138884279606745
GEN 125 time 1609810252
0.0012047528586886414
0.0008370232811701957
0.001282536967641086
0.0018138884279606745
GEN 126 time 1609810254
0.0012047528586886414
0.0008370232811701957
0.001282536967641086
0.0018138884279606745
GEN 127 time 1609810257
0.0012047528586886414
0.0008370232811701957
0.001282536967641086
0.0018138884279606745
GEN 128 time 1609810259
0.0012047528586886414
0.0008370232811701957
0.001282536967641086
0.0018138884279606745
GEN 129 time 1609810262
0.0012047528586886414
0.0008370232811701957
0.001282536967641086
0.0018138884279606745
GEN 130 time 1609810264
0.0012047528586886414
0.0008370232811701957
0.001282536967641086
0.0018138884279606745
GEN 131 time 1609810267
0.0012047528586886414
0.0008370232811701957
0.001282536967641086
0.0018138884279606745
GEN 132 time 1609810269
0.0012047528586886414
0.0008370232811701957
0.001282536967641086
0.0018138884279606745
GEN 133 time 1609810272
0.0012047528586886414
0.0008370232811701957
0.001282536967641086
0.0018138884279606745
GEN 134 time 1609810274
0.0012047528586886414
0.0008370232811701957
0.001282536967641086
0.0018138884279606745
GEN 135 time 1609810277
0.0012047528586886414
0.0008370232811701957
0.001282536967641086
0.0018138884279606745
GEN 136 time 1609810280
0.0012047528586886414
0.0008370232811701957
0.001282536967641086
0.0018138884279606745
GEN 137 time 1609810282
0.0012047528586886414
0.0008370232811701957
0.001282536967641086
0.0018138884279606745
GEN 138 time 1609810285
0.0012047528586886414
0.0008370232811701957
0.001282536967641086
0.0018138884279606745
GEN 139 time 1609810288
0.0012047528586886414
0.0008370232811701957
0.001282536967641086
0.0018138884279606745
GEN 140 time 1609810291
0.0012047528586886414
0.0008370232811701957
0.001282536967641086
0.0018138884279606745
GEN 141 time 1609810294
0.0012047528586886414
0.0008370232811701957
0.001282536967641086
0.0018138884279606745
GEN 142 time 1609810296
0.0012047528586886414
0.0008370232811701957
0.001282536967641086
0.0018138884279606745
GEN 143 time 1609810299
0.0012047528586886414
0.0008370232811701957
0.001282536967641086
0.0018138884279606745
GEN 144 time 1609810302
0.0012047528586886414
0.0008370232811701957
0.001282536967641086
0.0018138884279606745
GEN 145 time 1609810305
0.0012047528586886414
0.0008370232811701957
0.001282536967641086
0.0018138884279606745
GEN 146 time 1609810307
0.0012047528586886414
0.0008370232811701957
0.001282536967641086
0.0018138884279606745
GEN 147 time 1609810310
0.0012047528586886414
0.0008370232811701957
0.001282536967641086
0.0018138884279606745
GEN 148 time 1609810313
0.0012047528586886414
0.0008370232811701957
0.001282536967641086
0.0018138884279606745
GEN 149 time 1609810316
0.0012047528586886414
0.0008370232811701957
0.001282536967641086
0.0018138884279606745
GEN 150 time 1609810318
0.0012047528586886414
0.0008370232811701957
0.001282536967641086
0.0018138884279606745
GEN 151 time 1609810321
0.0012047528586886414
0.0008370232811701957
0.001282536967641086
0.0018138884279606745
GEN 152 time 1609810324
0.0012047528586886414
0.0008370232811701957
0.001282536967641086
0.0018138884279606745
GEN 153 time 1609810326
0.0012047528586886414
0.0008370232811701957
0.001282536967641086
0.0018138884279606745
GEN 154 time 1609810329
0.0012047528586886414
0.0008370232811701957
0.001282536967641086
0.0018138884279606745
GEN 155 time 1609810331
0.0012047528586886414
0.0008370232811701957
0.001282536967641086
0.0018138884279606745
GEN 156 time 1609810334
0.0012047528586886414
0.0008370232811701957
0.001282536967641086
0.0018138884279606745
GEN 157 time 1609810336
0.0012047528586886414
0.0008370232811701957
0.001282536967641086
0.0018138884279606745
GEN 158 time 1609810339
0.0012047528586886414
0.0008370232811701957
0.001282536967641086
0.0018138884279606745
GEN 159 time 1609810342
0.0012047528586886414
0.0008370232811701957
0.001282536967641086
0.0018138884279606745
GEN 160 time 1609810345
0.0012047528586886414
0.0008370232811701957
0.001282536967641086
0.0018138884279606745
GEN 161 time 1609810347
0.0012047528586886414
0.0008370232811701957
0.001282536967641086
0.0018138884279606745
GEN 162 time 1609810350
0.0012047528586886414
0.0008370232811701957
0.001282536967641086
0.0018138884279606745
GEN 163 time 1609810353
0.0012047528586886414
0.0008370232811701957
0.001282536967641086
0.0018138884279606745
GEN 164 time 1609810355
0.0012047528586886414
0.0008370232811701957
0.001282536967641086
0.0018138884279606745
GEN 165 time 1609810358
0.0012047528586886414
0.0008370232811701957
0.001282536967641086
0.0018138884279606745
GEN 166 time 1609810361
0.0012047528586886414
0.0008370232811701957
0.001282536967641086
0.0018138884279606745
GEN 167 time 1609810364
0.0012047528586886414
0.0008370232811701957
0.001282536967641086
0.0018138884279606745
GEN 168 time 1609810367
0.0012047528586886414
0.0008370232811701957
0.001282536967641086
0.0018138884279606745
GEN 169 time 1609810369
0.001197283056485359
0.0008370232811701957
0.001282536967641086
0.0018138884279606745
GEN 170 time 1609810372
0.001197283056485359
0.0008370232811701957
0.001282536967641086
0.0018138884279606745
GEN 171 time 1609810374
0.001197283056485359
0.0008370232811701957
0.001282536967641086
0.0018138884279606745
GEN 172 time 1609810377
0.001197283056485359
0.0008370232811701957
0.001282536967641086
0.0018138884279606745
GEN 173 time 1609810379
0.001197283056485359
0.0008370232811701957
0.001282536967641086
0.0018138884279606745
GEN 174 time 1609810382
0.001197283056485359
0.0008370232811701957
0.001282536967641086
0.0018138884279606745
GEN 175 time 1609810384
0.001197283056485359
0.0008370232811701957
0.001282536967641086
0.0018138884279606745
GEN 176 time 1609810386
0.001197283056485359
0.0008370232811701957
0.001282536967641086
0.0018138884279606745
GEN 177 time 1609810389
0.001197283056485359
0.0008370232811701957
0.001282536967641086
0.0018138884279606745
GEN 178 time 1609810392
0.001197283056485359
0.0008370232811701957
0.001282536967641086
0.0018138884279606745
GEN 179 time 1609810394
0.001197283056485359
0.0008370232811701957
0.001282536967641086
0.0018138884279606745
GEN 180 time 1609810397
0.001197283056485359
0.0008370232811701957
0.001282536967641086
0.0018138884279606745
GEN 181 time 1609810399
0.001197283056485359
0.0008370232811701957
0.001282536967641086
0.0018138884279606745
GEN 182 time 1609810401
0.001197283056485359
0.0008370232811701957
0.001282536967641086
0.0018138884279606745
GEN 183 time 1609810404
0.001197283056485359
0.0008370232811701957
0.001282536967641086
0.0018138884279606745
GEN 184 time 1609810407
0.001197283056485359
0.0008370232811701957
0.001282536967641086
0.0018138884279606745
GEN 185 time 1609810409
0.001197283056485359
0.0008370232811701957
0.001282536967641086
0.0018138884279606745
GEN 186 time 1609810412
0.001197283056485359
0.0008370232811701957
0.001282536967641086
0.0018138884279606745
GEN 187 time 1609810414
0.001197283056485359
0.0008370232811701957
0.001282536967641086
0.0018138884279606745
GEN 188 time 1609810417
0.001197283056485359
0.0008370232811701957
0.001282536967641086
0.0018138884279606745
GEN 189 time 1609810419
0.001197283056485359
0.0008370232811701957
0.001282536967641086
0.0018138884279606745
GEN 190 time 1609810422
0.001197283056485359
0.0008370232811701957
0.001282536967641086
0.0018138884279606745
GEN 191 time 1609810424
0.001197283056485359
0.0008370232811701957
0.001282536967641086
0.0018138884279606745
GEN 192 time 1609810427
0.001197283056485359
0.0008370232811701957
0.001282536967641086
0.0018138884279606745
GEN 193 time 1609810430
0.001197283056485359
0.0008370232811701957
0.001282536967641086
0.0018138884279606745
GEN 194 time 1609810433
0.001197283056485359
0.0008370232811701957
0.001282536967641086
0.0018138884279606745
GEN 195 time 1609810435
0.001197283056485359
0.0008370232811701957
0.001282536967641086
0.0018138884279606745
GEN 196 time 1609810438
0.001197283056485359
0.0008370232811701957
0.001282536967641086
0.0018138884279606745
GEN 197 time 1609810441
0.001197283056485359
0.0008370232811701957
0.001282536967641086
0.0018138884279606745
GEN 198 time 1609810443
0.001197283056485359
0.0008370232811701957
0.001282536967641086
0.0018138884279606745
GEN 199 time 1609810446
0.001197283056485359
0.0008370232811701957
0.001282536967641086
0.0018138884279606745
