['./data/layer/uu-dem5_r25_1.json', './data/hop/no-dem5_r25_1_40.json', './data/hop/ga-dem4_r25_1_40.json', './data/hop/ga-dem10_r50_1_40.json']
GEN 0 time 1589941243
0.002001164167295103
0.005401486219533307
0.011802129243708583
inf
GEN 1 time 1589941250
0.002001164167295103
0.005401486219533307
0.009201509530951932
inf
GEN 2 time 1589941257
0.002001045555520889
0.005401486219533307
0.009201509530951932
0.00880250426726748
GEN 3 time 1589941264
0.002001045555520889
0.005401486219533307
0.009201509530951932
0.00880250426726748
GEN 4 time 1589941270
0.0014010825486156407
0.005401486219533307
0.009201509530951932
0.00880250426726748
GEN 5 time 1589941277
0.0014010825486156407
0.005401486219533307
0.009201509530951932
0.00880250426726748
GEN 6 time 1589941284
0.0014010825486156407
0.005401486219533307
0.009201509530951932
0.00880250426726748
GEN 7 time 1589941291
0.0014010825486156407
0.005401486219533307
0.009201509530951932
0.00880250426726748
GEN 8 time 1589941298
0.0014010825486156407
0.005401486219533307
0.008401789243708583
0.00880250426726748
GEN 9 time 1589941306
0.0014010825486156407
0.005401486219533307
0.008401789243708583
0.00880250426726748
GEN 10 time 1589941314
0.0014010458341715882
0.005401486219533307
0.008401789243708583
0.00880250426726748
GEN 11 time 1589941323
0.0014010194275665805
0.005401486219533307
0.008401789243708583
0.00880250426726748
GEN 12 time 1589941333
0.0014010194275665805
0.005401486219533307
0.008401789243708583
0.00880250426726748
GEN 13 time 1589941343
0.0012009655555208893
0.005401486219533307
0.008401789243708583
0.00880250426726748
GEN 14 time 1589941353
0.0012009655555208893
0.005401486219533307
0.008401789243708583
0.00880250426726748
GEN 15 time 1589941362
0.0012009655555208893
0.005401486219533307
0.008401618156896417
0.00880250426726748
GEN 16 time 1589941372
0.0012009655555208893
0.0052011179529141425
0.007801533401446967
0.00880250426726748
GEN 17 time 1589941382
0.0012009655555208893
0.0052011179529141425
0.007801533401446967
0.00880250426726748
GEN 18 time 1589941392
0.0012009655555208893
0.0052011179529141425
0.007801533401446967
0.00880250426726748
GEN 19 time 1589941401
0.0012009655555208893
0.004201366219533306
0.007801533401446967
0.00880250426726748
GEN 20 time 1589941410
0.0012009655555208893
0.004201366219533306
0.007801533401446967
0.00880250426726748
GEN 21 time 1589941419
0.0012009655555208893
0.003401306241126251
0.007801533401446967
0.00880250426726748
GEN 22 time 1589941427
0.0012009655555208893
0.003401306241126251
0.0076015381568964166
0.00880250426726748
GEN 23 time 1589941436
0.0012009655555208893
0.003401306241126251
0.006601438156896416
0.00880250426726748
GEN 24 time 1589941444
0.0012009655555208893
0.003401306241126251
0.006601438156896416
0.00880250426726748
GEN 25 time 1589941452
0.0012009655555208893
0.003401306241126251
0.006601438156896416
0.00880250426726748
GEN 26 time 1589941461
0.0012009655555208893
0.003401306241126251
0.006401418156896417
0.008602484267267481
GEN 27 time 1589941469
0.0012009655555208893
0.003401306241126251
0.006401418156896417
0.008602484267267481
GEN 28 time 1589941477
0.0012009655555208893
0.003401306241126251
0.006401418156896417
0.008402799864488997
GEN 29 time 1589941485
0.0012009655555208893
0.003401306241126251
0.006401418156896417
0.008402799864488997
GEN 30 time 1589941493
0.0012009655555208893
0.003401306241126251
0.006401418156896417
0.008402799864488997
GEN 31 time 1589941502
0.0012009655555208893
0.003401306241126251
0.006401418156896417
0.008402799864488997
GEN 32 time 1589941510
0.0012009655555208893
0.003401306241126251
0.006401418156896417
0.008402799864488997
GEN 33 time 1589941518
0.0012009655555208893
0.003401306241126251
0.006401418156896417
0.008402799864488997
GEN 34 time 1589941527
0.0012009655555208893
0.003401306241126251
0.006401418156896417
0.008402799864488997
GEN 35 time 1589941535
0.0012009655555208893
0.003401306241126251
0.004801152184115702
0.008402799864488997
GEN 36 time 1589941543
0.0012009655555208893
0.003401306241126251
0.004801152184115702
0.008402799864488997
GEN 37 time 1589941552
0.0012009655555208893
0.003401306241126251
0.004801152184115702
0.008402799864488997
GEN 38 time 1589941560
0.0012009655555208893
0.003401306241126251
0.004801152184115702
0.008402799864488997
GEN 39 time 1589941568
0.0012009655555208893
0.003401306241126251
0.004801152184115702
0.008402799864488997
GEN 40 time 1589941576
0.0012009655555208893
0.003401306241126251
0.004801152184115702
0.00840246426726748
GEN 41 time 1589941584
0.0012009655555208893
0.003401306241126251
0.004801152184115702
0.00840246426726748
GEN 42 time 1589941592
0.0012009655555208893
0.003401306241126251
0.004801152184115702
0.00840246426726748
GEN 43 time 1589941600
0.0012009655555208893
0.003401306241126251
0.004801152184115702
0.00840246426726748
GEN 44 time 1589941608
0.0012009655555208893
0.003401306241126251
0.004801152184115702
0.00760238426726748
GEN 45 time 1589941616
0.0012009655555208893
0.003401306241126251
0.004801152184115702
0.00760238426726748
GEN 46 time 1589941624
0.0012009655555208893
0.003401306241126251
0.004801152184115702
0.00760238426726748
GEN 47 time 1589941633
0.0012009655555208893
0.003401306241126251
0.004801152184115702
0.00760238426726748
GEN 48 time 1589941641
0.0012009655555208893
0.003401306241126251
0.004801152184115702
0.00760238426726748
GEN 49 time 1589941649
0.0012009655555208893
0.003401306241126251
0.004801152184115702
0.00760238426726748
GEN 50 time 1589941657
0.0012009655555208893
0.003401306241126251
0.004801152184115702
0.00760238426726748
GEN 51 time 1589941665
0.0012009655555208893
0.003401306241126251
0.004801152184115702
0.00760238426726748
GEN 52 time 1589941673
0.0012009655555208893
0.003401306241126251
0.004801152184115702
0.00760238426726748
GEN 53 time 1589941681
0.0012009655555208893
0.003401306241126251
0.004801152184115702
0.00760238426726748
GEN 54 time 1589941690
0.0012009655555208893
0.003401306241126251
0.004801152184115702
0.00760238426726748
GEN 55 time 1589941698
0.0012009655555208893
0.003401306241126251
0.004801152184115702
0.00660228426726748
GEN 56 time 1589941706
0.0012009655555208893
0.003401306241126251
0.004801152184115702
0.00660228426726748
GEN 57 time 1589941714
0.0012009655555208893
0.003401306241126251
0.004801152184115702
0.00660228426726748
GEN 58 time 1589941722
0.0012009655555208893
0.003401306241126251
0.004801152184115702
0.00660228426726748
GEN 59 time 1589941730
0.0012009655555208893
0.003401306241126251
0.004801152184115702
0.00660228426726748
GEN 60 time 1589941737
0.0012009655555208893
0.003401306241126251
0.004801152184115702
0.00660228426726748
GEN 61 time 1589941745
0.0012009655555208893
0.003401306241126251
0.004801152184115702
0.00660228426726748
GEN 62 time 1589941753
0.0012009655555208893
0.003401306241126251
0.0046012134014469675
0.00660228426726748
GEN 63 time 1589941761
0.0012009655555208893
0.003401306241126251
0.004401112184115703
0.00660228426726748
GEN 64 time 1589941769
0.0012009655555208893
0.003401306241126251
0.004401112184115703
0.00660228426726748
GEN 65 time 1589941777
0.0012009655555208893
0.003401306241126251
0.004401112184115703
0.00660228426726748
GEN 66 time 1589941786
0.0012009655555208893
0.003401306241126251
0.004401112184115703
0.00660228426726748
GEN 67 time 1589941794
0.0012009655555208893
0.003401306241126251
0.004401112184115703
0.00660228426726748
GEN 68 time 1589941802
0.0012009655555208893
0.003401306241126251
0.004401112184115703
0.00660228426726748
GEN 69 time 1589941810
0.0012009655555208893
0.003401306241126251
0.004401112184115703
0.00660228426726748
GEN 70 time 1589941818
0.0012009655555208893
0.003401306241126251
0.004401112184115703
0.00660228426726748
GEN 71 time 1589941826
0.0012009655555208893
0.003401306241126251
0.004401112184115703
0.00660228426726748
GEN 72 time 1589941834
0.0012009655555208893
0.003401306241126251
0.004401112184115703
0.00640226426726748
GEN 73 time 1589941842
0.0012009655555208893
0.003401306241126251
0.004401112184115703
0.00640226426726748
GEN 74 time 1589941850
0.0012009655555208893
0.003401306241126251
0.004401112184115703
0.00640226426726748
GEN 75 time 1589941858
0.0012009655555208893
0.003401306241126251
0.004401112184115703
0.00640226426726748
GEN 76 time 1589941866
0.0012009655555208893
0.003401306241126251
0.004401112184115703
0.00640226426726748
GEN 77 time 1589941874
0.0012009655555208893
0.003401306241126251
0.004401112184115703
0.00640226426726748
GEN 78 time 1589941882
0.0012009655555208893
0.003401306241126251
0.004401112184115703
0.00640226426726748
GEN 79 time 1589941890
0.0012009655555208893
0.003401306241126251
0.004401112184115703
0.00640226426726748
GEN 80 time 1589941898
0.0012009655555208893
0.003401306241126251
0.004401112184115703
0.00640226426726748
GEN 81 time 1589941906
0.0012009655555208893
0.003401306241126251
0.004401112184115703
0.00640226426726748
GEN 82 time 1589941914
0.0012009655555208893
0.003401306241126251
0.004401112184115703
0.00640226426726748
GEN 83 time 1589941923
0.0012009655555208893
0.003401306241126251
0.004401112184115703
0.00640226426726748
GEN 84 time 1589941931
0.0012009655555208893
0.003401306241126251
0.004401112184115703
0.00640226426726748
GEN 85 time 1589941939
0.0012007587722471346
0.003401306241126251
0.004401112184115703
0.00640226426726748
GEN 86 time 1589941947
0.0012007587722471346
0.003401306241126251
0.004401112184115703
0.00640226426726748
GEN 87 time 1589941955
0.0012007587722471346
0.003401306241126251
0.004401112184115703
0.00640226426726748
GEN 88 time 1589941963
0.0012007587722471346
0.003401306241126251
0.004401112184115703
0.00640226426726748
GEN 89 time 1589941971
0.0012007587722471346
0.003401306241126251
0.004401112184115703
0.00640226426726748
GEN 90 time 1589941979
0.0012007587722471346
0.003401306241126251
0.0040013067490833635
0.00640226426726748
GEN 91 time 1589941987
0.0012007587722471346
0.003401306241126251
0.0040013067490833635
0.00640226426726748
GEN 92 time 1589941995
0.0012007587722471346
0.003401306241126251
0.0040013067490833635
0.00640226426726748
GEN 93 time 1589942003
0.0012007587722471346
0.003401306241126251
0.0040013067490833635
0.00640226426726748
GEN 94 time 1589942011
0.0012007587722471346
0.003401306241126251
0.0040013067490833635
0.00640226426726748
GEN 95 time 1589942020
0.0012007587722471346
0.003401306241126251
0.0040013067490833635
0.00640226426726748
GEN 96 time 1589942028
0.0012007587722471346
0.003401306241126251
0.0040013067490833635
0.00640226426726748
GEN 97 time 1589942036
0.0012007587722471346
0.003401306241126251
0.0040013067490833635
0.00640226426726748
GEN 98 time 1589942044
0.0012007587722471346
0.003401306241126251
0.0040013067490833635
0.00640226426726748
GEN 99 time 1589942052
0.0012007587722471346
0.003401306241126251
0.0040013067490833635
0.00640226426726748
