['./data/small/layer/uu-dem5_r25_1.json', './data/small/hop/uu-dem5_r25_1_0.json', './data/small/hop/uu-dem6_r25_1_0.json', './data/small/hop/uu-dem5_r50_1_0.json']
GEN 0 time 1600113297
inf
0.0024240987850739815
0.002035933502475689
0.0028549524071194606
GEN 1 time 1600113299
inf
0.0024240987850739815
0.0018877315604346554
0.0028086462313206204
GEN 2 time 1600113301
inf
0.0024240987850739815
0.0018877315604346554
0.0028086462313206204
GEN 3 time 1600113304
0.0024212817460994513
0.0023322967372452355
0.0018877315604346554
0.0028086462313206204
GEN 4 time 1600113306
0.0022212617460994517
0.0023028058444607667
0.0018877315604346554
0.0028086462313206204
GEN 5 time 1600113309
0.0022212617460994517
0.0023028058444607667
0.0018877315604346554
0.0028086462313206204
GEN 6 time 1600113311
0.0022212617460994517
0.002256146417551794
0.0018877315604346554
0.0028086462313206204
GEN 7 time 1600113313
0.0022212617460994517
0.002256146417551794
0.0018137660796008759
0.0028086462313206204
GEN 8 time 1600113316
0.0022212617460994517
0.002256146417551794
0.0018137660796008759
0.0028086462313206204
GEN 9 time 1600113318
0.0022212617460994517
0.0021293923317674286
0.001768945276321922
0.0028086462313206204
GEN 10 time 1600113320
0.0022212617460994517
0.0021293923317674286
0.001768945276321922
0.0028086462313206204
GEN 11 time 1600113323
0.0022212617460994517
0.0021293923317674286
0.0017226511152126456
0.0028086462313206204
GEN 12 time 1600113325
0.0022212617460994517
0.0020507446092252893
0.0017226511152126456
0.0028086462313206204
GEN 13 time 1600113328
0.0022212617460994517
0.0020507446092252893
0.0017226511152126456
0.0028086462313206204
GEN 14 time 1600113330
0.0022212617460994517
0.0020507446092252893
0.0017226511152126456
0.002648581305655595
GEN 15 time 1600113332
0.0022212617460994517
0.0020507446092252893
0.0017226511152126456
0.002646161760395278
GEN 16 time 1600113334
0.0022212617460994517
0.0020507446092252893
0.0017226511152126456
0.002646161760395278
GEN 17 time 1600113337
0.0022212617460994517
0.0020507446092252893
0.0017226511152126456
0.002646161760395278
GEN 18 time 1600113340
0.0022212617460994517
0.0020507446092252893
0.001709633449033654
0.002646161760395278
GEN 19 time 1600113342
0.0022212617460994517
0.0020507446092252893
0.001709633449033654
0.002646161760395278
GEN 20 time 1600113345
0.0022212617460994517
0.0020507446092252893
0.001709633449033654
0.002646161760395278
GEN 21 time 1600113347
0.0022212617460994517
0.0020507446092252893
0.001709633449033654
0.002646161760395278
GEN 22 time 1600113350
0.0022212617460994517
0.0020507446092252893
0.001709633449033654
0.002646161760395278
GEN 23 time 1600113353
0.0022212617460994517
0.0020507446092252893
0.001709633449033654
0.002646161760395278
GEN 24 time 1600113355
0.0022212617460994517
0.0020507446092252893
0.0016819025506550167
0.0025423125036302344
GEN 25 time 1600113358
0.002191164823506423
0.0020507446092252893
0.0016819025506550167
0.0025423125036302344
GEN 26 time 1600113361
0.002191164823506423
0.002043986764087232
0.0016819025506550167
0.0025423125036302344
GEN 27 time 1600113364
0.002191164823506423
0.0019092437061255052
0.0016819025506550167
0.0025423125036302344
GEN 28 time 1600113366
0.002191164823506423
0.0019092437061255052
0.0016819025506550167
0.0025423125036302344
GEN 29 time 1600113369
0.002191164823506423
0.0019092437061255052
0.0016819025506550167
0.0025423125036302344
GEN 30 time 1600113372
0.002191164823506423
0.0019092437061255052
0.0016819025506550167
0.0025423125036302344
GEN 31 time 1600113375
0.002191164823506423
0.0019092437061255052
0.0016819025506550167
0.0025423125036302344
GEN 32 time 1600113377
0.002191164823506423
0.0019092437061255052
0.0016819025506550167
0.0025423125036302344
GEN 33 time 1600113380
0.002191164823506423
0.0019092437061255052
0.0016819025506550167
0.0025423125036302344
GEN 34 time 1600113383
0.002191164823506423
0.0019092437061255052
0.0016819025506550167
0.0025423125036302344
GEN 35 time 1600113386
0.002191164823506423
0.0019092437061255052
0.0016819025506550167
0.0025423125036302344
GEN 36 time 1600113389
0.002191164823506423
0.0019092437061255052
0.0016819025506550167
0.0025423125036302344
GEN 37 time 1600113392
0.002191164823506423
0.0019092437061255052
0.001642392473957568
0.0025423125036302344
GEN 38 time 1600113395
0.002191164823506423
0.0019092437061255052
0.001642392473957568
0.0025423125036302344
GEN 39 time 1600113397
0.002191164823506423
0.0019092437061255052
0.001642392473957568
0.0025423125036302344
GEN 40 time 1600113400
0.002191164823506423
0.0019092437061255052
0.001642392473957568
0.0025423125036302344
GEN 41 time 1600113403
0.002191164823506423
0.0019092437061255052
0.001642392473957568
0.0025423125036302344
GEN 42 time 1600113406
0.002191164823506423
0.001767922759370146
0.001642392473957568
0.0025423125036302344
GEN 43 time 1600113409
0.002191164823506423
0.001767922759370146
0.001642392473957568
0.0025423125036302344
GEN 44 time 1600113411
0.002191164823506423
0.0017380627103349264
0.001642392473957568
0.0025423125036302344
GEN 45 time 1600113414
0.002191164823506423
0.0017380627103349264
0.001642392473957568
0.0025423125036302344
GEN 46 time 1600113418
0.002191164823506423
0.0017380627103349264
0.001642392473957568
0.002491480668377403
GEN 47 time 1600113421
0.002191164823506423
0.0017380627103349264
0.001642392473957568
0.002491480668377403
GEN 48 time 1600113424
0.002191164823506423
0.0017380627103349264
0.001642392473957568
0.002491480668377403
GEN 49 time 1600113427
0.002191164823506423
0.0017380627103349264
0.001642392473957568
0.002491480668377403
GEN 50 time 1600113430
0.002191164823506423
0.0017380627103349264
0.001642392473957568
0.002491480668377403
GEN 51 time 1600113433
0.002191164823506423
0.0017380627103349264
0.001642392473957568
0.002491480668377403
GEN 52 time 1600113436
0.002191164823506423
0.0017380627103349264
0.001642392473957568
0.002491480668377403
GEN 53 time 1600113439
0.002191164823506423
0.0017380627103349264
0.001642392473957568
0.002491480668377403
GEN 54 time 1600113442
0.002191164823506423
0.0017380627103349264
0.001642392473957568
0.002491480668377403
GEN 55 time 1600113445
0.002191164823506423
0.0017380627103349264
0.001642392473957568
0.002491480668377403
GEN 56 time 1600113448
0.002191164823506423
0.0017380627103349264
0.001642392473957568
0.002447305334761506
GEN 57 time 1600113451
0.002191164823506423
0.0017380627103349264
0.001642392473957568
0.002447305334761506
GEN 58 time 1600113453
0.002191164823506423
0.0017380627103349264
0.001642392473957568
0.002447305334761506
GEN 59 time 1600113456
0.002191164823506423
0.0017380627103349264
0.001642392473957568
0.002447305334761506
GEN 60 time 1600113459
0.002191164823506423
0.0017380627103349264
0.001642392473957568
0.002447305334761506
GEN 61 time 1600113462
0.002191164823506423
0.0017293523317674282
0.001642392473957568
0.002447305334761506
GEN 62 time 1600113465
0.002191164823506423
0.0017293523317674282
0.001642392473957568
0.002447305334761506
GEN 63 time 1600113468
0.002191164823506423
0.001656086417551794
0.001642392473957568
0.002447305334761506
GEN 64 time 1600113471
0.002191164823506423
0.001656086417551794
0.001642392473957568
0.0023543649276316085
GEN 65 time 1600113474
0.002191164823506423
0.001656086417551794
0.001642392473957568
0.0023543649276316085
GEN 66 time 1600113477
0.002191164823506423
0.001656086417551794
0.001642392473957568
0.0023543649276316085
GEN 67 time 1600113480
0.002191164823506423
0.001656086417551794
0.001642392473957568
0.0023543649276316085
GEN 68 time 1600113483
0.002191164823506423
0.001656086417551794
0.001642392473957568
0.0023543649276316085
GEN 69 time 1600113486
0.002191164823506423
0.001656086417551794
0.001642392473957568
0.0023543649276316085
GEN 70 time 1600113489
0.002191164823506423
0.001656086417551794
0.001642392473957568
0.0023543649276316085
GEN 71 time 1600113492
0.002191164823506423
0.001656086417551794
0.001642392473957568
0.0023543649276316085
GEN 72 time 1600113495
0.002191164823506423
0.001656086417551794
0.001642392473957568
0.0023543649276316085
GEN 73 time 1600113498
0.002191164823506423
0.001656086417551794
0.001642392473957568
0.0023543649276316085
GEN 74 time 1600113501
0.002191164823506423
0.001656086417551794
0.001642392473957568
0.0023543649276316085
GEN 75 time 1600113505
0.002191164823506423
0.001656086417551794
0.001642392473957568
0.0023543649276316085
GEN 76 time 1600113508
0.002191164823506423
0.001656086417551794
0.001642392473957568
0.0023543649276316085
GEN 77 time 1600113511
0.002191164823506423
0.001656086417551794
0.001642392473957568
0.0023543649276316085
GEN 78 time 1600113515
0.002191164823506423
0.001656086417551794
0.001642392473957568
0.0023543649276316085
GEN 79 time 1600113518
0.002191164823506423
0.001656086417551794
0.001642392473957568
0.0023543649276316085
GEN 80 time 1600113522
0.002191164823506423
0.001656086417551794
0.001642392473957568
0.0023543649276316085
GEN 81 time 1600113525
0.002191164823506423
0.001656086417551794
0.001642392473957568
0.0023543649276316085
GEN 82 time 1600113528
0.002191164823506423
0.001656086417551794
0.001642392473957568
0.0023543649276316085
GEN 83 time 1600113531
0.002191164823506423
0.0015380427103349264
0.001642392473957568
0.0023543649276316085
GEN 84 time 1600113535
0.002191164823506423
0.0015380427103349264
0.001642392473957568
0.0023543649276316085
GEN 85 time 1600113538
0.002191164823506423
0.0015380427103349264
0.001642392473957568
0.0023543649276316085
GEN 86 time 1600113541
0.002191164823506423
0.0015380427103349264
0.001642392473957568
0.0023543649276316085
GEN 87 time 1600113545
0.002191164823506423
0.0015380427103349264
0.001642392473957568
0.0023543649276316085
GEN 88 time 1600113548
0.002191164823506423
0.0015380427103349264
0.001642392473957568
0.0023543649276316085
GEN 89 time 1600113551
0.002191164823506423
0.0015380427103349264
0.001642392473957568
0.0023543649276316085
GEN 90 time 1600113555
0.002191164823506423
0.0015380427103349264
0.001642392473957568
0.0023543649276316085
GEN 91 time 1600113558
0.002191164823506423
0.0015380427103349264
0.001642392473957568
0.0023543649276316085
GEN 92 time 1600113561
0.002191164823506423
0.0015380427103349264
0.001642392473957568
0.0023543649276316085
GEN 93 time 1600113564
0.002191164823506423
0.0015380427103349264
0.001642392473957568
0.0023543649276316085
GEN 94 time 1600113567
0.002191164823506423
0.0015380427103349264
0.001642392473957568
0.0023543649276316085
GEN 95 time 1600113570
0.002191164823506423
0.0015380427103349264
0.001642392473957568
0.0023543649276316085
GEN 96 time 1600113574
0.002191164823506423
0.0015380427103349264
0.001642392473957568
0.0023543649276316085
GEN 97 time 1600113577
0.002191164823506423
0.0015380427103349264
0.001642392473957568
0.0023543649276316085
GEN 98 time 1600113580
0.002191164823506423
0.0015380427103349264
0.001642392473957568
0.0023543649276316085
GEN 99 time 1600113583
0.002191164823506423
0.0015380427103349264
0.001642392473957568
0.0023543649276316085
GEN 100 time 1600113586
0.002191164823506423
0.0015380427103349264
0.001642392473957568
0.0023543649276316085
GEN 101 time 1600113589
0.002191164823506423
0.0015380427103349264
0.001642392473957568
0.0023543649276316085
GEN 102 time 1600113592
0.002191164823506423
0.0015380427103349264
0.001642392473957568
0.0023543649276316085
GEN 103 time 1600113595
0.002191164823506423
0.0015380427103349264
0.001642392473957568
0.0023543649276316085
GEN 104 time 1600113599
0.002191164823506423
0.0015380427103349264
0.001642392473957568
0.0023543649276316085
GEN 105 time 1600113602
0.002191164823506423
0.0015380427103349264
0.001642392473957568
0.0023543649276316085
GEN 106 time 1600113605
0.002191164823506423
0.0015380427103349264
0.001642392473957568
0.0023543649276316085
GEN 107 time 1600113608
0.002191164823506423
0.0015380427103349264
0.001642392473957568
0.0023543649276316085
GEN 108 time 1600113611
0.002191164823506423
0.0015380427103349264
0.001642392473957568
0.0023543649276316085
GEN 109 time 1600113614
0.002191164823506423
0.0015380427103349264
0.001642392473957568
0.0023543649276316085
GEN 110 time 1600113617
0.002191164823506423
0.0015380427103349264
0.001642392473957568
0.0023543649276316085
GEN 111 time 1600113620
0.002191164823506423
0.0015380427103349264
0.001642392473957568
0.0023543649276316085
GEN 112 time 1600113624
0.002191164823506423
0.0015380427103349264
0.001642392473957568
0.0023543649276316085
GEN 113 time 1600113627
0.002191164823506423
0.0015380427103349264
0.001642392473957568
0.0023543649276316085
GEN 114 time 1600113630
0.002191164823506423
0.0015380427103349264
0.001642392473957568
0.0023543649276316085
GEN 115 time 1600113633
0.002191164823506423
0.0015380427103349264
0.001642392473957568
0.0023543649276316085
GEN 116 time 1600113636
0.002191164823506423
0.0015380427103349264
0.001642392473957568
0.0023543649276316085
GEN 117 time 1600113639
0.002191164823506423
0.0015380427103349264
0.001642392473957568
0.0023543649276316085
GEN 118 time 1600113642
0.002191164823506423
0.0015380427103349264
0.001642392473957568
0.0023543649276316085
GEN 119 time 1600113646
0.002191164823506423
0.0015380427103349264
0.0015537072003883054
0.0023543649276316085
GEN 120 time 1600113649
0.002191164823506423
0.0015380427103349264
0.0015537072003883054
0.0023543649276316085
GEN 121 time 1600113652
0.002191164823506423
0.0015380427103349264
0.0015537072003883054
0.0023543649276316085
GEN 122 time 1600113655
0.002191164823506423
0.0015380427103349264
0.0015537072003883054
0.0023543649276316085
GEN 123 time 1600113657
0.002191164823506423
0.0015380427103349264
0.0015537072003883054
0.0023543649276316085
GEN 124 time 1600113660
0.002191164823506423
0.0015380427103349264
0.0015537072003883054
0.0023543649276316085
GEN 125 time 1600113663
0.002191164823506423
0.0015380427103349264
0.0015537072003883054
0.0023543649276316085
GEN 126 time 1600113666
0.002191164823506423
0.0015380427103349264
0.0015537072003883054
0.0023543649276316085
GEN 127 time 1600113669
0.002191164823506423
0.0015380427103349264
0.0015537072003883054
0.0023543649276316085
GEN 128 time 1600113672
0.002191164823506423
0.0015380427103349264
0.0015537072003883054
0.0023543649276316085
GEN 129 time 1600113675
0.002191164823506423
0.0015380427103349264
0.0015537072003883054
0.0023543649276316085
GEN 130 time 1600113678
0.002191164823506423
0.0015380427103349264
0.0015537072003883054
0.0023543649276316085
GEN 131 time 1600113681
0.002191164823506423
0.0015380427103349264
0.0015537072003883054
0.0023543649276316085
GEN 132 time 1600113683
0.002191164823506423
0.0015380427103349264
0.0015537072003883054
0.0023543649276316085
GEN 133 time 1600113686
0.002191164823506423
0.0015380427103349264
0.0015537072003883054
0.0023543649276316085
GEN 134 time 1600113689
0.002191164823506423
0.0015380427103349264
0.0015537072003883054
0.0023543649276316085
GEN 135 time 1600113692
0.002191164823506423
0.0015380427103349264
0.0015537072003883054
0.0023543649276316085
GEN 136 time 1600113695
0.002191164823506423
0.0015380427103349264
0.0015537072003883054
0.0023543649276316085
GEN 137 time 1600113698
0.002191164823506423
0.0015380427103349264
0.0015537072003883054
0.0023543649276316085
GEN 138 time 1600113701
0.002191164823506423
0.0015380427103349264
0.0015537072003883054
0.0023543649276316085
GEN 139 time 1600113704
0.002191164823506423
0.0015380427103349264
0.0015537072003883054
0.0023543649276316085
GEN 140 time 1600113707
0.002191164823506423
0.0015380427103349264
0.0015537072003883054
0.0023543649276316085
GEN 141 time 1600113709
0.002191164823506423
0.0015380427103349264
0.0015537072003883054
0.0023543649276316085
GEN 142 time 1600113712
0.002191164823506423
0.0015380427103349264
0.0015537072003883054
0.0023543649276316085
GEN 143 time 1600113715
0.002191164823506423
0.0015380427103349264
0.0015537072003883054
0.0023543649276316085
GEN 144 time 1600113718
0.002191164823506423
0.0015380427103349264
0.0015537072003883054
0.0023543649276316085
GEN 145 time 1600113721
0.002191164823506423
0.0015380427103349264
0.0015537072003883054
0.0023543649276316085
GEN 146 time 1600113724
0.002191164823506423
0.0015380427103349264
0.0015537072003883054
0.0023543649276316085
GEN 147 time 1600113727
0.002191164823506423
0.0015380427103349264
0.0015537072003883054
0.0023543649276316085
GEN 148 time 1600113730
0.002191164823506423
0.0015380427103349264
0.0015537072003883054
0.0023543649276316085
GEN 149 time 1600113733
0.002191164823506423
0.0015380427103349264
0.0015537072003883054
0.0023543649276316085
GEN 150 time 1600113736
0.002191164823506423
0.0015380427103349264
0.0015537072003883054
0.0023543649276316085
GEN 151 time 1600113739
0.002191164823506423
0.0015380427103349264
0.0015537072003883054
0.0023543649276316085
GEN 152 time 1600113742
0.002191164823506423
0.0015380427103349264
0.0015537072003883054
0.0023543649276316085
GEN 153 time 1600113745
0.002191164823506423
0.0015380427103349264
0.0015537072003883054
0.0023543649276316085
GEN 154 time 1600113748
0.002191164823506423
0.0015380427103349264
0.0015537072003883054
0.0023543649276316085
GEN 155 time 1600113751
0.002191164823506423
0.0015380427103349264
0.0015537072003883054
0.0023543649276316085
GEN 156 time 1600113754
0.002191164823506423
0.0015380427103349264
0.0015537072003883054
0.0023543649276316085
GEN 157 time 1600113757
0.002191164823506423
0.0015380427103349264
0.0015537072003883054
0.0023543649276316085
GEN 158 time 1600113760
0.002191164823506423
0.0015380427103349264
0.0015537072003883054
0.0023543649276316085
GEN 159 time 1600113763
0.002191164823506423
0.0015380427103349264
0.0015537072003883054
0.0023543649276316085
GEN 160 time 1600113766
0.002191164823506423
0.0015380427103349264
0.0015537072003883054
0.0023543649276316085
GEN 161 time 1600113769
0.002191164823506423
0.0015380427103349264
0.0015537072003883054
0.0023543649276316085
GEN 162 time 1600113772
0.002191164823506423
0.0015380427103349264
0.0015537072003883054
0.0023543649276316085
GEN 163 time 1600113776
0.002191164823506423
0.0015380427103349264
0.0015537072003883054
0.0023543649276316085
GEN 164 time 1600113779
0.002191164823506423
0.0015380427103349264
0.0015537072003883054
0.0023543649276316085
GEN 165 time 1600113782
0.002191164823506423
0.0015380427103349264
0.0015537072003883054
0.0023543649276316085
GEN 166 time 1600113785
0.002191164823506423
0.0015380427103349264
0.0015537072003883054
0.0023543649276316085
GEN 167 time 1600113788
0.002191164823506423
0.0015380427103349264
0.0015537072003883054
0.0023543649276316085
GEN 168 time 1600113790
0.002191164823506423
0.0015380427103349264
0.0015537072003883054
0.0023543649276316085
GEN 169 time 1600113793
0.002191164823506423
0.0015380427103349264
0.0015537072003883054
0.0023543649276316085
GEN 170 time 1600113796
0.002191164823506423
0.0015380427103349264
0.0015537072003883054
0.0023543649276316085
GEN 171 time 1600113799
0.002191164823506423
0.0015380427103349264
0.0015537072003883054
0.0023543649276316085
GEN 172 time 1600113802
0.002191164823506423
0.0015380427103349264
0.0015537072003883054
0.0023543649276316085
GEN 173 time 1600113805
0.002191164823506423
0.0015380427103349264
0.0015537072003883054
0.0023543649276316085
GEN 174 time 1600113808
0.002191164823506423
0.0015380427103349264
0.0015537072003883054
0.0023543649276316085
GEN 175 time 1600113811
0.002191164823506423
0.0015380427103349264
0.0015537072003883054
0.0023543649276316085
GEN 176 time 1600113814
0.002191164823506423
0.0015380427103349264
0.0015537072003883054
0.0023543649276316085
GEN 177 time 1600113817
0.002191164823506423
0.0015380427103349264
0.0015537072003883054
0.0023543649276316085
GEN 178 time 1600113820
0.002191164823506423
0.0015380427103349264
0.0015537072003883054
0.0023543649276316085
GEN 179 time 1600113823
0.002191164823506423
0.0015380427103349264
0.0015537072003883054
0.0023543649276316085
GEN 180 time 1600113826
0.002191164823506423
0.0015380427103349264
0.0015537072003883054
0.0023543649276316085
GEN 181 time 1600113829
0.002191164823506423
0.0015380427103349264
0.0015537072003883054
0.0023543649276316085
GEN 182 time 1600113832
0.002191164823506423
0.0015380427103349264
0.0015537072003883054
0.0023543649276316085
GEN 183 time 1600113835
0.002191164823506423
0.0015380427103349264
0.0015537072003883054
0.0023543649276316085
GEN 184 time 1600113838
0.002191164823506423
0.0015380427103349264
0.0015537072003883054
0.0023543649276316085
GEN 185 time 1600113841
0.002191164823506423
0.0015380427103349264
0.0015537072003883054
0.0023543649276316085
GEN 186 time 1600113844
0.002191164823506423
0.0015380427103349264
0.0015537072003883054
0.0023543649276316085
GEN 187 time 1600113847
0.002191164823506423
0.0015380427103349264
0.0015537072003883054
0.0023543649276316085
GEN 188 time 1600113850
0.002191164823506423
0.0015380427103349264
0.0015537072003883054
0.0023543649276316085
GEN 189 time 1600113853
0.002191164823506423
0.0015380427103349264
0.0015537072003883054
0.0023543649276316085
GEN 190 time 1600113856
0.002191164823506423
0.001450684609225289
0.0015537072003883054
0.0023543649276316085
GEN 191 time 1600113859
0.002191164823506423
0.001450684609225289
0.0015537072003883054
0.0023543649276316085
GEN 192 time 1600113862
0.002191164823506423
0.001450684609225289
0.0015537072003883054
0.0023543649276316085
GEN 193 time 1600113865
0.002191164823506423
0.001450684609225289
0.0015537072003883054
0.0023543649276316085
GEN 194 time 1600113868
0.002191164823506423
0.001450684609225289
0.0015537072003883054
0.0023543649276316085
GEN 195 time 1600113871
0.002191164823506423
0.001450684609225289
0.0015537072003883054
0.0023543649276316085
GEN 196 time 1600113874
0.002191164823506423
0.001450684609225289
0.0015537072003883054
0.0023543649276316085
GEN 197 time 1600113877
0.002191164823506423
0.001450684609225289
0.0015537072003883054
0.0023543649276316085
GEN 198 time 1600113880
0.002191164823506423
0.001450684609225289
0.0015537072003883054
0.0023543649276316085
GEN 199 time 1600113883
0.002191164823506423
0.001450684609225289
0.0015537072003883054
0.0023543649276316085
