['./data/small/layer/uu-dem5_r25_1.json', './data/small/hop/uu-dem5_r25_1_0.json', './data/small/hop/uu-dem6_r25_1_0.json', './data/small/hop/uu-dem5_r50_1_0.json']
GEN 0 time 1602708027
0.002191164823506423
0.002367982759370146
0.0020945952450147818
0.003074866084269107
GEN 1 time 1602708029
0.002191164823506423
0.002367982759370146
0.0020945952450147818
0.003074866084269107
GEN 2 time 1602708030
0.002191164823506423
0.002367982759370146
0.0020945952450147818
0.002848601305655595
GEN 3 time 1602708031
0.002191164823506423
0.0021027858444607667
0.0020945952450147818
0.002848601305655595
GEN 4 time 1602708032
0.002191164823506423
0.0021027858444607667
0.0020767131081632383
0.002848601305655595
GEN 5 time 1602708034
0.002191164823506423
0.0021027858444607667
0.0019040691333495376
0.002848601305655595
GEN 6 time 1602708035
0.002191164823506423
0.0021027858444607667
0.0019040691333495376
0.002848601305655595
GEN 7 time 1602708036
0.002191164823506423
0.0021027858444607667
0.0019040691333495376
0.002848601305655595
GEN 8 time 1602708037
0.002191164823506423
0.0021027858444607667
0.0019040691333495376
0.002848601305655595
GEN 9 time 1602708039
0.002191164823506423
0.0021027858444607667
0.0019040691333495376
0.002848601305655595
GEN 10 time 1602708040
0.002191164823506423
0.0021027858444607667
0.0019040691333495376
0.002763325889476938
GEN 11 time 1602708042
0.002191164823506423
0.0021027858444607667
0.0019040691333495376
0.002763325889476938
GEN 12 time 1602708043
0.002191164823506423
0.0021027858444607667
0.0018766931081632384
0.002763325889476938
GEN 13 time 1602708045
0.002191164823506423
0.0021027858444607667
0.001817725258853863
0.002763325889476938
GEN 14 time 1602708046
0.002191164823506423
0.0020558851694694675
0.001817725258853863
0.002763325889476938
GEN 15 time 1602708048
0.002191164823506423
0.0020558851694694675
0.001817725258853863
0.002763325889476938
GEN 16 time 1602708049
0.002191164823506423
0.0017872613225497931
0.001817725258853863
0.002763325889476938
GEN 17 time 1602708051
0.002191164823506423
0.0017872613225497931
0.001817725258853863
0.002763325889476938
GEN 18 time 1602708052
0.002191164823506423
0.0017872613225497931
0.001817725258853863
0.002763325889476938
GEN 19 time 1602708054
0.002191164823506423
0.0015714755321831109
0.001817725258853863
0.002763325889476938
GEN 20 time 1602708055
0.002191164823506423
0.0015714755321831109
0.001817725258853863
0.002763325889476938
GEN 21 time 1602708057
0.002191164823506423
0.0015714755321831109
0.001817725258853863
0.002763325889476938
GEN 22 time 1602708058
0.002191164823506423
0.0015714755321831109
0.001817725258853863
0.002763325889476938
GEN 23 time 1602708060
0.002191164823506423
0.0015714755321831109
0.001817725258853863
0.0027123359147073196
GEN 24 time 1602708062
0.002191164823506423
0.0015714755321831109
0.001817725258853863
0.0027123359147073196
GEN 25 time 1602708063
0.002191164823506423
0.0015714755321831109
0.001817725258853863
0.0027123359147073196
GEN 26 time 1602708065
0.002191164823506423
0.0015714755321831109
0.0017454435848638517
0.0027123359147073196
GEN 27 time 1602708066
0.002191164823506423
0.0015714755321831109
0.0017454435848638517
0.0027123359147073196
GEN 28 time 1602708068
0.002191164823506423
0.0015714755321831109
0.0017454435848638517
0.0027123359147073196
GEN 29 time 1602708069
0.002191164823506423
0.0015714755321831109
0.0017454435848638517
0.0027123359147073196
GEN 30 time 1602708071
0.002191164823506423
0.0014437266777999145
0.0017251511458928337
0.0027123359147073196
GEN 31 time 1602708072
0.002191164823506423
0.0014437266777999145
0.0017251511458928337
0.0027123359147073196
GEN 32 time 1602708074
0.002191164823506423
0.0014437266777999145
0.0017251511458928337
0.0027123359147073196
GEN 33 time 1602708076
0.002191164823506423
0.0014437266777999145
0.0017251511458928337
0.0027123359147073196
GEN 34 time 1602708077
0.002191164823506423
0.0014437266777999145
0.0017251511458928337
0.0027123359147073196
GEN 35 time 1602708079
0.002191164823506423
0.0014437266777999145
0.0017251511458928337
0.0027123359147073196
GEN 36 time 1602708080
0.002191164823506423
0.0014437266777999145
0.0017251511458928337
0.0027123359147073196
GEN 37 time 1602708082
0.002191164823506423
0.0014437266777999145
0.0017040491333495376
0.0027123359147073196
GEN 38 time 1602708083
0.002191164823506423
0.0014437266777999145
0.0017040491333495376
0.0027123359147073196
GEN 39 time 1602708085
0.002191164823506423
0.0014437266777999145
0.0017040491333495376
0.0026247842324478815
GEN 40 time 1602708086
0.002191164823506423
0.0014437266777999145
0.0017040491333495376
0.0026247842324478815
GEN 41 time 1602708088
0.002191164823506423
0.0014437266777999145
0.0017040491333495376
0.0026247842324478815
GEN 42 time 1602708090
0.002191164823506423
0.0014437266777999145
0.0017040491333495376
0.0026247842324478815
GEN 43 time 1602708091
0.002191164823506423
0.0014437266777999145
0.0017040491333495376
0.0026247842324478815
GEN 44 time 1602708093
0.002191164823506423
0.0014437266777999145
0.0017040491333495376
0.0026247842324478815
GEN 45 time 1602708094
0.002191164823506423
0.0014437266777999145
0.0017040491333495376
0.0026247842324478815
GEN 46 time 1602708096
0.002191164823506423
0.0014437266777999145
0.0017040491333495376
0.0026247842324478815
GEN 47 time 1602708097
0.002191164823506423
0.0014437266777999145
0.0017040491333495376
0.0026247842324478815
GEN 48 time 1602708099
0.002191164823506423
0.0014364209495579768
0.0017040491333495376
0.0026247842324478815
GEN 49 time 1602708101
0.002191164823506423
0.0014364209495579768
0.0017040491333495376
0.0026247842324478815
GEN 50 time 1602708102
0.002191164823506423
0.0014364209495579768
0.0017040491333495376
0.0026247842324478815
GEN 51 time 1602708104
0.002191164823506423
0.0014364209495579768
0.0017040491333495376
0.0026247842324478815
GEN 52 time 1602708105
0.002191164823506423
0.0014364209495579768
0.0017040491333495376
0.0026247842324478815
GEN 53 time 1602708107
0.002191164823506423
0.0014364209495579768
0.0017040491333495376
0.0026247842324478815
GEN 54 time 1602708108
0.002191164823506423
0.0014364209495579768
0.0017040491333495376
0.0026247842324478815
GEN 55 time 1602708110
0.002191164823506423
0.0014364209495579768
0.0017040491333495376
0.0026247842324478815
GEN 56 time 1602708112
0.002191164823506423
0.0014364209495579768
0.0017040491333495376
0.0026247842324478815
GEN 57 time 1602708113
0.002191164823506423
0.0014364209495579768
0.0017040491333495376
0.0026247842324478815
GEN 58 time 1602708115
0.002191164823506423
0.0014364209495579768
0.0017040491333495376
0.0026247842324478815
GEN 59 time 1602708116
0.002191164823506423
0.0014364209495579768
0.0017040491333495376
0.0026247842324478815
GEN 60 time 1602708118
0.002191164823506423
0.0014364209495579768
0.0017040491333495376
0.0026247842324478815
GEN 61 time 1602708120
0.002191164823506423
0.0014364209495579768
0.0017040491333495376
0.0026247842324478815
GEN 62 time 1602708121
0.002191164823506423
0.0014364209495579768
0.0017040491333495376
0.0026247842324478815
GEN 63 time 1602708123
0.002191164823506423
0.0014364209495579768
0.0017040491333495376
0.0026247842324478815
GEN 64 time 1602708124
0.002191164823506423
0.0014072316703993117
0.0017040491333495376
0.0026247842324478815
GEN 65 time 1602708126
0.002191164823506423
0.0014072316703993117
0.0017040491333495376
0.0026247842324478815
GEN 66 time 1602708128
0.002191164823506423
0.0014072316703993117
0.0017040491333495376
0.0026247842324478815
GEN 67 time 1602708129
0.002191164823506423
0.0014072316703993117
0.0017040491333495376
0.0026247842324478815
GEN 68 time 1602708131
0.002191164823506423
0.0014072316703993117
0.0017040491333495376
0.0026247842324478815
GEN 69 time 1602708133
0.002191164823506423
0.0014072316703993117
0.0017040491333495376
0.0026247842324478815
GEN 70 time 1602708134
0.002191164823506423
0.0014072316703993117
0.0017040491333495376
0.0025567765527878144
GEN 71 time 1602708136
0.002191164823506423
0.0014072316703993117
0.0017040491333495376
0.0025567765527878144
GEN 72 time 1602708138
0.002191164823506423
0.0014072316703993117
0.0017040491333495376
0.0025567765527878144
GEN 73 time 1602708139
0.002191164823506423
0.0014072316703993117
0.0016961163115671869
0.0025567765527878144
GEN 74 time 1602708141
0.002191164823506423
0.0014072316703993117
0.001642392473957568
0.0025567765527878144
GEN 75 time 1602708142
0.002191164823506423
0.0014072316703993117
0.001642392473957568
0.0025567765527878144
GEN 76 time 1602708144
0.002191164823506423
0.0014072316703993117
0.001642392473957568
0.0025567765527878144
GEN 77 time 1602708146
0.002191164823506423
0.0014072316703993117
0.001642392473957568
0.0025557619780400696
GEN 78 time 1602708147
0.002191164823506423
0.0014072316703993117
0.001642392473957568
0.0025557619780400696
GEN 79 time 1602708149
0.002191164823506423
0.0014072316703993117
0.001642392473957568
0.0025557619780400696
GEN 80 time 1602708151
0.002191164823506423
0.0014072316703993117
0.001642392473957568
0.0025557619780400696
GEN 81 time 1602708152
0.002191164823506423
0.0014072316703993117
0.001642392473957568
0.0025557619780400696
GEN 82 time 1602708154
0.002191164823506423
0.0014072316703993117
0.001642392473957568
0.0025557619780400696
GEN 83 time 1602708156
0.002191164823506423
0.0014072316703993117
0.001642392473957568
0.0025557619780400696
GEN 84 time 1602708157
0.002191164823506423
0.0014072316703993117
0.001642392473957568
0.0025557619780400696
GEN 85 time 1602708159
0.002191164823506423
0.0014072316703993117
0.001642392473957568
0.0025557619780400696
GEN 86 time 1602708160
0.002191164823506423
0.0014072316703993117
0.001642392473957568
0.0025557619780400696
GEN 87 time 1602708162
0.002191164823506423
0.0014072316703993117
0.001642392473957568
0.0025557619780400696
GEN 88 time 1602708164
0.002191164823506423
0.0014072316703993117
0.001642392473957568
0.0025557619780400696
GEN 89 time 1602708165
0.002191164823506423
0.0014072316703993117
0.001642392473957568
0.0025557619780400696
GEN 90 time 1602708167
0.002191164823506423
0.0014072316703993117
0.001642392473957568
0.0025557619780400696
GEN 91 time 1602708169
0.002191164823506423
0.0014072316703993117
0.001642392473957568
0.0025557619780400696
GEN 92 time 1602708170
0.002191164823506423
0.0014072316703993117
0.001642392473957568
0.0025557619780400696
GEN 93 time 1602708172
0.002191164823506423
0.0014072316703993117
0.001642392473957568
0.0025557619780400696
GEN 94 time 1602708173
0.002191164823506423
0.0014072316703993117
0.001642392473957568
0.0025557619780400696
GEN 95 time 1602708175
0.002191164823506423
0.0014072316703993117
0.001642392473957568
0.0025557619780400696
GEN 96 time 1602708177
0.002191164823506423
0.0014072316703993117
0.001642392473957568
0.0025557619780400696
GEN 97 time 1602708178
0.002191164823506423
0.0014072316703993117
0.001642392473957568
0.0025557619780400696
GEN 98 time 1602708180
0.002191164823506423
0.0014072316703993117
0.001642392473957568
0.0025557619780400696
GEN 99 time 1602708182
0.002191164823506423
0.0014072316703993117
0.001642392473957568
0.0025557619780400696
GEN 100 time 1602708183
0.002191164823506423
0.0014072316703993117
0.001642392473957568
0.0025557619780400696
GEN 101 time 1602708185
0.002191164823506423
0.0014072316703993117
0.001642392473957568
0.0025557619780400696
GEN 102 time 1602708187
0.002191164823506423
0.0014072316703993117
0.001642392473957568
0.0025557619780400696
GEN 103 time 1602708188
0.002191164823506423
0.0014072316703993117
0.001642392473957568
0.0025557619780400696
GEN 104 time 1602708190
0.002191164823506423
0.0014072316703993117
0.001642392473957568
0.0025557619780400696
GEN 105 time 1602708192
0.002191164823506423
0.0014072316703993117
0.001642392473957568
0.0025557619780400696
GEN 106 time 1602708193
0.002191164823506423
0.0014072316703993117
0.001642392473957568
0.0025557619780400696
GEN 107 time 1602708195
0.002191164823506423
0.0014072316703993117
0.001642392473957568
0.0025557619780400696
GEN 108 time 1602708196
0.002191164823506423
0.0014072316703993117
0.001642392473957568
0.0025557619780400696
GEN 109 time 1602708198
0.002191164823506423
0.0014072316703993117
0.001642392473957568
0.0025557619780400696
GEN 110 time 1602708200
0.002191164823506423
0.0014072316703993117
0.001642392473957568
0.0025423125036302344
GEN 111 time 1602708201
0.002191164823506423
0.0014072316703993117
0.001642392473957568
0.0025423125036302344
GEN 112 time 1602708203
0.002191164823506423
0.0014072316703993117
0.001617705258853863
0.0025423125036302344
GEN 113 time 1602708205
0.002191164823506423
0.0014072316703993117
0.001617705258853863
0.0025423125036302344
GEN 114 time 1602708206
0.002191164823506423
0.0014072316703993117
0.001617705258853863
0.0025423125036302344
GEN 115 time 1602708208
0.002191164823506423
0.0014072316703993117
0.001617705258853863
0.0025423125036302344
GEN 116 time 1602708210
0.002191164823506423
0.0014072316703993117
0.001617705258853863
0.0025423125036302344
GEN 117 time 1602708211
0.002191164823506423
0.0014072316703993117
0.001617705258853863
0.0025423125036302344
GEN 118 time 1602708213
0.002191164823506423
0.0014072316703993117
0.001617705258853863
0.0025423125036302344
GEN 119 time 1602708214
0.002191164823506423
0.0014072316703993117
0.001617705258853863
0.0025423125036302344
GEN 120 time 1602708216
0.002191164823506423
0.0014072316703993117
0.001617705258853863
0.0025423125036302344
GEN 121 time 1602708218
0.002191164823506423
0.0014072316703993117
0.001617705258853863
0.0025423125036302344
GEN 122 time 1602708219
0.002191164823506423
0.0014072316703993117
0.001617705258853863
0.0025423125036302344
GEN 123 time 1602708221
0.002191164823506423
0.0014072316703993117
0.001617705258853863
0.0025423125036302344
GEN 124 time 1602708223
0.002191164823506423
0.0014072316703993117
0.001617705258853863
0.0025423125036302344
GEN 125 time 1602708224
0.002191164823506423
0.0014072316703993117
0.001617705258853863
0.0025229911631400505
GEN 126 time 1602708226
0.002191164823506423
0.0014072316703993117
0.001617705258853863
0.0025229911631400505
GEN 127 time 1602708227
0.002191164823506423
0.0014072316703993117
0.001617705258853863
0.0025229911631400505
GEN 128 time 1602708229
0.002191164823506423
0.0014072316703993117
0.001617705258853863
0.0025229911631400505
GEN 129 time 1602708231
0.002191164823506423
0.0014072316703993117
0.001617705258853863
0.0025229911631400505
GEN 130 time 1602708232
0.002191164823506423
0.0014072316703993117
0.001617705258853863
0.0025229911631400505
GEN 131 time 1602708234
0.002191164823506423
0.0014072316703993117
0.001617705258853863
0.0025229911631400505
GEN 132 time 1602708235
0.002191164823506423
0.0014072316703993117
0.001617705258853863
0.0025229911631400505
GEN 133 time 1602708237
0.002191164823506423
0.0014072316703993117
0.001617705258853863
0.0025229911631400505
GEN 134 time 1602708239
0.002191164823506423
0.0014072316703993117
0.001617705258853863
0.0025229911631400505
GEN 135 time 1602708240
0.002191164823506423
0.0014072316703993117
0.001617705258853863
0.0025229911631400505
GEN 136 time 1602708242
0.002191164823506423
0.0014072316703993117
0.001617705258853863
0.0025229911631400505
GEN 137 time 1602708244
0.002191164823506423
0.0014072316703993117
0.0015454235848638518
0.0025229911631400505
GEN 138 time 1602708245
0.002191164823506423
0.0014072316703993117
0.0015454235848638518
0.002448561305655595
GEN 139 time 1602708247
0.002191164823506423
0.0014072316703993117
0.0015454235848638518
0.002448561305655595
GEN 140 time 1602708249
0.002191164823506423
0.0014072316703993117
0.0015454235848638518
0.002448561305655595
GEN 141 time 1602708250
0.002191164823506423
0.0014072316703993117
0.0015454235848638518
0.002448561305655595
GEN 142 time 1602708252
0.002191164823506423
0.0014072316703993117
0.0015454235848638518
0.002448561305655595
GEN 143 time 1602708253
0.002191164823506423
0.0014072316703993117
0.0015454235848638518
0.002448561305655595
GEN 144 time 1602708255
0.002191164823506423
0.0014072316703993117
0.0015454235848638518
0.002448561305655595
GEN 145 time 1602708257
0.002191164823506423
0.0014072316703993117
0.0015454235848638518
0.002448561305655595
GEN 146 time 1602708258
0.002191164823506423
0.0014072316703993117
0.0015454235848638518
0.002448561305655595
GEN 147 time 1602708260
0.002191164823506423
0.0014072316703993117
0.0015454235848638518
0.002448561305655595
GEN 148 time 1602708262
0.002191164823506423
0.0014072316703993117
0.0015454235848638518
0.002448561305655595
GEN 149 time 1602708263
0.002191164823506423
0.0014072316703993117
0.0015454235848638518
0.002448561305655595
GEN 150 time 1602708265
0.002191164823506423
0.0014072316703993117
0.0015454235848638518
0.002448561305655595
GEN 151 time 1602708266
0.002191164823506423
0.0014072316703993117
0.0015454235848638518
0.002448561305655595
GEN 152 time 1602708268
0.002191164823506423
0.0014072316703993117
0.0015454235848638518
0.002448561305655595
GEN 153 time 1602708270
0.002191164823506423
0.0014072316703993117
0.0015454235848638518
0.002448561305655595
GEN 154 time 1602708271
0.002191164823506423
0.0014072316703993117
0.0015454235848638518
0.002448561305655595
GEN 155 time 1602708273
0.002191164823506423
0.0014072316703993117
0.0015454235848638518
0.002448561305655595
GEN 156 time 1602708275
0.002191164823506423
0.0014072316703993117
0.0015454235848638518
0.002448561305655595
GEN 157 time 1602708276
0.002191164823506423
0.0014072316703993117
0.0015454235848638518
0.002448561305655595
GEN 158 time 1602708278
0.002191164823506423
0.0014072316703993117
0.0015454235848638518
0.002448561305655595
GEN 159 time 1602708280
0.002191164823506423
0.0014072316703993117
0.0015454235848638518
0.002448561305655595
GEN 160 time 1602708281
0.002191164823506423
0.0014072316703993117
0.0015454235848638518
0.002448561305655595
GEN 161 time 1602708283
0.002191164823506423
0.0014072316703993117
0.0015454235848638518
0.002448561305655595
GEN 162 time 1602708284
0.002191164823506423
0.0014072316703993117
0.0015454235848638518
0.002448561305655595
GEN 163 time 1602708286
0.002191164823506423
0.0014072316703993117
0.0015454235848638518
0.002448561305655595
GEN 164 time 1602708288
0.002191164823506423
0.0014072316703993117
0.0014766531081632384
0.002448561305655595
GEN 165 time 1602708289
0.002191164823506423
0.0014072316703993117
0.0014766531081632384
0.002448561305655595
GEN 166 time 1602708291
0.002191164823506423
0.0014072316703993117
0.0014766531081632384
0.002448561305655595
GEN 167 time 1602708293
0.002191164823506423
0.0014072316703993117
0.0014766531081632384
0.002448561305655595
GEN 168 time 1602708294
0.002191164823506423
0.0014072316703993117
0.0014766531081632384
0.002448561305655595
GEN 169 time 1602708296
0.002191164823506423
0.0014072316703993117
0.0014766531081632384
0.002448561305655595
GEN 170 time 1602708298
0.002191164823506423
0.0014072316703993117
0.0014766531081632384
0.002448561305655595
GEN 171 time 1602708299
0.002191164823506423
0.0014072316703993117
0.0014766531081632384
0.002448561305655595
GEN 172 time 1602708301
0.002191164823506423
0.0014072316703993117
0.0014766531081632384
0.002448561305655595
GEN 173 time 1602708303
0.002191164823506423
0.0014072316703993117
0.0014766531081632384
0.002448561305655595
GEN 174 time 1602708304
0.002191164823506423
0.0014072316703993117
0.0014766531081632384
0.002448561305655595
GEN 175 time 1602708306
0.002191164823506423
0.0014072316703993117
0.0014766531081632384
0.002448561305655595
GEN 176 time 1602708308
0.002191164823506423
0.0014072316703993117
0.0014766531081632384
0.002448561305655595
GEN 177 time 1602708309
0.002191164823506423
0.0014072316703993117
0.0014766531081632384
0.002448561305655595
GEN 178 time 1602708311
0.002191164823506423
0.0014072316703993117
0.0014766531081632384
0.002448561305655595
GEN 179 time 1602708313
0.002191164823506423
0.0014072316703993117
0.0014766531081632384
0.002448561305655595
GEN 180 time 1602708314
0.002191164823506423
0.0014072316703993117
0.0014766531081632384
0.002448561305655595
GEN 181 time 1602708316
0.002191164823506423
0.0014072316703993117
0.0014766531081632384
0.002448561305655595
GEN 182 time 1602708318
0.002191164823506423
0.0014072316703993117
0.0014766531081632384
0.0023755408724918242
GEN 183 time 1602708319
0.002191164823506423
0.0014072316703993117
0.0014766531081632384
0.0023755408724918242
GEN 184 time 1602708321
0.002191164823506423
0.0014072316703993117
0.0014766531081632384
0.0023755408724918242
GEN 185 time 1602708323
0.002191164823506423
0.0014072316703993117
0.0014766531081632384
0.0023755408724918242
GEN 186 time 1602708324
0.002191164823506423
0.0014072316703993117
0.0014766531081632384
0.0023755408724918242
GEN 187 time 1602708326
0.002191164823506423
0.0014072316703993117
0.0014766531081632384
0.0023755408724918242
GEN 188 time 1602708328
0.002191164823506423
0.0014072316703993117
0.0014766531081632384
0.0023755408724918242
GEN 189 time 1602708329
0.002191164823506423
0.0014072316703993117
0.0014766531081632384
0.0023755408724918242
GEN 190 time 1602708331
0.002191164823506423
0.0014072316703993117
0.0014766531081632384
0.0023755408724918242
GEN 191 time 1602708333
0.002191164823506423
0.0014072316703993117
0.0014766531081632384
0.0023755408724918242
GEN 192 time 1602708334
0.002191164823506423
0.0014072316703993117
0.0014766531081632384
0.0023755408724918242
GEN 193 time 1602708336
0.002191164823506423
0.0014072316703993117
0.0014766531081632384
0.0023755408724918242
GEN 194 time 1602708338
0.002191164823506423
0.0014072316703993117
0.0014766531081632384
0.0023755408724918242
GEN 195 time 1602708339
0.002191164823506423
0.0014072316703993117
0.0014766531081632384
0.0023755408724918242
GEN 196 time 1602708341
0.002191164823506423
0.0014072316703993117
0.0014766531081632384
0.0023755408724918242
GEN 197 time 1602708343
0.002191164823506423
0.0014072316703993117
0.0014766531081632384
0.0023755408724918242
GEN 198 time 1602708344
0.002191164823506423
0.0014072316703993117
0.0014766531081632384
0.0023755408724918242
GEN 199 time 1602708346
0.002191164823506423
0.0014072316703993117
0.0014766531081632384
0.0023755408724918242
