['./data/small/layer/uu-dem3_r25_1.json', './data/small/layer/uu-dem5_r25_1.json', './data/small/layer/uu-dem6_r25_1.json', './data/small/hop/uu-dem5_r25_1_0.json']
GEN 0 time 1609972526
0.0017924369095355932
0.0024212817460994513
0.001596963160098174
0.0012667335382667722
GEN 1 time 1609972528
0.0017924369095355932
0.0024212817460994513
0.001596963160098174
0.0012667335382667722
GEN 2 time 1609972529
0.0017058410808370235
0.0024212817460994513
0.001596963160098174
0.0012289922240834826
GEN 3 time 1609972530
0.0017058410808370235
0.0024212817460994513
0.001596963160098174
0.0011762297659009243
GEN 4 time 1609972532
0.0017058410808370235
0.0024212817460994513
0.001596963160098174
0.0011762297659009243
GEN 5 time 1609972533
0.0017058410808370235
0.0022212617460994517
0.001596963160098174
0.0011762297659009243
GEN 6 time 1609972534
0.0017058410808370235
0.0022212617460994517
0.001596963160098174
0.0011589205782002116
GEN 7 time 1609972536
0.0017058410808370235
0.0022212617460994517
0.001596963160098174
0.0011589205782002116
GEN 8 time 1609972537
0.0017058410808370235
0.0022212617460994517
0.001596963160098174
0.001143488498866294
GEN 9 time 1609972539
0.0017058410808370235
0.0022212617460994517
0.001596963160098174
0.0010836611133709124
GEN 10 time 1609972540
0.0017058410808370235
0.0022212617460994517
0.001596963160098174
0.0010667135382667722
GEN 11 time 1609972542
0.0017058410808370235
0.0022212617460994517
0.001596963160098174
0.0010667135382667722
GEN 12 time 1609972543
0.0017058410808370235
0.0022212617460994517
0.001596963160098174
0.0010667135382667722
GEN 13 time 1609972544
0.0017058410808370235
0.002191164823506423
0.001596963160098174
0.0010667135382667722
GEN 14 time 1609972546
0.0017058410808370235
0.002191164823506423
0.001596963160098174
0.001052771686465652
GEN 15 time 1609972547
0.0017058410808370235
0.002191164823506423
0.001596963160098174
0.001052771686465652
GEN 16 time 1609972549
0.0017058410808370235
0.002191164823506423
0.001596963160098174
0.001021099604846391
GEN 17 time 1609972550
0.0017058410808370235
0.002191164823506423
0.001596963160098174
0.001021099604846391
GEN 18 time 1609972551
0.0017058410808370235
0.002191164823506423
0.001596963160098174
0.001021099604846391
GEN 19 time 1609972553
0.0017058410808370235
0.002191164823506423
0.001596963160098174
0.001021099604846391
GEN 20 time 1609972554
0.0017058410808370235
0.002191164823506423
0.001596963160098174
0.001021099604846391
GEN 21 time 1609972556
0.0017058410808370235
0.002191164823506423
0.001596963160098174
0.001021099604846391
GEN 22 time 1609972557
0.0017058410808370235
0.002191164823506423
0.001596963160098174
0.001021099604846391
GEN 23 time 1609972559
0.0017058410808370235
0.002191164823506423
0.001596963160098174
0.001021099604846391
GEN 24 time 1609972560
0.0017058410808370235
0.002191164823506423
0.001596963160098174
0.001021099604846391
GEN 25 time 1609972561
0.0017058410808370235
0.002191164823506423
0.001596963160098174
0.0009762097659009243
GEN 26 time 1609972563
0.0017058410808370235
0.002191164823506423
0.001596963160098174
0.0009714155321831108
GEN 27 time 1609972564
0.0017058410808370235
0.002191164823506423
0.001596963160098174
0.0009714155321831108
GEN 28 time 1609972566
0.0017058410808370235
0.002191164823506423
0.001596963160098174
0.0009714155321831108
GEN 29 time 1609972567
0.0017058410808370235
0.002191164823506423
0.001596963160098174
0.0009714155321831108
GEN 30 time 1609972569
0.0017058410808370235
0.002191164823506423
0.001596963160098174
0.0009714155321831108
GEN 31 time 1609972570
0.0017058410808370235
0.002191164823506423
0.001596963160098174
0.0009714155321831108
GEN 32 time 1609972571
0.0017058410808370235
0.002191164823506423
0.001596963160098174
0.0009714155321831108
GEN 33 time 1609972573
0.0017058410808370235
0.002191164823506423
0.001596963160098174
0.0009714155321831108
GEN 34 time 1609972574
0.0017058410808370235
0.002191164823506423
0.001596963160098174
0.0009714155321831108
GEN 35 time 1609972576
0.0017058410808370235
0.002191164823506423
0.001596963160098174
0.0009714155321831108
GEN 36 time 1609972577
0.0017058410808370235
0.002191164823506423
0.001596963160098174
0.0009714155321831108
GEN 37 time 1609972579
0.0017058410808370235
0.002191164823506423
0.001596963160098174
0.0009714155321831108
GEN 38 time 1609972580
0.0017058410808370235
0.002191164823506423
0.001596963160098174
0.0009714155321831108
GEN 39 time 1609972581
0.0017058410808370235
0.002191164823506423
0.001596963160098174
0.0009714155321831108
GEN 40 time 1609972583
0.0017058410808370235
0.002191164823506423
0.001596963160098174
0.0009714155321831108
GEN 41 time 1609972584
0.0017058410808370235
0.002191164823506423
0.001596963160098174
0.0009589005782002115
GEN 42 time 1609972586
0.0017058410808370235
0.002191164823506423
0.001596963160098174
0.0009589005782002115
GEN 43 time 1609972587
0.0017058410808370235
0.002191164823506423
0.001596963160098174
0.0009589005782002115
GEN 44 time 1609972588
0.0017058410808370235
0.002191164823506423
0.001596963160098174
0.0009589005782002115
GEN 45 time 1609972590
0.0017058410808370235
0.002191164823506423
0.001596963160098174
0.000943468498866294
GEN 46 time 1609972591
0.0017058410808370235
0.002191164823506423
0.001596963160098174
0.000943468498866294
GEN 47 time 1609972593
0.0017058410808370235
0.002191164823506423
0.001596963160098174
0.000943468498866294
GEN 48 time 1609972594
0.0017058410808370235
0.002191164823506423
0.001596963160098174
0.000943468498866294
GEN 49 time 1609972596
0.0017058410808370235
0.002191164823506423
0.001596963160098174
0.000943468498866294
GEN 50 time 1609972597
0.0017058410808370235
0.002191164823506423
0.001596963160098174
0.000943468498866294
GEN 51 time 1609972599
0.0017058410808370235
0.002191164823506423
0.001596963160098174
0.000943468498866294
GEN 52 time 1609972600
0.0017058410808370235
0.002191164823506423
0.001596963160098174
0.000943468498866294
GEN 53 time 1609972601
0.0017058410808370235
0.002191164823506423
0.001596963160098174
0.000943468498866294
GEN 54 time 1609972603
0.0017058410808370235
0.002191164823506423
0.001596963160098174
0.000943468498866294
GEN 55 time 1609972604
0.0017058410808370235
0.002191164823506423
0.001596963160098174
0.000943468498866294
GEN 56 time 1609972606
0.0017058410808370235
0.002191164823506423
0.001596963160098174
0.000943468498866294
GEN 57 time 1609972607
0.0017058410808370235
0.002191164823506423
0.001596963160098174
0.000943468498866294
GEN 58 time 1609972609
0.0017058410808370235
0.002191164823506423
0.001596963160098174
0.000943468498866294
GEN 59 time 1609972610
0.0017058410808370235
0.002191164823506423
0.001596963160098174
0.000943468498866294
GEN 60 time 1609972611
0.0017058410808370235
0.002191164823506423
0.001596963160098174
0.000943468498866294
GEN 61 time 1609972613
0.0017058410808370235
0.002191164823506423
0.001596963160098174
0.000943468498866294
GEN 62 time 1609972614
0.0017058410808370235
0.002191164823506423
0.001596963160098174
0.000943468498866294
GEN 63 time 1609972616
0.0017058410808370235
0.002191164823506423
0.001596963160098174
0.000943468498866294
GEN 64 time 1609972617
0.0017058410808370235
0.002191164823506423
0.001596963160098174
0.000943468498866294
GEN 65 time 1609972619
0.0017058410808370235
0.002191164823506423
0.001596963160098174
0.000943468498866294
GEN 66 time 1609972620
0.0017058410808370235
0.002191164823506423
0.001596963160098174
0.000943468498866294
GEN 67 time 1609972621
0.0017058410808370235
0.002191164823506423
0.001596963160098174
0.000943468498866294
GEN 68 time 1609972623
0.0017058410808370235
0.002191164823506423
0.001596963160098174
0.000943468498866294
GEN 69 time 1609972624
0.0017058410808370235
0.002191164823506423
0.001596963160098174
0.000943468498866294
GEN 70 time 1609972626
0.0017058410808370235
0.002191164823506423
0.001596963160098174
0.000943468498866294
GEN 71 time 1609972627
0.0017058410808370235
0.002191164823506423
0.001596963160098174
0.000943468498866294
GEN 72 time 1609972629
0.0017058410808370235
0.002191164823506423
0.001596963160098174
0.000943468498866294
GEN 73 time 1609972630
0.0017058410808370235
0.002191164823506423
0.001596963160098174
0.000943468498866294
GEN 74 time 1609972631
0.0017058410808370235
0.002191164823506423
0.001596963160098174
0.000943468498866294
GEN 75 time 1609972633
0.0017058410808370235
0.002191164823506423
0.001596963160098174
0.000943468498866294
GEN 76 time 1609972634
0.0017058410808370235
0.002191164823506423
0.001596963160098174
0.000943468498866294
GEN 77 time 1609972636
0.0017058410808370235
0.002191164823506423
0.001596963160098174
0.000943468498866294
GEN 78 time 1609972637
0.0017058410808370235
0.002191164823506423
0.001596963160098174
0.000943468498866294
GEN 79 time 1609972639
0.0017058410808370235
0.002191164823506423
0.001596963160098174
0.000943468498866294
GEN 80 time 1609972640
0.0017058410808370235
0.002191164823506423
0.001596963160098174
0.000943468498866294
GEN 81 time 1609972642
0.0017058410808370235
0.002191164823506423
0.001596963160098174
0.000943468498866294
GEN 82 time 1609972643
0.0017058410808370235
0.002191164823506423
0.001596963160098174
0.000943468498866294
GEN 83 time 1609972644
0.0017058410808370235
0.002191164823506423
0.001596963160098174
0.000943468498866294
GEN 84 time 1609972646
0.0017058410808370235
0.002191164823506423
0.001596963160098174
0.000943468498866294
GEN 85 time 1609972647
0.0017058410808370235
0.002191164823506423
0.001596963160098174
0.000943468498866294
GEN 86 time 1609972649
0.0017058410808370235
0.002191164823506423
0.001596963160098174
0.000943468498866294
GEN 87 time 1609972650
0.0017058410808370235
0.002191164823506423
0.001596963160098174
0.000943468498866294
GEN 88 time 1609972652
0.0017058410808370235
0.002191164823506423
0.001596963160098174
0.000943468498866294
GEN 89 time 1609972653
0.0017058410808370235
0.002191164823506423
0.001596963160098174
0.000943468498866294
GEN 90 time 1609972654
0.0017058410808370235
0.002191164823506423
0.001596963160098174
0.000943468498866294
GEN 91 time 1609972656
0.0017058410808370235
0.002191164823506423
0.001596963160098174
0.000943468498866294
GEN 92 time 1609972657
0.0017058410808370235
0.002191164823506423
0.001596963160098174
0.000943468498866294
GEN 93 time 1609972659
0.0017058410808370235
0.002191164823506423
0.001596963160098174
0.000943468498866294
GEN 94 time 1609972660
0.0017058410808370235
0.002191164823506423
0.001596963160098174
0.000943468498866294
GEN 95 time 1609972662
0.0017058410808370235
0.002191164823506423
0.001596963160098174
0.000943468498866294
GEN 96 time 1609972663
0.0017058410808370235
0.002191164823506423
0.001596963160098174
0.000943468498866294
GEN 97 time 1609972665
0.0017058410808370235
0.002191164823506423
0.001596963160098174
0.000943468498866294
GEN 98 time 1609972666
0.0017058410808370235
0.002191164823506423
0.001596963160098174
0.000943468498866294
GEN 99 time 1609972667
0.0017058410808370235
0.002191164823506423
0.001596963160098174
0.000943468498866294
GEN 100 time 1609972669
0.0017058410808370235
0.002191164823506423
0.001596963160098174
0.000943468498866294
GEN 101 time 1609972670
0.0017058410808370235
0.002191164823506423
0.001596963160098174
0.000943468498866294
GEN 102 time 1609972672
0.0017058410808370235
0.002191164823506423
0.001596963160098174
0.000943468498866294
GEN 103 time 1609972673
0.0017058410808370235
0.002191164823506423
0.001596963160098174
0.000943468498866294
GEN 104 time 1609972675
0.0017058410808370235
0.002191164823506423
0.001596963160098174
0.000943468498866294
GEN 105 time 1609972676
0.0017058410808370235
0.002191164823506423
0.001596963160098174
0.000943468498866294
GEN 106 time 1609972678
0.0017058410808370235
0.002191164823506423
0.001596963160098174
0.000943468498866294
GEN 107 time 1609972679
0.0017058410808370235
0.002191164823506423
0.001596963160098174
0.000943468498866294
GEN 108 time 1609972680
0.0017058410808370235
0.002191164823506423
0.001596963160098174
0.000943468498866294
GEN 109 time 1609972682
0.0017058410808370235
0.002191164823506423
0.001596963160098174
0.000943468498866294
GEN 110 time 1609972683
0.0017058410808370235
0.002191164823506423
0.001596963160098174
0.000943468498866294
GEN 111 time 1609972685
0.0017058410808370235
0.002191164823506423
0.001596963160098174
0.000943468498866294
GEN 112 time 1609972686
0.0017058410808370235
0.002191164823506423
0.001596963160098174
0.000943468498866294
GEN 113 time 1609972688
0.0017058410808370235
0.002191164823506423
0.001596963160098174
0.000943468498866294
GEN 114 time 1609972689
0.0017058410808370235
0.002191164823506423
0.001596963160098174
0.000943468498866294
GEN 115 time 1609972691
0.0017058410808370235
0.002191164823506423
0.001596963160098174
0.000943468498866294
GEN 116 time 1609972692
0.0017058410808370235
0.002191164823506423
0.001596963160098174
0.000943468498866294
GEN 117 time 1609972694
0.0017058410808370235
0.002191164823506423
0.001596963160098174
0.000943468498866294
GEN 118 time 1609972695
0.0017058410808370235
0.002191164823506423
0.001596963160098174
0.000943468498866294
GEN 119 time 1609972697
0.0017058410808370235
0.002191164823506423
0.001596963160098174
0.000943468498866294
GEN 120 time 1609972699
0.0017058410808370235
0.002191164823506423
0.001596963160098174
0.000943468498866294
GEN 121 time 1609972700
0.0017058410808370235
0.002191164823506423
0.001596963160098174
0.000943468498866294
GEN 122 time 1609972702
0.0017058410808370235
0.002191164823506423
0.001596963160098174
0.000943468498866294
GEN 123 time 1609972703
0.0017058410808370235
0.002191164823506423
0.001596963160098174
0.000943468498866294
GEN 124 time 1609972704
0.0017058410808370235
0.002191164823506423
0.001596963160098174
0.000943468498866294
GEN 125 time 1609972706
0.0017058410808370235
0.002191164823506423
0.001596963160098174
0.000943468498866294
GEN 126 time 1609972707
0.0017058410808370235
0.002191164823506423
0.001596963160098174
0.000943468498866294
GEN 127 time 1609972709
0.0017058410808370235
0.002191164823506423
0.001596963160098174
0.000943468498866294
GEN 128 time 1609972710
0.0017058410808370235
0.002191164823506423
0.001596963160098174
0.000943468498866294
GEN 129 time 1609972712
0.0017058410808370235
0.002191164823506423
0.001596963160098174
0.000943468498866294
GEN 130 time 1609972713
0.0017058410808370235
0.002191164823506423
0.001596963160098174
0.000943468498866294
GEN 131 time 1609972715
0.0017058410808370235
0.002191164823506423
0.001596963160098174
0.000943468498866294
GEN 132 time 1609972716
0.0017058410808370235
0.002191164823506423
0.001596963160098174
0.000943468498866294
GEN 133 time 1609972718
0.0017058410808370235
0.002191164823506423
0.001596963160098174
0.000943468498866294
GEN 134 time 1609972719
0.0017058410808370235
0.002191164823506423
0.001596963160098174
0.000943468498866294
GEN 135 time 1609972721
0.0017058410808370235
0.002191164823506423
0.001596963160098174
0.000943468498866294
GEN 136 time 1609972722
0.0017058410808370235
0.002191164823506423
0.001596963160098174
0.000943468498866294
GEN 137 time 1609972724
0.0017058410808370235
0.002191164823506423
0.001596963160098174
0.000943468498866294
GEN 138 time 1609972725
0.0017058410808370235
0.002191164823506423
0.001596963160098174
0.000943468498866294
GEN 139 time 1609972727
0.0017058410808370235
0.002191164823506423
0.001596963160098174
0.000943468498866294
GEN 140 time 1609972728
0.0017058410808370235
0.002191164823506423
0.001596963160098174
0.000943468498866294
GEN 141 time 1609972730
0.0017058410808370235
0.002191164823506423
0.001596963160098174
0.000943468498866294
GEN 142 time 1609972731
0.0017058410808370235
0.002191164823506423
0.001596963160098174
0.000943468498866294
GEN 143 time 1609972733
0.0017058410808370235
0.002191164823506423
0.001596963160098174
0.000943468498866294
GEN 144 time 1609972734
0.0017058410808370235
0.002191164823506423
0.001596963160098174
0.000943468498866294
GEN 145 time 1609972736
0.0017058410808370235
0.002191164823506423
0.001596963160098174
0.000943468498866294
GEN 146 time 1609972737
0.0017058410808370235
0.002191164823506423
0.001596963160098174
0.000943468498866294
GEN 147 time 1609972739
0.0017058410808370235
0.002191164823506423
0.001596963160098174
0.000943468498866294
GEN 148 time 1609972740
0.0017058410808370235
0.002191164823506423
0.001596963160098174
0.000943468498866294
GEN 149 time 1609972742
0.0017058410808370235
0.002191164823506423
0.001596963160098174
0.000943468498866294
GEN 150 time 1609972743
0.0017058410808370235
0.002191164823506423
0.001596963160098174
0.000943468498866294
GEN 151 time 1609972745
0.0017058410808370235
0.002191164823506423
0.001596963160098174
0.000943468498866294
GEN 152 time 1609972746
0.0017058410808370235
0.002191164823506423
0.001596963160098174
0.000943468498866294
GEN 153 time 1609972748
0.0017058410808370235
0.002191164823506423
0.001596963160098174
0.000943468498866294
GEN 154 time 1609972749
0.0017058410808370235
0.002191164823506423
0.001596963160098174
0.000943468498866294
GEN 155 time 1609972751
0.0017058410808370235
0.002191164823506423
0.001596963160098174
0.000943468498866294
GEN 156 time 1609972752
0.0017058410808370235
0.002191164823506423
0.001596963160098174
0.000943468498866294
GEN 157 time 1609972754
0.0017058410808370235
0.002191164823506423
0.001596963160098174
0.000943468498866294
GEN 158 time 1609972755
0.0017058410808370235
0.002191164823506423
0.001596963160098174
0.000943468498866294
GEN 159 time 1609972757
0.0017058410808370235
0.002191164823506423
0.001596963160098174
0.000943468498866294
GEN 160 time 1609972758
0.0017058410808370235
0.002191164823506423
0.001596963160098174
0.000943468498866294
GEN 161 time 1609972760
0.0017058410808370235
0.002191164823506423
0.001596963160098174
0.000943468498866294
GEN 162 time 1609972761
0.0017058410808370235
0.002191164823506423
0.001596963160098174
0.000943468498866294
GEN 163 time 1609972763
0.0017058410808370235
0.002191164823506423
0.001596963160098174
0.000943468498866294
GEN 164 time 1609972764
0.0017058410808370235
0.002191164823506423
0.001596963160098174
0.000943468498866294
GEN 165 time 1609972766
0.0017058410808370235
0.002191164823506423
0.001596963160098174
0.000943468498866294
GEN 166 time 1609972767
0.0017058410808370235
0.002191164823506423
0.001596963160098174
0.000943468498866294
GEN 167 time 1609972769
0.0017058410808370235
0.002191164823506423
0.001596963160098174
0.000943468498866294
GEN 168 time 1609972771
0.0017058410808370235
0.002191164823506423
0.001596963160098174
0.000943468498866294
GEN 169 time 1609972772
0.0017058410808370235
0.002191164823506423
0.001596963160098174
0.000943468498866294
GEN 170 time 1609972774
0.0017058410808370235
0.002191164823506423
0.001596963160098174
0.000943468498866294
GEN 171 time 1609972775
0.0017058410808370235
0.002191164823506423
0.001596963160098174
0.000943468498866294
GEN 172 time 1609972777
0.0017058410808370235
0.002191164823506423
0.001596963160098174
0.000943468498866294
GEN 173 time 1609972779
0.0017058410808370235
0.002191164823506423
0.001596963160098174
0.000943468498866294
GEN 174 time 1609972780
0.0017058410808370235
0.002191164823506423
0.001596963160098174
0.000943468498866294
GEN 175 time 1609972782
0.0017058410808370235
0.002191164823506423
0.001596963160098174
0.000943468498866294
GEN 176 time 1609972783
0.0017058410808370235
0.002191164823506423
0.001596963160098174
0.000943468498866294
GEN 177 time 1609972785
0.0017058410808370235
0.002191164823506423
0.001596963160098174
0.000943468498866294
GEN 178 time 1609972786
0.0017058410808370235
0.002191164823506423
0.001596963160098174
0.000943468498866294
GEN 179 time 1609972788
0.0017058410808370235
0.002191164823506423
0.001596963160098174
0.000943468498866294
GEN 180 time 1609972789
0.0017058410808370235
0.002191164823506423
0.001596963160098174
0.000943468498866294
GEN 181 time 1609972791
0.0017058410808370235
0.002191164823506423
0.001596963160098174
0.000943468498866294
GEN 182 time 1609972792
0.0017058410808370235
0.002191164823506423
0.001596963160098174
0.000943468498866294
GEN 183 time 1609972794
0.0017058410808370235
0.002191164823506423
0.001596963160098174
0.000943468498866294
GEN 184 time 1609972795
0.0017058410808370235
0.002191164823506423
0.001596963160098174
0.000943468498866294
GEN 185 time 1609972797
0.0017058410808370235
0.002191164823506423
0.001596963160098174
0.000943468498866294
GEN 186 time 1609972798
0.0017058410808370235
0.002191164823506423
0.001596963160098174
0.000943468498866294
GEN 187 time 1609972800
0.0017058410808370235
0.002191164823506423
0.001596963160098174
0.000943468498866294
GEN 188 time 1609972801
0.0017058410808370235
0.002191164823506423
0.001596963160098174
0.000943468498866294
GEN 189 time 1609972803
0.0017058410808370235
0.002191164823506423
0.001596963160098174
0.000943468498866294
GEN 190 time 1609972804
0.0017058410808370235
0.002191164823506423
0.001596963160098174
0.000943468498866294
GEN 191 time 1609972806
0.0017058410808370235
0.002191164823506423
0.001596963160098174
0.000943468498866294
GEN 192 time 1609972807
0.0017058410808370235
0.002191164823506423
0.001596963160098174
0.000943468498866294
GEN 193 time 1609972809
0.0017058410808370235
0.002191164823506423
0.001596963160098174
0.000943468498866294
GEN 194 time 1609972810
0.0017058410808370235
0.002191164823506423
0.001596963160098174
0.000943468498866294
GEN 195 time 1609972812
0.0017058410808370235
0.002191164823506423
0.001596963160098174
0.000943468498866294
GEN 196 time 1609972813
0.0017058410808370235
0.002191164823506423
0.001596963160098174
0.000943468498866294
GEN 197 time 1609972815
0.0017058410808370235
0.002191164823506423
0.001596963160098174
0.000943468498866294
GEN 198 time 1609972816
0.0017058410808370235
0.002191164823506423
0.001596963160098174
0.000943468498866294
GEN 199 time 1609972818
0.0017058410808370235
0.002191164823506423
0.001596963160098174
0.000943468498866294
