['./data/small/layer/uu-dem7_r25_1.json', './data/small/hop/uu-dem7_r25_1_0.json', './data/small/hop/uu-dem4_r25_1_0.json', './data/small/hop/uu-dem5_r25_1_0.json']
GEN 0 time 1599152452
0.0023368348238357903
0.0021712121937727587
0.0019152862785722824
0.0021305033293745057
GEN 1 time 1599152454
0.0023368348238357903
0.0021022503093045984
0.0019152862785722824
0.0021305033293745057
GEN 2 time 1599152456
0.0023368348238357903
0.0018441253534056022
0.0019152862785722824
0.0020558851694694675
GEN 3 time 1599152457
0.0023368348238357903
0.0018441253534056022
0.0019149639123802677
0.0020558851694694675
GEN 4 time 1599152459
0.0023368348238357903
0.0018441253534056022
0.0019149639123802677
0.0020558851694694675
GEN 5 time 1599152461
0.0023368348238357903
0.0018441253534056022
0.0019149639123802677
0.0020558851694694675
GEN 6 time 1599152463
0.0023368348238357903
0.0018074987945669932
0.0018650881422075747
0.0020558851694694675
GEN 7 time 1599152465
0.0023368348238357903
0.0018074987945669932
0.0018650881422075747
0.0019293723317674281
GEN 8 time 1599152467
0.0023368348238357903
0.0018074987945669932
0.0018269175860854527
0.0019293723317674281
GEN 9 time 1599152469
0.0023368348238357903
0.0018074987945669932
0.0018269175860854527
0.0019293723317674281
GEN 10 time 1599152472
0.0023368348238357903
0.0018074987945669932
0.0018269175860854527
0.0019293723317674281
GEN 11 time 1599152474
0.0023368348238357903
0.0018074987945669932
0.0018269175860854527
0.0019293723317674281
GEN 12 time 1599152476
0.0023368348238357903
0.0018074987945669932
0.0018269175860854527
0.0019293723317674281
GEN 13 time 1599152479
0.0023368348238357903
0.0018074987945669932
0.0018269175860854527
0.0019293723317674281
GEN 14 time 1599152481
0.0023368348238357903
0.0018074987945669932
0.001759557667287328
0.0019293723317674281
GEN 15 time 1599152483
0.0023368348238357903
0.0018074987945669932
0.001759557667287328
0.0019293723317674281
GEN 16 time 1599152485
0.0023368348238357903
0.0018074987945669932
0.001759557667287328
0.0019293723317674281
GEN 17 time 1599152488
0.0023368348238357903
0.001807389726393951
0.001759557667287328
0.0019293723317674281
GEN 18 time 1599152490
0.0023368348238357903
0.001807389726393951
0.001759557667287328
0.0019293723317674281
GEN 19 time 1599152493
0.0023368348238357903
0.001807389726393951
0.001759557667287328
0.0019293723317674281
GEN 20 time 1599152495
0.0023368348238357903
0.001807389726393951
0.001759557667287328
0.0019293723317674281
GEN 21 time 1599152497
0.0023368348238357903
0.001623227441387893
0.001759557667287328
0.0019293723317674281
GEN 22 time 1599152499
0.0023368348238357903
0.001623227441387893
0.001759557667287328
0.0019293723317674281
GEN 23 time 1599152502
0.0023368348238357903
0.001623227441387893
0.001759557667287328
0.0019293723317674281
GEN 24 time 1599152504
0.0023368348238357903
0.0016074787945669932
0.0017264993583931052
0.0019293723317674281
GEN 25 time 1599152506
0.0023368348238357903
0.0016074787945669932
0.0017264993583931052
0.0019293723317674281
GEN 26 time 1599152508
0.0023368348238357903
0.0016074787945669932
0.0017264993583931052
0.0019293723317674281
GEN 27 time 1599152511
0.0023368348238357903
0.0016074787945669932
0.0017264993583931052
0.0019293723317674281
GEN 28 time 1599152513
0.0023368348238357903
0.0016074787945669932
0.0017264993583931052
0.0019293723317674281
GEN 29 time 1599152515
0.0023368348238357903
0.0016074787945669932
0.0017264993583931052
0.0019293723317674281
GEN 30 time 1599152518
0.0023368348238357903
0.001536316661082301
0.0017264993583931052
0.0019293723317674281
GEN 31 time 1599152520
0.0023368348238357903
0.001536316661082301
0.0017264993583931052
0.0019293723317674281
GEN 32 time 1599152522
0.0023368348238357903
0.001536316661082301
0.0017264993583931052
0.0019293723317674281
GEN 33 time 1599152524
0.0023368348238357903
0.001536316661082301
0.0017264993583931052
0.0019293723317674281
GEN 34 time 1599152526
0.0023368348238357903
0.001536316661082301
0.0017264993583931052
0.0019293723317674281
GEN 35 time 1599152529
0.0023368348238357903
0.001536316661082301
0.0016981514955128059
0.0019293723317674281
GEN 36 time 1599152531
0.0023368348238357903
0.001536316661082301
0.0016981514955128059
0.0019293723317674281
GEN 37 time 1599152533
0.0023368348238357903
0.001536316661082301
0.0016981514955128059
0.0019293723317674281
GEN 38 time 1599152536
0.0023368348238357903
0.001536316661082301
0.0016981514955128059
0.0019293723317674281
GEN 39 time 1599152538
0.0023368348238357903
0.001536316661082301
0.0016981514955128059
0.0019293723317674281
GEN 40 time 1599152540
0.0023368348238357903
0.001536316661082301
0.0016981514955128059
0.0019293723317674281
GEN 41 time 1599152542
0.0023368348238357903
0.001536316661082301
0.0016981514955128059
0.0019092437061255052
GEN 42 time 1599152545
0.0023368348238357903
0.001536316661082301
0.0016981514955128059
0.0019092437061255052
GEN 43 time 1599152547
0.0023368348238357903
0.001536316661082301
0.0016981514955128059
0.0019092437061255052
GEN 44 time 1599152549
0.0023368348238357903
0.001536316661082301
0.0016981514955128059
0.0019092437061255052
GEN 45 time 1599152552
0.0023368348238357903
0.001536316661082301
0.0016981514955128059
0.0019092437061255052
GEN 46 time 1599152554
0.0023368348238357903
0.001536316661082301
0.0016873438010097709
0.0019092437061255052
GEN 47 time 1599152556
0.0023368348238357903
0.001536316661082301
0.0016873438010097709
0.0019092437061255052
GEN 48 time 1599152559
0.0023368348238357903
0.001536316661082301
0.0016873438010097709
0.0019092437061255052
GEN 49 time 1599152561
0.0023368348238357903
0.001536316661082301
0.0016873438010097709
0.0019092437061255052
GEN 50 time 1599152563
0.0023368348238357903
0.001536316661082301
0.0016873438010097709
0.0019092437061255052
GEN 51 time 1599152566
0.0023368348238357903
0.001536316661082301
0.0016873438010097709
0.0019092437061255052
GEN 52 time 1599152568
0.0023368348238357903
0.001536316661082301
0.0016873438010097709
0.0019092437061255052
GEN 53 time 1599152570
0.0023368348238357903
0.001536316661082301
0.0016873438010097709
0.0019092437061255052
GEN 54 time 1599152573
0.0023368348238357903
0.001536316661082301
0.0016873438010097709
0.0019092437061255052
GEN 55 time 1599152575
0.0023368348238357903
0.001536316661082301
0.0016873438010097709
0.0019092437061255052
GEN 56 time 1599152577
0.0023368348238357903
0.001536316661082301
0.0016873438010097709
0.0019092437061255052
GEN 57 time 1599152580
0.0023368348238357903
0.001536316661082301
0.0016268975860854527
0.0019092437061255052
GEN 58 time 1599152582
0.0023368348238357903
0.001536316661082301
0.0016268975860854527
0.0019092437061255052
GEN 59 time 1599152584
0.0023368348238357903
0.001536316661082301
0.0016268975860854527
0.0019092437061255052
GEN 60 time 1599152586
0.0023368348238357903
0.001536316661082301
0.0016268975860854527
0.0019092437061255052
GEN 61 time 1599152589
0.0023368348238357903
0.001536316661082301
0.0016268975860854527
0.0019092437061255052
GEN 62 time 1599152591
0.0023368348238357903
0.001536316661082301
0.0016268975860854527
0.0019092437061255052
GEN 63 time 1599152593
0.0023368348238357903
0.001536316661082301
0.0016268975860854527
0.0019092437061255052
GEN 64 time 1599152596
0.0023368348238357903
0.001536316661082301
0.0016268975860854527
0.0019092437061255052
GEN 65 time 1599152598
0.0023368348238357903
0.001536316661082301
0.0016268975860854527
0.0019092437061255052
GEN 66 time 1599152600
0.0023368348238357903
0.001536316661082301
0.0016268975860854527
0.0019092437061255052
GEN 67 time 1599152603
0.0023368348238357903
0.001536316661082301
0.0016268975860854527
0.0019092437061255052
GEN 68 time 1599152605
0.0023368348238357903
0.001536316661082301
0.0016268975860854527
0.0019092437061255052
GEN 69 time 1599152607
0.0023368348238357903
0.001536316661082301
0.0016268975860854527
0.0019092437061255052
GEN 70 time 1599152610
0.0023368348238357903
0.001536316661082301
0.0016268975860854527
0.0019092437061255052
GEN 71 time 1599152612
0.0023368348238357903
0.001536316661082301
0.0016268975860854527
0.0019092437061255052
GEN 72 time 1599152614
0.0023368348238357903
0.001536316661082301
0.0016268975860854527
0.0019092437061255052
GEN 73 time 1599152616
0.0023368348238357903
0.001536316661082301
0.0016268975860854527
0.0019092437061255052
GEN 74 time 1599152619
0.0023368348238357903
0.001536316661082301
0.0016268975860854527
0.0019092437061255052
GEN 75 time 1599152621
0.0023368348238357903
0.001536316661082301
0.0016268975860854527
0.0019092437061255052
GEN 76 time 1599152624
0.0023368348238357903
0.001536316661082301
0.0016268975860854527
0.0019092437061255052
GEN 77 time 1599152626
0.0023368348238357903
0.001536316661082301
0.0015409163148460238
0.0017293523317674282
GEN 78 time 1599152628
0.0023368348238357903
0.001536316661082301
0.0015409163148460238
0.0017293523317674282
GEN 79 time 1599152630
0.0023368348238357903
0.001536316661082301
0.0015409163148460238
0.0017293523317674282
GEN 80 time 1599152633
0.0023368348238357903
0.001536316661082301
0.0015409163148460238
0.0017293523317674282
GEN 81 time 1599152635
0.0023368348238357903
0.001536316661082301
0.0015409163148460238
0.0017293523317674282
GEN 82 time 1599152637
0.0023368348238357903
0.001536316661082301
0.0015409163148460238
0.0017293523317674282
GEN 83 time 1599152640
0.0023368348238357903
0.001536316661082301
0.0015409163148460238
0.0017293523317674282
GEN 84 time 1599152642
0.0023368348238357903
0.001536316661082301
0.0015409163148460238
0.0017293523317674282
GEN 85 time 1599152644
0.0023368348238357903
0.001536316661082301
0.0015409163148460238
0.0017293523317674282
GEN 86 time 1599152646
0.0023368348238357903
0.001536316661082301
0.0015409163148460238
0.0017293523317674282
GEN 87 time 1599152649
0.0023368348238357903
0.001536316661082301
0.0015409163148460238
0.0017293523317674282
GEN 88 time 1599152651
0.0023368348238357903
0.001536316661082301
0.0015409163148460238
0.0017293523317674282
GEN 89 time 1599152653
0.0023368348238357903
0.001536316661082301
0.0015409163148460238
0.0017293523317674282
GEN 90 time 1599152656
0.0023368348238357903
0.001536316661082301
0.0015409163148460238
0.0017293523317674282
GEN 91 time 1599152658
0.0023368348238357903
0.001536316661082301
0.0015409163148460238
0.0017293523317674282
GEN 92 time 1599152660
0.0023368348238357903
0.001536316661082301
0.0015409163148460238
0.0017293523317674282
GEN 93 time 1599152662
0.0023368348238357903
0.001536316661082301
0.0015409163148460238
0.0017293523317674282
GEN 94 time 1599152665
0.0023368348238357903
0.001536316661082301
0.0015409163148460238
0.0017293523317674282
GEN 95 time 1599152667
0.0023368348238357903
0.001536316661082301
0.0015409163148460238
0.0017293523317674282
GEN 96 time 1599152669
0.0023368348238357903
0.001536316661082301
0.0015409163148460238
0.0017293523317674282
GEN 97 time 1599152671
0.0023368348238357903
0.001536316661082301
0.0015409163148460238
0.0017293523317674282
GEN 98 time 1599152674
0.0023368348238357903
0.001536316661082301
0.001526479358393105
0.0017293523317674282
GEN 99 time 1599152676
0.0023368348238357903
0.001536316661082301
0.001526479358393105
0.0017293523317674282
GEN 100 time 1599152678
0.0023368348238357903
0.001536316661082301
0.001526479358393105
0.0017293523317674282
GEN 101 time 1599152681
0.0023368348238357903
0.001536316661082301
0.001526479358393105
0.0017293523317674282
GEN 102 time 1599152683
0.0023368348238357903
0.001536316661082301
0.001526479358393105
0.0017293523317674282
GEN 103 time 1599152685
0.0023368348238357903
0.001536316661082301
0.001526479358393105
0.0017293523317674282
GEN 104 time 1599152687
0.0023368348238357903
0.001536316661082301
0.001526479358393105
0.0015832489411533833
GEN 105 time 1599152690
0.0023368348238357903
0.001536316661082301
0.001526479358393105
0.0015832489411533833
GEN 106 time 1599152692
0.0023368348238357903
0.001536316661082301
0.001526479358393105
0.0015832489411533833
GEN 107 time 1599152694
0.0023368348238357903
0.001536316661082301
0.001526479358393105
0.0015832489411533833
GEN 108 time 1599152697
0.0023368348238357903
0.001536316661082301
0.001526479358393105
0.0015832489411533833
GEN 109 time 1599152699
0.0023368348238357903
0.001536316661082301
0.001526479358393105
0.0015832489411533833
GEN 110 time 1599152701
0.0023368348238357903
0.001536316661082301
0.001526479358393105
0.0015832489411533833
GEN 111 time 1599152704
0.0023368348238357903
0.001536316661082301
0.001526479358393105
0.0015832489411533833
GEN 112 time 1599152706
0.0023368348238357903
0.001536316661082301
0.001526479358393105
0.0015832489411533833
GEN 113 time 1599152708
0.0023368348238357903
0.001536316661082301
0.001526479358393105
0.0015832489411533833
GEN 114 time 1599152711
0.0023368348238357903
0.001536316661082301
0.001526479358393105
0.0015832489411533833
GEN 115 time 1599152713
0.0023368348238357903
0.001536316661082301
0.001526479358393105
0.0015832489411533833
GEN 116 time 1599152716
0.0023368348238357903
0.001536316661082301
0.001526479358393105
0.0015832489411533833
GEN 117 time 1599152718
0.0023368348238357903
0.001536316661082301
0.001526479358393105
0.0015832489411533833
GEN 118 time 1599152721
0.0023368348238357903
0.0015192694504190512
0.001526479358393105
0.0015832489411533833
GEN 119 time 1599152723
0.0023368348238357903
0.0015192694504190512
0.001526479358393105
0.0015832489411533833
GEN 120 time 1599152725
0.0023368348238357903
0.0015192694504190512
0.001526479358393105
0.0015832489411533833
GEN 121 time 1599152727
0.0023368348238357903
0.0015192694504190512
0.001526479358393105
0.0015832489411533833
GEN 122 time 1599152730
0.0023368348238357903
0.0015192694504190512
0.001526479358393105
0.0015832489411533833
GEN 123 time 1599152732
0.0023368348238357903
0.0015192694504190512
0.001526479358393105
0.0015832489411533833
GEN 124 time 1599152734
0.0023368348238357903
0.0015192694504190512
0.001526479358393105
0.0015832489411533833
GEN 125 time 1599152737
0.0023368348238357903
0.0015192694504190512
0.001526479358393105
0.0015832489411533833
GEN 126 time 1599152739
0.0023368348238357903
0.0015192694504190512
0.001526479358393105
0.0015832489411533833
GEN 127 time 1599152741
0.0023368348238357903
0.0015192694504190512
0.001526479358393105
0.0015832489411533833
GEN 128 time 1599152743
0.0023368348238357903
0.0015192694504190512
0.001526479358393105
0.0015832489411533833
GEN 129 time 1599152746
0.0023368348238357903
0.0015192694504190512
0.001526479358393105
0.0015832489411533833
GEN 130 time 1599152748
0.0023368348238357903
0.0015192694504190512
0.001526479358393105
0.0015832489411533833
GEN 131 time 1599152750
0.0023368348238357903
0.0015192694504190512
0.001526479358393105
0.0015832489411533833
GEN 132 time 1599152752
0.0023368348238357903
0.0015192694504190512
0.001526479358393105
0.0015832489411533833
GEN 133 time 1599152754
0.0023368348238357903
0.0015192694504190512
0.001526479358393105
0.0015832489411533833
GEN 134 time 1599152757
0.0023368348238357903
0.0015192694504190512
0.001526479358393105
0.0015832489411533833
GEN 135 time 1599152759
0.0023368348238357903
0.0015192694504190512
0.001526479358393105
0.0015832489411533833
GEN 136 time 1599152761
0.0023368348238357903
0.0015192694504190512
0.001526479358393105
0.0015832489411533833
GEN 137 time 1599152763
0.0023368348238357903
0.0015192694504190512
0.001526479358393105
0.0015832489411533833
GEN 138 time 1599152766
0.0023368348238357903
0.0015192694504190512
0.001526479358393105
0.0015832489411533833
GEN 139 time 1599152768
0.0023368348238357903
0.0015192694504190512
0.001526479358393105
0.0015832489411533833
GEN 140 time 1599152770
0.0023368348238357903
0.0015192694504190512
0.001526479358393105
0.0015832489411533833
GEN 141 time 1599152772
0.0023368348238357903
0.0015192694504190512
0.001526479358393105
0.0015832489411533833
GEN 142 time 1599152775
0.0023368348238357903
0.0015192694504190512
0.001526479358393105
0.0015832489411533833
GEN 143 time 1599152777
0.0023368348238357903
0.0015192694504190512
0.001526479358393105
0.0015832489411533833
GEN 144 time 1599152779
0.0023368348238357903
0.0015192694504190512
0.001526479358393105
0.0015832489411533833
GEN 145 time 1599152782
0.0023368348238357903
0.0015192694504190512
0.001526479358393105
0.0015832489411533833
GEN 146 time 1599152784
0.0023368348238357903
0.0015192694504190512
0.001526479358393105
0.0015832489411533833
GEN 147 time 1599152786
0.0023368348238357903
0.0015192694504190512
0.001526479358393105
0.0015832489411533833
GEN 148 time 1599152789
0.0023368348238357903
0.0015192694504190512
0.001526479358393105
0.0015832489411533833
GEN 149 time 1599152791
0.0023368348238357903
0.0015192694504190512
0.001526479358393105
0.0015832489411533833
GEN 150 time 1599152793
0.0023368348238357903
0.0015192694504190512
0.001526479358393105
0.0015832489411533833
GEN 151 time 1599152796
0.0023368348238357903
0.0015192694504190512
0.001526479358393105
0.0015832489411533833
GEN 152 time 1599152798
0.0023368348238357903
0.0015192694504190512
0.001526479358393105
0.0015832489411533833
GEN 153 time 1599152800
0.0023368348238357903
0.0015192694504190512
0.001526479358393105
0.0015293323317674282
GEN 154 time 1599152802
0.0023368348238357903
0.0015192694504190512
0.001526479358393105
0.0015293323317674282
GEN 155 time 1599152804
0.0023368348238357903
0.0015192694504190512
0.001526479358393105
0.0015293323317674282
GEN 156 time 1599152807
0.0023368348238357903
0.0015192694504190512
0.001526479358393105
0.0015293323317674282
GEN 157 time 1599152809
0.0023368348238357903
0.0015192694504190512
0.001526479358393105
0.0015293323317674282
GEN 158 time 1599152811
0.0023368348238357903
0.0015192694504190512
0.001526479358393105
0.0015293323317674282
GEN 159 time 1599152813
0.0023368348238357903
0.0015192694504190512
0.001526479358393105
0.0015293323317674282
GEN 160 time 1599152815
0.0023368348238357903
0.0015192694504190512
0.001526479358393105
0.0015293323317674282
GEN 161 time 1599152817
0.0023368348238357903
0.0015192694504190512
0.001526479358393105
0.0015293323317674282
GEN 162 time 1599152820
0.0023368348238357903
0.0015192694504190512
0.001526479358393105
0.0015293323317674282
GEN 163 time 1599152822
0.0023368348238357903
0.0015192694504190512
0.001526479358393105
0.0015293323317674282
GEN 164 time 1599152824
0.0023368348238357903
0.0015192694504190512
0.001526479358393105
0.0015293323317674282
GEN 165 time 1599152826
0.0023368348238357903
0.0015192694504190512
0.001526479358393105
0.0015293323317674282
GEN 166 time 1599152829
0.0023368348238357903
0.0015192694504190512
0.001526479358393105
0.0015293323317674282
GEN 167 time 1599152831
0.0023368348238357903
0.0015192694504190512
0.001526479358393105
0.0015293323317674282
GEN 168 time 1599152833
0.0023368348238357903
0.0015192694504190512
0.001526479358393105
0.0015293323317674282
GEN 169 time 1599152836
0.0023368348238357903
0.0015192694504190512
0.001526479358393105
0.0015293323317674282
GEN 170 time 1599152838
0.0023368348238357903
0.0015192694504190512
0.001526479358393105
0.0015293323317674282
GEN 171 time 1599152840
0.0023368348238357903
0.0015192694504190512
0.001526479358393105
0.0015293323317674282
GEN 172 time 1599152842
0.0023368348238357903
0.0015192694504190512
0.001526479358393105
0.0015293323317674282
GEN 173 time 1599152845
0.0023368348238357903
0.0015192694504190512
0.001526479358393105
0.0015293323317674282
GEN 174 time 1599152847
0.0023368348238357903
0.0015192694504190512
0.001526479358393105
0.0015293323317674282
GEN 175 time 1599152849
0.0023368348238357903
0.0015192694504190512
0.001526479358393105
0.0015293323317674282
GEN 176 time 1599152851
0.0023368348238357903
0.0015192694504190512
0.001526479358393105
0.0015293323317674282
GEN 177 time 1599152854
0.0023368348238357903
0.0015192694504190512
0.001526479358393105
0.0015293323317674282
GEN 178 time 1599152856
0.0023368348238357903
0.0015192694504190512
0.001526479358393105
0.0015293323317674282
GEN 179 time 1599152858
0.0023368348238357903
0.0015192694504190512
0.001526479358393105
0.0015293323317674282
GEN 180 time 1599152861
0.0023368348238357903
0.0015192694504190512
0.001526479358393105
0.0015293323317674282
GEN 181 time 1599152863
0.0023368348238357903
0.0015192694504190512
0.001526479358393105
0.0015293323317674282
GEN 182 time 1599152866
0.0023368348238357903
0.0015192694504190512
0.001526479358393105
0.0015293323317674282
GEN 183 time 1599152868
0.0023368348238357903
0.0015192694504190512
0.001526479358393105
0.0015293323317674282
GEN 184 time 1599152871
0.0023368348238357903
0.0015192694504190512
0.001526479358393105
0.0015293323317674282
GEN 185 time 1599152873
0.0023368348238357903
0.0015192694504190512
0.001526479358393105
0.0015293323317674282
GEN 186 time 1599152875
0.0023368348238357903
0.0015192694504190512
0.001526479358393105
0.0015293323317674282
GEN 187 time 1599152878
0.0023368348238357903
0.0015192694504190512
0.001526479358393105
0.0015293323317674282
GEN 188 time 1599152880
0.0023368348238357903
0.0015192694504190512
0.001526479358393105
0.0015293323317674282
GEN 189 time 1599152883
0.0023368348238357903
0.0015192694504190512
0.001526479358393105
0.0015293323317674282
GEN 190 time 1599152885
0.0023368348238357903
0.0015192694504190512
0.001526479358393105
0.0015293323317674282
GEN 191 time 1599152887
0.0023368348238357903
0.0015192694504190512
0.001526479358393105
0.0015293323317674282
GEN 192 time 1599152890
0.0023368348238357903
0.0015192694504190512
0.001526479358393105
0.0015293323317674282
GEN 193 time 1599152892
0.0023368348238357903
0.0015192694504190512
0.001526479358393105
0.0015293323317674282
GEN 194 time 1599152894
0.0023368348238357903
0.0015192694504190512
0.001526479358393105
0.0015293323317674282
GEN 195 time 1599152896
0.0023368348238357903
0.0015192694504190512
0.001526479358393105
0.0015293323317674282
GEN 196 time 1599152899
0.0023368348238357903
0.0015192694504190512
0.001526479358393105
0.0015293323317674282
GEN 197 time 1599152901
0.0023368348238357903
0.0015192694504190512
0.001526479358393105
0.0015293323317674282
GEN 198 time 1599152904
0.0023368348238357903
0.0015192694504190512
0.001526479358393105
0.0015293323317674282
GEN 199 time 1599152906
0.0023368348238357903
0.0015192694504190512
0.001526479358393105
0.0015293323317674282
