['./data/small/layer/uu-dem9_r25_1.json', './data/small/layer/uu-dem8_r25_1.json', './data/small/layer/uu-dem10_r25_1.json', './data/small/hop/uu-dem5_r25_1_0.json', './data/small/hop/uu-dem9_r25_1_0.json', './data/small/hop/uu-dem4_r25_1_0.json']
GEN 0 time 1617098908
0.002411447474497591
0.0019331241698611365
0.0026219592056800326
0.00124766976545657
0.0016988516419784983
0.0010747643966728358
GEN 1 time 1617098909
0.0022134743549586814
0.0019331241698611365
0.0026219592056800326
0.0011750674200755335
0.0016981035128615205
0.0010747643966728358
GEN 2 time 1617098911
0.0018266509095459789
0.0019331241698611365
0.0026219592056800326
0.0011750674200755335
0.0016981035128615205
0.0010747643966728358
GEN 3 time 1617098912
0.0018266509095459789
0.0019331241698611365
0.0026219592056800326
0.0011750674200755335
0.0016094565773271327
0.0010747643966728358
GEN 4 time 1617098913
0.0018266509095459789
0.0019331241698611365
0.0026219592056800326
0.0011750674200755335
0.0016025417122639204
0.0010747643966728358
GEN 5 time 1617098915
0.0018266509095459789
0.0019331241698611365
0.0026219592056800326
0.001137361177792832
0.0014833074836415284
0.0010584812226759853
GEN 6 time 1617098916
0.0018266509095459789
0.0019331241698611365
0.0022290304100620385
0.0010868699774607303
0.0014833074836415284
0.0010584812226759853
GEN 7 time 1617098918
0.0018266509095459789
0.0019331241698611365
0.0022290304100620385
0.0010832026400678047
0.0014523381088283507
0.0010503846701350504
GEN 8 time 1617098919
0.0018266509095459789
0.0019331241698611365
0.0020202465023135274
0.0010832026400678047
0.0014523381088283507
0.0010366738075132276
GEN 9 time 1617098920
0.0018266509095459789
0.0019331241698611365
0.0020202465023135274
0.0010832026400678047
0.0014490219629087894
0.0010366738075132276
GEN 10 time 1617098922
0.0018266509095459789
0.0019331241698611365
0.0020202465023135274
0.0010832026400678047
0.0014342584659942587
0.0010366738075132276
GEN 11 time 1617098923
0.0018266509095459789
0.0019331241698611365
0.0020202465023135274
0.0010832026400678047
0.0014317568046281733
0.0010366738075132276
GEN 12 time 1617098925
0.0018266509095459789
0.0019331241698611365
0.0018122043816207161
0.0010832026400678047
0.0014317568046281733
0.0010118821089632063
GEN 13 time 1617098926
0.0018266509095459789
0.0019331241698611365
0.0018122043816207161
0.0009750474200755335
0.0014317568046281733
0.0010118821089632063
GEN 14 time 1617098927
0.0018266509095459789
0.0019331241698611365
0.0018122043816207161
0.0009750474200755335
0.0014317568046281733
0.0010118821089632063
GEN 15 time 1617098929
0.0018266509095459789
0.0019331241698611365
0.0018122043816207161
0.0009750474200755335
0.0014302746372468556
0.0010118821089632063
GEN 16 time 1617098930
0.0018266509095459789
0.0019331241698611365
0.0018122043816207161
0.0009750474200755335
0.0014302746372468556
0.0010118821089632063
GEN 17 time 1617098932
0.0018266509095459789
0.0019331241698611365
0.0018122043816207161
0.0009750474200755335
0.0014302746372468556
0.0010118821089632063
GEN 18 time 1617098933
0.0018266509095459789
0.0019331241698611365
0.0018122043816207161
0.0009750474200755335
0.0014302746372468556
0.0010118821089632063
GEN 19 time 1617098934
0.0018266509095459789
0.0019331241698611365
0.0018122043816207161
0.0009750474200755335
0.0014302746372468556
0.0010118821089632063
GEN 20 time 1617098936
0.0018266509095459789
0.0019331241698611365
0.0018122043816207161
0.0009750474200755335
0.0014302746372468556
0.0010118821089632063
GEN 21 time 1617098937
0.0018266509095459789
0.0019331241698611365
0.0016074198541744253
0.0009750474200755335
0.0014302746372468556
0.0010118821089632063
GEN 22 time 1617098939
0.0018266509095459789
0.0019331241698611365
0.0016074198541744253
0.0009750474200755335
0.0014302746372468556
0.0010118821089632063
GEN 23 time 1617098940
0.0018266509095459789
0.0019331241698611365
0.0016074198541744253
0.000943468498866294
0.0014302746372468556
0.0010118821089632063
GEN 24 time 1617098941
0.0018266509095459789
0.0019331241698611365
0.0016074198541744253
0.000943468498866294
0.0014302746372468556
0.0010118821089632063
GEN 25 time 1617098943
0.0018266509095459789
0.0019331241698611365
0.0016074198541744253
0.000943468498866294
0.0014302746372468556
0.0010118821089632063
GEN 26 time 1617098944
0.0018266509095459789
0.0019331241698611365
0.0016074198541744253
0.000943468498866294
0.0014302746372468556
0.0010118821089632063
GEN 27 time 1617098946
0.0018266509095459789
0.0019331241698611365
0.0016074198541744253
0.000943468498866294
0.0014302746372468556
0.0010118821089632063
GEN 28 time 1617098947
0.0018266509095459789
0.0019331241698611365
0.0016074198541744253
0.000943468498866294
0.0014302746372468556
0.0010118821089632063
GEN 29 time 1617098948
0.0018266509095459789
0.0019331241698611365
0.0016074198541744253
0.000943468498866294
0.0014116624610214248
0.0010118821089632063
GEN 30 time 1617098950
0.0018266509095459789
0.0019331241698611365
0.0016074198541744253
0.000943468498866294
0.0014116624610214248
0.0010118821089632063
GEN 31 time 1617098951
0.0018266509095459789
0.0019331241698611365
0.0016074198541744253
0.000943468498866294
0.0014116624610214248
0.0010118821089632063
GEN 32 time 1617098953
0.0018266509095459789
0.0019331241698611365
0.0016074198541744253
0.000943468498866294
0.0014116624610214248
0.0010118821089632063
GEN 33 time 1617098954
0.0018266509095459789
0.0019331241698611365
0.0016074198541744253
0.000943468498866294
0.0014116624610214248
0.0010118821089632063
GEN 34 time 1617098955
0.0018266509095459789
0.0019331241698611365
0.0016074198541744253
0.000943468498866294
0.0014116624610214248
0.0010118821089632063
GEN 35 time 1617098957
0.0018266509095459789
0.0019331241698611365
0.0016074198541744253
0.000943468498866294
0.0014116624610214248
0.0010118821089632063
GEN 36 time 1617098958
0.0018266509095459789
0.0019331241698611365
0.0016074198541744253
0.000943468498866294
0.0014116624610214248
0.0010118821089632063
GEN 37 time 1617098959
0.0018266509095459789
0.0019331241698611365
0.0016074198541744253
0.000943468498866294
0.0014116624610214248
0.0010118821089632063
GEN 38 time 1617098961
0.0018266509095459789
0.0019331241698611365
0.0016074198541744253
0.000943468498866294
0.0014116624610214248
0.0010118821089632063
GEN 39 time 1617098962
0.0018266509095459789
0.0019331241698611365
0.0016074198541744253
0.000943468498866294
0.0014116624610214248
0.0010118821089632063
GEN 40 time 1617098963
0.0018266509095459789
0.0019331241698611365
0.0016074198541744253
0.000943468498866294
0.0014116624610214248
0.0010118821089632063
GEN 41 time 1617098965
0.0018266509095459789
0.0019331241698611365
0.0016074198541744253
0.000943468498866294
0.0014116624610214248
0.0010118821089632063
GEN 42 time 1617098966
0.0018266509095459789
0.0019331241698611365
0.0016074198541744253
0.000943468498866294
0.0014116624610214248
0.0010118821089632063
GEN 43 time 1617098968
0.0018266509095459789
0.0019331241698611365
0.0016074198541744253
0.000943468498866294
0.0014037105193223337
0.0010118821089632063
GEN 44 time 1617098969
0.0018266509095459789
0.0019331241698611365
0.0016074198541744253
0.000943468498866294
0.0014037105193223337
0.0010118821089632063
GEN 45 time 1617098970
0.0018266509095459789
0.0019331241698611365
0.0016074198541744253
0.000943468498866294
0.0014037105193223337
0.0010118821089632063
GEN 46 time 1617098972
0.0018266509095459789
0.0019331241698611365
0.0016074198541744253
0.000943468498866294
0.0014037105193223337
0.0010118821089632063
GEN 47 time 1617098973
0.0018266509095459789
0.0019331241698611365
0.0016074198541744253
0.000943468498866294
0.0012116424610214246
0.0010118821089632063
GEN 48 time 1617098974
0.0018266509095459789
0.0019331241698611365
0.0016074198541744253
0.000943468498866294
0.0012116424610214246
0.0010118821089632063
GEN 49 time 1617098976
0.0018266509095459789
0.0019331241698611365
0.0016074198541744253
0.000943468498866294
0.0012116424610214246
0.0010118821089632063
GEN 50 time 1617098977
0.0018266509095459789
0.0019331241698611365
0.0016074198541744253
0.000943468498866294
0.0012116424610214246
0.0010118821089632063
GEN 51 time 1617098978
0.0018266509095459789
0.0019331241698611365
0.0016074198541744253
0.000943468498866294
0.0012116424610214246
0.0010118821089632063
GEN 52 time 1617098980
0.0018266509095459789
0.0019331241698611365
0.0016074198541744253
0.000943468498866294
0.0012116424610214246
0.0010118821089632063
GEN 53 time 1617098981
0.0018266509095459789
0.0019331241698611365
0.0016074198541744253
0.000943468498866294
0.0012116424610214246
0.0010118821089632063
GEN 54 time 1617098983
0.0018266509095459789
0.0019331241698611365
0.0016074198541744253
0.000943468498866294
0.0012116424610214246
0.0010118821089632063
GEN 55 time 1617098984
0.0018266509095459789
0.0019331241698611365
0.0016074198541744253
0.000943468498866294
0.0012116424610214246
0.0010118821089632063
GEN 56 time 1617098985
0.0018266509095459789
0.0019331241698611365
0.0016074198541744253
0.000943468498866294
0.0012116424610214246
0.0010118821089632063
GEN 57 time 1617098987
0.0018266509095459789
0.0019331241698611365
0.0016074198541744253
0.000943468498866294
0.0012116424610214246
0.0010118821089632063
GEN 58 time 1617098988
0.0018266509095459789
0.0019331241698611365
0.0016074198541744253
0.000943468498866294
0.0012116424610214246
0.0010118821089632063
GEN 59 time 1617098989
0.0018266509095459789
0.0019331241698611365
0.0016074198541744253
0.000943468498866294
0.0012116424610214246
0.0010118821089632063
GEN 60 time 1617098991
0.0018266509095459789
0.0019331241698611365
0.0016074198541744253
0.000943468498866294
0.0012116424610214246
0.0010118821089632063
GEN 61 time 1617098992
0.0018266509095459789
0.0019331241698611365
0.0016074198541744253
0.000943468498866294
0.0012116424610214246
0.0010118821089632063
GEN 62 time 1617098993
0.0018266509095459789
0.0019331241698611365
0.0016074198541744253
0.000943468498866294
0.0012116424610214246
0.0010118821089632063
GEN 63 time 1617098995
0.0018266509095459789
0.0019331241698611365
0.0016074198541744253
0.000943468498866294
0.0012116424610214246
0.0010118821089632063
GEN 64 time 1617098996
0.0018266509095459789
0.0019331241698611365
0.0016074198541744253
0.000943468498866294
0.0012036905193223335
0.0010118821089632063
GEN 65 time 1617098998
0.0018266509095459789
0.0019331241698611365
0.0016074198541744253
0.000943468498866294
0.0012036905193223335
0.0010118821089632063
GEN 66 time 1617098999
0.0018266509095459789
0.0019331241698611365
0.0016074198541744253
0.000943468498866294
0.0012036905193223335
0.0010118821089632063
GEN 67 time 1617099000
0.0018266509095459789
0.0019331241698611365
0.0016074198541744253
0.000943468498866294
0.0012036905193223335
0.0010118821089632063
GEN 68 time 1617099002
0.0018266509095459789
0.0019331241698611365
0.0016074198541744253
0.000943468498866294
0.0012036905193223335
0.0010118821089632063
GEN 69 time 1617099003
0.0018266509095459789
0.0019331241698611365
0.0016074198541744253
0.000943468498866294
0.0012036905193223335
0.0010118821089632063
GEN 70 time 1617099004
0.0018266509095459789
0.0019331241698611365
0.0016074198541744253
0.000943468498866294
0.0012036905193223335
0.0009151862785722823
GEN 71 time 1617099006
0.0018266509095459789
0.0019331241698611365
0.0016074198541744253
0.000943468498866294
0.0012036905193223335
0.0009151862785722823
GEN 72 time 1617099007
0.0018266509095459789
0.0019331241698611365
0.0016074198541744253
0.000943468498866294
0.0012036905193223335
0.0009151862785722823
GEN 73 time 1617099008
0.0018266509095459789
0.0019331241698611365
0.0016074198541744253
0.000943468498866294
0.0012036905193223335
0.0009151862785722823
GEN 74 time 1617099010
0.0018266509095459789
0.0019331241698611365
0.0016074198541744253
0.000943468498866294
0.0012036905193223335
0.0009151862785722823
GEN 75 time 1617099011
0.0018266509095459789
0.0019331241698611365
0.0016074198541744253
0.000943468498866294
0.0012036905193223335
0.0009151862785722823
GEN 76 time 1617099013
0.0018266509095459789
0.0019331241698611365
0.0016074198541744253
0.000943468498866294
0.0012036905193223335
0.0009151862785722823
GEN 77 time 1617099014
0.0018266509095459789
0.0019331241698611365
0.0016074198541744253
0.000943468498866294
0.0012036905193223335
0.0009151862785722823
GEN 78 time 1617099015
0.0018266509095459789
0.0019331241698611365
0.0016074198541744253
0.000943468498866294
0.0012036905193223335
0.0008924054561202691
GEN 79 time 1617099017
0.0018266509095459789
0.0019331241698611365
0.0016074198541744253
0.000943468498866294
0.0012025003431836013
0.0008924054561202691
GEN 80 time 1617099018
0.0018266509095459789
0.0019331241698611365
0.0016074198541744253
0.000943468498866294
0.0012025003431836013
0.0008924054561202691
GEN 81 time 1617099019
0.0018266509095459789
0.0019331241698611365
0.0016074198541744253
0.000943468498866294
0.0012025003431836013
0.0008924054561202691
GEN 82 time 1617099021
0.0018266509095459789
0.0019331241698611365
0.0016074198541744253
0.000943468498866294
0.0012025003431836013
0.0008872638010097708
GEN 83 time 1617099022
0.0018266509095459789
0.0019331241698611365
0.0016074198541744253
0.000943468498866294
0.0012025003431836013
0.0008872638010097708
GEN 84 time 1617099024
0.0018266509095459789
0.0019331241698611365
0.0016074198541744253
0.000943468498866294
0.0012025003431836013
0.0008872638010097708
GEN 85 time 1617099025
0.0018266509095459789
0.0019331241698611365
0.0016074198541744253
0.000943468498866294
0.0012025003431836013
0.0008872638010097708
GEN 86 time 1617099026
0.0018266509095459789
0.0019331241698611365
0.0016074198541744253
0.000943468498866294
0.0012025003431836013
0.0008872638010097708
GEN 87 time 1617099028
0.0018266509095459789
0.0019331241698611365
0.0016074198541744253
0.000943468498866294
0.0012025003431836013
0.0008872638010097708
GEN 88 time 1617099029
0.0018266509095459789
0.0019331241698611365
0.0016074198541744253
0.000943468498866294
0.0012025003431836013
0.0008582182462044981
GEN 89 time 1617099030
0.0018266509095459789
0.0019331241698611365
0.0016074198541744253
0.000943468498866294
0.0012025003431836013
0.0008582182462044981
GEN 90 time 1617099032
0.0018266509095459789
0.0019331241698611365
0.0016074198541744253
0.000943468498866294
0.0012025003431836013
0.0008582182462044981
GEN 91 time 1617099033
0.0018266509095459789
0.0019331241698611365
0.0016074198541744253
0.000943468498866294
0.0012025003431836013
0.0008534333011967134
GEN 92 time 1617099035
0.0018266509095459789
0.0019331241698611365
0.0016074198541744253
0.000943468498866294
0.0012025003431836013
0.0008534333011967134
GEN 93 time 1617099036
0.0018266509095459789
0.0019331241698611365
0.0016074198541744253
0.000943468498866294
0.0012025003431836013
0.0008534333011967134
GEN 94 time 1617099037
0.0018266509095459789
0.0019331241698611365
0.0016074198541744253
0.000943468498866294
0.0012025003431836013
0.0008534333011967134
GEN 95 time 1617099039
0.0018266509095459789
0.0019331241698611365
0.0016074198541744253
0.000943468498866294
0.0012025003431836013
0.0008534333011967134
GEN 96 time 1617099040
0.0018266509095459789
0.0019331241698611365
0.0016074198541744253
0.000943468498866294
0.001098079162760519
0.0008534333011967134
GEN 97 time 1617099042
0.0018266509095459789
0.0019331241698611365
0.0016074198541744253
0.000943468498866294
0.001098079162760519
0.0008534333011967134
GEN 98 time 1617099043
0.0018266509095459789
0.0019331241698611365
0.0016074198541744253
0.000943468498866294
0.001098079162760519
0.0008534333011967134
GEN 99 time 1617099044
0.0018266509095459789
0.0019331241698611365
0.0016074198541744253
0.000943468498866294
0.001098079162760519
0.0008534333011967134
GEN 100 time 1617099046
0.0018266509095459789
0.0019331241698611365
0.0016074198541744253
0.000943468498866294
0.001098079162760519
0.0008534333011967134
GEN 101 time 1617099047
0.0018266509095459789
0.0019331241698611365
0.0016074198541744253
0.000943468498866294
0.001098079162760519
0.0008534333011967134
GEN 102 time 1617099048
0.0018266509095459789
0.0019331241698611365
0.0016074198541744253
0.000943468498866294
0.001098079162760519
0.0008534333011967134
GEN 103 time 1617099050
0.0018266509095459789
0.0019331241698611365
0.0016074198541744253
0.000943468498866294
0.001098079162760519
0.0008534333011967134
GEN 104 time 1617099051
0.0018266509095459789
0.0019331241698611365
0.0016074198541744253
0.000943468498866294
0.001098079162760519
0.0008534333011967134
GEN 105 time 1617099053
0.0018266509095459789
0.0019331241698611365
0.0016074198541744253
0.000943468498866294
0.001098079162760519
0.0008534333011967134
GEN 106 time 1617099054
0.0018266509095459789
0.0019331241698611365
0.0016074198541744253
0.000943468498866294
0.001098079162760519
0.0008534333011967134
GEN 107 time 1617099056
0.0018266509095459789
0.0019331241698611365
0.0016074198541744253
0.000943468498866294
0.001098079162760519
0.0008534333011967134
GEN 108 time 1617099057
0.0018266509095459789
0.0019331241698611365
0.0016074198541744253
0.000943468498866294
0.001098079162760519
0.0008534333011967134
GEN 109 time 1617099059
0.0018266509095459789
0.0019331241698611365
0.0016074198541744253
0.000943468498866294
0.001098079162760519
0.0008534333011967134
GEN 110 time 1617099060
0.0018266509095459789
0.0019331241698611365
0.0016074198541744253
0.000943468498866294
0.001098079162760519
0.0008534333011967134
GEN 111 time 1617099061
0.0018266509095459789
0.0019331241698611365
0.0016074198541744253
0.000943468498866294
0.001098079162760519
0.0008534333011967134
GEN 112 time 1617099063
0.0018266509095459789
0.0019331241698611365
0.0016074198541744253
0.000943468498866294
0.001098079162760519
0.0008534333011967134
GEN 113 time 1617099064
0.0018266509095459789
0.0019331241698611365
0.0016074198541744253
0.000943468498866294
0.001098079162760519
0.0008534333011967134
GEN 114 time 1617099066
0.0018266509095459789
0.0019331241698611365
0.0016074198541744253
0.000943468498866294
0.001098079162760519
0.0008534333011967134
GEN 115 time 1617099067
0.0018266509095459789
0.0019331241698611365
0.0016074198541744253
0.000943468498866294
0.001098079162760519
0.0008534333011967134
GEN 116 time 1617099069
0.0018266509095459789
0.0019331241698611365
0.0016074198541744253
0.000943468498866294
0.001098079162760519
0.0008534333011967134
GEN 117 time 1617099070
0.0018266509095459789
0.0019331241698611365
0.0016074198541744253
0.000943468498866294
0.001098079162760519
0.0008534333011967134
GEN 118 time 1617099071
0.0018266509095459789
0.0019331241698611365
0.0016074198541744253
0.000943468498866294
0.001098079162760519
0.0008534333011967134
GEN 119 time 1617099073
0.0018266509095459789
0.0019331241698611365
0.0016074198541744253
0.000943468498866294
0.001098079162760519
0.0008534333011967134
GEN 120 time 1617099074
0.0018266509095459789
0.0019331241698611365
0.0016074198541744253
0.000943468498866294
0.001098079162760519
0.0008534333011967134
GEN 121 time 1617099076
0.0018266509095459789
0.0019331241698611365
0.0016074198541744253
0.000943468498866294
0.001098079162760519
0.0008534333011967134
GEN 122 time 1617099077
0.0018266509095459789
0.0019331241698611365
0.0016074198541744253
0.000943468498866294
0.0010511025438738933
0.0008534333011967134
GEN 123 time 1617099079
0.0018266509095459789
0.0019331241698611365
0.0016074198541744253
0.000943468498866294
0.0010511025438738933
0.0008534333011967134
GEN 124 time 1617099080
0.0018266509095459789
0.0019331241698611365
0.0016074198541744253
0.000943468498866294
0.0010511025438738933
0.0008534333011967134
GEN 125 time 1617099082
0.0018266509095459789
0.0019331241698611365
0.0016074198541744253
0.000943468498866294
0.0010511025438738933
0.0008534333011967134
GEN 126 time 1617099083
0.0018266509095459789
0.0019331241698611365
0.0016074198541744253
0.000943468498866294
0.0010377475376184568
0.0008534333011967134
GEN 127 time 1617099084
0.0018266509095459789
0.0019331241698611365
0.0016074198541744253
0.000943468498866294
0.0010377475376184568
0.0008534333011967134
GEN 128 time 1617099086
0.0018266509095459789
0.0019331241698611365
0.0016074198541744253
0.000943468498866294
0.0010377475376184568
0.0008534333011967134
GEN 129 time 1617099087
0.0018266509095459789
0.0019331241698611365
0.0016074198541744253
0.000943468498866294
0.0010377475376184568
0.0008534333011967134
GEN 130 time 1617099089
0.0018266509095459789
0.0019331241698611365
0.0016074198541744253
0.000943468498866294
0.0010377475376184568
0.0008534333011967134
GEN 131 time 1617099090
0.0018266509095459789
0.0019331241698611365
0.0016074198541744253
0.000943468498866294
0.0010377475376184568
0.0008534333011967134
GEN 132 time 1617099092
0.0018266509095459789
0.0019331241698611365
0.0016074198541744253
0.000943468498866294
0.0010377475376184568
0.000839822907573002
GEN 133 time 1617099093
0.0018266509095459789
0.0019331241698611365
0.0016074198541744253
0.000943468498866294
0.0010342184659942585
0.000839822907573002
GEN 134 time 1617099095
0.0018266509095459789
0.0019331241698611365
0.0016074198541744253
0.000943468498866294
0.0010342184659942585
0.000839822907573002
GEN 135 time 1617099096
0.0018266509095459789
0.0019331241698611365
0.0016074198541744253
0.000943468498866294
0.0010342184659942585
0.000839822907573002
GEN 136 time 1617099097
0.0018266509095459789
0.0019331241698611365
0.0016074198541744253
0.000943468498866294
0.0010342184659942585
0.000839822907573002
GEN 137 time 1617099099
0.0018266509095459789
0.0019331241698611365
0.0016074198541744253
0.000943468498866294
0.0010342184659942585
0.000839822907573002
GEN 138 time 1617099100
0.0018266509095459789
0.0019331241698611365
0.0016074198541744253
0.000943468498866294
0.0010342184659942585
0.000839822907573002
GEN 139 time 1617099102
0.0018266509095459789
0.0019331241698611365
0.0016074198541744253
0.000943468498866294
0.0010342184659942585
0.000839822907573002
GEN 140 time 1617099103
0.0018266509095459789
0.0019331241698611365
0.0016074198541744253
0.000943468498866294
0.0010342184659942585
0.000839822907573002
GEN 141 time 1617099105
0.0018266509095459789
0.0019331241698611365
0.0016074198541744253
0.000943468498866294
0.0010342184659942585
0.000839822907573002
GEN 142 time 1617099106
0.0018266509095459789
0.0019331241698611365
0.0016074198541744253
0.000943468498866294
0.0010342184659942585
0.000839822907573002
GEN 143 time 1617099108
0.0018266509095459789
0.0019331241698611365
0.0016074198541744253
0.000943468498866294
0.0010342184659942585
0.000839822907573002
GEN 144 time 1617099109
0.0018266509095459789
0.0019331241698611365
0.0016074198541744253
0.000943468498866294
0.0010342184659942585
0.000839822907573002
GEN 145 time 1617099110
0.0018266509095459789
0.0019331241698611365
0.0016074198541744253
0.000943468498866294
0.0010342184659942585
0.000839822907573002
GEN 146 time 1617099112
0.0018266509095459789
0.0019331241698611365
0.0016074198541744253
0.000943468498866294
0.0010342184659942585
0.000839822907573002
GEN 147 time 1617099113
0.0018266509095459789
0.0019331241698611365
0.0016074198541744253
0.000943468498866294
0.0010342184659942585
0.000839822907573002
GEN 148 time 1617099115
0.0018266509095459789
0.0019331241698611365
0.0016074198541744253
0.000943468498866294
0.0010342184659942585
0.000839822907573002
GEN 149 time 1617099116
0.0018266509095459789
0.0019331241698611365
0.0016074198541744253
0.000943468498866294
0.0010342184659942585
0.000839822907573002
GEN 150 time 1617099118
0.0018266509095459789
0.0019331241698611365
0.0016074198541744253
0.000943468498866294
0.0010342184659942585
0.000839822907573002
GEN 151 time 1617099119
0.0018266509095459789
0.0019331241698611365
0.0016074198541744253
0.000943468498866294
0.0010342184659942585
0.000839822907573002
GEN 152 time 1617099121
0.0018266509095459789
0.0019331241698611365
0.0016074198541744253
0.000943468498866294
0.0010342184659942585
0.000839822907573002
GEN 153 time 1617099122
0.0018266509095459789
0.0019331241698611365
0.0016074198541744253
0.000943468498866294
0.0010342184659942585
0.000839822907573002
GEN 154 time 1617099124
0.0018266509095459789
0.0019331241698611365
0.0016074198541744253
0.000943468498866294
0.0010342184659942585
0.000839822907573002
GEN 155 time 1617099125
0.0018266509095459789
0.0019331241698611365
0.0016074198541744253
0.000943468498866294
0.0010342184659942585
0.000839822907573002
GEN 156 time 1617099126
0.0018266509095459789
0.0019331241698611365
0.0016074198541744253
0.000943468498866294
0.0010342184659942585
0.000839822907573002
GEN 157 time 1617099128
0.0018266509095459789
0.0019331241698611365
0.0016074198541744253
0.000943468498866294
0.0010342184659942585
0.000839822907573002
GEN 158 time 1617099129
0.0018266509095459789
0.0019331241698611365
0.0016074198541744253
0.000943468498866294
0.001031207707648628
0.000839822907573002
GEN 159 time 1617099131
0.0018266509095459789
0.0019331241698611365
0.0016074198541744253
0.000943468498866294
0.001031207707648628
0.000839822907573002
GEN 160 time 1617099132
0.0018266509095459789
0.0019331241698611365
0.0016074198541744253
0.000943468498866294
0.001031207707648628
0.000839822907573002
GEN 161 time 1617099134
0.0018266509095459789
0.0019331241698611365
0.0016074198541744253
0.000943468498866294
0.001031207707648628
0.000839822907573002
GEN 162 time 1617099135
0.0018266509095459789
0.0019331241698611365
0.0016074198541744253
0.000943468498866294
0.001031207707648628
0.000839822907573002
GEN 163 time 1617099137
0.0018266509095459789
0.0019331241698611365
0.0016074198541744253
0.000943468498866294
0.001031207707648628
0.000839822907573002
GEN 164 time 1617099138
0.0018266509095459789
0.0019331241698611365
0.0016074198541744253
0.000943468498866294
0.001031207707648628
0.000839822907573002
GEN 165 time 1617099140
0.0018266509095459789
0.0019331241698611365
0.0016074198541744253
0.000943468498866294
0.001031207707648628
0.000839822907573002
GEN 166 time 1617099141
0.0018266509095459789
0.0019331241698611365
0.0016074198541744253
0.000943468498866294
0.001031207707648628
0.000839822907573002
GEN 167 time 1617099143
0.0018266509095459789
0.0019331241698611365
0.0016074198541744253
0.000943468498866294
0.001031207707648628
0.000839822907573002
GEN 168 time 1617099144
0.0018266509095459789
0.0019331241698611365
0.0016074198541744253
0.000943468498866294
0.001031207707648628
0.000839822907573002
GEN 169 time 1617099146
0.0018266509095459789
0.0019331241698611365
0.0016074198541744253
0.000943468498866294
0.001031207707648628
0.000839822907573002
GEN 170 time 1617099147
0.0018266509095459789
0.0019331241698611365
0.0016074198541744253
0.000943468498866294
0.001031207707648628
0.000839822907573002
GEN 171 time 1617099149
0.0018266509095459789
0.0019331241698611365
0.0016074198541744253
0.000943468498866294
0.001031207707648628
0.000839822907573002
GEN 172 time 1617099150
0.0018266509095459789
0.0019331241698611365
0.0016074198541744253
0.000943468498866294
0.001031207707648628
0.000839822907573002
GEN 173 time 1617099151
0.0018266509095459789
0.0019331241698611365
0.0016074198541744253
0.000943468498866294
0.001031207707648628
0.000839822907573002
GEN 174 time 1617099153
0.0018266509095459789
0.0019331241698611365
0.0016074198541744253
0.000943468498866294
0.001031207707648628
0.000839822907573002
GEN 175 time 1617099154
0.0018266509095459789
0.0019331241698611365
0.0016074198541744253
0.000943468498866294
0.001031207707648628
0.000839822907573002
GEN 176 time 1617099156
0.0018266509095459789
0.0019331241698611365
0.0016074198541744253
0.000943468498866294
0.001031207707648628
0.000839822907573002
GEN 177 time 1617099157
0.0018266509095459789
0.0019331241698611365
0.0016074198541744253
0.000943468498866294
0.001031207707648628
0.000839822907573002
GEN 178 time 1617099159
0.0018266509095459789
0.0019331241698611365
0.0016074198541744253
0.000943468498866294
0.001031207707648628
0.000839822907573002
GEN 179 time 1617099160
0.0018266509095459789
0.0019331241698611365
0.0016074198541744253
0.000943468498866294
0.001031207707648628
0.000839822907573002
GEN 180 time 1617099162
0.0018266509095459789
0.0019331241698611365
0.0016074198541744253
0.000943468498866294
0.001031207707648628
0.000839822907573002
GEN 181 time 1617099163
0.0018266509095459789
0.0019331241698611365
0.0016074198541744253
0.000943468498866294
0.001031207707648628
0.000839822907573002
GEN 182 time 1617099165
0.0018266509095459789
0.0019331241698611365
0.0016074198541744253
0.000943468498866294
0.001031207707648628
0.000839822907573002
GEN 183 time 1617099166
0.0018266509095459789
0.0019331241698611365
0.0016074198541744253
0.000943468498866294
0.001031207707648628
0.000839822907573002
GEN 184 time 1617099168
0.0018266509095459789
0.0019331241698611365
0.0016074198541744253
0.000943468498866294
0.001031207707648628
0.000839822907573002
GEN 185 time 1617099169
0.0018266509095459789
0.0019331241698611365
0.0016074198541744253
0.000943468498866294
0.001031207707648628
0.000839822907573002
GEN 186 time 1617099171
0.0018266509095459789
0.0019331241698611365
0.0016074198541744253
0.000943468498866294
0.001031207707648628
0.000839822907573002
GEN 187 time 1617099172
0.0018266509095459789
0.0019331241698611365
0.0016074198541744253
0.000943468498866294
0.001031207707648628
0.000839822907573002
GEN 188 time 1617099173
0.0018266509095459789
0.0019331241698611365
0.0016074198541744253
0.000943468498866294
0.001031207707648628
0.000839822907573002
GEN 189 time 1617099175
0.0018266509095459789
0.0019331241698611365
0.0016074198541744253
0.000943468498866294
0.001031207707648628
0.000839822907573002
GEN 190 time 1617099176
0.0018266509095459789
0.0019331241698611365
0.0016074198541744253
0.000943468498866294
0.001031207707648628
0.000839822907573002
GEN 191 time 1617099178
0.0018266509095459789
0.0019331241698611365
0.0016074198541744253
0.000943468498866294
0.001031207707648628
0.000839822907573002
GEN 192 time 1617099179
0.0018266509095459789
0.0019331241698611365
0.0016074198541744253
0.000943468498866294
0.001031207707648628
0.000839822907573002
GEN 193 time 1617099181
0.0018266509095459789
0.0019331241698611365
0.0016074198541744253
0.000943468498866294
0.001031207707648628
0.000839822907573002
GEN 194 time 1617099182
0.0018266509095459789
0.0019331241698611365
0.0016074198541744253
0.000943468498866294
0.001031207707648628
0.000839822907573002
GEN 195 time 1617099184
0.0018266509095459789
0.0019331241698611365
0.0016074198541744253
0.000943468498866294
0.001031207707648628
0.000839822907573002
GEN 196 time 1617099185
0.0018266509095459789
0.0019331241698611365
0.0016074198541744253
0.000943468498866294
0.001031207707648628
0.000839822907573002
GEN 197 time 1617099187
0.0018266509095459789
0.0019331241698611365
0.0016074198541744253
0.000943468498866294
0.001031207707648628
0.000839822907573002
GEN 198 time 1617099188
0.0018266509095459789
0.0019331241698611365
0.0016074198541744253
0.000943468498866294
0.001031207707648628
0.000839822907573002
GEN 199 time 1617099190
0.0018266509095459789
0.0019331241698611365
0.0016074198541744253
0.000943468498866294
0.001031207707648628
0.000839822907573002
