['./data/small/layer/uu-dem3_r50_1.json', './data/small/layer/uu-dem3_r25_1.json', './data/small/layer/uu-dem8_r25_1.json', './data/small/hop/uu-dem3_r25_1_0.json', './data/small/hop/uu-dem3_r25_1_40.json', './data/small/hop/uu-dem8_r25_1_0.json']
GEN 0 time 1617421398
0.0029563221065951784
0.0017058410808370235
0.0019331241698611365
0.0014072561334477639
0.004840249238481526
0.0010718871859440513
GEN 1 time 1617421400
0.0029563221065951784
0.0017058410808370235
0.0019331241698611365
0.0014072561334477639
0.004840249238481526
0.0010718871859440513
GEN 2 time 1617421402
0.0029563221065951784
0.0017058410808370235
0.0019331241698611365
0.0012864273127409765
0.004840249238481526
0.0010718871859440513
GEN 3 time 1617421404
0.0029563221065951784
0.0017058410808370235
0.0019331241698611365
0.0012832953240814974
0.004840249238481526
0.0010718871859440513
GEN 4 time 1617421406
0.0029563221065951784
0.0017058410808370235
0.0019331241698611365
0.001271387085525784
0.004840249238481526
0.0010462061520483464
GEN 5 time 1617421408
0.0029563221065951784
0.0017058410808370235
0.0019331241698611365
0.001259912015862762
0.004840249238481526
0.0010462061520483464
GEN 6 time 1617421410
0.0029563221065951784
0.0017058410808370235
0.0019331241698611365
0.001259912015862762
0.004840249238481526
0.0010462061520483464
GEN 7 time 1617421412
0.0029563221065951784
0.0017058410808370235
0.0019331241698611365
0.001259912015862762
0.004840249238481526
0.0010462061520483464
GEN 8 time 1617421414
0.0029563221065951784
0.0017058410808370235
0.0019331241698611365
0.0012544544018459993
0.0046026222157377625
0.0010462061520483464
GEN 9 time 1617421416
0.0029563221065951784
0.0017058410808370235
0.0019331241698611365
0.0012544544018459993
0.0046026222157377625
0.0010462061520483464
GEN 10 time 1617421419
0.0029563221065951784
0.0017058410808370235
0.0019331241698611365
0.0012166474754259614
0.0046026222157377625
0.0010462061520483464
GEN 11 time 1617421421
0.0029563221065951784
0.0017058410808370235
0.0019331241698611365
0.0012166474754259614
0.0046026222157377625
0.001029279910074729
GEN 12 time 1617421423
0.0029563221065951784
0.0017058410808370235
0.0019331241698611365
0.0012166474754259614
0.0046026222157377625
0.001029279910074729
GEN 13 time 1617421425
0.0029563221065951784
0.0017058410808370235
0.0019331241698611365
0.0012166474754259614
0.0046026222157377625
0.001029279910074729
GEN 14 time 1617421428
0.0029563221065951784
0.0017058410808370235
0.0019331241698611365
0.0012166474754259614
0.0046026222157377625
0.0010070228417178792
GEN 15 time 1617421430
0.0029563221065951784
0.0017058410808370235
0.0019331241698611365
0.0012166474754259614
0.0046026222157377625
0.0010070228417178792
GEN 16 time 1617421432
0.0029563221065951784
0.0017058410808370235
0.0019331241698611365
0.0012070616593874157
0.004200974085679767
0.0010070228417178792
GEN 17 time 1617421435
0.0029563221065951784
0.0017058410808370235
0.0019331241698611365
0.0012070616593874157
0.004200974085679767
0.0010070228417178792
GEN 18 time 1617421437
0.0029563221065951784
0.0017058410808370235
0.0019331241698611365
0.0012070616593874157
0.004000954085679766
0.0010070228417178792
GEN 19 time 1617421439
0.0029563221065951784
0.0017058410808370235
0.0019331241698611365
0.0011245020071741494
0.004000954085679766
0.0010070228417178792
GEN 20 time 1617421442
0.0029563221065951784
0.0017058410808370235
0.0019331241698611365
0.0011245020071741494
0.004000954085679766
0.0010070228417178792
GEN 21 time 1617421444
0.0029563221065951784
0.0017058410808370235
0.0019331241698611365
0.0011245020071741494
0.004000954085679766
0.0010070228417178792
GEN 22 time 1617421446
0.0029563221065951784
0.0017058410808370235
0.0019331241698611365
0.0011245020071741494
0.004000954085679766
0.0010070228417178792
GEN 23 time 1617421449
0.0029563221065951784
0.0017058410808370235
0.0019331241698611365
0.0011245020071741494
0.004000954085679766
0.0010070228417178792
GEN 24 time 1617421451
0.0029563221065951784
0.0017058410808370235
0.0019331241698611365
0.0011245020071741494
0.004000954085679766
0.0010070228417178792
GEN 25 time 1617421453
0.0029563221065951784
0.0017058410808370235
0.0019331241698611365
0.0011245020071741494
0.004000954085679766
0.0010070228417178792
GEN 26 time 1617421456
0.0029563221065951784
0.0017058410808370235
0.0019331241698611365
0.0011245020071741494
0.004000954085679766
0.0010070228417178792
GEN 27 time 1617421458
0.0029563221065951784
0.0017058410808370235
0.0019331241698611365
0.0011245020071741494
0.004000637156444308
0.0010070228417178792
GEN 28 time 1617421460
0.0029563221065951784
0.0017058410808370235
0.0019331241698611365
0.0011245020071741494
0.004000637156444308
0.0010070228417178792
GEN 29 time 1617421463
0.0029563221065951784
0.0017058410808370235
0.0019331241698611365
0.001039358286426296
0.004000637156444308
0.0010070228417178792
GEN 30 time 1617421465
0.0029563221065951784
0.0017058410808370235
0.0019331241698611365
0.001039358286426296
0.004000637156444308
0.0010070228417178792
GEN 31 time 1617421467
0.0029563221065951784
0.0017058410808370235
0.0019331241698611365
0.001039358286426296
0.004000637156444308
0.0010070228417178792
GEN 32 time 1617421470
0.0029563221065951784
0.0017058410808370235
0.0019331241698611365
0.001039358286426296
0.004000637156444308
0.0010070228417178792
GEN 33 time 1617421472
0.0029563221065951784
0.0017058410808370235
0.0019331241698611365
0.001039358286426296
0.004000637156444308
0.0010070228417178792
GEN 34 time 1617421474
0.0029563221065951784
0.0017058410808370235
0.0019331241698611365
0.001039358286426296
0.004000637156444308
0.0010070228417178792
GEN 35 time 1617421477
0.0029563221065951784
0.0017058410808370235
0.0019331241698611365
0.001039358286426296
0.004000637156444308
0.0010070228417178792
GEN 36 time 1617421479
0.0029563221065951784
0.0017058410808370235
0.0019331241698611365
0.001039358286426296
0.004000637156444308
0.0010070228417178792
GEN 37 time 1617421481
0.0029563221065951784
0.0017058410808370235
0.0019331241698611365
0.001039358286426296
0.004000637156444308
0.0010070228417178792
GEN 38 time 1617421484
0.0029563221065951784
0.0017058410808370235
0.0019331241698611365
0.001039358286426296
0.004000637156444308
0.0010070228417178792
GEN 39 time 1617421486
0.0029563221065951784
0.0017058410808370235
0.0019331241698611365
0.001039358286426296
0.004000637156444308
0.0010070228417178792
GEN 40 time 1617421488
0.0029563221065951784
0.0017058410808370235
0.0019331241698611365
0.001039358286426296
0.004000637156444308
0.0010070228417178792
GEN 41 time 1617421490
0.0029563221065951784
0.0017058410808370235
0.0019331241698611365
0.001039358286426296
0.004000637156444308
0.0010070228417178792
GEN 42 time 1617421493
0.0029563221065951784
0.0017058410808370235
0.0019331241698611365
0.001039358286426296
0.00387507433655201
0.0010070228417178792
GEN 43 time 1617421495
0.0029563221065951784
0.0017058410808370235
0.0019331241698611365
0.001039358286426296
0.00387507433655201
0.0010070228417178792
GEN 44 time 1617421497
0.0029563221065951784
0.0017058410808370235
0.0019331241698611365
0.001039358286426296
0.00387507433655201
0.0010070228417178792
GEN 45 time 1617421500
0.0029563221065951784
0.0017058410808370235
0.0019331241698611365
0.001039358286426296
0.00387507433655201
0.0010070228417178792
GEN 46 time 1617421502
0.0029563221065951784
0.0017058410808370235
0.0019331241698611365
0.001039358286426296
0.00387507433655201
0.0010070228417178792
GEN 47 time 1617421504
0.0029563221065951784
0.0017058410808370235
0.0019331241698611365
0.001039358286426296
0.00387507433655201
0.0010070228417178792
GEN 48 time 1617421507
0.0029563221065951784
0.0017058410808370235
0.0019331241698611365
0.001039358286426296
0.00387507433655201
0.0010070228417178792
GEN 49 time 1617421509
0.0029563221065951784
0.0017058410808370235
0.0019331241698611365
0.001039358286426296
0.00387507433655201
0.0010070228417178792
GEN 50 time 1617421511
0.0029563221065951784
0.0017058410808370235
0.0019331241698611365
0.001039358286426296
0.00387507433655201
0.0010070228417178792
GEN 51 time 1617421514
0.0029563221065951784
0.0017058410808370235
0.0019331241698611365
0.001039358286426296
0.00387507433655201
0.0008983909456755724
GEN 52 time 1617421516
0.0029563221065951784
0.0017058410808370235
0.0019331241698611365
0.001039358286426296
0.00387507433655201
0.0008983909456755724
GEN 53 time 1617421518
0.0029563221065951784
0.0017058410808370235
0.0019331241698611365
0.0010368735592772582
0.00387507433655201
0.0008983909456755724
GEN 54 time 1617421520
0.0029563221065951784
0.0017058410808370235
0.0019331241698611365
0.0010368735592772582
0.00387507433655201
0.0008983909456755724
GEN 55 time 1617421523
0.0029563221065951784
0.0017058410808370235
0.0019331241698611365
0.0010368735592772582
0.00387507433655201
0.0008983909456755724
GEN 56 time 1617421525
0.0029563221065951784
0.0017058410808370235
0.0019331241698611365
0.0010368735592772582
0.00387507433655201
0.0008983909456755724
GEN 57 time 1617421527
0.0029563221065951784
0.0017058410808370235
0.0019331241698611365
0.0010368735592772582
0.00387507433655201
0.0008983909456755724
GEN 58 time 1617421530
0.0029563221065951784
0.0017058410808370235
0.0019331241698611365
0.0010368735592772582
0.00387507433655201
0.0008983909456755724
GEN 59 time 1617421532
0.0029563221065951784
0.0017058410808370235
0.0019331241698611365
0.0010306772372154383
0.00387507433655201
0.0008983909456755724
GEN 60 time 1617421534
0.0029563221065951784
0.0017058410808370235
0.0019331241698611365
0.0010306772372154383
0.00387507433655201
0.0008983909456755724
GEN 61 time 1617421537
0.0029563221065951784
0.0017058410808370235
0.0019331241698611365
0.0010306772372154383
0.00387507433655201
0.0008983909456755724
GEN 62 time 1617421539
0.0029563221065951784
0.0017058410808370235
0.0019331241698611365
0.0010306772372154383
0.00387507433655201
0.0008983909456755724
GEN 63 time 1617421541
0.0029563221065951784
0.0017058410808370235
0.0019331241698611365
0.0010306772372154383
0.00387507433655201
0.0008983909456755724
GEN 64 time 1617421544
0.0029563221065951784
0.0017058410808370235
0.0019331241698611365
0.0010306772372154383
0.00387507433655201
0.0008983909456755724
GEN 65 time 1617421546
0.0029563221065951784
0.0017058410808370235
0.0019331241698611365
0.0010306772372154383
0.00387507433655201
0.0008873808962521413
GEN 66 time 1617421548
0.0029563221065951784
0.0017058410808370235
0.0019331241698611365
0.0010306772372154383
0.00387507433655201
0.0008873808962521413
GEN 67 time 1617421551
0.0029563221065951784
0.0017058410808370235
0.0019331241698611365
0.0010306772372154383
0.00387507433655201
0.0008873808962521413
GEN 68 time 1617421553
0.0029563221065951784
0.0017058410808370235
0.0019331241698611365
0.0010306772372154383
0.00387507433655201
0.0008873808962521413
GEN 69 time 1617421555
0.0029563221065951784
0.0017058410808370235
0.0019331241698611365
0.0010306772372154383
0.00387507433655201
0.0008873808962521413
GEN 70 time 1617421558
0.0029563221065951784
0.0017058410808370235
0.0019331241698611365
0.0010306772372154383
0.00387507433655201
0.0008873808962521413
GEN 71 time 1617421560
0.0029563221065951784
0.0017058410808370235
0.0019331241698611365
0.0010306772372154383
0.00387507433655201
0.0008873808962521413
GEN 72 time 1617421562
0.0029563221065951784
0.0017058410808370235
0.0019331241698611365
0.0010306772372154383
0.00387507433655201
0.0008873808962521413
GEN 73 time 1617421565
0.0029563221065951784
0.0017058410808370235
0.0019331241698611365
0.0010306772372154383
0.00387507433655201
0.0008873808962521413
GEN 74 time 1617421567
0.0029563221065951784
0.0017058410808370235
0.0019331241698611365
0.0010166274754259614
0.00387507433655201
0.0008873808962521413
GEN 75 time 1617421569
0.0029563221065951784
0.0017058410808370235
0.0019331241698611365
0.0010166274754259614
0.00387507433655201
0.0008873808962521413
GEN 76 time 1617421572
0.0029563221065951784
0.0017058410808370235
0.0019331241698611365
0.0010166274754259614
0.00387507433655201
0.0008873808962521413
GEN 77 time 1617421574
0.0029563221065951784
0.0017058410808370235
0.0019331241698611365
0.0010166274754259614
0.003845825680701676
0.0008873808962521413
GEN 78 time 1617421576
0.0029563221065951784
0.0017058410808370235
0.0019331241698611365
0.0010104107934052324
0.003845825680701676
0.0008873808962521413
GEN 79 time 1617421578
0.0029563221065951784
0.0017058410808370235
0.0019331241698611365
0.0010104107934052324
0.003845825680701676
0.0008873808962521413
GEN 80 time 1617421581
0.0029563221065951784
0.0017058410808370235
0.0019331241698611365
0.0010104107934052324
0.003845825680701676
0.0008848558255962345
GEN 81 time 1617421583
0.0029563221065951784
0.0017058410808370235
0.0019331241698611365
0.0010104107934052324
0.003845825680701676
0.0008848558255962345
GEN 82 time 1617421585
0.0029563221065951784
0.0017058410808370235
0.0019331241698611365
0.0010104107934052324
0.003845825680701676
0.0008848558255962345
GEN 83 time 1617421588
0.0029563221065951784
0.0017058410808370235
0.0019331241698611365
0.0010104107934052324
0.003845825680701676
0.0008848558255962345
GEN 84 time 1617421590
0.0029563221065951784
0.0017058410808370235
0.0019331241698611365
0.0010104107934052324
0.003845825680701676
0.0008848558255962345
GEN 85 time 1617421592
0.0029563221065951784
0.0017058410808370235
0.0019331241698611365
0.0010104107934052324
0.003845825680701676
0.0008848558255962345
GEN 86 time 1617421595
0.0029563221065951784
0.0017058410808370235
0.0019331241698611365
0.0010104107934052324
0.003845825680701676
0.0008848558255962345
GEN 87 time 1617421597
0.0029563221065951784
0.0017058410808370235
0.0019331241698611365
0.0010104107934052324
0.003845825680701676
0.0008848558255962345
GEN 88 time 1617421599
0.0029563221065951784
0.0017058410808370235
0.0019331241698611365
0.0010104107934052324
0.003845825680701676
0.0008848558255962345
GEN 89 time 1617421602
0.0029563221065951784
0.0017058410808370235
0.0019331241698611365
0.0010104107934052324
0.003845825680701676
0.0008848558255962345
GEN 90 time 1617421604
0.0029563221065951784
0.0017058410808370235
0.0019331241698611365
0.0010070416593874157
0.003845825680701676
0.0008848558255962345
GEN 91 time 1617421606
0.0029563221065951784
0.0017058410808370235
0.0019331241698611365
0.0010070416593874157
0.003845825680701676
0.0008848558255962345
GEN 92 time 1617421608
0.0029563221065951784
0.0017058410808370235
0.0019331241698611365
0.0010070416593874157
0.003845825680701676
0.0008848558255962345
GEN 93 time 1617421611
0.0029563221065951784
0.0017058410808370235
0.0019331241698611365
0.0010070416593874157
0.003845825680701676
0.0008848558255962345
GEN 94 time 1617421613
0.0029563221065951784
0.0017058410808370235
0.0019331241698611365
0.0010070416593874157
0.003845825680701676
0.0008848558255962345
GEN 95 time 1617421615
0.0029563221065951784
0.0017058410808370235
0.0019331241698611365
0.0010070416593874157
0.003845825680701676
0.0008848558255962345
GEN 96 time 1617421618
0.0029563221065951784
0.0017058410808370235
0.0019331241698611365
0.0010070416593874157
0.003845825680701676
0.0008848558255962345
GEN 97 time 1617421620
0.0029563221065951784
0.0017058410808370235
0.0019331241698611365
0.0010070416593874157
0.003845825680701676
0.0008848558255962345
GEN 98 time 1617421622
0.0029563221065951784
0.0017058410808370235
0.0019331241698611365
0.0010070416593874157
0.003845825680701676
0.0008848558255962345
GEN 99 time 1617421625
0.0029563221065951784
0.0017058410808370235
0.0019331241698611365
0.0010070416593874157
0.003845825680701676
0.0008848558255962345
GEN 100 time 1617421627
0.0029563221065951784
0.0017058410808370235
0.0019331241698611365
0.0010070416593874157
0.003845825680701676
0.0008848558255962345
GEN 101 time 1617421629
0.0029563221065951784
0.0017058410808370235
0.0019331241698611365
0.0010070416593874157
0.003845825680701676
0.0008848558255962345
GEN 102 time 1617421632
0.0029563221065951784
0.0017058410808370235
0.0019331241698611365
0.0010070416593874157
0.003845825680701676
0.0008848558255962345
GEN 103 time 1617421634
0.0029563221065951784
0.0017058410808370235
0.0019331241698611365
0.0010070416593874157
0.003845825680701676
0.0008848558255962345
GEN 104 time 1617421636
0.0029563221065951784
0.0017058410808370235
0.0019331241698611365
0.0010070416593874157
0.003845825680701676
0.0008848558255962345
GEN 105 time 1617421639
0.0029563221065951784
0.0017058410808370235
0.0019331241698611365
0.0010070416593874157
0.003845825680701676
0.0008848558255962345
GEN 106 time 1617421641
0.0029563221065951784
0.0017058410808370235
0.0019331241698611365
0.0010070416593874157
0.003845825680701676
0.0008848558255962345
GEN 107 time 1617421643
0.0029563221065951784
0.0017058410808370235
0.0019331241698611365
0.0010070416593874157
0.003845825680701676
0.0008848558255962345
GEN 108 time 1617421645
0.0029563221065951784
0.0017058410808370235
0.0019331241698611365
0.0010070416593874157
0.003845825680701676
0.0008848558255962345
GEN 109 time 1617421648
0.0029563221065951784
0.0017058410808370235
0.0019331241698611365
0.0010070416593874157
0.003845825680701676
0.0008848558255962345
GEN 110 time 1617421650
0.0029563221065951784
0.0017058410808370235
0.0019331241698611365
0.0010070416593874157
0.003845825680701676
0.0008848558255962345
GEN 111 time 1617421652
0.0029563221065951784
0.0017058410808370235
0.0019331241698611365
0.0010070416593874157
0.003845825680701676
0.0008848558255962345
GEN 112 time 1617421655
0.0029563221065951784
0.0017058410808370235
0.0019331241698611365
0.0010070416593874157
0.003845825680701676
0.0008848558255962345
GEN 113 time 1617421657
0.0029563221065951784
0.0017058410808370235
0.0019331241698611365
0.0010070416593874157
0.003845825680701676
0.0008848558255962345
GEN 114 time 1617421659
0.0029563221065951784
0.0017058410808370235
0.0019331241698611365
0.0010070416593874157
0.003800483108182983
0.0008848558255962345
GEN 115 time 1617421662
0.0029563221065951784
0.0017058410808370235
0.0019331241698611365
0.0010070416593874157
0.003800483108182983
0.0008848558255962345
GEN 116 time 1617421664
0.0029563221065951784
0.0017058410808370235
0.0019331241698611365
0.0010070416593874157
0.003800483108182983
0.0008848558255962345
GEN 117 time 1617421666
0.0029563221065951784
0.0017058410808370235
0.0019331241698611365
0.0010070416593874157
0.003800483108182983
0.0008848558255962345
GEN 118 time 1617421669
0.0029563221065951784
0.0017058410808370235
0.0019331241698611365
0.0010070416593874157
0.003800483108182983
0.0008848558255962345
GEN 119 time 1617421671
0.0029563221065951784
0.0017058410808370235
0.0019331241698611365
0.0010070416593874157
0.003800483108182983
0.0008848558255962345
GEN 120 time 1617421673
0.0029563221065951784
0.0017058410808370235
0.0019331241698611365
0.0010070416593874157
0.003800483108182983
0.0008848558255962345
GEN 121 time 1617421675
0.0029563221065951784
0.0017058410808370235
0.0019331241698611365
0.0010070416593874157
0.003800483108182983
0.0008848558255962345
GEN 122 time 1617421678
0.0029563221065951784
0.0017058410808370235
0.0019331241698611365
0.0010070416593874157
0.003800483108182983
0.0008848558255962345
GEN 123 time 1617421680
0.0029563221065951784
0.0017058410808370235
0.0019331241698611365
0.0008959391307370505
0.003800483108182983
0.0008848558255962345
GEN 124 time 1617421682
0.0029563221065951784
0.0017058410808370235
0.0019331241698611365
0.0008959391307370505
0.003800483108182983
0.0008848558255962345
GEN 125 time 1617421685
0.0029563221065951784
0.0017058410808370235
0.0019331241698611365
0.0008959391307370505
0.003800483108182983
0.0008848558255962345
GEN 126 time 1617421687
0.0029563221065951784
0.0017058410808370235
0.0019331241698611365
0.0008959391307370505
0.003800483108182983
0.0008848558255962345
GEN 127 time 1617421689
0.0029563221065951784
0.0017058410808370235
0.0019331241698611365
0.0008959391307370505
0.003800483108182983
0.0008848558255962345
GEN 128 time 1617421692
0.0029563221065951784
0.0017058410808370235
0.0019331241698611365
0.000873804615395759
0.003800483108182983
0.0008848558255962345
GEN 129 time 1617421694
0.0029563221065951784
0.0017058410808370235
0.0019331241698611365
0.000873804615395759
0.003800483108182983
0.0008848558255962345
GEN 130 time 1617421696
0.0029563221065951784
0.0017058410808370235
0.0019331241698611365
0.000873804615395759
0.003800483108182983
0.0008848558255962345
GEN 131 time 1617421698
0.0029563221065951784
0.0017058410808370235
0.0019331241698611365
0.000873804615395759
0.003800483108182983
0.0008848558255962345
GEN 132 time 1617421701
0.0029563221065951784
0.0017058410808370235
0.0019331241698611365
0.000873804615395759
0.003800483108182983
0.0008848558255962345
GEN 133 time 1617421703
0.0029563221065951784
0.0017058410808370235
0.0019331241698611365
0.000873804615395759
0.003800483108182983
0.000860986327840166
GEN 134 time 1617421705
0.0029563221065951784
0.0017058410808370235
0.0019331241698611365
0.000873804615395759
0.003800483108182983
0.000860986327840166
GEN 135 time 1617421708
0.0029563221065951784
0.0017058410808370235
0.0019331241698611365
0.000873804615395759
0.003800483108182983
0.000860986327840166
GEN 136 time 1617421710
0.0029563221065951784
0.0017058410808370235
0.0019331241698611365
0.000873804615395759
0.003800483108182983
0.000860986327840166
GEN 137 time 1617421712
0.0029563221065951784
0.0017058410808370235
0.0019331241698611365
0.000873804615395759
0.003800483108182983
0.0008386712212112074
GEN 138 time 1617421715
0.0029563221065951784
0.0017058410808370235
0.0019331241698611365
0.000873804615395759
0.003800483108182983
0.0008386712212112074
GEN 139 time 1617421717
0.0029563221065951784
0.0017058410808370235
0.0019331241698611365
0.000873804615395759
0.003800483108182983
0.0008386712212112074
GEN 140 time 1617421719
0.0029563221065951784
0.0017058410808370235
0.0019331241698611365
0.000873804615395759
0.003800483108182983
0.0008386712212112074
GEN 141 time 1617421721
0.0029563221065951784
0.0017058410808370235
0.0019331241698611365
0.000873804615395759
0.003800483108182983
0.0008386712212112074
GEN 142 time 1617421724
0.0029563221065951784
0.0017058410808370235
0.0019331241698611365
0.000873804615395759
0.003800483108182983
0.0008386712212112074
GEN 143 time 1617421726
0.0029563221065951784
0.0017058410808370235
0.0019331241698611365
0.000873804615395759
0.003800483108182983
0.0008386712212112074
GEN 144 time 1617421728
0.0029563221065951784
0.0017058410808370235
0.0019331241698611365
0.000873804615395759
0.003800483108182983
0.0008386712212112074
GEN 145 time 1617421731
0.0029563221065951784
0.0017058410808370235
0.0019331241698611365
0.000873804615395759
0.003800483108182983
0.0008386712212112074
GEN 146 time 1617421733
0.0029563221065951784
0.0017058410808370235
0.0019331241698611365
0.000873804615395759
0.003800483108182983
0.0008386712212112074
GEN 147 time 1617421735
0.0029563221065951784
0.0017058410808370235
0.0019331241698611365
0.000873804615395759
0.003800483108182983
0.0008386712212112074
GEN 148 time 1617421738
0.0029563221065951784
0.0017058410808370235
0.0019331241698611365
0.000873804615395759
0.003800483108182983
0.0008386712212112074
GEN 149 time 1617421740
0.0029563221065951784
0.0017058410808370235
0.0019331241698611365
0.000873804615395759
0.003800483108182983
0.0008386712212112074
GEN 150 time 1617421742
0.0029563221065951784
0.0017058410808370235
0.0019331241698611365
0.000873804615395759
0.003800483108182983
0.0008386712212112074
GEN 151 time 1617421745
0.0029563221065951784
0.0017058410808370235
0.0019331241698611365
0.000873804615395759
0.003800483108182983
0.0008386712212112074
GEN 152 time 1617421747
0.0029563221065951784
0.0017058410808370235
0.0019331241698611365
0.000873804615395759
0.003800483108182983
0.0008386712212112074
GEN 153 time 1617421749
0.0029563221065951784
0.0017058410808370235
0.0019331241698611365
0.000873804615395759
0.003800483108182983
0.0008386712212112074
GEN 154 time 1617421752
0.0029563221065951784
0.0017058410808370235
0.0019331241698611365
0.000873804615395759
0.003800483108182983
0.0008386712212112074
GEN 155 time 1617421754
0.0029563221065951784
0.0017058410808370235
0.0019331241698611365
0.000873804615395759
0.003800483108182983
0.0008386712212112074
GEN 156 time 1617421756
0.0029563221065951784
0.0017058410808370235
0.0019331241698611365
0.000873804615395759
0.003800483108182983
0.0008386712212112074
GEN 157 time 1617421758
0.0029563221065951784
0.0017058410808370235
0.0019331241698611365
0.000873804615395759
0.003800483108182983
0.0008386712212112074
GEN 158 time 1617421761
0.0029563221065951784
0.0017058410808370235
0.0019331241698611365
0.000873804615395759
0.00367505433655201
0.0008386712212112074
GEN 159 time 1617421763
0.0029563221065951784
0.0017058410808370235
0.0019331241698611365
0.000873804615395759
0.00367505433655201
0.0008323923552446443
GEN 160 time 1617421765
0.0029563221065951784
0.0017058410808370235
0.0019331241698611365
0.000873804615395759
0.00367505433655201
0.0008323923552446443
GEN 161 time 1617421768
0.0029563221065951784
0.0017058410808370235
0.0019331241698611365
0.000873804615395759
0.00367505433655201
0.0008323923552446443
GEN 162 time 1617421770
0.0029563221065951784
0.0017058410808370235
0.0019331241698611365
0.000873804615395759
0.00367505433655201
0.0008323923552446443
GEN 163 time 1617421772
0.0029563221065951784
0.0017058410808370235
0.0019331241698611365
0.000873804615395759
0.00367505433655201
0.0008323923552446443
GEN 164 time 1617421775
0.0029563221065951784
0.0017058410808370235
0.0019331241698611365
0.000873804615395759
0.00367505433655201
0.0008323923552446443
GEN 165 time 1617421777
0.0029563221065951784
0.0017058410808370235
0.0019331241698611365
0.000873804615395759
0.00367505433655201
0.0008323923552446443
GEN 166 time 1617421779
0.0029563221065951784
0.0017058410808370235
0.0019331241698611365
0.000873804615395759
0.00367505433655201
0.0008323923552446443
GEN 167 time 1617421781
0.0029563221065951784
0.0017058410808370235
0.0019331241698611365
0.000873804615395759
0.00367505433655201
0.0008323923552446443
GEN 168 time 1617421784
0.0029563221065951784
0.0017058410808370235
0.0019331241698611365
0.000873804615395759
0.00367505433655201
0.0008323923552446443
GEN 169 time 1617421786
0.0029563221065951784
0.0017058410808370235
0.0019331241698611365
0.000873804615395759
0.00367505433655201
0.0008323923552446443
GEN 170 time 1617421788
0.0029563221065951784
0.0017058410808370235
0.0019331241698611365
0.000873804615395759
0.00367505433655201
0.0008323923552446443
GEN 171 time 1617421791
0.0029563221065951784
0.0017058410808370235
0.0019331241698611365
0.000873804615395759
0.00367505433655201
0.0008323923552446443
GEN 172 time 1617421793
0.0029563221065951784
0.0017058410808370235
0.0019331241698611365
0.000873804615395759
0.00367505433655201
0.0008323923552446443
GEN 173 time 1617421795
0.0029563221065951784
0.0017058410808370235
0.0019331241698611365
0.000873804615395759
0.00367505433655201
0.0008323923552446443
GEN 174 time 1617421798
0.0029563221065951784
0.0017058410808370235
0.0019331241698611365
0.000873804615395759
0.00367505433655201
0.0008323923552446443
GEN 175 time 1617421800
0.0029563221065951784
0.0017058410808370235
0.0019331241698611365
0.000873804615395759
0.00367505433655201
0.0008323923552446443
GEN 176 time 1617421802
0.0029563221065951784
0.0017058410808370235
0.0019331241698611365
0.000873804615395759
0.00367505433655201
0.0008323923552446443
GEN 177 time 1617421805
0.0029563221065951784
0.0017058410808370235
0.0019331241698611365
0.000873804615395759
0.00367505433655201
0.0008323923552446443
GEN 178 time 1617421807
0.0029563221065951784
0.0017058410808370235
0.0019331241698611365
0.000873804615395759
0.00367505433655201
0.0008323923552446443
GEN 179 time 1617421809
0.0029563221065951784
0.0017058410808370235
0.0019331241698611365
0.000873804615395759
0.00367505433655201
0.0008323923552446443
GEN 180 time 1617421812
0.0029563221065951784
0.0017058410808370235
0.0019331241698611365
0.000873804615395759
0.00367505433655201
0.0008323923552446443
GEN 181 time 1617421814
0.0029563221065951784
0.0017058410808370235
0.0019331241698611365
0.000873804615395759
0.00367505433655201
0.0008323923552446443
GEN 182 time 1617421816
0.0029563221065951784
0.0017058410808370235
0.0019331241698611365
0.000873804615395759
0.00367505433655201
0.0008323923552446443
GEN 183 time 1617421818
0.0029563221065951784
0.0017058410808370235
0.0019331241698611365
0.000873804615395759
0.00367505433655201
0.0008323923552446443
GEN 184 time 1617421821
0.0029563221065951784
0.0017058410808370235
0.0019331241698611365
0.000873804615395759
0.00367505433655201
0.0008323923552446443
GEN 185 time 1617421823
0.0029563221065951784
0.0017058410808370235
0.0019331241698611365
0.000873804615395759
0.00367505433655201
0.0008323923552446443
GEN 186 time 1617421825
0.0029563221065951784
0.0017058410808370235
0.0019331241698611365
0.000873804615395759
0.003648611983038548
0.0008323923552446443
GEN 187 time 1617421828
0.0029563221065951784
0.0017058410808370235
0.0019331241698611365
0.000873804615395759
0.003648611983038548
0.0008323923552446443
GEN 188 time 1617421830
0.0029563221065951784
0.0017058410808370235
0.0019331241698611365
0.000873804615395759
0.003648611983038548
0.0008323923552446443
GEN 189 time 1617421832
0.0029563221065951784
0.0017058410808370235
0.0019331241698611365
0.000873804615395759
0.003648611983038548
0.0008323923552446443
GEN 190 time 1617421835
0.0029563221065951784
0.0017058410808370235
0.0019331241698611365
0.000873804615395759
0.003648611983038548
0.0008323923552446443
GEN 191 time 1617421837
0.0029563221065951784
0.0017058410808370235
0.0019331241698611365
0.000873804615395759
0.003648611983038548
0.0008323923552446443
GEN 192 time 1617421840
0.0029563221065951784
0.0017058410808370235
0.0019331241698611365
0.000873804615395759
0.003648611983038548
0.0008323923552446443
GEN 193 time 1617421842
0.0029563221065951784
0.0017058410808370235
0.0019331241698611365
0.000873804615395759
0.003648611983038548
0.0008323923552446443
GEN 194 time 1617421844
0.0029563221065951784
0.0017058410808370235
0.0019331241698611365
0.000873804615395759
0.003648611983038548
0.0008323923552446443
GEN 195 time 1617421847
0.0029563221065951784
0.0017058410808370235
0.0019331241698611365
0.000873804615395759
0.003648611983038548
0.0008323923552446443
GEN 196 time 1617421849
0.0029563221065951784
0.0017058410808370235
0.0019331241698611365
0.000873804615395759
0.003648611983038548
0.0008323923552446443
GEN 197 time 1617421851
0.0029563221065951784
0.0017058410808370235
0.0019331241698611365
0.000873804615395759
0.003648611983038548
0.0008323923552446443
GEN 198 time 1617421854
0.0029563221065951784
0.0017058410808370235
0.0019331241698611365
0.000873804615395759
0.003648611983038548
0.0008323923552446443
GEN 199 time 1617421856
0.0029563221065951784
0.0017058410808370235
0.0019331241698611365
0.000873804615395759
0.003648611983038548
0.0008323923552446443
