['./data/layer/uu-dem1_r25_1.json', './data/layer/uu-dem9_r25_1.json', './data/layer/uu-dem3_r25_1.json', './data/hop/uu-dem1_r25_1_0.json']
GEN 0 time 1589733810
inf
0.0022009955925661492
0.0018011096333050637
0.002201076943762261
GEN 1 time 1589733812
inf
0.0022009955925661492
0.0018011096333050637
0.002201076943762261
GEN 2 time 1589733815
0.002200937490294692
0.0022009955925661492
0.0018010892122158173
0.002200889815293366
GEN 3 time 1589733817
0.0016010351348379108
0.0022009955925661492
0.0018010892122158173
0.002200889815293366
GEN 4 time 1589733820
0.0016010351348379108
0.0022009955925661492
0.0018010892122158173
0.0020010091212393135
GEN 5 time 1589733823
0.0016010351348379108
0.0022009955925661492
0.0018010892122158173
0.0020010091212393135
GEN 6 time 1589733825
0.0014010284336872269
0.0022009955925661492
0.0018010892122158173
0.0020010091212393135
GEN 7 time 1589733828
0.0012009951348379109
0.0022009955925661492
0.0018010892122158173
0.0020010091212393135
GEN 8 time 1589733832
0.0012009951348379109
0.0022009955925661492
0.0018010892122158173
0.0020010091212393135
GEN 9 time 1589733836
0.0012009951348379109
0.0022009955925661492
0.0018010892122158173
0.0020010091212393135
GEN 10 time 1589733840
0.0012009951348379109
0.0022009955925661492
0.0018010892122158173
0.001801134245214545
GEN 11 time 1589733845
0.0012009951348379109
0.0022009955925661492
0.0016009074778060661
0.001800995604786486
GEN 12 time 1589733851
0.0012009951348379109
0.002001078722291156
0.0016009074778060661
0.001800995604786486
GEN 13 time 1589733857
0.0012009951348379109
0.0018009555925661488
0.0016009074778060661
0.001800995604786486
GEN 14 time 1589733862
0.0012009951348379109
0.0016011108187443993
0.0016009074778060661
0.001800995604786486
GEN 15 time 1589733868
0.0012009951348379109
0.0016011108187443993
0.0016009074778060661
0.001800995604786486
GEN 16 time 1589733874
0.0012009951348379109
0.0016011108187443993
0.0016009074778060661
0.001800995604786486
GEN 17 time 1589733880
0.0012009951348379109
0.0016011108187443993
0.0016009074778060661
0.001800995604786486
GEN 18 time 1589733886
0.0012009951348379109
0.001401067371223144
0.0016009074778060661
0.001800995604786486
GEN 19 time 1589733892
0.0012009951348379109
0.001401067371223144
0.0016009074778060661
0.001800995604786486
GEN 20 time 1589733897
0.0012009951348379109
0.001401067371223144
0.0016009074778060661
0.001800995604786486
GEN 21 time 1589733903
0.0012009951348379109
0.001401067371223144
0.0014010823689872508
0.001800995604786486
GEN 22 time 1589733909
0.0012009291212393134
0.001401067371223144
0.0014010823689872508
0.001800995604786486
GEN 23 time 1589733915
0.0012009291212393134
0.001401067371223144
0.0014010823689872508
0.001800995604786486
GEN 24 time 1589733921
0.0012008489006645213
0.001401067371223144
0.0014010823689872508
0.001800995604786486
GEN 25 time 1589733927
0.0012008489006645213
0.001401067371223144
0.0014010823689872508
0.001800995604786486
GEN 26 time 1589733933
0.0012008489006645213
0.0012008092682414808
0.0014010823689872508
0.001800995604786486
GEN 27 time 1589733939
0.0012008489006645213
0.0012008092682414808
0.0014010823689872508
0.0018009617976759268
GEN 28 time 1589733944
0.0012008489006645213
0.0012008092682414808
0.0014010823689872508
0.0018009617976759268
GEN 29 time 1589733950
0.0012008489006645213
0.0012008092682414808
0.0014010823689872508
0.0018009617976759268
GEN 30 time 1589733956
0.0012008489006645213
0.0012008092682414808
0.0014010823689872508
0.0018007104501088296
GEN 31 time 1589733962
0.0012008489006645213
0.0012008092682414808
0.0014010823689872508
0.0018007104501088296
GEN 32 time 1589733968
0.0012008489006645213
0.0012008092682414808
0.0014010823689872508
0.0018007104501088296
GEN 33 time 1589733974
0.0012008489006645213
0.0012008092682414808
0.0014010823689872508
0.0018007104501088296
GEN 34 time 1589733980
0.0012008489006645213
0.0012008092682414808
0.0014010823689872508
0.0018007104501088296
GEN 35 time 1589733986
0.0012008489006645213
0.0012008092682414808
0.0014010102936006879
0.0018007104501088296
GEN 36 time 1589733992
0.0012008489006645213
0.0012008092682414808
0.0014010102936006879
0.0018007104501088296
GEN 37 time 1589733998
0.0012008489006645213
0.0012008092682414808
0.0014010102936006879
0.0018007104501088296
GEN 38 time 1589734004
0.0012008489006645213
0.0012008092682414808
0.0014010102936006879
0.0018007104501088296
GEN 39 time 1589734010
0.0012008489006645213
0.0012008092682414808
0.0014010102936006879
0.0018007104501088296
GEN 40 time 1589734016
0.0012008489006645213
0.0012008092682414808
0.0014010102936006879
0.0018007104501088296
GEN 41 time 1589734022
0.0012008489006645213
0.0012008092682414808
0.0014010102936006879
0.0018007104501088296
GEN 42 time 1589734028
0.0012008489006645213
0.0012008092682414808
0.0014010102936006879
0.0018007104501088296
GEN 43 time 1589734034
0.0012008489006645213
0.0012008092682414808
0.0014010102936006879
0.0018007104501088296
GEN 44 time 1589734040
0.0012008489006645213
0.0012008092682414808
0.0014010102936006879
0.0018007104501088296
GEN 45 time 1589734046
0.0012006363000782853
0.0012008092682414808
0.0014010102936006879
0.0018007104501088296
GEN 46 time 1589734052
0.0012006363000782853
0.0012008092682414808
0.0014010102936006879
0.0018007104501088296
GEN 47 time 1589734058
0.0012006363000782853
0.0012008092682414808
0.0014010102936006879
0.0018006963000782852
GEN 48 time 1589734064
0.0012006363000782853
0.0012008092682414808
0.0014010102936006879
0.0016010484336872269
GEN 49 time 1589734070
0.0012006363000782853
0.0012008092682414808
0.001400807410654504
0.0016010484336872269
GEN 50 time 1589734076
0.0012006363000782853
0.0012008092682414808
0.001400807410654504
0.0016010484336872269
GEN 51 time 1589734082
0.0012006363000782853
0.0012008092682414808
0.001400807410654504
0.0016010484336872269
GEN 52 time 1589734088
0.0012006363000782853
0.0012008092682414808
0.001400807410654504
0.0016010484336872269
GEN 53 time 1589734094
0.0012006363000782853
0.0012008092682414808
0.001400807410654504
0.0016010484336872269
GEN 54 time 1589734099
0.0012006363000782853
0.0012008092682414808
0.001400807410654504
0.0016010484336872269
GEN 55 time 1589734105
0.0012006363000782853
0.0012008092682414808
0.001400807410654504
0.0016010484336872269
GEN 56 time 1589734111
0.0012006363000782853
0.0012008092682414808
0.001400807410654504
0.0016010484336872269
GEN 57 time 1589734117
0.0012006363000782853
0.0012008092682414808
0.001400807410654504
0.0016010484336872269
GEN 58 time 1589734123
0.0012006363000782853
0.0012008092682414808
0.001400807410654504
0.0016010484336872269
GEN 59 time 1589734129
0.0012006363000782853
0.0012008092682414808
0.001400807410654504
0.0016010484336872269
GEN 60 time 1589734135
0.0010010542452145452
0.0012008092682414808
0.001400807410654504
0.0016010484336872269
GEN 61 time 1589734141
0.0010010542452145452
0.0012008092682414808
0.001400807410654504
0.0016010484336872269
GEN 62 time 1589734147
0.0010010542452145452
0.0012008092682414808
0.001400807410654504
0.0016010484336872269
GEN 63 time 1589734153
0.0010010542452145452
0.0012008092682414808
0.001400807410654504
0.001601016943762261
GEN 64 time 1589734159
0.0010010542452145452
0.0012008092682414808
0.001400807410654504
0.001601016943762261
GEN 65 time 1589734165
0.0010010542452145452
0.0012008092682414808
0.001400807410654504
0.001601016943762261
GEN 66 time 1589734171
0.0010010542452145452
0.0012008092682414808
0.001400807410654504
0.001601016943762261
GEN 67 time 1589734177
0.0010010542452145452
0.0012008092682414808
0.001400807410654504
0.001601016943762261
GEN 68 time 1589734183
0.0010010542452145452
0.0012008092682414808
0.001400807410654504
0.001601016943762261
GEN 69 time 1589734189
0.0010010542452145452
0.0012008092682414808
0.001400807410654504
0.001601016943762261
GEN 70 time 1589734195
0.0010010542452145452
0.0012008092682414808
0.001400807410654504
0.001601016943762261
GEN 71 time 1589734201
0.0010010542452145452
0.0012008092682414808
0.001400807410654504
0.0016007969752751656
GEN 72 time 1589734206
0.0010010542452145452
0.0012008092682414808
0.001400807410654504
0.0016007969752751656
GEN 73 time 1589734212
0.0010010542452145452
0.0012008092682414808
0.001400807410654504
0.0016007969752751656
GEN 74 time 1589734218
0.0010010542452145452
0.0012008092682414808
0.001400807410654504
0.0016007969752751656
GEN 75 time 1589734224
0.0010010542452145452
0.0012008092682414808
0.001400807410654504
0.0016007969752751656
GEN 76 time 1589734230
0.0010010542452145452
0.0012008092682414808
0.001400807410654504
0.0016007969752751656
GEN 77 time 1589734236
0.0010010542452145452
0.0012008092682414808
0.001400807410654504
0.0016007969752751656
GEN 78 time 1589734242
0.0010010542452145452
0.0012008092682414808
0.001400807410654504
0.0016007969752751656
GEN 79 time 1589734248
0.0010010542452145452
0.0012008092682414808
0.001400807410654504
0.0016007969752751656
GEN 80 time 1589734254
0.0010010542452145452
0.0012008092682414808
0.001400807410654504
0.0016007969752751656
GEN 81 time 1589734260
0.0010010542452145452
0.0012008092682414808
0.001400807410654504
0.0016007969752751656
GEN 82 time 1589734267
0.0010010542452145452
0.0012008092682414808
0.001400807410654504
0.0016007969752751656
GEN 83 time 1589734273
0.0010010542452145452
0.0012008092682414808
0.001400807410654504
0.0016007969752751656
GEN 84 time 1589734279
0.0010010542452145452
0.0012008092682414808
0.001400807410654504
0.0016007969752751656
GEN 85 time 1589734285
0.0010010542452145452
0.0012008092682414808
0.001400807410654504
0.0016007969752751656
GEN 86 time 1589734291
0.0010010542452145452
0.0012008092682414808
0.001400807410654504
0.0016007969752751656
GEN 87 time 1589734297
0.0010010542452145452
0.0012008092682414808
0.001400807410654504
0.0016007969752751656
GEN 88 time 1589734303
0.0010010542452145452
0.0012008092682414808
0.001400807410654504
0.0016007969752751656
GEN 89 time 1589734309
0.0010010542452145452
0.0012008092682414808
0.001400807410654504
0.0016007969752751656
GEN 90 time 1589734315
0.0010010542452145452
0.0012008092682414808
0.001400807410654504
0.0016007969752751656
GEN 91 time 1589734321
0.0010010542452145452
0.0012008092682414808
0.001400807410654504
0.0014010151348379108
GEN 92 time 1589734327
0.0010010542452145452
0.0012008092682414808
0.001400807410654504
0.0014010151348379108
GEN 93 time 1589734333
0.0010010542452145452
0.0012008092682414808
0.001400807410654504
0.0014010151348379108
GEN 94 time 1589734339
0.0010010542452145452
0.0012008092682414808
0.001400807410654504
0.0014010151348379108
GEN 95 time 1589734345
0.0010010542452145452
0.0012008092682414808
0.001400807410654504
0.0014010151348379108
GEN 96 time 1589734352
0.0010010542452145452
0.0012008092682414808
0.001400807410654504
0.0014010151348379108
GEN 97 time 1589734357
0.0010010542452145452
0.0012008092682414808
0.001400807410654504
0.0014010151348379108
GEN 98 time 1589734364
0.0010010542452145452
0.0012008092682414808
0.001400807410654504
0.0014010151348379108
GEN 99 time 1589734369
0.0010010542452145452
0.0012008092682414808
0.001400807410654504
0.0014010151348379108
