['./data/small/layer/ga-dem3_r25_1.json', './data/small/hop/ga-dem10_r25_1_0.json', './data/small/hop/ga-dem1_r25_1_0.json', './data/small/hop/ga-dem7_r25_1_0.json']
GEN 0 time 1598854549
0.002173934761916407
0.0030743103903610926
0.0028818362081312952
0.002897826066153131
GEN 1 time 1598854553
0.002173934761916407
0.002677337646512019
0.0028818362081312952
0.002897826066153131
GEN 2 time 1598854559
0.002173934761916407
0.002677337646512019
0.002704174422034534
0.002705474648504646
GEN 3 time 1598854565
0.002173934761916407
0.002677337646512019
0.002704174422034534
0.002697806066153131
GEN 4 time 1598854572
0.002173934761916407
0.002482602001387116
0.002704174422034534
0.002697806066153131
GEN 5 time 1598854578
0.002173934761916407
0.002482602001387116
0.00242731882650615
0.002697806066153131
GEN 6 time 1598854585
0.002173934761916407
0.002482602001387116
0.0023133825409493835
0.002697806066153131
GEN 7 time 1598854591
0.002036580847781751
0.002482602001387116
0.0023133825409493835
0.002697806066153131
GEN 8 time 1598854597
0.0018257632230635132
0.002482602001387116
0.0023133825409493835
0.002697806066153131
GEN 9 time 1598854603
0.0018257632230635132
0.002482602001387116
0.0023133825409493835
0.002697806066153131
GEN 10 time 1598854609
0.0018257632230635132
0.002482602001387116
0.0023133825409493835
0.002697806066153131
GEN 11 time 1598854616
0.0018257632230635132
0.002482602001387116
0.0023133825409493835
0.002697806066153131
GEN 12 time 1598854622
0.001641621439293294
0.002482602001387116
0.0023133825409493835
0.002697806066153131
GEN 13 time 1598854628
0.001641621439293294
0.002482602001387116
0.0023133825409493835
0.0025475795617651256
GEN 14 time 1598854634
0.001641621439293294
0.002482602001387116
0.0023133825409493835
0.0025475795617651256
GEN 15 time 1598854641
0.001641621439293294
0.002477317646512019
0.0023133825409493835
0.0025475795617651256
GEN 16 time 1598854647
0.001641621439293294
0.002477317646512019
0.0023133825409493835
0.002305434648504646
GEN 17 time 1598854653
0.001641621439293294
0.002477317646512019
0.0023133825409493835
0.002305434648504646
GEN 18 time 1598854659
0.001641621439293294
0.002477317646512019
0.0023133825409493835
0.002305434648504646
GEN 19 time 1598854665
0.001641621439293294
0.002477317646512019
0.0023133825409493835
0.002305434648504646
GEN 20 time 1598854673
0.001641621439293294
0.002477317646512019
0.0023133825409493835
0.002305434648504646
GEN 21 time 1598854679
0.0014416014392932943
0.002477317646512019
0.0023133825409493835
0.0019475195617651255
GEN 22 time 1598854686
0.0014416014392932943
0.002477317646512019
0.0023133825409493835
0.0019475195617651255
GEN 23 time 1598854693
0.0014416014392932943
0.002477317646512019
0.0023028985557975515
0.0019475195617651255
GEN 24 time 1598854700
0.0014416014392932943
0.002477317646512019
0.0023028985557975515
0.0019475195617651255
GEN 25 time 1598854707
0.0014416014392932943
0.0022895527319752177
0.0023028985557975515
0.0019475195617651255
GEN 26 time 1598854714
0.0014416014392932943
0.0022895527319752177
0.0023028985557975515
0.0019475195617651255
GEN 27 time 1598854720
0.0014416014392932943
0.0022895527319752177
0.0023028985557975515
0.0019475195617651255
GEN 28 time 1598854726
0.0014416014392932943
0.002216478528174364
0.0023028985557975515
0.0019475195617651255
GEN 29 time 1598854733
0.0014416014392932943
0.002216478528174364
0.0023028985557975515
0.0019475195617651255
GEN 30 time 1598854740
0.0014416014392932943
0.002216478528174364
0.0023028985557975515
0.0019475195617651255
GEN 31 time 1598854746
0.0014416014392932943
0.002216478528174364
0.0023028985557975515
0.0019475195617651255
GEN 32 time 1598854753
0.0014416014392932943
0.0020938671709216468
0.0023028985557975515
0.0018977260661531307
GEN 33 time 1598854760
0.0014416014392932943
0.0020938671709216468
0.0023028985557975515
0.0016187301387801498
GEN 34 time 1598854767
0.0014416014392932943
0.0020938671709216468
0.0023028985557975515
0.0016187301387801498
GEN 35 time 1598854773
0.0014416014392932943
0.0020344426548545283
0.0021543600683530317
0.0016187301387801498
GEN 36 time 1598854779
0.0014416014392932943
0.0020344426548545283
0.0021379655917047216
0.0016187301387801498
GEN 37 time 1598854786
0.0014416014392932943
0.0020344426548545283
0.0021379655917047216
0.0016187301387801498
GEN 38 time 1598854792
0.0014020156422934386
0.0020344426548545283
0.0021379655917047216
0.0016187301387801498
GEN 39 time 1598854798
0.0014020156422934386
0.0020344426548545283
0.0021379655917047216
0.0016187301387801498
GEN 40 time 1598854805
0.0014020156422934386
0.0020344426548545283
0.0021379655917047216
0.0016187301387801498
GEN 41 time 1598854811
0.0014020156422934386
0.0020344426548545283
0.0021379655917047216
0.0016187301387801498
GEN 42 time 1598854817
0.0014020156422934386
0.0020344426548545283
0.0021379655917047216
0.0016187301387801498
GEN 43 time 1598854824
0.0014020156422934386
0.0020344426548545283
0.0021379655917047216
0.0016187301387801498
GEN 44 time 1598854830
0.0014020156422934386
0.0020344426548545283
0.0021133625409493835
0.0016187301387801498
GEN 45 time 1598854836
0.0014020156422934386
0.0020344426548545283
0.0021133625409493835
0.0016187301387801498
GEN 46 time 1598854842
0.0014020156422934386
0.0020344426548545283
0.0021133625409493835
0.0016187301387801498
GEN 47 time 1598854849
0.0014020156422934386
0.0020344426548545283
0.0021133625409493835
0.0016187301387801498
GEN 48 time 1598854855
0.0014020156422934386
0.0020344426548545283
0.0021133625409493835
0.0016187301387801498
GEN 49 time 1598854861
0.0014020156422934386
0.0020344426548545283
0.0021133625409493835
0.0016187301387801498
GEN 50 time 1598854868
0.0014020156422934386
0.0020344426548545283
0.0021133625409493835
0.0016187301387801498
GEN 51 time 1598854874
0.0014020156422934386
0.0020344426548545283
0.0021133625409493835
0.0016187301387801498
GEN 52 time 1598854880
0.0014020156422934386
0.0020344426548545283
0.0021133625409493835
0.0016187301387801498
GEN 53 time 1598854886
0.0014020156422934386
0.0020344426548545283
0.0021133625409493835
0.0016187301387801498
GEN 54 time 1598854892
0.0014020156422934386
0.0020344426548545283
0.0020990906402528564
0.0016187301387801498
GEN 55 time 1598854898
0.0014020156422934386
0.0020344426548545283
0.0020990906402528564
0.0016187301387801498
GEN 56 time 1598854903
0.0014020156422934386
0.0020344426548545283
0.0020990906402528564
0.0016187301387801498
GEN 57 time 1598854909
0.0014020156422934386
0.0020344426548545283
0.0020990906402528564
0.0016187301387801498
GEN 58 time 1598854916
0.001373854761916407
0.0020344426548545283
0.0020990906402528564
0.0016187301387801498
GEN 59 time 1598854922
0.001373854761916407
0.0020344426548545283
0.0020990906402528564
0.0016187301387801498
GEN 60 time 1598854929
0.001373854761916407
0.0020344426548545283
0.0020990906402528564
0.0016187301387801498
GEN 61 time 1598854935
0.001373854761916407
0.0020344426548545283
0.0020990906402528564
0.0016187301387801498
GEN 62 time 1598854941
0.001373854761916407
0.0020344426548545283
0.0020990906402528564
0.0016187301387801498
GEN 63 time 1598854947
0.001373854761916407
0.0020344426548545283
0.0020990906402528564
0.0016187301387801498
GEN 64 time 1598854953
0.001373854761916407
0.0020344426548545283
0.0020990906402528564
0.0016187301387801498
GEN 65 time 1598854959
0.001373854761916407
0.0020344426548545283
0.0020990906402528564
0.0016187301387801498
GEN 66 time 1598854966
0.001373854761916407
0.0020344426548545283
0.0020990906402528564
0.0016187301387801498
GEN 67 time 1598854973
0.001373854761916407
0.0020344426548545283
0.0020990906402528564
0.0016187301387801498
GEN 68 time 1598854979
0.001373854761916407
0.0020344426548545283
0.0020990906402528564
0.0016187301387801498
GEN 69 time 1598854985
0.001373854761916407
0.0020344426548545283
0.0020990906402528564
0.0016187301387801498
GEN 70 time 1598854991
0.001373854761916407
0.0020344426548545283
0.0020990906402528564
0.0016187301387801498
GEN 71 time 1598854997
0.001373854761916407
0.0020344426548545283
0.0020990906402528564
0.0016187301387801498
GEN 72 time 1598855004
0.001373854761916407
0.0020344426548545283
0.0020990906402528564
0.0016187301387801498
GEN 73 time 1598855010
0.001373854761916407
0.0020344426548545283
0.0020990906402528564
0.0016187301387801498
GEN 74 time 1598855017
0.001373854761916407
0.0020344426548545283
0.0020990906402528564
0.0016187301387801498
GEN 75 time 1598855023
0.001373854761916407
0.0020344426548545283
0.0020990906402528564
0.0016187301387801498
GEN 76 time 1598855029
0.001373854761916407
0.0020344426548545283
0.0020990906402528564
0.0016187301387801498
GEN 77 time 1598855035
0.001373854761916407
0.0020344426548545283
0.0020990906402528564
0.0016187301387801498
GEN 78 time 1598855040
0.001373854761916407
0.0020344426548545283
0.0020990906402528564
0.0016187301387801498
GEN 79 time 1598855047
0.001373854761916407
0.0020344426548545283
0.0020990906402528564
0.0016187301387801498
GEN 80 time 1598855053
0.001373854761916407
0.0020344426548545283
0.0020990906402528564
0.0016187301387801498
GEN 81 time 1598855059
0.001373854761916407
0.0020344426548545283
0.0020990906402528564
0.0016187301387801498
GEN 82 time 1598855065
0.001373854761916407
0.0020344426548545283
0.0020990906402528564
0.0016187301387801498
GEN 83 time 1598855070
0.001373854761916407
0.0020344426548545283
0.0020990906402528564
0.0016187301387801498
GEN 84 time 1598855076
0.001373854761916407
0.0020344426548545283
0.0020990906402528564
0.0016187301387801498
GEN 85 time 1598855083
0.001373854761916407
0.0020344426548545283
0.0020990906402528564
0.0016187301387801498
GEN 86 time 1598855089
0.001373854761916407
0.0020344426548545283
0.0020990906402528564
0.0016187301387801498
GEN 87 time 1598855097
0.001373854761916407
0.0020344426548545283
0.0020990906402528564
0.0016187301387801498
GEN 88 time 1598855103
0.001373854761916407
0.0020344426548545283
0.0020990906402528564
0.0016187301387801498
GEN 89 time 1598855110
0.001373854761916407
0.0020344426548545283
0.0020990906402528564
0.0016187301387801498
GEN 90 time 1598855116
0.001373854761916407
0.0020344426548545283
0.0020990906402528564
0.0016187301387801498
GEN 91 time 1598855122
0.001373854761916407
0.0020344426548545283
0.0020990906402528564
0.0016187301387801498
GEN 92 time 1598855129
0.001373854761916407
0.0020344426548545283
0.0020990906402528564
0.0016187301387801498
GEN 93 time 1598855136
0.001373854761916407
0.0020344426548545283
0.0020990906402528564
0.0016187301387801498
GEN 94 time 1598855143
0.001373854761916407
0.0020344426548545283
0.0020990906402528564
0.0016187301387801498
GEN 95 time 1598855149
0.001373854761916407
0.002016458528174364
0.0020990906402528564
0.0016187301387801498
GEN 96 time 1598855156
0.001373854761916407
0.002016458528174364
0.0020990906402528564
0.0016187301387801498
GEN 97 time 1598855163
0.001373854761916407
0.002016458528174364
0.0020990906402528564
0.0016187301387801498
GEN 98 time 1598855169
0.001373854761916407
0.002016458528174364
0.0020990906402528564
0.0016187301387801498
GEN 99 time 1598855175
0.001373854761916407
0.002016458528174364
0.0020990906402528564
0.0016187301387801498
GEN 100 time 1598855181
0.001373854761916407
0.002016458528174364
0.0020990906402528564
0.0016187301387801498
GEN 101 time 1598855188
0.001373854761916407
0.002016458528174364
0.0020990906402528564
0.0016187301387801498
GEN 102 time 1598855194
0.001373854761916407
0.002016458528174364
0.0020990906402528564
0.0016187301387801498
GEN 103 time 1598855201
0.001373854761916407
0.002016458528174364
0.0020990906402528564
0.0016187301387801498
GEN 104 time 1598855208
0.001373854761916407
0.002016458528174364
0.0020990906402528564
0.0016187301387801498
GEN 105 time 1598855214
0.001373854761916407
0.002016458528174364
0.0020990906402528564
0.0016187301387801498
GEN 106 time 1598855221
0.001373854761916407
0.002016458528174364
0.0020990906402528564
0.0016187301387801498
GEN 107 time 1598855227
0.001373854761916407
0.002016458528174364
0.0020990906402528564
0.0016187301387801498
GEN 108 time 1598855233
0.001373854761916407
0.002016458528174364
0.0020990906402528564
0.0016187301387801498
GEN 109 time 1598855241
0.001373854761916407
0.002016458528174364
0.0020990906402528564
0.0016187301387801498
GEN 110 time 1598855248
0.001373854761916407
0.002016458528174364
0.0020990906402528564
0.0016187301387801498
GEN 111 time 1598855255
0.001373854761916407
0.002016458528174364
0.0020990906402528564
0.0016187301387801498
GEN 112 time 1598855261
0.001373854761916407
0.002016458528174364
0.0020990906402528564
0.0016187301387801498
GEN 113 time 1598855267
0.001373854761916407
0.002016458528174364
0.0020990906402528564
0.0016187301387801498
GEN 114 time 1598855274
0.001373854761916407
0.002016458528174364
0.0020990906402528564
0.0016187301387801498
GEN 115 time 1598855280
0.001373854761916407
0.002016458528174364
0.0020990906402528564
0.0016187301387801498
GEN 116 time 1598855286
0.001373854761916407
0.002016458528174364
0.0020990906402528564
0.0016187301387801498
GEN 117 time 1598855292
0.001373854761916407
0.002016458528174364
0.0020990906402528564
0.0016187301387801498
GEN 118 time 1598855299
0.001373854761916407
0.002016458528174364
0.0020990906402528564
0.0016187301387801498
GEN 119 time 1598855305
0.001373854761916407
0.002016458528174364
0.0020990906402528564
0.0016187301387801498
GEN 120 time 1598855312
0.001373854761916407
0.002016458528174364
0.0020990906402528564
0.0016187301387801498
GEN 121 time 1598855318
0.001373854761916407
0.002016458528174364
0.0020990906402528564
0.0016187301387801498
GEN 122 time 1598855325
0.001373854761916407
0.002016458528174364
0.0020990906402528564
0.0016187301387801498
GEN 123 time 1598855332
0.001373854761916407
0.002016458528174364
0.0020990906402528564
0.0016187301387801498
GEN 124 time 1598855339
0.001373854761916407
0.002016458528174364
0.0020990906402528564
0.0016187301387801498
GEN 125 time 1598855345
0.001373854761916407
0.002016458528174364
0.0020990906402528564
0.0016187301387801498
GEN 126 time 1598855352
0.001373854761916407
0.002016458528174364
0.0020990906402528564
0.0016187301387801498
GEN 127 time 1598855359
0.001373854761916407
0.002016458528174364
0.0020990906402528564
0.0016187301387801498
GEN 128 time 1598855365
0.001373854761916407
0.0018184846757534183
0.0020990906402528564
0.0016187301387801498
GEN 129 time 1598855371
0.001373854761916407
0.0018184846757534183
0.0020990906402528564
0.0016187301387801498
GEN 130 time 1598855378
0.001373854761916407
0.0018184846757534183
0.0020990906402528564
0.0016187301387801498
GEN 131 time 1598855385
0.001373854761916407
0.0018184846757534183
0.0020990906402528564
0.0016187301387801498
GEN 132 time 1598855390
0.001373854761916407
0.0018184846757534183
0.0020990906402528564
0.0016187301387801498
GEN 133 time 1598855397
0.001373854761916407
0.0018184846757534183
0.0020990906402528564
0.0016187301387801498
GEN 134 time 1598855404
0.001373854761916407
0.0018184846757534183
0.0020990906402528564
0.0016187301387801498
GEN 135 time 1598855411
0.001373854761916407
0.0018184846757534183
0.0020990906402528564
0.0016187301387801498
GEN 136 time 1598855417
0.001373854761916407
0.0018184846757534183
0.0020990906402528564
0.0016187301387801498
GEN 137 time 1598855424
0.001373854761916407
0.0018184846757534183
0.0020990906402528564
0.0016187301387801498
GEN 138 time 1598855430
0.001373854761916407
0.0018184846757534183
0.0020990906402528564
0.0016187301387801498
GEN 139 time 1598855437
0.001373854761916407
0.0018184846757534183
0.0020990906402528564
0.0016187301387801498
GEN 140 time 1598855444
0.001373854761916407
0.0018184846757534183
0.0020990906402528564
0.0016187301387801498
GEN 141 time 1598855451
0.001373854761916407
0.0018184846757534183
0.0020990906402528564
0.0016187301387801498
GEN 142 time 1598855457
0.001373854761916407
0.0018184846757534183
0.0020990906402528564
0.0016187301387801498
GEN 143 time 1598855464
0.001373854761916407
0.0018184846757534183
0.0020990906402528564
0.0016187301387801498
GEN 144 time 1598855470
0.001373854761916407
0.0018184846757534183
0.0020990906402528564
0.0016187301387801498
GEN 145 time 1598855477
0.001373854761916407
0.0018184846757534183
0.0020990906402528564
0.0016187301387801498
GEN 146 time 1598855484
0.001373854761916407
0.0018184846757534183
0.0020990906402528564
0.0016187301387801498
GEN 147 time 1598855491
0.001373854761916407
0.0018184846757534183
0.0020990906402528564
0.0016187301387801498
GEN 148 time 1598855496
0.001373854761916407
0.0018184846757534183
0.0020990906402528564
0.0016187301387801498
GEN 149 time 1598855502
0.001373854761916407
0.0018184846757534183
0.0020990906402528564
0.0016187301387801498
GEN 150 time 1598855508
0.001373854761916407
0.0018184846757534183
0.0020990906402528564
0.0016187301387801498
GEN 151 time 1598855514
0.001373854761916407
0.0018184846757534183
0.0020990906402528564
0.0016187301387801498
GEN 152 time 1598855519
0.001373854761916407
0.0018184846757534183
0.0020990906402528564
0.0016187301387801498
GEN 153 time 1598855526
0.001373854761916407
0.0018184846757534183
0.0020990906402528564
0.0016187301387801498
GEN 154 time 1598855532
0.001373854761916407
0.0018184846757534183
0.0020990906402528564
0.0016187301387801498
GEN 155 time 1598855539
0.001373854761916407
0.0018184846757534183
0.0020990906402528564
0.0016187301387801498
GEN 156 time 1598855546
0.001373854761916407
0.0018184846757534183
0.0020990906402528564
0.0016187301387801498
GEN 157 time 1598855552
0.001373854761916407
0.0018184846757534183
0.0020990906402528564
0.0016187301387801498
GEN 158 time 1598855559
0.001373854761916407
0.0018184846757534183
0.0020990906402528564
0.0016187301387801498
GEN 159 time 1598855566
0.001373854761916407
0.0018184846757534183
0.0020990906402528564
0.0016187301387801498
GEN 160 time 1598855573
0.001373854761916407
0.0018184846757534183
0.0020990906402528564
0.0016187301387801498
GEN 161 time 1598855579
0.001373854761916407
0.0018184846757534183
0.0020990906402528564
0.0016187301387801498
GEN 162 time 1598855586
0.001373854761916407
0.0018184846757534183
0.0020990906402528564
0.0016187301387801498
GEN 163 time 1598855592
0.001373854761916407
0.0018184846757534183
0.0020990906402528564
0.0016187301387801498
GEN 164 time 1598855598
0.001373854761916407
0.0018184846757534183
0.0020990906402528564
0.0016187301387801498
GEN 165 time 1598855605
0.001373854761916407
0.0018184846757534183
0.0020990906402528564
0.0016187301387801498
GEN 166 time 1598855612
0.001373854761916407
0.0018184846757534183
0.0020990906402528564
0.0016187301387801498
GEN 167 time 1598855618
0.001373854761916407
0.0018184846757534183
0.0020990906402528564
0.0016187301387801498
GEN 168 time 1598855624
0.001373854761916407
0.0018184846757534183
0.0020990906402528564
0.0016187301387801498
GEN 169 time 1598855630
0.001373854761916407
0.0018184846757534183
0.0020990906402528564
0.0016187301387801498
GEN 170 time 1598855637
0.001373854761916407
0.0018184846757534183
0.0020990906402528564
0.0016187301387801498
GEN 171 time 1598855644
0.001373854761916407
0.0018184846757534183
0.0020990906402528564
0.0016187301387801498
GEN 172 time 1598855649
0.001373854761916407
0.0018184846757534183
0.0020990906402528564
0.0016187301387801498
GEN 173 time 1598855656
0.001373854761916407
0.0018184846757534183
0.0020990906402528564
0.0016187301387801498
GEN 174 time 1598855662
0.001373854761916407
0.0018184846757534183
0.0020990906402528564
0.0016187301387801498
GEN 175 time 1598855668
0.001373854761916407
0.0018184846757534183
0.0020990906402528564
0.0016187301387801498
GEN 176 time 1598855674
0.001373854761916407
0.0018184846757534183
0.0020990906402528564
0.0016187301387801498
GEN 177 time 1598855680
0.001373854761916407
0.0018184846757534183
0.0020990906402528564
0.0016187301387801498
GEN 178 time 1598855686
0.001373854761916407
0.0018184846757534183
0.0020990906402528564
0.0016187301387801498
GEN 179 time 1598855693
0.001373854761916407
0.0018184846757534183
0.0020990906402528564
0.0016187301387801498
GEN 180 time 1598855699
0.001373854761916407
0.0018184846757534183
0.0020990906402528564
0.0016187301387801498
GEN 181 time 1598855705
0.001373854761916407
0.0018184846757534183
0.0020990906402528564
0.0016187301387801498
GEN 182 time 1598855712
0.001373854761916407
0.0018184846757534183
0.0020990906402528564
0.0016187301387801498
GEN 183 time 1598855719
0.001373854761916407
0.0018184846757534183
0.0020990906402528564
0.0016187301387801498
GEN 184 time 1598855725
0.001373854761916407
0.0018184846757534183
0.0020990906402528564
0.0016187301387801498
GEN 185 time 1598855732
0.001373854761916407
0.0018184846757534183
0.0020990906402528564
0.0016187301387801498
GEN 186 time 1598855738
0.001373854761916407
0.0018184846757534183
0.0020990906402528564
0.0016187301387801498
GEN 187 time 1598855744
0.001373854761916407
0.0018184846757534183
0.0020990906402528564
0.0016187301387801498
GEN 188 time 1598855750
0.001373854761916407
0.0018184846757534183
0.0020990906402528564
0.0016187301387801498
GEN 189 time 1598855757
0.001373854761916407
0.0018184846757534183
0.0020990906402528564
0.0016187301387801498
GEN 190 time 1598855763
0.001373854761916407
0.0018184846757534183
0.0020990906402528564
0.0016187301387801498
GEN 191 time 1598855769
0.001373854761916407
0.0018184846757534183
0.0020990906402528564
0.0016187301387801498
GEN 192 time 1598855776
0.001373854761916407
0.0018184846757534183
0.0020990906402528564
0.0016187301387801498
GEN 193 time 1598855782
0.001373854761916407
0.0018184846757534183
0.0020990906402528564
0.0016187301387801498
GEN 194 time 1598855788
0.001373854761916407
0.0018184846757534183
0.0020990906402528564
0.0016187301387801498
GEN 195 time 1598855795
0.001373854761916407
0.0018184846757534183
0.0020990906402528564
0.0016187301387801498
GEN 196 time 1598855801
0.001373854761916407
0.0018184846757534183
0.0020990906402528564
0.0016187301387801498
GEN 197 time 1598855808
0.001373854761916407
0.0018184846757534183
0.0020990906402528564
0.0016187301387801498
GEN 198 time 1598855813
0.001373854761916407
0.0018184846757534183
0.0020990906402528564
0.0016187301387801498
GEN 199 time 1598855821
0.001373854761916407
0.0018184846757534183
0.0020990906402528564
0.0016187301387801498
