['./data/small/layer/uu-dem4_r25_1.json', './data/small/layer/uu-dem3_r25_1.json', './data/small/layer/uu-dem2_r25_1.json', './data/small/hop/uu-dem3_r25_1_0.json']
GEN 0 time 1599130284
0.0015532725531838558
0.0017058410808370235
0.0014747944620447592
0.0021958620934890137
GEN 1 time 1599130285
0.0015532725531838558
0.0017058410808370235
0.0014747944620447592
0.0021958620934890137
GEN 2 time 1599130288
0.0015532725531838558
0.0017058410808370235
0.001410201183902705
0.001974739298662805
GEN 3 time 1599130291
0.0015532725531838558
0.0017058410808370235
0.001410201183902705
0.001974739298662805
GEN 4 time 1599130294
0.0014584555404298799
0.0017058410808370235
0.001410201183902705
0.001974739298662805
GEN 5 time 1599130297
0.0014584555404298799
0.0017058410808370235
0.0013534573802287822
0.0019410842409077382
GEN 6 time 1599130300
0.0014584555404298799
0.0017058410808370235
0.0013534573802287822
0.0019410842409077382
GEN 7 time 1599130303
0.0014584555404298799
0.0017058410808370235
0.0013534573802287822
0.0019410842409077382
GEN 8 time 1599130307
0.0014584555404298799
0.0017058410808370235
0.0013534573802287822
0.0019410842409077382
GEN 9 time 1599130310
0.0014584555404298799
0.0017058410808370235
0.0013534573802287822
0.0019410842409077382
GEN 10 time 1599130313
0.0014584555404298799
0.0017058410808370235
0.0013534573802287822
0.0019410842409077382
GEN 11 time 1599130317
0.0014584555404298799
0.0017058410808370235
0.0013534573802287822
0.0019410842409077382
GEN 12 time 1599130320
0.0014584555404298799
0.0017058410808370235
0.0013534573802287822
0.001878234214658853
GEN 13 time 1599130324
0.0014584555404298799
0.0017058410808370235
0.0013534573802287822
0.001878234214658853
GEN 14 time 1599130327
0.0014584555404298799
0.0017058410808370235
0.0013534573802287822
0.001878234214658853
GEN 15 time 1599130331
0.0014584555404298799
0.0017058410808370235
0.0013534573802287822
0.001878234214658853
GEN 16 time 1599130334
0.0014584555404298799
0.0017058410808370235
0.0013534573802287822
0.001878234214658853
GEN 17 time 1599130337
0.0014584555404298799
0.0017058410808370235
0.001211576836695427
0.001878234214658853
GEN 18 time 1599130341
0.0014584555404298799
0.0017058410808370235
0.001211576836695427
0.001878234214658853
GEN 19 time 1599130344
0.0014584555404298799
0.0017058410808370235
0.001211576836695427
0.001878234214658853
GEN 20 time 1599130348
0.0014584555404298799
0.0017058410808370235
0.001211576836695427
0.001871447085525784
GEN 21 time 1599130351
0.0014584555404298799
0.0017058410808370235
0.001211576836695427
0.001871447085525784
GEN 22 time 1599130355
0.0014584555404298799
0.0017058410808370235
0.001211576836695427
0.001871447085525784
GEN 23 time 1599130358
0.0014584555404298799
0.0017058410808370235
0.001211576836695427
0.001871447085525784
GEN 24 time 1599130362
0.0014584555404298799
0.0017058410808370235
0.001211576836695427
0.001871447085525784
GEN 25 time 1599130366
0.0014584555404298799
0.0017058410808370235
0.001211576836695427
0.001871447085525784
GEN 26 time 1599130369
0.0014584555404298799
0.0017058410808370235
0.001211576836695427
0.001871447085525784
GEN 27 time 1599130373
0.0014584555404298799
0.0017058410808370235
0.001211576836695427
0.001871447085525784
GEN 28 time 1599130376
0.0014584555404298799
0.0017058410808370235
0.001211576836695427
0.001871447085525784
GEN 29 time 1599130380
0.0014584555404298799
0.0017058410808370235
0.001211576836695427
0.001871447085525784
GEN 30 time 1599130384
0.0014584555404298799
0.0017058410808370235
0.001211576836695427
0.001871447085525784
GEN 31 time 1599130387
0.0014584555404298799
0.0017058410808370235
0.001211576836695427
0.001871447085525784
GEN 32 time 1599130391
0.0014584555404298799
0.0017058410808370235
0.001211576836695427
0.001871447085525784
GEN 33 time 1599130394
0.0014584555404298799
0.0017058410808370235
0.001211576836695427
0.001871447085525784
GEN 34 time 1599130398
0.0014584555404298799
0.0017058410808370235
0.001211576836695427
0.0018166832029880944
GEN 35 time 1599130401
0.0014584555404298799
0.0017058410808370235
0.001211576836695427
0.0018166832029880944
GEN 36 time 1599130405
0.0014584555404298799
0.0017058410808370235
0.001211576836695427
0.0018166832029880944
GEN 37 time 1599130408
0.0014584555404298799
0.0017058410808370235
0.001211576836695427
0.0015256538472276752
GEN 38 time 1599130412
0.0014584555404298799
0.0017058410808370235
0.001211576836695427
0.0015256538472276752
GEN 39 time 1599130415
0.0014584555404298799
0.0017058410808370235
0.001211576836695427
0.0015256538472276752
GEN 40 time 1599130419
0.0014584555404298799
0.0017058410808370235
0.001211576836695427
0.0015256538472276752
GEN 41 time 1599130422
0.0014584555404298799
0.0017058410808370235
0.001211576836695427
0.0015256538472276752
GEN 42 time 1599130426
0.0014584555404298799
0.0017058410808370235
0.001211576836695427
0.0015256538472276752
GEN 43 time 1599130430
0.0014584555404298799
0.0017058410808370235
0.001211576836695427
0.0015256538472276752
GEN 44 time 1599130433
0.0014584555404298799
0.0017058410808370235
0.001211576836695427
0.0015256538472276752
GEN 45 time 1599130437
0.0014584555404298799
0.0017058410808370235
0.001211576836695427
0.0015256538472276752
GEN 46 time 1599130440
0.0014584555404298799
0.0017058410808370235
0.001211576836695427
0.0015256538472276752
GEN 47 time 1599130444
0.0014584555404298799
0.0017058410808370235
0.001211576836695427
0.0015256538472276752
GEN 48 time 1599130448
0.0014584555404298799
0.0017058410808370235
0.001211576836695427
0.0015256538472276752
GEN 49 time 1599130451
0.0014584555404298799
0.0017058410808370235
0.001211576836695427
0.0015256538472276752
GEN 50 time 1599130455
0.0014584555404298799
0.0017058410808370235
0.001211576836695427
0.0015256538472276752
GEN 51 time 1599130459
0.0014584555404298799
0.0017058410808370235
0.001211576836695427
0.0015256538472276752
GEN 52 time 1599130462
0.0014584555404298799
0.0017058410808370235
0.001211576836695427
0.0015256538472276752
GEN 53 time 1599130466
0.0014584555404298799
0.0017058410808370235
0.001197283056485359
0.0015256538472276752
GEN 54 time 1599130470
0.0014584555404298799
0.0017058410808370235
0.001197283056485359
0.0015256538472276752
GEN 55 time 1599130474
0.0014584555404298799
0.0017058410808370235
0.001197283056485359
0.0015256538472276752
GEN 56 time 1599130477
0.0014584555404298799
0.0017058410808370235
0.001197283056485359
0.0015256538472276752
GEN 57 time 1599130481
0.0014584555404298799
0.0017058410808370235
0.001197283056485359
0.0015256538472276752
GEN 58 time 1599130485
0.0014584555404298799
0.0017058410808370235
0.001197283056485359
0.0015256538472276752
GEN 59 time 1599130489
0.0014584555404298799
0.0017058410808370235
0.001197283056485359
0.0015256538472276752
GEN 60 time 1599130492
0.0014584555404298799
0.0017058410808370235
0.001197283056485359
0.0015256538472276752
GEN 61 time 1599130496
0.0014584555404298799
0.0017058410808370235
0.001197283056485359
0.0015256538472276752
GEN 62 time 1599130500
0.0014584555404298799
0.0017058410808370235
0.001197283056485359
0.0015256538472276752
GEN 63 time 1599130504
0.0014584555404298799
0.0017058410808370235
0.001197283056485359
0.0015256538472276752
GEN 64 time 1599130508
0.0014584555404298799
0.0017058410808370235
0.001197283056485359
0.0015256538472276752
GEN 65 time 1599130512
0.0014584555404298799
0.0017058410808370235
0.001197283056485359
0.0015256538472276752
GEN 66 time 1599130516
0.0014584555404298799
0.0017058410808370235
0.001197283056485359
0.0015256538472276752
GEN 67 time 1599130520
0.0014584555404298799
0.0017058410808370235
0.001197283056485359
0.0015256538472276752
GEN 68 time 1599130524
0.0014584555404298799
0.0017058410808370235
0.001197283056485359
0.0015256538472276752
GEN 69 time 1599130528
0.0014584555404298799
0.0017058410808370235
0.001197283056485359
0.0015256538472276752
GEN 70 time 1599130532
0.0014584555404298799
0.0017058410808370235
0.001197283056485359
0.0015256538472276752
GEN 71 time 1599130536
0.0014584555404298799
0.0017058410808370235
0.001197283056485359
0.0015256538472276752
GEN 72 time 1599130540
0.0014584555404298799
0.0017058410808370235
0.001197283056485359
0.0015256538472276752
GEN 73 time 1599130544
0.0014584555404298799
0.0017058410808370235
0.001197283056485359
0.0015256538472276752
GEN 74 time 1599130548
0.0014584555404298799
0.0017058410808370235
0.0011774485052093698
0.0015256538472276752
GEN 75 time 1599130552
0.0014584555404298799
0.0017058410808370235
0.0011774485052093698
0.0015256538472276752
GEN 76 time 1599130556
0.0014584555404298799
0.0017058410808370235
0.0011774485052093698
0.0015256538472276752
GEN 77 time 1599130560
0.0014584555404298799
0.0017058410808370235
0.0011774485052093698
0.0015256538472276752
GEN 78 time 1599130563
0.0014584555404298799
0.0017058410808370235
0.0011774485052093698
0.0015256538472276752
GEN 79 time 1599130567
0.0014584555404298799
0.0017058410808370235
0.0011774485052093698
0.0015256538472276752
GEN 80 time 1599130571
0.0014584555404298799
0.0017058410808370235
0.0011774485052093698
0.0015256538472276752
GEN 81 time 1599130575
0.0014584555404298799
0.0017058410808370235
0.0011774485052093698
0.0015256538472276752
GEN 82 time 1599130579
0.0014584555404298799
0.0017058410808370235
0.0011774485052093698
0.0015256538472276752
GEN 83 time 1599130583
0.0014584555404298799
0.0017058410808370235
0.0011774485052093698
0.0015256538472276752
GEN 84 time 1599130587
0.0014584555404298799
0.0017058410808370235
0.0011774485052093698
0.0015256538472276752
GEN 85 time 1599130591
0.0014584555404298799
0.0017058410808370235
0.0011774485052093698
0.0015256538472276752
GEN 86 time 1599130596
0.0014584555404298799
0.0017058410808370235
0.0011774485052093698
0.0015256538472276752
GEN 87 time 1599130599
0.0014584555404298799
0.0017058410808370235
0.0011774485052093698
0.0015256538472276752
GEN 88 time 1599130604
0.0014584555404298799
0.0017058410808370235
0.0011774485052093698
0.0015256538472276752
GEN 89 time 1599130607
0.0014584555404298799
0.0017058410808370235
0.0011774485052093698
0.0015256538472276752
GEN 90 time 1599130611
0.0014584555404298799
0.0017058410808370235
0.0011774485052093698
0.0015256538472276752
GEN 91 time 1599130615
0.0014584555404298799
0.0017058410808370235
0.0011774485052093698
0.0015256538472276752
GEN 92 time 1599130619
0.0014584555404298799
0.0017058410808370235
0.0011774485052093698
0.0015256538472276752
GEN 93 time 1599130623
0.0014584555404298799
0.0017058410808370235
0.0011774485052093698
0.0015256538472276752
GEN 94 time 1599130627
0.0014584555404298799
0.0017058410808370235
0.0011774485052093698
0.0015256538472276752
GEN 95 time 1599130631
0.0014584555404298799
0.0017058410808370235
0.0011774485052093698
0.0015256538472276752
GEN 96 time 1599130635
0.0014584555404298799
0.0017058410808370235
0.0011774485052093698
0.0015256538472276752
GEN 97 time 1599130639
0.0014584555404298799
0.0017058410808370235
0.0011774485052093698
0.0015256538472276752
GEN 98 time 1599130643
0.0014584555404298799
0.0017058410808370235
0.0011774485052093698
0.0015256538472276752
GEN 99 time 1599130647
0.0014584555404298799
0.0017058410808370235
0.0011774485052093698
0.0015256538472276752
GEN 100 time 1599130651
0.0014584555404298799
0.0017058410808370235
0.0011774485052093698
0.0015256538472276752
GEN 101 time 1599130655
0.0014584555404298799
0.0017058410808370235
0.0011774485052093698
0.0015256538472276752
GEN 102 time 1599130659
0.0014584555404298799
0.0017058410808370235
0.0011774485052093698
0.0015256538472276752
GEN 103 time 1599130663
0.0014584555404298799
0.0017058410808370235
0.0011774485052093698
0.0015256538472276752
GEN 104 time 1599130667
0.0014584555404298799
0.0017058410808370235
0.0011774485052093698
0.0015256538472276752
GEN 105 time 1599130671
0.0014584555404298799
0.0017058410808370235
0.0011774485052093698
0.0015256538472276752
GEN 106 time 1599130674
0.0014584555404298799
0.0017058410808370235
0.0011774485052093698
0.0015256538472276752
GEN 107 time 1599130678
0.0014584555404298799
0.0017058410808370235
0.0011774485052093698
0.0015256538472276752
GEN 108 time 1599130682
0.0014584555404298799
0.0017058410808370235
0.0011774485052093698
0.0015256538472276752
GEN 109 time 1599130686
0.0014584555404298799
0.0017058410808370235
0.0011774485052093698
0.0015256538472276752
GEN 110 time 1599130690
0.0014584555404298799
0.0017058410808370235
0.0011774485052093698
0.0015256538472276752
GEN 111 time 1599130694
0.0014584555404298799
0.0017058410808370235
0.0011774485052093698
0.0015256538472276752
GEN 112 time 1599130698
0.0014584555404298799
0.0017058410808370235
0.0011774485052093698
0.0015256538472276752
GEN 113 time 1599130702
0.0014584555404298799
0.0017058410808370235
0.0011774485052093698
0.0015256538472276752
GEN 114 time 1599130706
0.0014584555404298799
0.0017058410808370235
0.0011774485052093698
0.0015256538472276752
GEN 115 time 1599130710
0.0014584555404298799
0.0017058410808370235
0.0011774485052093698
0.0015256538472276752
GEN 116 time 1599130713
0.0014584555404298799
0.0017058410808370235
0.0011774485052093698
0.0015256538472276752
GEN 117 time 1599130717
0.0014584555404298799
0.0017058410808370235
0.0011774485052093698
0.0015256538472276752
GEN 118 time 1599130721
0.0014584555404298799
0.0017058410808370235
0.0011774485052093698
0.0015256538472276752
GEN 119 time 1599130725
0.0014584555404298799
0.0017058410808370235
0.0011774485052093698
0.0015256538472276752
GEN 120 time 1599130729
0.0014584555404298799
0.0017058410808370235
0.0011774485052093698
0.0015256538472276752
GEN 121 time 1599130733
0.0014584555404298799
0.0017058410808370235
0.0011774485052093698
0.0015256538472276752
GEN 122 time 1599130737
0.0014584555404298799
0.0017058410808370235
0.0011774485052093698
0.0015256538472276752
GEN 123 time 1599130741
0.0014584555404298799
0.0017058410808370235
0.0011774485052093698
0.0015256538472276752
GEN 124 time 1599130745
0.0014584555404298799
0.0017058410808370235
0.0011774485052093698
0.0015256538472276752
GEN 125 time 1599130749
0.0014584555404298799
0.0017058410808370235
0.0011714334893155446
0.0015256538472276752
GEN 126 time 1599130753
0.0014584555404298799
0.0017058410808370235
0.0011714334893155446
0.0015256538472276752
GEN 127 time 1599130756
0.0014584555404298799
0.0017058410808370235
0.0011714334893155446
0.0015256538472276752
GEN 128 time 1599130760
0.0014584555404298799
0.0017058410808370235
0.0011714334893155446
0.0015256538472276752
GEN 129 time 1599130764
0.0014584555404298799
0.0017058410808370235
0.0011714334893155446
0.0015256538472276752
GEN 130 time 1599130768
0.0014584555404298799
0.0017058410808370235
0.0011714334893155446
0.0015256538472276752
GEN 131 time 1599130773
0.0014584555404298799
0.0017058410808370235
0.0011714334893155446
0.0015256538472276752
GEN 132 time 1599130777
0.0014584555404298799
0.0017058410808370235
0.0011714334893155446
0.0015256538472276752
GEN 133 time 1599130781
0.0014584555404298799
0.0017058410808370235
0.0011714334893155446
0.0015256538472276752
GEN 134 time 1599130785
0.0014584555404298799
0.0017058410808370235
0.0011714334893155446
0.0015256538472276752
GEN 135 time 1599130789
0.0014584555404298799
0.0017058410808370235
0.0011714334893155446
0.0015256538472276752
GEN 136 time 1599130794
0.0014584555404298799
0.0017058410808370235
0.0011714334893155446
0.0015256538472276752
GEN 137 time 1599130798
0.0014584555404298799
0.0017058410808370235
0.0011714334893155446
0.0015256538472276752
GEN 138 time 1599130802
0.0014584555404298799
0.0017058410808370235
0.0011714334893155446
0.0015256538472276752
GEN 139 time 1599130807
0.0014584555404298799
0.0017058410808370235
0.0011714334893155446
0.0015256538472276752
GEN 140 time 1599130811
0.0014584555404298799
0.0017058410808370235
0.0011714334893155446
0.0015256538472276752
GEN 141 time 1599130816
0.0014584555404298799
0.0017058410808370235
0.0011714334893155446
0.0015256538472276752
GEN 142 time 1599130820
0.0014584555404298799
0.0017058410808370235
0.0011714334893155446
0.0015256538472276752
GEN 143 time 1599130824
0.0014584555404298799
0.0017058410808370235
0.0011714334893155446
0.0015256538472276752
GEN 144 time 1599130829
0.0014584555404298799
0.0017058410808370235
0.0011714334893155446
0.0015256538472276752
GEN 145 time 1599130833
0.0014584555404298799
0.0017058410808370235
0.0011714334893155446
0.0015256538472276752
GEN 146 time 1599130838
0.0014584555404298799
0.0017058410808370235
0.0011714334893155446
0.0015256538472276752
GEN 147 time 1599130842
0.0014584555404298799
0.0017058410808370235
0.0011714334893155446
0.0015256538472276752
GEN 148 time 1599130847
0.0014584555404298799
0.0017058410808370235
0.0011714334893155446
0.0015256538472276752
GEN 149 time 1599130851
0.0014584555404298799
0.0017058410808370235
0.0011714334893155446
0.0015256538472276752
GEN 150 time 1599130855
0.0014584555404298799
0.0017058410808370235
0.0011714334893155446
0.0015256538472276752
GEN 151 time 1599130860
0.0014584555404298799
0.0017058410808370235
0.0011714334893155446
0.0015256538472276752
GEN 152 time 1599130864
0.0014584555404298799
0.0017058410808370235
0.0011714334893155446
0.0015256538472276752
GEN 153 time 1599130868
0.0014584555404298799
0.0017058410808370235
0.0011714334893155446
0.0015256538472276752
GEN 154 time 1599130873
0.0014584555404298799
0.0017058410808370235
0.0011714334893155446
0.0015256538472276752
GEN 155 time 1599130877
0.0014584555404298799
0.0017058410808370235
0.0011714334893155446
0.0015256538472276752
GEN 156 time 1599130881
0.0014584555404298799
0.0017058410808370235
0.0011714334893155446
0.0015256538472276752
GEN 157 time 1599130885
0.0014584555404298799
0.0017058410808370235
0.0011714334893155446
0.0015256538472276752
GEN 158 time 1599130889
0.0014584555404298799
0.0017058410808370235
0.0011714334893155446
0.0015256538472276752
GEN 159 time 1599130893
0.0014584555404298799
0.0017058410808370235
0.0011714334893155446
0.0015256538472276752
GEN 160 time 1599130897
0.0014584555404298799
0.0017058410808370235
0.0011714334893155446
0.0015256538472276752
GEN 161 time 1599130902
0.0014584555404298799
0.0017058410808370235
0.0011714334893155446
0.0015256538472276752
GEN 162 time 1599130906
0.0014584555404298799
0.0017058410808370235
0.0011714334893155446
0.0015256538472276752
GEN 163 time 1599130910
0.0014584555404298799
0.0017058410808370235
0.0011714334893155446
0.0015256538472276752
GEN 164 time 1599130914
0.0014584555404298799
0.0017058410808370235
0.0011714334893155446
0.0015256538472276752
GEN 165 time 1599130919
0.0014584555404298799
0.0017058410808370235
0.0011714334893155446
0.0015256538472276752
GEN 166 time 1599130923
0.0014584555404298799
0.0017058410808370235
0.0011714334893155446
0.0015256538472276752
GEN 167 time 1599130928
0.0014584555404298799
0.0017058410808370235
0.0011714334893155446
0.0015256538472276752
GEN 168 time 1599130933
0.0014584555404298799
0.0017058410808370235
0.0011714334893155446
0.0015256538472276752
GEN 169 time 1599130937
0.0014584555404298799
0.0017058410808370235
0.0011714334893155446
0.0015256538472276752
GEN 170 time 1599130942
0.0014584555404298799
0.0017058410808370235
0.0011714334893155446
0.0015256538472276752
GEN 171 time 1599130946
0.0014584555404298799
0.0017058410808370235
0.0011714334893155446
0.0015256538472276752
GEN 172 time 1599130951
0.0014584555404298799
0.0017058410808370235
0.0011714334893155446
0.0015256538472276752
GEN 173 time 1599130955
0.0014584555404298799
0.0017058410808370235
0.0011714334893155446
0.0015256538472276752
GEN 174 time 1599130960
0.0014584555404298799
0.0017058410808370235
0.0011714334893155446
0.0015256538472276752
GEN 175 time 1599130964
0.0014584555404298799
0.0017058410808370235
0.0011714334893155446
0.0015256538472276752
GEN 176 time 1599130968
0.0014584555404298799
0.0017058410808370235
0.0011714334893155446
0.0015256538472276752
GEN 177 time 1599130973
0.0014584555404298799
0.0017058410808370235
0.0011714334893155446
0.0015256538472276752
GEN 178 time 1599130977
0.0014584555404298799
0.0017058410808370235
0.0011714334893155446
0.0015256538472276752
GEN 179 time 1599130981
0.0014584555404298799
0.0017058410808370235
0.0011714334893155446
0.0015256538472276752
GEN 180 time 1599130986
0.0014584555404298799
0.0017058410808370235
0.0011714334893155446
0.0015256538472276752
GEN 181 time 1599130990
0.0014584555404298799
0.0017058410808370235
0.0011714334893155446
0.0015256538472276752
GEN 182 time 1599130994
0.0014584555404298799
0.0017058410808370235
0.0011714334893155446
0.0015256538472276752
GEN 183 time 1599130999
0.0014584555404298799
0.0017058410808370235
0.0011714334893155446
0.0015256538472276752
GEN 184 time 1599131003
0.0014584555404298799
0.0017058410808370235
0.0011714334893155446
0.0015256538472276752
GEN 185 time 1599131008
0.0014584555404298799
0.0017058410808370235
0.0011714334893155446
0.0015256538472276752
GEN 186 time 1599131012
0.0014584555404298799
0.0017058410808370235
0.0011714334893155446
0.0015256538472276752
GEN 187 time 1599131016
0.0014584555404298799
0.0017058410808370235
0.0011714334893155446
0.0015256538472276752
GEN 188 time 1599131021
0.0014584555404298799
0.0017058410808370235
0.0011714334893155446
0.0015256538472276752
GEN 189 time 1599131025
0.0014584555404298799
0.0017058410808370235
0.0011714334893155446
0.0015256538472276752
GEN 190 time 1599131030
0.0014584555404298799
0.0017058410808370235
0.0011714334893155446
0.0015256538472276752
GEN 191 time 1599131034
0.0014584555404298799
0.0017058410808370235
0.0011714334893155446
0.0015256538472276752
GEN 192 time 1599131040
0.0014584555404298799
0.0017058410808370235
0.0011714334893155446
0.0015256538472276752
GEN 193 time 1599131044
0.0014584555404298799
0.0017058410808370235
0.0011714334893155446
0.0015256538472276752
GEN 194 time 1599131049
0.0014584555404298799
0.0017058410808370235
0.0011714334893155446
0.0015256538472276752
GEN 195 time 1599131053
0.0014584555404298799
0.0017058410808370235
0.0011714334893155446
0.0015256538472276752
GEN 196 time 1599131057
0.0014584555404298799
0.0017058410808370235
0.0011714334893155446
0.0015256538472276752
GEN 197 time 1599131062
0.0014584555404298799
0.0017058410808370235
0.0011714334893155446
0.0015256538472276752
GEN 198 time 1599131066
0.0014584555404298799
0.0017058410808370235
0.0011714334893155446
0.0015256538472276752
GEN 199 time 1599131071
0.0014584555404298799
0.0017058410808370235
0.0011714334893155446
0.0015256538472276752
