['./data/small/layer/uu-dem9_r25_1.json', './data/small/layer/uu-dem8_r25_1.json', './data/small/layer/uu-dem10_r25_1.json', './data/small/hop/uu-dem5_r25_1_0.json', './data/small/hop/uu-dem9_r25_1_0.json', './data/small/hop/uu-dem4_r25_1_0.json']
GEN 0 time 1599186695
0.002216911166457097
0.0019331241698611365
0.0022017549703438164
0.0021833089411533836
0.0028074880907068304
0.0018269175860854527
GEN 1 time 1599186698
0.002216911166457097
0.0019331241698611365
0.0022017549703438164
0.0021833089411533836
0.0028074880907068304
0.0018269175860854527
GEN 2 time 1599186701
0.0022134743549586814
0.0019331241698611365
0.0022017549703438164
0.0021833089411533836
0.0028074880907068304
0.0018269175860854527
GEN 3 time 1599186704
0.0022134743549586814
0.0019331241698611365
0.0022017549703438164
0.0021833089411533836
0.0028074880907068304
0.0018269175860854527
GEN 4 time 1599186707
0.0020207091383460784
0.0019331241698611365
0.0022017549703438164
0.0021833089411533836
0.0028033673996808246
0.0018269175860854527
GEN 5 time 1599186711
0.002000750810671921
0.0019331241698611365
0.002200235161043471
0.0021092637061255054
0.0028033673996808246
0.0018269175860854527
GEN 6 time 1599186714
0.002000750810671921
0.0019331241698611365
0.002200235161043471
0.0021092637061255054
0.0028033673996808246
0.0017728788496444831
GEN 7 time 1599186718
0.002000750810671921
0.0019331241698611365
0.0018122043816207161
0.0021092637061255054
0.002498881455347885
0.0017728788496444831
GEN 8 time 1599186722
0.002000750810671921
0.0019331241698611365
0.0018122043816207161
0.0020240587850739815
0.002498881455347885
0.0017728788496444831
GEN 9 time 1599186725
0.002000750810671921
0.0019331241698611365
0.0018122043816207161
0.0020240587850739815
0.002498881455347885
0.0017728788496444831
GEN 10 time 1599186729
0.002000750810671921
0.0019331241698611365
0.0018122043816207161
0.0020240587850739815
0.002498881455347885
0.0017728788496444831
GEN 11 time 1599186733
0.002000750810671921
0.0019331241698611365
0.0018122043816207161
0.0019059739226116288
0.002498881455347885
0.0017728788496444831
GEN 12 time 1599186737
0.002000750810671921
0.0019331241698611365
0.0018122043816207161
0.0019027658444607668
0.002298861455347885
0.0016873438010097709
GEN 13 time 1599186741
0.002000750810671921
0.0019331241698611365
0.0018122043816207161
0.0019027658444607668
0.002298861455347885
0.0016873438010097709
GEN 14 time 1599186744
0.002000750810671921
0.0019331241698611365
0.0016074198541744253
0.0019027658444607668
0.002298861455347885
0.0016873438010097709
GEN 15 time 1599186748
0.002000750810671921
0.0019331241698611365
0.0016074198541744253
0.0019027658444607668
0.002298861455347885
0.0016873438010097709
GEN 16 time 1599186752
0.002000750810671921
0.0019331241698611365
0.0016074198541744253
0.0018439667640872321
0.002298861455347885
0.0016873438010097709
GEN 17 time 1599186756
0.002000750810671921
0.0019331241698611365
0.0016074198541744253
0.0018439667640872321
0.002213218456388722
0.0015822689556475793
GEN 18 time 1599186760
0.002000750810671921
0.0019331241698611365
0.0016074198541744253
0.0018439667640872321
0.002213218456388722
0.0015822689556475793
GEN 19 time 1599186763
0.002000750810671921
0.0019331241698611365
0.0016074198541744253
0.0018439667640872321
0.002213218456388722
0.0015822689556475793
GEN 20 time 1599186767
0.002000750810671921
0.0019331241698611365
0.0016074198541744253
0.0018439667640872321
0.002213218456388722
0.0015822689556475793
GEN 21 time 1599186771
0.002000750810671921
0.0019331241698611365
0.0016074198541744253
0.0018439667640872321
0.002213218456388722
0.0015822689556475793
GEN 22 time 1599186774
0.002000750810671921
0.0019331241698611365
0.0016074198541744253
0.0018439667640872321
0.002213218456388722
0.0015822689556475793
GEN 23 time 1599186778
0.002000750810671921
0.0019331241698611365
0.0016074198541744253
0.0018439667640872321
0.002213218456388722
0.0015822689556475793
GEN 24 time 1599186782
0.002000750810671921
0.0019331241698611365
0.0016074198541744253
0.0017380627103349264
0.002213218456388722
0.0015822689556475793
GEN 25 time 1599186786
0.002000750810671921
0.0019331241698611365
0.0016074198541744253
0.0017380627103349264
0.002213218456388722
0.0015822689556475793
GEN 26 time 1599186789
0.002000750810671921
0.0019331241698611365
0.0016074198541744253
0.0017380627103349264
0.002213218456388722
0.0015822689556475793
GEN 27 time 1599186793
0.002000750810671921
0.0019331241698611365
0.0016074198541744253
0.0017380627103349264
0.002213218456388722
0.0015822689556475793
GEN 28 time 1599186797
0.002000750810671921
0.0019331241698611365
0.0016074198541744253
0.0017380627103349264
0.002213218456388722
0.0015822689556475793
GEN 29 time 1599186801
0.002000750810671921
0.0019331241698611365
0.0016074198541744253
0.0017380627103349264
0.002213218456388722
0.0015822689556475793
GEN 30 time 1599186805
0.002000750810671921
0.0019331241698611365
0.0016074198541744253
0.0017380627103349264
0.002213218456388722
0.0015822689556475793
GEN 31 time 1599186810
0.002000750810671921
0.0019331241698611365
0.0016074198541744253
0.0017380627103349264
0.002213218456388722
0.0015822689556475793
GEN 32 time 1599186815
0.002000750810671921
0.0019331241698611365
0.0016074198541744253
0.0017380627103349264
0.002213218456388722
0.0015822689556475793
GEN 33 time 1599186819
0.002000750810671921
0.0019331241698611365
0.0016074198541744253
0.0017380627103349264
0.002213218456388722
0.0015822689556475793
GEN 34 time 1599186823
0.002000750810671921
0.0019331241698611365
0.0016074198541744253
0.0017380627103349264
0.00205890353609556
0.0015822689556475793
GEN 35 time 1599186827
0.002000750810671921
0.0019331241698611365
0.0016074198541744253
0.0017380627103349264
0.00205890353609556
0.0015822689556475793
GEN 36 time 1599186831
0.002000750810671921
0.0019331241698611365
0.0016074198541744253
0.0017380627103349264
0.00205890353609556
0.001565682215456232
GEN 37 time 1599186835
0.002000750810671921
0.0019331241698611365
0.0016074198541744253
0.0017380627103349264
0.00205890353609556
0.001565682215456232
GEN 38 time 1599186839
0.002000750810671921
0.0019331241698611365
0.0016074198541744253
0.0017380627103349264
0.00205890353609556
0.001565682215456232
GEN 39 time 1599186843
0.002000750810671921
0.0019331241698611365
0.0016074198541744253
0.0017380627103349264
0.00205890353609556
0.001565682215456232
GEN 40 time 1599186847
0.002000750810671921
0.0019331241698611365
0.0016074198541744253
0.0017380627103349264
0.00205890353609556
0.001565682215456232
GEN 41 time 1599186851
0.002000750810671921
0.0019331241698611365
0.0016074198541744253
0.0017380627103349264
0.00205890353609556
0.001565682215456232
GEN 42 time 1599186855
0.002000750810671921
0.0019331241698611365
0.0016074198541744253
0.0017380627103349264
0.00205890353609556
0.001565682215456232
GEN 43 time 1599186859
0.002000750810671921
0.0019331241698611365
0.0016074198541744253
0.0017380627103349264
0.00205890353609556
0.001565682215456232
GEN 44 time 1599186864
0.002000750810671921
0.0019331241698611365
0.0016074198541744253
0.0017380627103349264
0.00205890353609556
0.001565682215456232
GEN 45 time 1599186868
0.002000750810671921
0.0019331241698611365
0.0016074198541744253
0.0017380627103349264
0.002046648363029541
0.001565682215456232
GEN 46 time 1599186872
0.002000750810671921
0.0019331241698611365
0.0016074198541744253
0.0017304633293745053
0.002046648363029541
0.001565682215456232
GEN 47 time 1599186876
0.002000750810671921
0.0019331241698611365
0.0016074198541744253
0.0017304633293745053
0.002046648363029541
0.001565682215456232
GEN 48 time 1599186880
0.002000750810671921
0.0019331241698611365
0.0016074198541744253
0.0017304633293745053
0.002046648363029541
0.001565682215456232
GEN 49 time 1599186884
0.002000750810671921
0.0019331241698611365
0.0016074198541744253
0.0017304633293745053
0.002046648363029541
0.001565682215456232
GEN 50 time 1599186889
0.002000750810671921
0.0019331241698611365
0.0016074198541744253
0.0017304633293745053
0.002046648363029541
0.001565682215456232
GEN 51 time 1599186892
0.002000750810671921
0.0019331241698611365
0.0016074198541744253
0.0017304633293745053
0.002046648363029541
0.001565682215456232
GEN 52 time 1599186896
0.002000750810671921
0.0019331241698611365
0.0016074198541744253
0.0017304633293745053
0.002046648363029541
0.001565682215456232
GEN 53 time 1599186900
0.002000750810671921
0.0019331241698611365
0.0016074198541744253
0.0017304633293745053
0.002046648363029541
0.001565682215456232
GEN 54 time 1599186904
0.002000750810671921
0.0019331241698611365
0.0016074198541744253
0.0017304633293745053
0.002046648363029541
0.001565682215456232
GEN 55 time 1599186908
0.002000750810671921
0.0019331241698611365
0.0016074198541744253
0.0017304633293745053
0.002046648363029541
0.001565682215456232
GEN 56 time 1599186912
0.002000750810671921
0.0019331241698611365
0.0016074198541744253
0.0017304633293745053
0.002046648363029541
0.001565682215456232
GEN 57 time 1599186915
0.002000750810671921
0.0019331241698611365
0.0016074198541744253
0.0017304633293745053
0.002046648363029541
0.001565682215456232
GEN 58 time 1599186919
0.002000750810671921
0.0019331241698611365
0.0016074198541744253
0.0017304633293745053
0.002046648363029541
0.001565682215456232
GEN 59 time 1599186923
0.002000750810671921
0.0019331241698611365
0.0016074198541744253
0.0017304633293745053
0.002046648363029541
0.001565682215456232
GEN 60 time 1599186927
0.002000750810671921
0.0019331241698611365
0.0016074198541744253
0.0017304633293745053
0.002046648363029541
0.001565682215456232
GEN 61 time 1599186931
0.002000750810671921
0.0019331241698611365
0.0016074198541744253
0.0017304633293745053
0.002046648363029541
0.001565682215456232
GEN 62 time 1599186934
0.002000750810671921
0.0019331241698611365
0.0016074198541744253
0.0017304633293745053
0.002046648363029541
0.001565682215456232
GEN 63 time 1599186938
0.002000750810671921
0.0019331241698611365
0.0016074198541744253
0.0017304633293745053
0.002046648363029541
0.001565682215456232
GEN 64 time 1599186942
0.002000750810671921
0.0019331241698611365
0.0016074198541744253
0.0017304633293745053
0.002046648363029541
0.001565682215456232
GEN 65 time 1599186946
0.002000750810671921
0.0019331241698611365
0.0016074198541744253
0.0017304633293745053
0.002046648363029541
0.001565682215456232
GEN 66 time 1599186949
0.002000750810671921
0.0019331241698611365
0.0016074198541744253
0.0017304633293745053
0.002046648363029541
0.001565682215456232
GEN 67 time 1599186953
0.002000750810671921
0.0019331241698611365
0.0016074198541744253
0.0017304633293745053
0.002046648363029541
0.0015434560699210615
GEN 68 time 1599186957
0.002000750810671921
0.0019331241698611365
0.0016074198541744253
0.0017304633293745053
0.002046648363029541
0.0015434560699210615
GEN 69 time 1599186961
0.002000750810671921
0.0019331241698611365
0.0016074198541744253
0.0017304633293745053
0.002046648363029541
0.0015434560699210615
GEN 70 time 1599186964
0.002000750810671921
0.0019331241698611365
0.0016074198541744253
0.0017304633293745053
0.002046648363029541
0.0015434560699210615
GEN 71 time 1599186968
0.002000750810671921
0.0019331241698611365
0.0016074198541744253
0.0017304633293745053
0.002046648363029541
0.0015434560699210615
GEN 72 time 1599186972
0.002000750810671921
0.0019331241698611365
0.0016074198541744253
0.0017304633293745053
0.0020282987491157417
0.0015434560699210615
GEN 73 time 1599186976
0.002000750810671921
0.0019331241698611365
0.0016074198541744253
0.0017304633293745053
0.0020282987491157417
0.0015434560699210615
GEN 74 time 1599186980
0.002000750810671921
0.0019331241698611365
0.0016074198541744253
0.0017304633293745053
0.002013198456388722
0.0015434560699210615
GEN 75 time 1599186984
0.002000750810671921
0.0019331241698611365
0.0016074198541744253
0.0017304633293745053
0.002013198456388722
0.0015434560699210615
GEN 76 time 1599186988
0.002000750810671921
0.0019331241698611365
0.0016074198541744253
0.0017304633293745053
0.002013198456388722
0.0015434560699210615
GEN 77 time 1599186992
0.002000750810671921
0.0019331241698611365
0.0016074198541744253
0.0017304633293745053
0.002013198456388722
0.0015434560699210615
GEN 78 time 1599186996
0.002000750810671921
0.0019331241698611365
0.0016074198541744253
0.0017304633293745053
0.002013198456388722
0.0015434560699210615
GEN 79 time 1599186999
0.002000750810671921
0.0019331241698611365
0.0016074198541744253
0.0017304633293745053
0.002013198456388722
0.0015434560699210615
GEN 80 time 1599187003
0.002000750810671921
0.0019331241698611365
0.0016074198541744253
0.0017304633293745053
0.002013198456388722
0.0015434560699210615
GEN 81 time 1599187007
0.002000750810671921
0.0019331241698611365
0.0016074198541744253
0.0017304633293745053
0.002013198456388722
0.0015434560699210615
GEN 82 time 1599187011
0.002000750810671921
0.0019331241698611365
0.0016074198541744253
0.0017304633293745053
0.002013198456388722
0.0015434560699210615
GEN 83 time 1599187015
0.002000750810671921
0.0019331241698611365
0.0016074198541744253
0.0017304633293745053
0.002013198456388722
0.0015434560699210615
GEN 84 time 1599187018
0.002000750810671921
0.0019331241698611365
0.0016074198541744253
0.0017304633293745053
0.002013198456388722
0.0015434560699210615
GEN 85 time 1599187023
0.002000750810671921
0.0019331241698611365
0.0016074198541744253
0.0017304633293745053
0.002013198456388722
0.0015434560699210615
GEN 86 time 1599187026
0.002000750810671921
0.0019331241698611365
0.0016074198541744253
0.0017304633293745053
0.002013198456388722
0.0015434560699210615
GEN 87 time 1599187030
0.002000750810671921
0.0019331241698611365
0.0016074198541744253
0.0017304633293745053
0.002013198456388722
0.0015434560699210615
GEN 88 time 1599187035
0.002000750810671921
0.0019331241698611365
0.0016074198541744253
0.0017304633293745053
0.002013198456388722
0.0015434560699210615
GEN 89 time 1599187039
0.002000750810671921
0.0019331241698611365
0.0016074198541744253
0.0017304633293745053
0.002013198456388722
0.0015434560699210615
GEN 90 time 1599187042
0.002000750810671921
0.0019331241698611365
0.0016074198541744253
0.0017304633293745053
0.002013198456388722
0.0015434560699210615
GEN 91 time 1599187046
0.002000750810671921
0.0019331241698611365
0.0016074198541744253
0.0017304633293745053
0.002013198456388722
0.0015434560699210615
GEN 92 time 1599187050
0.002000750810671921
0.0019331241698611365
0.0016074198541744253
0.0017304633293745053
0.002013198456388722
0.0015434560699210615
GEN 93 time 1599187054
0.002000750810671921
0.0019331241698611365
0.0016074198541744253
0.0017304633293745053
0.002013198456388722
0.0015434560699210615
GEN 94 time 1599187058
0.002000750810671921
0.0019331241698611365
0.0016074198541744253
0.0017304633293745053
0.002013198456388722
0.0015434560699210615
GEN 95 time 1599187061
0.002000750810671921
0.0019331241698611365
0.0016074198541744253
0.0017304633293745053
0.002013198456388722
0.0015434560699210615
GEN 96 time 1599187065
0.002000750810671921
0.0019331241698611365
0.0016074198541744253
0.0017304633293745053
0.002013198456388722
0.0015434560699210615
GEN 97 time 1599187069
0.002000750810671921
0.0019331241698611365
0.0016074198541744253
0.0017304633293745053
0.002013198456388722
0.0015434560699210615
GEN 98 time 1599187072
0.002000750810671921
0.0019331241698611365
0.0016074198541744253
0.0017304633293745053
0.002013198456388722
0.0015434560699210615
GEN 99 time 1599187076
0.002000750810671921
0.0019331241698611365
0.0016074198541744253
0.0017304633293745053
0.002013198456388722
0.0015434560699210615
GEN 100 time 1599187080
0.002000750810671921
0.0019331241698611365
0.0016074198541744253
0.0017304633293745053
0.002013198456388722
0.0015434560699210615
GEN 101 time 1599187084
0.002000750810671921
0.0019331241698611365
0.0016074198541744253
0.0017304633293745053
0.002013198456388722
0.0015434560699210615
GEN 102 time 1599187087
0.002000750810671921
0.0019331241698611365
0.0016074198541744253
0.0017304633293745053
0.002013198456388722
0.0015434560699210615
GEN 103 time 1599187091
0.002000750810671921
0.0019331241698611365
0.0016074198541744253
0.0017304633293745053
0.002013198456388722
0.0015434560699210615
GEN 104 time 1599187095
0.002000750810671921
0.0019331241698611365
0.0016074198541744253
0.0017304633293745053
0.002013198456388722
0.0015434560699210615
GEN 105 time 1599187099
0.002000750810671921
0.0019331241698611365
0.0016074198541744253
0.0017304633293745053
0.002013198456388722
0.0015434560699210615
GEN 106 time 1599187102
0.002000750810671921
0.0019331241698611365
0.0016074198541744253
0.0017304633293745053
0.002013198456388722
0.0015434560699210615
GEN 107 time 1599187106
0.002000750810671921
0.0019331241698611365
0.0016074198541744253
0.0017304633293745053
0.002013198456388722
0.0015434560699210615
GEN 108 time 1599187110
0.002000750810671921
0.0019331241698611365
0.0016074198541744253
0.0017304633293745053
0.002013198456388722
0.0015434560699210615
GEN 109 time 1599187114
0.002000750810671921
0.0019331241698611365
0.0016074198541744253
0.0017304633293745053
0.002013198456388722
0.0015434560699210615
GEN 110 time 1599187117
0.002000750810671921
0.0019331241698611365
0.0016074198541744253
0.0017304633293745053
0.002013198456388722
0.0015434560699210615
GEN 111 time 1599187121
0.002000750810671921
0.0019331241698611365
0.0016074198541744253
0.0017304633293745053
0.002013198456388722
0.0015434560699210615
GEN 112 time 1599187125
0.002000750810671921
0.0019331241698611365
0.0016074198541744253
0.0017304633293745053
0.002013198456388722
0.0015434560699210615
GEN 113 time 1599187128
0.002000750810671921
0.0019331241698611365
0.0016074198541744253
0.0017304633293745053
0.002013198456388722
0.0015434560699210615
GEN 114 time 1599187132
0.002000750810671921
0.0019331241698611365
0.0016074198541744253
0.0017304633293745053
0.002013198456388722
0.0015434560699210615
GEN 115 time 1599187136
0.002000750810671921
0.0019331241698611365
0.0016074198541744253
0.0017304633293745053
0.002013198456388722
0.0015434560699210615
GEN 116 time 1599187139
0.002000750810671921
0.0019331241698611365
0.0016074198541744253
0.0017304633293745053
0.002013198456388722
0.0015434560699210615
GEN 117 time 1599187143
0.002000750810671921
0.0019331241698611365
0.0016074198541744253
0.0017304633293745053
0.002013198456388722
0.0015434560699210615
GEN 118 time 1599187147
0.002000750810671921
0.0019331241698611365
0.0016074198541744253
0.0017304633293745053
0.002013198456388722
0.0015434560699210615
GEN 119 time 1599187151
0.002000750810671921
0.0019331241698611365
0.0016074198541744253
0.0017304633293745053
0.002013198456388722
0.0015434560699210615
GEN 120 time 1599187154
0.002000750810671921
0.0019331241698611365
0.0016074198541744253
0.0017304633293745053
0.002013198456388722
0.0015434560699210615
GEN 121 time 1599187158
0.002000750810671921
0.0019331241698611365
0.0016074198541744253
0.0017304633293745053
0.002013198456388722
0.0015434560699210615
GEN 122 time 1599187162
0.002000750810671921
0.0019331241698611365
0.0016074198541744253
0.0017304633293745053
0.002013198456388722
0.0015434560699210615
GEN 123 time 1599187166
0.002000750810671921
0.0019331241698611365
0.0016074198541744253
0.0017304633293745053
0.002013198456388722
0.0015434560699210615
GEN 124 time 1599187170
0.002000750810671921
0.0019331241698611365
0.0016074198541744253
0.0017304633293745053
0.002013198456388722
0.0015434560699210615
GEN 125 time 1599187173
0.002000750810671921
0.0019331241698611365
0.0016074198541744253
0.0017304633293745053
0.002013198456388722
0.0015434560699210615
GEN 126 time 1599187177
0.002000750810671921
0.0019331241698611365
0.0016074198541744253
0.0017304633293745053
0.002013198456388722
0.0015434560699210615
GEN 127 time 1599187181
0.002000750810671921
0.0019331241698611365
0.0016074198541744253
0.0017304633293745053
0.002013198456388722
0.0015434560699210615
GEN 128 time 1599187185
0.002000750810671921
0.0019331241698611365
0.0016074198541744253
0.0017304633293745053
0.002013198456388722
0.0015434560699210615
GEN 129 time 1599187189
0.002000750810671921
0.0019331241698611365
0.0016074198541744253
0.0017304633293745053
0.002013198456388722
0.0015434560699210615
GEN 130 time 1599187193
0.002000750810671921
0.0019331241698611365
0.0016074198541744253
0.0017304633293745053
0.002013198456388722
0.0015434560699210615
GEN 131 time 1599187197
0.002000750810671921
0.0019331241698611365
0.0016074198541744253
0.0017304633293745053
0.002013198456388722
0.0015434560699210615
GEN 132 time 1599187200
0.002000750810671921
0.0019331241698611365
0.0016074198541744253
0.0017304633293745053
0.002013198456388722
0.0015434560699210615
GEN 133 time 1599187204
0.002000750810671921
0.0019331241698611365
0.0016074198541744253
0.0017304633293745053
0.002013198456388722
0.0015434560699210615
GEN 134 time 1599187208
0.002000750810671921
0.0019331241698611365
0.0016074198541744253
0.0017304633293745053
0.002013198456388722
0.0015434560699210615
GEN 135 time 1599187212
0.002000750810671921
0.0019331241698611365
0.0016074198541744253
0.0017304633293745053
0.002013198456388722
0.0015434560699210615
GEN 136 time 1599187216
0.002000750810671921
0.0019331241698611365
0.0016074198541744253
0.0017304633293745053
0.002013198456388722
0.0015434560699210615
GEN 137 time 1599187220
0.002000750810671921
0.0019331241698611365
0.0016074198541744253
0.0017304633293745053
0.002013198456388722
0.0015434560699210615
GEN 138 time 1599187224
0.002000750810671921
0.0019331241698611365
0.0016074198541744253
0.0017304633293745053
0.002013198456388722
0.0015434560699210615
GEN 139 time 1599187228
0.002000750810671921
0.0019331241698611365
0.0016074198541744253
0.0017304633293745053
0.002013198456388722
0.0015434560699210615
GEN 140 time 1599187232
0.002000750810671921
0.0019331241698611365
0.0016074198541744253
0.0017304633293745053
0.002013198456388722
0.0015434560699210615
GEN 141 time 1599187236
0.002000750810671921
0.0019331241698611365
0.0016074198541744253
0.0017304633293745053
0.002013198456388722
0.0015434560699210615
GEN 142 time 1599187239
0.002000750810671921
0.0019331241698611365
0.0016074198541744253
0.0017304633293745053
0.002013198456388722
0.0015434560699210615
GEN 143 time 1599187243
0.002000750810671921
0.0019331241698611365
0.0016074198541744253
0.0017304633293745053
0.002013198456388722
0.0015434560699210615
GEN 144 time 1599187247
0.002000750810671921
0.0019331241698611365
0.0016074198541744253
0.0017304633293745053
0.002013198456388722
0.0015434560699210615
GEN 145 time 1599187251
0.002000750810671921
0.0019331241698611365
0.0016074198541744253
0.0017304633293745053
0.002013198456388722
0.0015434560699210615
GEN 146 time 1599187255
0.002000750810671921
0.0019331241698611365
0.0016074198541744253
0.0017304633293745053
0.002013198456388722
0.0015434560699210615
GEN 147 time 1599187259
0.002000750810671921
0.0019331241698611365
0.0016074198541744253
0.0017304633293745053
0.002013198456388722
0.0015434560699210615
GEN 148 time 1599187263
0.002000750810671921
0.0019331241698611365
0.0016074198541744253
0.0017304633293745053
0.002013198456388722
0.0015434560699210615
GEN 149 time 1599187267
0.002000750810671921
0.0019331241698611365
0.0016074198541744253
0.0017304633293745053
0.002013198456388722
0.0015434560699210615
GEN 150 time 1599187271
0.002000750810671921
0.0019331241698611365
0.0016074198541744253
0.0017304633293745053
0.002013198456388722
0.0015434560699210615
GEN 151 time 1599187275
0.002000750810671921
0.0019331241698611365
0.0016074198541744253
0.0017304633293745053
0.002013198456388722
0.0015434560699210615
GEN 152 time 1599187279
0.002000750810671921
0.0019331241698611365
0.0016074198541744253
0.0017304633293745053
0.002013198456388722
0.0015434560699210615
GEN 153 time 1599187283
0.002000750810671921
0.0019331241698611365
0.0016074198541744253
0.0017304633293745053
0.002013198456388722
0.0015434560699210615
GEN 154 time 1599187287
0.002000750810671921
0.0019331241698611365
0.0016074198541744253
0.0017304633293745053
0.002013198456388722
0.0015434560699210615
GEN 155 time 1599187291
0.002000750810671921
0.0019331241698611365
0.0016074198541744253
0.0017304633293745053
0.002013198456388722
0.0015434560699210615
GEN 156 time 1599187295
0.002000750810671921
0.0019331241698611365
0.0016074198541744253
0.0017304633293745053
0.002013198456388722
0.0015434560699210615
GEN 157 time 1599187299
0.002000750810671921
0.0019331241698611365
0.0016074198541744253
0.0017304633293745053
0.002013198456388722
0.0015434560699210615
GEN 158 time 1599187303
0.002000750810671921
0.0019331241698611365
0.0016074198541744253
0.0017304633293745053
0.002013198456388722
0.0015434560699210615
GEN 159 time 1599187307
0.002000750810671921
0.0019331241698611365
0.0016074198541744253
0.0017304633293745053
0.002013198456388722
0.0015434560699210615
GEN 160 time 1599187311
0.002000750810671921
0.0019331241698611365
0.0016074198541744253
0.0017304633293745053
0.002013198456388722
0.0015434560699210615
GEN 161 time 1599187315
0.002000750810671921
0.0019331241698611365
0.0016074198541744253
0.0017304633293745053
0.002013198456388722
0.0015434560699210615
GEN 162 time 1599187319
0.002000750810671921
0.0019331241698611365
0.0016074198541744253
0.0017304633293745053
0.002013198456388722
0.0015434560699210615
GEN 163 time 1599187323
0.002000750810671921
0.0019331241698611365
0.0016074198541744253
0.0017304633293745053
0.002013198456388722
0.0015434560699210615
GEN 164 time 1599187327
0.002000750810671921
0.0019331241698611365
0.0016074198541744253
0.0017304633293745053
0.002013198456388722
0.0015434560699210615
GEN 165 time 1599187331
0.002000750810671921
0.0019331241698611365
0.0016074198541744253
0.0017304633293745053
0.002013198456388722
0.0015434560699210615
GEN 166 time 1599187335
0.002000750810671921
0.0019331241698611365
0.0016074198541744253
0.0017304633293745053
0.002013198456388722
0.0015434560699210615
GEN 167 time 1599187339
0.002000750810671921
0.0019331241698611365
0.0016074198541744253
0.0017304633293745053
0.002013198456388722
0.0015434560699210615
GEN 168 time 1599187343
0.002000750810671921
0.0019331241698611365
0.0016074198541744253
0.0017304633293745053
0.002013198456388722
0.0015434560699210615
GEN 169 time 1599187347
0.002000750810671921
0.0019331241698611365
0.0016074198541744253
0.0017304633293745053
0.002013198456388722
0.0015434560699210615
GEN 170 time 1599187351
0.002000750810671921
0.0019331241698611365
0.0016074198541744253
0.0017304633293745053
0.002013198456388722
0.0015434560699210615
GEN 171 time 1599187355
0.002000750810671921
0.0019331241698611365
0.0016074198541744253
0.0017304633293745053
0.002013198456388722
0.0015434560699210615
GEN 172 time 1599187359
0.002000750810671921
0.0019331241698611365
0.0016074198541744253
0.0017304633293745053
0.002013198456388722
0.0015434560699210615
GEN 173 time 1599187363
0.002000750810671921
0.0019331241698611365
0.0016074198541744253
0.0017304633293745053
0.002013198456388722
0.0015434560699210615
GEN 174 time 1599187367
0.002000750810671921
0.0019331241698611365
0.0016074198541744253
0.0017304633293745053
0.002013198456388722
0.0015434560699210615
GEN 175 time 1599187371
0.002000750810671921
0.0019331241698611365
0.0016074198541744253
0.0017304633293745053
0.002013198456388722
0.0015434560699210615
GEN 176 time 1599187375
0.002000750810671921
0.0019331241698611365
0.0016074198541744253
0.0017304633293745053
0.002013198456388722
0.0015434560699210615
GEN 177 time 1599187379
0.002000750810671921
0.0019331241698611365
0.0016074198541744253
0.0017304633293745053
0.002013198456388722
0.0015434560699210615
GEN 178 time 1599187383
0.002000750810671921
0.0019331241698611365
0.0016074198541744253
0.0017304633293745053
0.002013198456388722
0.0015434560699210615
GEN 179 time 1599187387
0.002000750810671921
0.0019331241698611365
0.0016074198541744253
0.0017304633293745053
0.002013198456388722
0.0015434560699210615
GEN 180 time 1599187391
0.002000750810671921
0.0019331241698611365
0.0016074198541744253
0.0017304633293745053
0.002013198456388722
0.0015434560699210615
GEN 181 time 1599187395
0.002000750810671921
0.0019331241698611365
0.0016074198541744253
0.0017304633293745053
0.002013198456388722
0.0015434560699210615
GEN 182 time 1599187398
0.002000750810671921
0.0019331241698611365
0.0016074198541744253
0.0017304633293745053
0.002013198456388722
0.0015434560699210615
GEN 183 time 1599187402
0.002000750810671921
0.0019331241698611365
0.0016074198541744253
0.0017304633293745053
0.002013198456388722
0.0015434560699210615
GEN 184 time 1599187406
0.002000750810671921
0.0019331241698611365
0.0016074198541744253
0.0017304633293745053
0.002013198456388722
0.0015434560699210615
GEN 185 time 1599187410
0.002000750810671921
0.0019331241698611365
0.0016074198541744253
0.0017304633293745053
0.002013198456388722
0.0015434560699210615
GEN 186 time 1599187414
0.002000750810671921
0.0019331241698611365
0.0016074198541744253
0.0017304633293745053
0.002013198456388722
0.0015434560699210615
GEN 187 time 1599187418
0.002000750810671921
0.0019331241698611365
0.0016074198541744253
0.0017304633293745053
0.002013198456388722
0.0015434560699210615
GEN 188 time 1599187421
0.002000750810671921
0.0019331241698611365
0.0016074198541744253
0.0017304633293745053
0.002013198456388722
0.0015434560699210615
GEN 189 time 1599187425
0.002000750810671921
0.0019331241698611365
0.0016074198541744253
0.0017304633293745053
0.002013198456388722
0.0015434560699210615
GEN 190 time 1599187429
0.002000750810671921
0.0019331241698611365
0.0016074198541744253
0.0017304633293745053
0.002013198456388722
0.0015434560699210615
GEN 191 time 1599187433
0.002000750810671921
0.0019331241698611365
0.0016074198541744253
0.0017304633293745053
0.002013198456388722
0.0015434560699210615
GEN 192 time 1599187437
0.002000750810671921
0.0019331241698611365
0.0016074198541744253
0.0017304633293745053
0.002013198456388722
0.0015434560699210615
GEN 193 time 1599187441
0.002000750810671921
0.0019331241698611365
0.0016074198541744253
0.0017304633293745053
0.002013198456388722
0.0015434560699210615
GEN 194 time 1599187444
0.002000750810671921
0.0019331241698611365
0.0016074198541744253
0.0017304633293745053
0.002013198456388722
0.0015434560699210615
GEN 195 time 1599187448
0.002000750810671921
0.0019331241698611365
0.0016074198541744253
0.0017304633293745053
0.002013198456388722
0.0015434560699210615
GEN 196 time 1599187452
0.002000750810671921
0.0019331241698611365
0.0016074198541744253
0.0017304633293745053
0.002013198456388722
0.0015434560699210615
GEN 197 time 1599187456
0.002000750810671921
0.0019331241698611365
0.0016074198541744253
0.0017304633293745053
0.002013198456388722
0.0015434560699210615
GEN 198 time 1599187459
0.002000750810671921
0.0019331241698611365
0.0016074198541744253
0.0017304633293745053
0.002013198456388722
0.0015434560699210615
GEN 199 time 1599187463
0.002000750810671921
0.0019331241698611365
0.0016074198541744253
0.0017304633293745053
0.002013198456388722
0.0015434560699210615
