['./data/small/layer/ga-dem7_r25_1.json', './data/small/layer/ga-dem6_r25_1.json', './data/small/layer/ga-dem2_r25_1.json', './data/small/hop/ga-dem7_r25_1_0.json', './data/small/hop/ga-dem8_r25_1_0.json', './data/small/hop/ga-dem2_r25_1_0.json']
GEN 0 time 1598869326
0.0018354947943369385
0.0022014360575609987
0.0022321334133459624
0.002897826066153131
0.0033074560790278262
0.002808095369732597
GEN 1 time 1598869331
0.0018067351386309724
0.0022014360575609987
0.0022321334133459624
0.0025664704938268895
0.0033074560790278262
0.002808095369732597
GEN 2 time 1598869336
0.0018067351386309724
0.0022014360575609987
0.0022321334133459624
0.0025664704938268895
0.0033074560790278262
0.002808095369732597
GEN 3 time 1598869342
0.0018067351386309724
0.0018310169499133945
0.0022321334133459624
0.0025664704938268895
0.00327359413807146
0.002808095369732597
GEN 4 time 1598869349
0.0018067351386309724
0.0018310169499133945
0.0022321334133459624
0.0025664704938268895
0.00327359413807146
0.0024602427668179135
GEN 5 time 1598869355
0.0018067351386309724
0.001830185812845651
0.002000399527311251
0.0025664704938268895
0.00305421358783874
0.0024602427668179135
GEN 6 time 1598869362
0.0018067351386309724
0.001630165812845651
0.002000399527311251
0.0025664704938268895
0.00265417358783874
0.0024602427668179135
GEN 7 time 1598869368
0.0018067351386309724
0.001630165812845651
0.002000399527311251
0.0025664704938268895
0.00265417358783874
0.0024602427668179135
GEN 8 time 1598869375
0.0018067351386309724
0.001630165812845651
0.002000399527311251
0.0025664704938268895
0.00265417358783874
0.0024602427668179135
GEN 9 time 1598869381
0.0018067351386309724
0.001630165812845651
0.002000399527311251
0.0022924656914104138
0.00265417358783874
0.0024602427668179135
GEN 10 time 1598869388
0.0018067351386309724
0.001630165812845651
0.002000399527311251
0.0022924656914104138
0.00265417358783874
0.0024602427668179135
GEN 11 time 1598869395
0.0018067351386309724
0.001630165812845651
0.002000399527311251
0.0022924656914104138
0.00265417358783874
0.0024602427668179135
GEN 12 time 1598869402
0.0018067351386309724
0.001630165812845651
0.002000399527311251
0.0022924656914104138
0.00265417358783874
0.0024602427668179135
GEN 13 time 1598869409
0.0018067351386309724
0.001630165812845651
0.002000399527311251
0.0022924656914104138
0.00265417358783874
0.0024602427668179135
GEN 14 time 1598869415
0.0016067151386309725
0.0016270160315178988
0.002000399527311251
0.0022924656914104138
0.00265417358783874
0.0024602427668179135
GEN 15 time 1598869422
0.0016067151386309725
0.0014269960315178988
0.002000399527311251
0.0021963206155454903
0.00265417358783874
0.0024602427668179135
GEN 16 time 1598869429
0.0016067151386309725
0.0014269960315178988
0.002000399527311251
0.0021963206155454903
0.00265417358783874
0.0024602427668179135
GEN 17 time 1598869437
0.0016067151386309725
0.0014269960315178988
0.002000399527311251
0.0021963206155454903
0.00265417358783874
0.0024602427668179135
GEN 18 time 1598869444
0.0016067151386309725
0.0014269960315178988
0.001800641907486522
0.0021963206155454903
0.00265417358783874
0.0024602427668179135
GEN 19 time 1598869450
0.0016067151386309725
0.0014269960315178988
0.001800641907486522
0.0021963206155454903
0.00265417358783874
0.0024602427668179135
GEN 20 time 1598869458
0.0016067151386309725
0.0014269960315178988
0.001800379527311251
0.0020083669566180956
0.00225413358783874
0.0024602427668179135
GEN 21 time 1598869466
0.0016067151386309725
0.0014269960315178988
0.001800379527311251
0.0020083669566180956
0.00225413358783874
0.0024602427668179135
GEN 22 time 1598869473
0.0014230681148967013
0.0014269960315178988
0.001800379527311251
0.0020083669566180956
0.00225413358783874
0.0024602427668179135
GEN 23 time 1598869482
0.0014230681148967013
0.0014269960315178988
0.001800379527311251
0.0020083669566180956
0.00225413358783874
0.0024602427668179135
GEN 24 time 1598869489
0.0014230681148967013
0.0014269960315178988
0.001800379527311251
0.0020083669566180956
0.00225413358783874
0.0024602427668179135
GEN 25 time 1598869497
0.0014230681148967013
0.0014269960315178988
0.001800379527311251
0.0016214386480912378
0.00225413358783874
0.0024602427668179135
GEN 26 time 1598869504
0.0014230681148967013
0.0014269960315178988
0.001800379527311251
0.0016214386480912378
0.00225413358783874
0.0024602427668179135
GEN 27 time 1598869511
0.0014230681148967013
0.0014269960315178988
0.001800379527311251
0.0016214386480912378
0.00225413358783874
0.0024602427668179135
GEN 28 time 1598869519
0.0014230681148967013
0.0014269960315178988
0.001800379527311251
0.0016214386480912378
0.00225413358783874
0.0024602427668179135
GEN 29 time 1598869525
0.0014230681148967013
0.0014269960315178988
0.001800379527311251
0.0016214386480912378
0.00225413358783874
0.0024602427668179135
GEN 30 time 1598869533
0.0014230681148967013
0.0014269960315178988
0.0014065335295820336
0.0016214386480912378
0.00225413358783874
0.0024602427668179135
GEN 31 time 1598869540
0.0014230681148967013
0.0014269960315178988
0.0014065335295820336
0.0016214386480912378
0.00225413358783874
0.0024602427668179135
GEN 32 time 1598869547
0.0014230681148967013
0.0014269960315178988
0.0014065335295820336
0.0016214386480912378
0.00225413358783874
0.0024602427668179135
GEN 33 time 1598869554
0.0014230681148967013
0.0014269960315178988
0.0014065335295820336
0.0016214386480912378
0.00225413358783874
0.0024602427668179135
GEN 34 time 1598869561
0.0014230681148967013
0.0014269960315178988
0.0014065335295820336
0.0016214386480912378
0.00225413358783874
0.0024602427668179135
GEN 35 time 1598869569
0.0014230681148967013
0.0014269960315178988
0.0014065335295820336
0.0016214386480912378
0.00225413358783874
0.0024602427668179135
GEN 36 time 1598869575
0.0014230681148967013
0.0014269960315178988
0.0014065335295820336
0.0016214386480912378
0.00225413358783874
0.0024602427668179135
GEN 37 time 1598869583
0.0014230681148967013
0.0014269960315178988
0.0014065335295820336
0.0016214386480912378
0.00225413358783874
0.0024602427668179135
GEN 38 time 1598869590
0.0014230681148967013
0.0014269960315178988
0.0014065335295820336
0.0016214386480912378
0.0021376334997600006
0.0024602427668179135
GEN 39 time 1598869597
0.0014230681148967013
0.0014269960315178988
0.0014065335295820336
0.0016214386480912378
0.0021376334997600006
0.0024602427668179135
GEN 40 time 1598869604
0.0014230681148967013
0.0014269960315178988
0.0014065335295820336
0.0016214386480912378
0.0021376334997600006
0.0024602427668179135
GEN 41 time 1598869613
0.0014230681148967013
0.0014269960315178988
0.0014065335295820336
0.0016214386480912378
0.0021376334997600006
0.0024602427668179135
GEN 42 time 1598869621
0.0014230681148967013
0.0014269960315178988
0.0014065335295820336
0.0016214386480912378
0.0021376334997600006
0.0024602427668179135
GEN 43 time 1598869628
0.0014230681148967013
0.0014269960315178988
0.0014065335295820336
0.0016214386480912378
0.0021376334997600006
0.0024602427668179135
GEN 44 time 1598869636
0.0014230681148967013
0.0014269960315178988
0.0014065335295820336
0.0016214386480912378
0.0021376334997600006
0.0024602427668179135
GEN 45 time 1598869643
0.0014230681148967013
0.0014269960315178988
0.0014065335295820336
0.0016214386480912378
0.0021376334997600006
0.0024602427668179135
GEN 46 time 1598869651
0.0014230681148967013
0.0014269960315178988
0.0014065335295820336
0.0016214386480912378
0.0021376334997600006
0.002280530174754531
GEN 47 time 1598869658
0.0014230681148967013
0.0014269960315178988
0.0014065335295820336
0.0016214386480912378
0.0021376334997600006
0.002280530174754531
GEN 48 time 1598869667
0.0014230681148967013
0.0014269960315178988
0.0014065335295820336
0.0016214386480912378
0.0021376334997600006
0.002280530174754531
GEN 49 time 1598869674
0.0014230681148967013
0.0014269960315178988
0.0012065135295820334
0.0016214386480912378
0.0021376334997600006
0.002280530174754531
GEN 50 time 1598869682
0.0014230681148967013
0.0014269960315178988
0.0012065135295820334
0.0016214386480912378
0.0021376334997600006
0.002280530174754531
GEN 51 time 1598869689
0.0014230681148967013
0.0014269960315178988
0.0012065135295820334
0.0016214386480912378
0.0021376334997600006
0.002280530174754531
GEN 52 time 1598869697
0.0014230681148967013
0.0014269960315178988
0.0012065135295820334
0.0016214386480912378
0.0021376334997600006
0.002280530174754531
GEN 53 time 1598869705
0.0014230681148967013
0.0014269960315178988
0.0012065135295820334
0.0016051113657774244
0.0021376334997600006
0.002280530174754531
GEN 54 time 1598869712
0.0014230681148967013
0.0014269960315178988
0.0012065135295820334
0.0016051113657774244
0.0021376334997600006
0.002280530174754531
GEN 55 time 1598869720
0.0014230681148967013
0.0014269960315178988
0.0012065135295820334
0.0016051113657774244
0.0021376334997600006
0.002280530174754531
GEN 56 time 1598869728
0.0014230681148967013
0.0014269960315178988
0.0012065135295820334
0.0016051113657774244
0.0021376334997600006
0.002280530174754531
GEN 57 time 1598869734
0.0014230681148967013
0.0014269960315178988
0.0012065135295820334
0.0016051113657774244
0.0021376334997600006
0.002280530174754531
GEN 58 time 1598869742
0.0014230681148967013
0.0014269960315178988
0.0012065135295820334
0.0016051113657774244
0.0021376334997600006
0.002280530174754531
GEN 59 time 1598869749
0.0014230681148967013
0.0014269960315178988
0.0012065135295820334
0.0016051113657774244
0.0021376334997600006
0.002280530174754531
GEN 60 time 1598869756
0.0014230681148967013
0.0014269960315178988
0.0012065135295820334
0.0016051113657774244
0.0021376334997600006
0.002280530174754531
GEN 61 time 1598869763
0.0014230681148967013
0.0014269960315178988
0.0012065135295820334
0.0016051113657774244
0.0021376334997600006
0.002280530174754531
GEN 62 time 1598869770
0.0014230681148967013
0.0014269960315178988
0.0012065135295820334
0.0016051113657774244
0.0021376334997600006
0.002280530174754531
GEN 63 time 1598869778
0.0014230681148967013
0.0014269960315178988
0.0012065135295820334
0.0016051113657774244
0.0021376334997600006
0.002280530174754531
GEN 64 time 1598869785
0.0014230681148967013
0.0014269960315178988
0.0012065135295820334
0.0016051113657774244
0.0021376334997600006
0.002280530174754531
GEN 65 time 1598869793
0.0014230681148967013
0.0014269960315178988
0.0012065135295820334
0.0016051113657774244
0.0021376334997600006
0.002280530174754531
GEN 66 time 1598869800
0.0014230681148967013
0.0014269960315178988
0.0012065135295820334
0.0016051113657774244
0.0021376334997600006
0.002280530174754531
GEN 67 time 1598869808
0.0014230681148967013
0.0014269960315178988
0.0012065135295820334
0.0016051113657774244
0.0021376334997600006
0.002280530174754531
GEN 68 time 1598869815
0.0014230681148967013
0.0014269960315178988
0.0012065135295820334
0.0016051113657774244
0.0021376334997600006
0.002280530174754531
GEN 69 time 1598869823
0.0014230681148967013
0.0014269960315178988
0.0012065135295820334
0.0016051113657774244
0.0021376334997600006
0.002280530174754531
GEN 70 time 1598869830
0.0014230681148967013
0.0014269960315178988
0.0012065135295820334
0.0016051113657774244
0.0021376334997600006
0.002280530174754531
GEN 71 time 1598869838
0.0014230681148967013
0.0014269960315178988
0.0012065135295820334
0.0016051113657774244
0.0021376334997600006
0.002280530174754531
GEN 72 time 1598869844
0.0014230681148967013
0.0014269960315178988
0.0012065135295820334
0.0016051113657774244
0.0021376334997600006
0.002280530174754531
GEN 73 time 1598869851
0.0014230681148967013
0.0014269960315178988
0.0012065135295820334
0.0016051113657774244
0.002118708339481696
0.002280530174754531
GEN 74 time 1598869858
0.0014230681148967013
0.0014269960315178988
0.0012065135295820334
0.0016051113657774244
0.002118708339481696
0.002280530174754531
GEN 75 time 1598869865
0.0014230681148967013
0.0014269960315178988
0.0012065135295820334
0.0016051113657774244
0.002118708339481696
0.002280530174754531
GEN 76 time 1598869871
0.0014230681148967013
0.0014269960315178988
0.0012065135295820334
0.0016051113657774244
0.002118708339481696
0.002280530174754531
GEN 77 time 1598869878
0.0014230681148967013
0.0014269960315178988
0.0012065135295820334
0.0016051113657774244
0.002118708339481696
0.002280530174754531
GEN 78 time 1598869886
0.0014230681148967013
0.0014269960315178988
0.0012065135295820334
0.0016051113657774244
0.002118708339481696
0.002280530174754531
GEN 79 time 1598869893
0.0014230681148967013
0.0014269960315178988
0.0012065135295820334
0.0016051113657774244
0.002118708339481696
0.002280530174754531
GEN 80 time 1598869899
0.0014230681148967013
0.0014269960315178988
0.0012065135295820334
0.0016051113657774244
0.002118708339481696
0.002280530174754531
GEN 81 time 1598869906
0.0014230681148967013
0.0014269960315178988
0.0012065135295820334
0.0016051113657774244
0.002118708339481696
0.002280530174754531
GEN 82 time 1598869913
0.0014230681148967013
0.0014269960315178988
0.0012065135295820334
0.0016051113657774244
0.002118708339481696
0.002280530174754531
GEN 83 time 1598869919
0.0014230681148967013
0.0014269960315178988
0.0012065135295820334
0.0016051113657774244
0.002118708339481696
0.002280530174754531
GEN 84 time 1598869926
0.0014230681148967013
0.0014269960315178988
0.0012065135295820334
0.0016051113657774244
0.002118708339481696
0.002280530174754531
GEN 85 time 1598869932
0.0014230681148967013
0.0014269960315178988
0.0012065135295820334
0.0016051113657774244
0.002118708339481696
0.002280530174754531
GEN 86 time 1598869940
0.0014230681148967013
0.0014269960315178988
0.0012065135295820334
0.0016051113657774244
0.002118708339481696
0.002280530174754531
GEN 87 time 1598869947
0.0014230681148967013
0.0014269960315178988
0.0012065135295820334
0.0016051113657774244
0.002118708339481696
0.002280530174754531
GEN 88 time 1598869954
0.0014230681148967013
0.0014269960315178988
0.0012065135295820334
0.0016051113657774244
0.002118708339481696
0.002280530174754531
GEN 89 time 1598869961
0.0014230681148967013
0.0014269960315178988
0.0012065135295820334
0.0016051113657774244
0.002118708339481696
0.002280530174754531
GEN 90 time 1598869968
0.0014230681148967013
0.0014269960315178988
0.0012065135295820334
0.0016051113657774244
0.002118708339481696
0.002280530174754531
GEN 91 time 1598869974
0.0014230681148967013
0.0014269960315178988
0.0012065135295820334
0.0016051113657774244
0.002118708339481696
0.002280530174754531
GEN 92 time 1598869981
0.0014230681148967013
0.0014269960315178988
0.0012065135295820334
0.0016051113657774244
0.002118708339481696
0.002280530174754531
GEN 93 time 1598869988
0.0014230681148967013
0.0014269960315178988
0.0012065135295820334
0.0016051113657774244
0.002118708339481696
0.002280530174754531
GEN 94 time 1598869995
0.0014230681148967013
0.0014269960315178988
0.0012065135295820334
0.0016051113657774244
0.002118708339481696
0.002280530174754531
GEN 95 time 1598870001
0.0014230681148967013
0.0014269960315178988
0.0012065135295820334
0.0016051113657774244
0.002118708339481696
0.002280530174754531
GEN 96 time 1598870008
0.0014230681148967013
0.0014269960315178988
0.0012065135295820334
0.0016051113657774244
0.002118708339481696
0.002280530174754531
GEN 97 time 1598870015
0.0014230681148967013
0.0014269960315178988
0.0012065135295820334
0.0016051113657774244
0.002118708339481696
0.002280530174754531
GEN 98 time 1598870021
0.0014230681148967013
0.0014269960315178988
0.0012065135295820334
0.0016051113657774244
0.002118708339481696
0.002280530174754531
GEN 99 time 1598870027
0.0014230681148967013
0.0014269960315178988
0.0012065135295820334
0.0016051113657774244
0.002118708339481696
0.002280530174754531
GEN 100 time 1598870032
0.0014230681148967013
0.0014269960315178988
0.0012065135295820334
0.0016051113657774244
0.002118708339481696
0.002280530174754531
GEN 101 time 1598870038
0.0014230681148967013
0.0014269960315178988
0.0012065135295820334
0.0016051113657774244
0.002118708339481696
0.002280530174754531
GEN 102 time 1598870044
0.0014230681148967013
0.0014269960315178988
0.0012065135295820334
0.0016051113657774244
0.002118708339481696
0.002280530174754531
GEN 103 time 1598870049
0.0014230681148967013
0.0014269960315178988
0.0012065135295820334
0.0016051113657774244
0.002118708339481696
0.002280530174754531
GEN 104 time 1598870055
0.0014230681148967013
0.0014269960315178988
0.0012065135295820334
0.0016051113657774244
0.002118708339481696
0.002280530174754531
GEN 105 time 1598870060
0.0014230681148967013
0.0014269960315178988
0.0012065135295820334
0.0016051113657774244
0.002118708339481696
0.002280530174754531
GEN 106 time 1598870066
0.0014230681148967013
0.0014269960315178988
0.0012065135295820334
0.0016051113657774244
0.002118708339481696
0.002280530174754531
GEN 107 time 1598870071
0.0014230681148967013
0.0014269960315178988
0.0012065135295820334
0.0016051113657774244
0.002118708339481696
0.002280530174754531
GEN 108 time 1598870077
0.0014230681148967013
0.0014269960315178988
0.0012065135295820334
0.0016051113657774244
0.002118708339481696
0.002280530174754531
GEN 109 time 1598870083
0.0014230681148967013
0.0014269960315178988
0.0012065135295820334
0.0016051113657774244
0.002118708339481696
0.002280530174754531
GEN 110 time 1598870088
0.0014230681148967013
0.0014269960315178988
0.0012065135295820334
0.0016051113657774244
0.002118708339481696
0.002280530174754531
GEN 111 time 1598870094
0.0014230681148967013
0.0014269960315178988
0.0012065135295820334
0.0016051113657774244
0.002118708339481696
0.002280530174754531
GEN 112 time 1598870100
0.0014230681148967013
0.0014269960315178988
0.0012065135295820334
0.0016051113657774244
0.002118708339481696
0.002280530174754531
GEN 113 time 1598870105
0.0014230681148967013
0.0014269960315178988
0.0012065135295820334
0.0016051113657774244
0.002118708339481696
0.002280530174754531
GEN 114 time 1598870111
0.0014230681148967013
0.0014269960315178988
0.0012065135295820334
0.0016051113657774244
0.002118708339481696
0.002280530174754531
GEN 115 time 1598870116
0.0014230681148967013
0.0014269960315178988
0.0012065135295820334
0.0016051113657774244
0.002118708339481696
0.002280530174754531
GEN 116 time 1598870122
0.0014230681148967013
0.0014269960315178988
0.0012065135295820334
0.0016051113657774244
0.002118708339481696
0.002280530174754531
GEN 117 time 1598870127
0.0014230681148967013
0.0014269960315178988
0.0012065135295820334
0.0016051113657774244
0.002118708339481696
0.002280530174754531
GEN 118 time 1598870133
0.0014230681148967013
0.0014269960315178988
0.0012065135295820334
0.0016051113657774244
0.002118708339481696
0.002280530174754531
GEN 119 time 1598870139
0.0014230681148967013
0.0014269960315178988
0.0012065135295820334
0.0016051113657774244
0.002118708339481696
0.002280530174754531
GEN 120 time 1598870144
0.0014230681148967013
0.0014269960315178988
0.0012065135295820334
0.0016051113657774244
0.002118708339481696
0.002280530174754531
GEN 121 time 1598870150
0.0014230681148967013
0.0014269960315178988
0.0012065135295820334
0.0016051113657774244
0.002118708339481696
0.002280530174754531
GEN 122 time 1598870155
0.0014230681148967013
0.0014269960315178988
0.0012065135295820334
0.0016051113657774244
0.002118708339481696
0.002280530174754531
GEN 123 time 1598870161
0.0014230681148967013
0.0014269960315178988
0.0012065135295820334
0.0016051113657774244
0.002118708339481696
0.002280530174754531
GEN 124 time 1598870167
0.0014230681148967013
0.0014269960315178988
0.0012065135295820334
0.0016051113657774244
0.002118708339481696
0.002280530174754531
GEN 125 time 1598870172
0.0014230681148967013
0.0014269960315178988
0.0012065135295820334
0.0016051113657774244
0.002118708339481696
0.002280530174754531
GEN 126 time 1598870178
0.0014230681148967013
0.0014269960315178988
0.0012065135295820334
0.0016051113657774244
0.002118708339481696
0.002280530174754531
GEN 127 time 1598870183
0.0014230681148967013
0.0014269960315178988
0.0012065135295820334
0.0016051113657774244
0.002118708339481696
0.002280530174754531
GEN 128 time 1598870189
0.0014230681148967013
0.0014269960315178988
0.0012065135295820334
0.0016051113657774244
0.002118708339481696
0.002280530174754531
GEN 129 time 1598870194
0.0014230681148967013
0.0014269960315178988
0.0012065135295820334
0.0016051113657774244
0.002118708339481696
0.002280530174754531
GEN 130 time 1598870200
0.0014230681148967013
0.0014269960315178988
0.0012065135295820334
0.0016051113657774244
0.002118708339481696
0.002280530174754531
GEN 131 time 1598870205
0.0014230681148967013
0.0014269960315178988
0.0012065135295820334
0.0016051113657774244
0.002118708339481696
0.002280530174754531
GEN 132 time 1598870211
0.0014230681148967013
0.0014269960315178988
0.0012065135295820334
0.0016051113657774244
0.002118708339481696
0.002280530174754531
GEN 133 time 1598870216
0.0014230681148967013
0.0014269960315178988
0.0012065135295820334
0.0016051113657774244
0.002118708339481696
0.002280530174754531
GEN 134 time 1598870222
0.0014230681148967013
0.0014269960315178988
0.0012065135295820334
0.0016051113657774244
0.002118708339481696
0.002280530174754531
GEN 135 time 1598870227
0.0014230681148967013
0.0014269960315178988
0.0012065135295820334
0.0016051113657774244
0.002118708339481696
0.002280530174754531
GEN 136 time 1598870233
0.0014230681148967013
0.0014269960315178988
0.0012065135295820334
0.0016051113657774244
0.002118708339481696
0.002280530174754531
GEN 137 time 1598870238
0.0014230681148967013
0.0014269960315178988
0.0012065135295820334
0.0016051113657774244
0.002118708339481696
0.002280530174754531
GEN 138 time 1598870244
0.0014230681148967013
0.0014269960315178988
0.0012065135295820334
0.0016051113657774244
0.002118708339481696
0.002280530174754531
GEN 139 time 1598870249
0.0014230681148967013
0.0014269960315178988
0.0012065135295820334
0.0016051113657774244
0.002118708339481696
0.002280530174754531
GEN 140 time 1598870255
0.0014230681148967013
0.0014269960315178988
0.0012065135295820334
0.0016051113657774244
0.002118708339481696
0.002280530174754531
GEN 141 time 1598870260
0.0014230681148967013
0.0014269960315178988
0.0012065135295820334
0.0016051113657774244
0.002118708339481696
0.002280530174754531
GEN 142 time 1598870266
0.0014230681148967013
0.0014269960315178988
0.0012065135295820334
0.0016051113657774244
0.002118708339481696
0.002280530174754531
GEN 143 time 1598870271
0.0014230681148967013
0.0014269960315178988
0.0012065135295820334
0.0016051113657774244
0.002118708339481696
0.002280530174754531
GEN 144 time 1598870277
0.0014230681148967013
0.0014269960315178988
0.0012065135295820334
0.0016051113657774244
0.002118708339481696
0.002280530174754531
GEN 145 time 1598870282
0.0014230681148967013
0.0014269960315178988
0.0012065135295820334
0.0016051113657774244
0.002118708339481696
0.002280530174754531
GEN 146 time 1598870288
0.0014230681148967013
0.0014269960315178988
0.0012065135295820334
0.0016051113657774244
0.002118708339481696
0.002280530174754531
GEN 147 time 1598870293
0.0014230681148967013
0.0014269960315178988
0.0012065135295820334
0.0016051113657774244
0.002118708339481696
0.002280530174754531
GEN 148 time 1598870299
0.0014230681148967013
0.0014269960315178988
0.0012065135295820334
0.0016051113657774244
0.002118708339481696
0.002280530174754531
GEN 149 time 1598870305
0.0014230681148967013
0.0014269960315178988
0.0012065135295820334
0.0016051113657774244
0.002118708339481696
0.002280530174754531
GEN 150 time 1598870310
0.0014230681148967013
0.0014269960315178988
0.0012065135295820334
0.0016051113657774244
0.002118708339481696
0.002280530174754531
GEN 151 time 1598870316
0.0014230681148967013
0.0014269960315178988
0.0012065135295820334
0.0016051113657774244
0.002118708339481696
0.002280530174754531
GEN 152 time 1598870321
0.0014230681148967013
0.0014269960315178988
0.0012065135295820334
0.0016051113657774244
0.002118708339481696
0.002280530174754531
GEN 153 time 1598870327
0.0014230681148967013
0.0014269960315178988
0.0012065135295820334
0.0016051113657774244
0.002118708339481696
0.002280530174754531
GEN 154 time 1598870333
0.0014230681148967013
0.0014269960315178988
0.0012065135295820334
0.0016051113657774244
0.002118708339481696
0.002280530174754531
GEN 155 time 1598870339
0.0014230681148967013
0.0014269960315178988
0.0012065135295820334
0.0016051113657774244
0.002118708339481696
0.002280530174754531
GEN 156 time 1598870344
0.0014230681148967013
0.0014269960315178988
0.0012065135295820334
0.0016051113657774244
0.002118708339481696
0.002280530174754531
GEN 157 time 1598870350
0.0014230681148967013
0.0014269960315178988
0.0012065135295820334
0.0016051113657774244
0.002118708339481696
0.002280530174754531
GEN 158 time 1598870356
0.0014230681148967013
0.0014269960315178988
0.0012065135295820334
0.0016051113657774244
0.002118708339481696
0.0020439790511602787
GEN 159 time 1598870362
0.0014230681148967013
0.0014269960315178988
0.0012065135295820334
0.0016051113657774244
0.002118708339481696
0.0020439790511602787
GEN 160 time 1598870367
0.0014230681148967013
0.0014269960315178988
0.0012065135295820334
0.0016051113657774244
0.002118708339481696
0.0020439790511602787
GEN 161 time 1598870373
0.0014230681148967013
0.0014269960315178988
0.0012065135295820334
0.0016051113657774244
0.002118708339481696
0.0020439790511602787
GEN 162 time 1598870379
0.0014230681148967013
0.0014269960315178988
0.0012065135295820334
0.0016051113657774244
0.002118708339481696
0.0020439790511602787
GEN 163 time 1598870384
0.0014230681148967013
0.0014269960315178988
0.0012065135295820334
0.0016051113657774244
0.002118708339481696
0.0020439790511602787
GEN 164 time 1598870390
0.0014230681148967013
0.0014269960315178988
0.0012065135295820334
0.0016051113657774244
0.002118708339481696
0.0020439790511602787
GEN 165 time 1598870396
0.0014230681148967013
0.0014269960315178988
0.0012065135295820334
0.0016051113657774244
0.002118708339481696
0.0020439790511602787
GEN 166 time 1598870402
0.0014230681148967013
0.0014269960315178988
0.0012065135295820334
0.0016051113657774244
0.002118708339481696
0.0020439790511602787
GEN 167 time 1598870407
0.0014230681148967013
0.0014269960315178988
0.0012065135295820334
0.0016051113657774244
0.002118708339481696
0.0020439790511602787
GEN 168 time 1598870413
0.0014230681148967013
0.0014269960315178988
0.0012065135295820334
0.0016051113657774244
0.002118708339481696
0.0020439790511602787
GEN 169 time 1598870418
0.0014230681148967013
0.0014269960315178988
0.0012065135295820334
0.0016051113657774244
0.002118708339481696
0.0020439790511602787
GEN 170 time 1598870424
0.0014230681148967013
0.0014269960315178988
0.0012065135295820334
0.0016051113657774244
0.002118708339481696
0.0020439790511602787
GEN 171 time 1598870430
0.0014230681148967013
0.0014269960315178988
0.0012065135295820334
0.0016051113657774244
0.002118708339481696
0.0020439790511602787
GEN 172 time 1598870436
0.0014230681148967013
0.0014269960315178988
0.0012065135295820334
0.0016051113657774244
0.002118708339481696
0.0020439790511602787
GEN 173 time 1598870442
0.0014230681148967013
0.0014269960315178988
0.0012065135295820334
0.0016051113657774244
0.002118708339481696
0.0020439790511602787
GEN 174 time 1598870447
0.0014230681148967013
0.0014269960315178988
0.0012065135295820334
0.0016051113657774244
0.002118708339481696
0.0020439790511602787
GEN 175 time 1598870453
0.0014230681148967013
0.0014269960315178988
0.0012065135295820334
0.0016051113657774244
0.002118708339481696
0.0020439790511602787
GEN 176 time 1598870459
0.0014230681148967013
0.0014269960315178988
0.0012065135295820334
0.0016051113657774244
0.002118708339481696
0.0020439790511602787
GEN 177 time 1598870465
0.0014230681148967013
0.0014269960315178988
0.0012065135295820334
0.0016051113657774244
0.002118708339481696
0.0020439790511602787
GEN 178 time 1598870471
0.0014230681148967013
0.0014269960315178988
0.0012065135295820334
0.0016051113657774244
0.002118708339481696
0.0020439790511602787
GEN 179 time 1598870476
0.0014230681148967013
0.0014269960315178988
0.0012065135295820334
0.0016051113657774244
0.002118708339481696
0.0020439790511602787
GEN 180 time 1598870482
0.0014230681148967013
0.0014269960315178988
0.0012065135295820334
0.0016051113657774244
0.002118708339481696
0.0020439790511602787
GEN 181 time 1598870488
0.0014230681148967013
0.0014269960315178988
0.0012065135295820334
0.0016051113657774244
0.002118708339481696
0.0020439790511602787
GEN 182 time 1598870494
0.0014230681148967013
0.0014269960315178988
0.0012065135295820334
0.0016051113657774244
0.002118708339481696
0.0020439790511602787
GEN 183 time 1598870500
0.0014230681148967013
0.0014269960315178988
0.0012065135295820334
0.0016051113657774244
0.002118708339481696
0.0020439790511602787
GEN 184 time 1598870506
0.0014230681148967013
0.0014269960315178988
0.0012065135295820334
0.0016051113657774244
0.002118708339481696
0.0020439790511602787
GEN 185 time 1598870511
0.0014230681148967013
0.0014269960315178988
0.0012065135295820334
0.0016051113657774244
0.002118708339481696
0.0020439790511602787
GEN 186 time 1598870517
0.0014230681148967013
0.0014269960315178988
0.0012065135295820334
0.0016051113657774244
0.002118708339481696
0.0020439790511602787
GEN 187 time 1598870523
0.0014230681148967013
0.0014269960315178988
0.0012065135295820334
0.0016051113657774244
0.002118708339481696
0.0020439790511602787
GEN 188 time 1598870529
0.0014230681148967013
0.0014269960315178988
0.0012065135295820334
0.0016051113657774244
0.002118708339481696
0.0020439790511602787
GEN 189 time 1598870535
0.0014230681148967013
0.0014269960315178988
0.0012065135295820334
0.0016051113657774244
0.002118708339481696
0.0020439790511602787
GEN 190 time 1598870540
0.0014230681148967013
0.0014269960315178988
0.0012065135295820334
0.0016051113657774244
0.002118708339481696
0.0020439790511602787
GEN 191 time 1598870546
0.0014230681148967013
0.0014269960315178988
0.0012065135295820334
0.0016051113657774244
0.002118708339481696
0.0020439790511602787
GEN 192 time 1598870552
0.0014230681148967013
0.0014269960315178988
0.0012065135295820334
0.0016051113657774244
0.002118708339481696
0.0020439790511602787
GEN 193 time 1598870558
0.0014230681148967013
0.0014269960315178988
0.0012065135295820334
0.0016051113657774244
0.002118708339481696
0.0020439790511602787
GEN 194 time 1598870563
0.0014230681148967013
0.0014269960315178988
0.0012065135295820334
0.0016051113657774244
0.002118708339481696
0.0020439790511602787
GEN 195 time 1598870569
0.0014230681148967013
0.0014269960315178988
0.0012065135295820334
0.0016051113657774244
0.002118708339481696
0.0020439790511602787
GEN 196 time 1598870575
0.0014230681148967013
0.0014269960315178988
0.0012065135295820334
0.0016051113657774244
0.002118708339481696
0.0020439790511602787
GEN 197 time 1598870580
0.0014230681148967013
0.0014269960315178988
0.0012065135295820334
0.0016051113657774244
0.002118708339481696
0.0020439790511602787
GEN 198 time 1598870586
0.0014230681148967013
0.0014269960315178988
0.0012065135295820334
0.0016051113657774244
0.002118708339481696
0.0020439790511602787
GEN 199 time 1598870592
0.0014230681148967013
0.0014269960315178988
0.0012065135295820334
0.0016051113657774244
0.002118708339481696
0.0020439790511602787
