['./data/small/layer/no-dem1_r25_1.json', './data/small/layer/no-dem10_r25_1.json', './data/small/layer/no-dem3_r25_1.json', './data/small/hop/no-dem7_r25_1_0.json', './data/small/hop/no-dem8_r25_1_0.json', './data/small/hop/no-dem3_r25_1_0.json']
GEN 0 time 1598874554
0.001571334718833375
0.0024164633184762126
0.0015080297647215724
0.002817147724781189
0.002090142690155733
0.0025538395103313514
GEN 1 time 1598874558
0.001571334718833375
0.0024164633184762126
0.0015080297647215724
0.0022887460690746765
0.002031425111340539
0.0025404999588126555
GEN 2 time 1598874562
0.001571334718833375
0.0020146012758781176
0.0015080297647215724
0.0022887460690746765
0.002031425111340539
0.0024126776320693316
GEN 3 time 1598874566
0.001571334718833375
0.0020146012758781176
0.0015080297647215724
0.0022353418368389146
0.002031425111340539
0.0024126776320693316
GEN 4 time 1598874571
0.001571334718833375
0.001812438685573005
0.0015080297647215724
0.0022353418368389146
0.002031425111340539
0.0024126776320693316
GEN 5 time 1598874575
0.001571334718833375
0.001812438685573005
0.0015080297647215724
0.0022353418368389146
0.002031425111340539
0.0024126776320693316
GEN 6 time 1598874580
0.001571334718833375
0.001812438685573005
0.0015080297647215724
0.0022353418368389146
0.002031425111340539
0.0023404799588126555
GEN 7 time 1598874584
0.001571334718833375
0.001812438685573005
0.0015080297647215724
0.0022353418368389146
0.002031425111340539
0.0023404799588126555
GEN 8 time 1598874589
0.001571334718833375
0.001812438685573005
0.0015080297647215724
0.0022353418368389146
0.002031425111340539
0.0023404799588126555
GEN 9 time 1598874594
0.001571334718833375
0.0018045009855101552
0.0015080297647215724
0.0022353418368389146
0.002031425111340539
0.0022493653263312733
GEN 10 time 1598874599
0.001571334718833375
0.0018045009855101552
0.0015080297647215724
0.0022353418368389146
0.002031425111340539
0.0022493653263312733
GEN 11 time 1598874603
0.001571334718833375
0.0018045009855101552
0.0015080297647215724
0.0022353418368389146
0.002031425111340539
0.0022493653263312733
GEN 12 time 1598874608
0.001571334718833375
0.0018045009855101552
0.0015080297647215724
0.0022353418368389146
0.002031425111340539
0.0022493653263312733
GEN 13 time 1598874613
0.001571334718833375
0.0018016539945320046
0.0015080297647215724
0.0022353418368389146
0.002031425111340539
0.002049345326331273
GEN 14 time 1598874618
0.001571334718833375
0.0018016539945320046
0.0015080297647215724
0.0022353418368389146
0.002031425111340539
0.002049345326331273
GEN 15 time 1598874622
0.001571334718833375
0.0018016539945320046
0.0015080297647215724
0.0022353418368389146
0.002031425111340539
0.002049345326331273
GEN 16 time 1598874627
0.001571334718833375
0.0018016539945320046
0.0015080297647215724
0.00221136990116263
0.002031425111340539
0.002049345326331273
GEN 17 time 1598874632
0.001571334718833375
0.0018016539945320046
0.0015080297647215724
0.00221136990116263
0.002031425111340539
0.002049345326331273
GEN 18 time 1598874636
0.001571334718833375
0.0018016539945320046
0.0015080297647215724
0.00221136990116263
0.001876537758147379
0.002049345326331273
GEN 19 time 1598874641
0.001571334718833375
0.0018013202300602867
0.0015080297647215724
0.00221136990116263
0.001876537758147379
0.002049345326331273
GEN 20 time 1598874646
0.001571334718833375
0.0018013202300602867
0.0015080297647215724
0.0020353218368389147
0.001876537758147379
0.002049345326331273
GEN 21 time 1598874650
0.001571334718833375
0.0018013202300602867
0.0015080297647215724
0.0020353218368389147
0.001876537758147379
0.002049345326331273
GEN 22 time 1598874655
0.001571334718833375
0.0018013202300602867
0.0015080297647215724
0.0020353218368389147
0.001876537758147379
0.002049345326331273
GEN 23 time 1598874660
0.001571334718833375
0.0018013202300602867
0.0015080297647215724
0.0020353218368389147
0.001876537758147379
0.002049345326331273
GEN 24 time 1598874665
0.001571334718833375
0.0018013202300602867
0.0015080297647215724
0.0020353218368389147
0.001876537758147379
0.002049345326331273
GEN 25 time 1598874670
0.001571334718833375
0.0018013202300602867
0.0015080297647215724
0.0020353218368389147
0.001876537758147379
0.002049345326331273
GEN 26 time 1598874675
0.001571334718833375
0.0018013202300602867
0.0015080297647215724
0.0020353218368389147
0.001876537758147379
0.002049345326331273
GEN 27 time 1598874680
0.001571334718833375
0.0018013202300602867
0.0015080297647215724
0.0020353218368389147
0.001876537758147379
0.002049345326331273
GEN 28 time 1598874686
0.001571334718833375
0.0018013202300602867
0.0015080297647215724
0.0020353218368389147
0.0018356319184158034
0.002049345326331273
GEN 29 time 1598874691
0.001571334718833375
0.0018013202300602867
0.0015080297647215724
0.0020353218368389147
0.0018356319184158034
0.002049345326331273
GEN 30 time 1598874696
0.001571334718833375
0.0014145412758781182
0.0015080297647215724
0.0020353218368389147
0.0018356319184158034
0.002049345326331273
GEN 31 time 1598874701
0.001571334718833375
0.0014145412758781182
0.0015080297647215724
0.0020353218368389147
0.0018356319184158034
0.002049345326331273
GEN 32 time 1598874707
0.001571334718833375
0.0014145412758781182
0.0015080297647215724
0.0020353218368389147
0.0018356319184158034
0.002049345326331273
GEN 33 time 1598874712
0.001571334718833375
0.0014145412758781182
0.0015080297647215724
0.0020353218368389147
0.0018356319184158034
0.002049345326331273
GEN 34 time 1598874717
0.001571334718833375
0.0014145412758781182
0.0015080297647215724
0.0020353218368389147
0.0018356319184158034
0.002049345326331273
GEN 35 time 1598874723
0.001571334718833375
0.0014145412758781182
0.0015080297647215724
0.0020353218368389147
0.0018356319184158034
0.002049345326331273
GEN 36 time 1598874728
0.001571334718833375
0.0014145412758781182
0.0015080297647215724
0.0020353218368389147
0.0018356319184158034
0.002049345326331273
GEN 37 time 1598874734
0.001571334718833375
0.0014145412758781182
0.0015080297647215724
0.0020353218368389147
0.0018356319184158034
0.002049345326331273
GEN 38 time 1598874740
0.001571334718833375
0.0014145412758781182
0.0015080297647215724
0.0020353218368389147
0.0018356319184158034
0.002049345326331273
GEN 39 time 1598874745
0.001571334718833375
0.0014145412758781182
0.0015080297647215724
0.0020353218368389147
0.0018356319184158034
0.002049345326331273
GEN 40 time 1598874751
0.001571334718833375
0.0014145412758781182
0.0015080297647215724
0.0020353218368389147
0.0018356319184158034
0.002049345326331273
GEN 41 time 1598874757
0.001571334718833375
0.0014145412758781182
0.0015080297647215724
0.0020353218368389147
0.0018356319184158034
0.002049345326331273
GEN 42 time 1598874762
0.001571334718833375
0.0014145412758781182
0.0015080297647215724
0.0020353218368389147
0.0018356319184158034
0.002049345326331273
GEN 43 time 1598874768
0.001571334718833375
0.0014145412758781182
0.0015080297647215724
0.0020353218368389147
0.0018356319184158034
0.002049345326331273
GEN 44 time 1598874773
0.001571334718833375
0.0014145412758781182
0.0015080297647215724
0.0020353218368389147
0.0018356319184158034
0.002049345326331273
GEN 45 time 1598874779
0.001571334718833375
0.0014145412758781182
0.0015080297647215724
0.0020353218368389147
0.0018356319184158034
0.002049345326331273
GEN 46 time 1598874784
0.001571334718833375
0.0014145412758781182
0.0015080297647215724
0.00201134990116263
0.0018356319184158034
0.002049345326331273
GEN 47 time 1598874789
0.001571334718833375
0.0014145412758781182
0.0015080297647215724
0.00201134990116263
0.0018356319184158034
0.002049345326331273
GEN 48 time 1598874795
0.001571334718833375
0.0014145412758781182
0.0015080297647215724
0.00201134990116263
0.0018356319184158034
0.002049345326331273
GEN 49 time 1598874800
0.001571334718833375
0.0014145412758781182
0.0015080297647215724
0.00201134990116263
0.0018356319184158034
0.002049345326331273
GEN 50 time 1598874806
0.001571334718833375
0.0014145412758781182
0.0015080297647215724
0.00201134990116263
0.0018356319184158034
0.002049345326331273
GEN 51 time 1598874811
0.001571334718833375
0.0014145412758781182
0.0015080297647215724
0.00201134990116263
0.0018356319184158034
0.002049345326331273
GEN 52 time 1598874817
0.001571334718833375
0.0014145412758781182
0.0015080297647215724
0.00201134990116263
0.0018356319184158034
0.002049345326331273
GEN 53 time 1598874822
0.001571334718833375
0.0014145412758781182
0.0015080297647215724
0.0020083560867507864
0.0018356319184158034
0.002049345326331273
GEN 54 time 1598874828
0.001571334718833375
0.0014145412758781182
0.0015080297647215724
0.0020083560867507864
0.0018356319184158034
0.002049345326331273
GEN 55 time 1598874833
0.001571334718833375
0.0014145412758781182
0.0015080297647215724
0.0020083560867507864
0.0018356319184158034
0.002049345326331273
GEN 56 time 1598874839
0.001571334718833375
0.0014145412758781182
0.0015080297647215724
0.0020083560867507864
0.0018356319184158034
0.002049345326331273
GEN 57 time 1598874844
0.001571334718833375
0.0014145412758781182
0.0015080297647215724
0.0020083560867507864
0.0018356319184158034
0.002049345326331273
GEN 58 time 1598874850
0.001571334718833375
0.0014145412758781182
0.0015080297647215724
0.0020083560867507864
0.0018356319184158034
0.002049345326331273
GEN 59 time 1598874856
0.001571334718833375
0.0014145412758781182
0.0015080297647215724
0.0020083560867507864
0.0018356319184158034
0.002049345326331273
GEN 60 time 1598874861
0.001571334718833375
0.0014145412758781182
0.0015080297647215724
0.0020083560867507864
0.0018356319184158034
0.002049345326331273
GEN 61 time 1598874866
0.001571334718833375
0.0014145412758781182
0.0015080297647215724
0.0020083560867507864
0.0018356319184158034
0.002049345326331273
GEN 62 time 1598874872
0.001571334718833375
0.0014145412758781182
0.0015080297647215724
0.0020083560867507864
0.0018356319184158034
0.002049345326331273
GEN 63 time 1598874877
0.001571334718833375
0.0014145412758781182
0.0015080297647215724
0.0020083560867507864
0.0018356319184158034
0.002049345326331273
GEN 64 time 1598874883
0.001571334718833375
0.0014145412758781182
0.0015080297647215724
0.0020083560867507864
0.0018356319184158034
0.002049345326331273
GEN 65 time 1598874888
0.001571334718833375
0.0014145412758781182
0.0015080297647215724
0.0020083560867507864
0.0018356319184158034
0.002049345326331273
GEN 66 time 1598874894
0.001571334718833375
0.0014145412758781182
0.0015080297647215724
0.0020083560867507864
0.0018356319184158034
0.002049345326331273
GEN 67 time 1598874899
0.001571334718833375
0.0014145412758781182
0.0015080297647215724
0.0020083560867507864
0.0018356319184158034
0.002049345326331273
GEN 68 time 1598874904
0.001571334718833375
0.0014145412758781182
0.0015080297647215724
0.0020083560867507864
0.0018356319184158034
0.002049345326331273
GEN 69 time 1598874910
0.001571334718833375
0.0014145412758781182
0.0015080297647215724
0.0020083560867507864
0.0018356319184158034
0.002049345326331273
GEN 70 time 1598874915
0.001571334718833375
0.0014145412758781182
0.0015080297647215724
0.0020083560867507864
0.0018356319184158034
0.002049345326331273
GEN 71 time 1598874920
0.001571334718833375
0.0014145412758781182
0.0015080297647215724
0.0020083560867507864
0.0018356319184158034
0.002049345326331273
GEN 72 time 1598874926
0.001571334718833375
0.0014145412758781182
0.0015080297647215724
0.0020083560867507864
0.0018356319184158034
0.001849325326331273
GEN 73 time 1598874931
0.001571334718833375
0.0014145412758781182
0.0015080297647215724
0.0020083560867507864
0.0018356319184158034
0.001849325326331273
GEN 74 time 1598874937
0.001571334718833375
0.0014136116019371721
0.0015080297647215724
0.0020083560867507864
0.0018356319184158034
0.001849325326331273
GEN 75 time 1598874942
0.001571334718833375
0.0014136116019371721
0.0015080297647215724
0.0020083560867507864
0.0018356319184158034
0.001849325326331273
GEN 76 time 1598874947
0.001571334718833375
0.0014136116019371721
0.0015080297647215724
0.0020083560867507864
0.0018356319184158034
0.001849325326331273
GEN 77 time 1598874953
0.001571334718833375
0.0014136116019371721
0.0015080297647215724
0.0020083560867507864
0.0018356319184158034
0.001849325326331273
GEN 78 time 1598874958
0.001571334718833375
0.0014136116019371721
0.0015080297647215724
0.0020083560867507864
0.0018356319184158034
0.001849325326331273
GEN 79 time 1598874963
0.001571334718833375
0.0014136116019371721
0.0015080297647215724
0.0020083560867507864
0.0018356319184158034
0.001849325326331273
GEN 80 time 1598874969
0.001571334718833375
0.0014136116019371721
0.0015080297647215724
0.0020083560867507864
0.0018356319184158034
0.001849325326331273
GEN 81 time 1598874974
0.001571334718833375
0.0014136116019371721
0.0015080297647215724
0.0020083560867507864
0.0018356319184158034
0.001849325326331273
GEN 82 time 1598874979
0.001571334718833375
0.0014136116019371721
0.0015080297647215724
0.0020083560867507864
0.0018356319184158034
0.001849325326331273
GEN 83 time 1598874985
0.001571334718833375
0.0014136116019371721
0.0015080297647215724
0.0020083560867507864
0.0018356319184158034
0.001849325326331273
GEN 84 time 1598874990
0.001571334718833375
0.0014136116019371721
0.0015080297647215724
0.0020083560867507864
0.0018356319184158034
0.001849325326331273
GEN 85 time 1598874995
0.001571334718833375
0.0014136116019371721
0.0015080297647215724
0.0020083560867507864
0.0018356319184158034
0.001849325326331273
GEN 86 time 1598875001
0.001571334718833375
0.0014136116019371721
0.0015080297647215724
0.0020083560867507864
0.0018356319184158034
0.001849325326331273
GEN 87 time 1598875006
0.001571334718833375
0.0014136116019371721
0.0015080297647215724
0.0020083560867507864
0.0018356319184158034
0.001849325326331273
GEN 88 time 1598875012
0.001571334718833375
0.0014136116019371721
0.0015080297647215724
0.0020083560867507864
0.0018356319184158034
0.001849325326331273
GEN 89 time 1598875017
0.001571334718833375
0.0014136116019371721
0.0015080297647215724
0.0020083560867507864
0.0018356319184158034
0.001849325326331273
GEN 90 time 1598875023
0.001571334718833375
0.0014136116019371721
0.0015080297647215724
0.0020083560867507864
0.0018356319184158034
0.001849325326331273
GEN 91 time 1598875028
0.001571334718833375
0.0014136116019371721
0.0015080297647215724
0.0020083560867507864
0.0018356319184158034
0.001849325326331273
GEN 92 time 1598875034
0.001571334718833375
0.0014136116019371721
0.0015080297647215724
0.0020083560867507864
0.0018356319184158034
0.001849325326331273
GEN 93 time 1598875039
0.001571334718833375
0.0014136116019371721
0.0015080297647215724
0.0020083560867507864
0.0018356319184158034
0.001849325326331273
GEN 94 time 1598875045
0.001571334718833375
0.0014136116019371721
0.0015080297647215724
0.0020083560867507864
0.0018356319184158034
0.001849325326331273
GEN 95 time 1598875051
0.001571334718833375
0.0014136116019371721
0.0015080297647215724
0.0020083560867507864
0.0018356319184158034
0.001849325326331273
GEN 96 time 1598875056
0.001571334718833375
0.0014136116019371721
0.0015080297647215724
0.0020083560867507864
0.0018356319184158034
0.001849325326331273
GEN 97 time 1598875062
0.001571334718833375
0.0014136116019371721
0.0015080297647215724
0.0020083560867507864
0.0018356319184158034
0.001849325326331273
GEN 98 time 1598875067
0.001571334718833375
0.0014136116019371721
0.0015080297647215724
0.0020083560867507864
0.0018356319184158034
0.001849325326331273
GEN 99 time 1598875073
0.001571334718833375
0.0014136116019371721
0.0015080297647215724
0.0020083560867507864
0.0018356319184158034
0.001849325326331273
GEN 100 time 1598875079
0.001571334718833375
0.0014136116019371721
0.0015080297647215724
0.0020083560867507864
0.0018356319184158034
0.001849325326331273
GEN 101 time 1598875084
0.001571334718833375
0.0014136116019371721
0.0015080297647215724
0.0020083560867507864
0.0018356319184158034
0.001849325326331273
GEN 102 time 1598875090
0.001571334718833375
0.0014136116019371721
0.0015080297647215724
0.0018353018368389147
0.0018356319184158034
0.001849325326331273
GEN 103 time 1598875096
0.001571334718833375
0.0014136116019371721
0.0015080297647215724
0.0018353018368389147
0.0018356319184158034
0.001849325326331273
GEN 104 time 1598875101
0.001571334718833375
0.0014136116019371721
0.0015080297647215724
0.0018353018368389147
0.0018356319184158034
0.001849325326331273
GEN 105 time 1598875107
0.001571334718833375
0.0014136116019371721
0.0015080297647215724
0.0018353018368389147
0.0018356319184158034
0.001849325326331273
GEN 106 time 1598875113
0.001571334718833375
0.0014136116019371721
0.0015080297647215724
0.0018353018368389147
0.0018356319184158034
0.001849325326331273
GEN 107 time 1598875118
0.001571334718833375
0.0014136116019371721
0.0015080297647215724
0.0018353018368389147
0.0018356319184158034
0.001849325326331273
GEN 108 time 1598875124
0.001571334718833375
0.0014136116019371721
0.0015080297647215724
0.0018353018368389147
0.0018356319184158034
0.001849325326331273
GEN 109 time 1598875130
0.001571334718833375
0.0014136116019371721
0.0015080297647215724
0.0018353018368389147
0.0018356319184158034
0.001849325326331273
GEN 110 time 1598875136
0.001571334718833375
0.0014136116019371721
0.0015080297647215724
0.0018353018368389147
0.0018356319184158034
0.001849325326331273
GEN 111 time 1598875141
0.001571334718833375
0.0014136116019371721
0.0015080297647215724
0.0018353018368389147
0.0018356319184158034
0.001849325326331273
GEN 112 time 1598875147
0.001571334718833375
0.0014136116019371721
0.0015080297647215724
0.0018353018368389147
0.0018356319184158034
0.001849325326331273
GEN 113 time 1598875153
0.001571334718833375
0.0014136116019371721
0.0015080297647215724
0.0018353018368389147
0.0018356319184158034
0.001849325326331273
GEN 114 time 1598875159
0.001571334718833375
0.0014136116019371721
0.0015080297647215724
0.0018353018368389147
0.0018356319184158034
0.001849325326331273
GEN 115 time 1598875164
0.001571334718833375
0.0014136116019371721
0.0015080297647215724
0.0018353018368389147
0.0018356319184158034
0.001849325326331273
GEN 116 time 1598875170
0.001571334718833375
0.0014136116019371721
0.0015080297647215724
0.0018353018368389147
0.0018356319184158034
0.001849325326331273
GEN 117 time 1598875175
0.001571334718833375
0.0014136116019371721
0.0015080297647215724
0.0018353018368389147
0.0018356319184158034
0.001849325326331273
GEN 118 time 1598875181
0.001571334718833375
0.0014136116019371721
0.0015080297647215724
0.0018353018368389147
0.0018356319184158034
0.001849325326331273
GEN 119 time 1598875186
0.001571334718833375
0.0014136116019371721
0.0015080297647215724
0.0018353018368389147
0.0018356319184158034
0.001849325326331273
GEN 120 time 1598875192
0.001571334718833375
0.0014136116019371721
0.0015080297647215724
0.0018353018368389147
0.0018356319184158034
0.001849325326331273
GEN 121 time 1598875197
0.001571334718833375
0.0014136116019371721
0.0015080297647215724
0.0018353018368389147
0.0018356319184158034
0.001849325326331273
GEN 122 time 1598875203
0.001571334718833375
0.0014136116019371721
0.0015080297647215724
0.0018353018368389147
0.0018356319184158034
0.001849325326331273
GEN 123 time 1598875209
0.001571334718833375
0.0014136116019371721
0.0015080297647215724
0.0018353018368389147
0.0018356319184158034
0.001849325326331273
GEN 124 time 1598875214
0.001571334718833375
0.0014136116019371721
0.0015080297647215724
0.0018353018368389147
0.0018356319184158034
0.001849325326331273
GEN 125 time 1598875220
0.001571334718833375
0.0014136116019371721
0.0015080297647215724
0.0018353018368389147
0.0018356319184158034
0.001849325326331273
GEN 126 time 1598875225
0.001571334718833375
0.0014136116019371721
0.0015080297647215724
0.0018353018368389147
0.0018356319184158034
0.001849325326331273
GEN 127 time 1598875231
0.001571334718833375
0.0014136116019371721
0.0015080297647215724
0.0018083360867507865
0.0018356319184158034
0.001849325326331273
GEN 128 time 1598875237
0.001571334718833375
0.0014136116019371721
0.0015080297647215724
0.0018083360867507865
0.0018356319184158034
0.001849325326331273
GEN 129 time 1598875242
0.001571334718833375
0.0014136116019371721
0.0015080297647215724
0.0018083360867507865
0.0018356319184158034
0.001849325326331273
GEN 130 time 1598875248
0.001571334718833375
0.0014136116019371721
0.0015080297647215724
0.0018083360867507865
0.0018356319184158034
0.001849325326331273
GEN 131 time 1598875253
0.001571334718833375
0.0014136116019371721
0.0015080297647215724
0.0018083360867507865
0.0018356319184158034
0.001849325326331273
GEN 132 time 1598875259
0.001571334718833375
0.0014136116019371721
0.0015080297647215724
0.0018083360867507865
0.0018356319184158034
0.001849325326331273
GEN 133 time 1598875264
0.001571334718833375
0.0014136116019371721
0.0015080297647215724
0.0018083360867507865
0.0018356319184158034
0.001849325326331273
GEN 134 time 1598875270
0.001571334718833375
0.0014136116019371721
0.0015080297647215724
0.0018083360867507865
0.0018356319184158034
0.001849325326331273
GEN 135 time 1598875275
0.001571334718833375
0.0014136116019371721
0.0015080297647215724
0.0018083360867507865
0.0018356319184158034
0.001849325326331273
GEN 136 time 1598875281
0.001571334718833375
0.0014136116019371721
0.0015080297647215724
0.0018083360867507865
0.0018356319184158034
0.001849325326331273
GEN 137 time 1598875286
0.001571334718833375
0.0014136116019371721
0.0015080297647215724
0.0018083360867507865
0.0018356319184158034
0.001849325326331273
GEN 138 time 1598875292
0.001571334718833375
0.0014136116019371721
0.0015080297647215724
0.0018083360867507865
0.0018356319184158034
0.001849325326331273
GEN 139 time 1598875297
0.001571334718833375
0.0014136116019371721
0.0015080297647215724
0.0018083360867507865
0.0018356319184158034
0.001849325326331273
GEN 140 time 1598875303
0.001571334718833375
0.0014136116019371721
0.0015080297647215724
0.0016352818368389147
0.0018356319184158034
0.001849325326331273
GEN 141 time 1598875309
0.001571334718833375
0.0014136116019371721
0.0015080297647215724
0.0016352818368389147
0.0018356319184158034
0.001849325326331273
GEN 142 time 1598875314
0.001571334718833375
0.0014136116019371721
0.0015080297647215724
0.0016352818368389147
0.0018356319184158034
0.001849325326331273
GEN 143 time 1598875320
0.001571334718833375
0.0014136116019371721
0.0015080297647215724
0.0016352818368389147
0.0018356319184158034
0.001849325326331273
GEN 144 time 1598875325
0.001571334718833375
0.0014136116019371721
0.0015080297647215724
0.0016352818368389147
0.0018356319184158034
0.001849325326331273
GEN 145 time 1598875331
0.001571334718833375
0.0014136116019371721
0.0015080297647215724
0.0016352818368389147
0.0018356319184158034
0.001849325326331273
GEN 146 time 1598875336
0.001571334718833375
0.0014136116019371721
0.0015080297647215724
0.0016352818368389147
0.0018356319184158034
0.001849325326331273
GEN 147 time 1598875342
0.001571334718833375
0.0014136116019371721
0.0015080297647215724
0.0016352818368389147
0.0018356319184158034
0.001849325326331273
GEN 148 time 1598875348
0.001571334718833375
0.0014136116019371721
0.0015080297647215724
0.0016352818368389147
0.0018356319184158034
0.001849325326331273
GEN 149 time 1598875353
0.001571334718833375
0.0014136116019371721
0.0015080297647215724
0.0016352818368389147
0.0018356319184158034
0.001849325326331273
GEN 150 time 1598875359
0.001571334718833375
0.0014136116019371721
0.0015080297647215724
0.0016352818368389147
0.0018356319184158034
0.001849325326331273
GEN 151 time 1598875365
0.001571334718833375
0.0014136116019371721
0.0015080297647215724
0.0016352818368389147
0.0018356319184158034
0.001849325326331273
GEN 152 time 1598875370
0.001571334718833375
0.0014136116019371721
0.0015080297647215724
0.0016352818368389147
0.0018356319184158034
0.001849325326331273
GEN 153 time 1598875376
0.001571334718833375
0.0014136116019371721
0.0015080297647215724
0.0016352818368389147
0.0018356319184158034
0.001849325326331273
GEN 154 time 1598875382
0.001571334718833375
0.0014136116019371721
0.0015080297647215724
0.0016352818368389147
0.0018356319184158034
0.001849325326331273
GEN 155 time 1598875387
0.001571334718833375
0.0014136116019371721
0.0015080297647215724
0.0016352818368389147
0.0018356319184158034
0.001849325326331273
GEN 156 time 1598875392
0.001571334718833375
0.0014136116019371721
0.0015080297647215724
0.0016083160867507865
0.0018356319184158034
0.001849325326331273
GEN 157 time 1598875398
0.001571334718833375
0.0014136116019371721
0.0015080297647215724
0.0016083160867507865
0.0018356319184158034
0.001849325326331273
GEN 158 time 1598875403
0.001571334718833375
0.0014136116019371721
0.0015080297647215724
0.0016083160867507865
0.0018356319184158034
0.001849325326331273
GEN 159 time 1598875409
0.001571334718833375
0.0014136116019371721
0.0015080297647215724
0.0016083160867507865
0.0018356319184158034
0.001849325326331273
GEN 160 time 1598875415
0.001571334718833375
0.0014136116019371721
0.0015080297647215724
0.0016083160867507865
0.0018356319184158034
0.001849325326331273
GEN 161 time 1598875420
0.001571334718833375
0.0014136116019371721
0.0015080297647215724
0.0016083160867507865
0.0018356319184158034
0.001849325326331273
GEN 162 time 1598875426
0.001571334718833375
0.0014136116019371721
0.0015080297647215724
0.0016083160867507865
0.0018356319184158034
0.001849325326331273
GEN 163 time 1598875431
0.001571334718833375
0.0014136116019371721
0.0015080297647215724
0.0016083160867507865
0.0018356319184158034
0.001849325326331273
GEN 164 time 1598875437
0.001571334718833375
0.0014136116019371721
0.0015080297647215724
0.0016083160867507865
0.0018356319184158034
0.001849325326331273
GEN 165 time 1598875442
0.001571334718833375
0.0014136116019371721
0.0015080297647215724
0.0016083160867507865
0.0018356319184158034
0.001849325326331273
GEN 166 time 1598875448
0.001571334718833375
0.0014136116019371721
0.0015080297647215724
0.0016083160867507865
0.0018356319184158034
0.001849325326331273
GEN 167 time 1598875454
0.001571334718833375
0.0014136116019371721
0.0015080297647215724
0.0016083160867507865
0.0018356319184158034
0.001849325326331273
GEN 168 time 1598875459
0.001571334718833375
0.0014136116019371721
0.0015080297647215724
0.0016083160867507865
0.0018356319184158034
0.001849325326331273
GEN 169 time 1598875465
0.001571334718833375
0.0014136116019371721
0.0015080297647215724
0.0016083160867507865
0.0018356319184158034
0.001849325326331273
GEN 170 time 1598875470
0.001571334718833375
0.0014136116019371721
0.0015080297647215724
0.0016083160867507865
0.0018356319184158034
0.001849325326331273
GEN 171 time 1598875476
0.001571334718833375
0.0014136116019371721
0.0015080297647215724
0.0016083160867507865
0.0018356319184158034
0.001849325326331273
GEN 172 time 1598875481
0.001571334718833375
0.0014136116019371721
0.0015080297647215724
0.0016083160867507865
0.0018356319184158034
0.001849325326331273
GEN 173 time 1598875487
0.001571334718833375
0.0014136116019371721
0.0015080297647215724
0.0016083160867507865
0.0018356319184158034
0.001849325326331273
GEN 174 time 1598875492
0.001571334718833375
0.0014136116019371721
0.0015080297647215724
0.0016083160867507865
0.0018356319184158034
0.001849325326331273
GEN 175 time 1598875498
0.001571334718833375
0.0014136116019371721
0.0015080297647215724
0.0016083160867507865
0.0018356319184158034
0.001849325326331273
GEN 176 time 1598875503
0.001571334718833375
0.0014136116019371721
0.0015080297647215724
0.0016083160867507865
0.0018356319184158034
0.001849325326331273
GEN 177 time 1598875509
0.001571334718833375
0.0014136116019371721
0.0015080297647215724
0.0016083160867507865
0.0018356319184158034
0.001849325326331273
GEN 178 time 1598875514
0.001571334718833375
0.0014136116019371721
0.0015080297647215724
0.0016083160867507865
0.0018356319184158034
0.001849325326331273
GEN 179 time 1598875520
0.001571334718833375
0.0014136116019371721
0.0015080297647215724
0.0016083160867507865
0.0018356319184158034
0.001849325326331273
GEN 180 time 1598875525
0.001571334718833375
0.0014136116019371721
0.0015080297647215724
0.0016083160867507865
0.0018356319184158034
0.001849325326331273
GEN 181 time 1598875531
0.001571334718833375
0.0014136116019371721
0.0015080297647215724
0.0016083160867507865
0.0018356319184158034
0.001849325326331273
GEN 182 time 1598875536
0.001571334718833375
0.0014136116019371721
0.0015080297647215724
0.0016083160867507865
0.0018356319184158034
0.001849325326331273
GEN 183 time 1598875542
0.001571334718833375
0.0014136116019371721
0.0015080297647215724
0.0016083160867507865
0.0018356319184158034
0.001849325326331273
GEN 184 time 1598875547
0.001571334718833375
0.0014136116019371721
0.0015080297647215724
0.0016083160867507865
0.0018356319184158034
0.001849325326331273
GEN 185 time 1598875553
0.001571334718833375
0.0014136116019371721
0.0015080297647215724
0.0016083160867507865
0.0018356319184158034
0.001849325326331273
GEN 186 time 1598875559
0.001571334718833375
0.0014136116019371721
0.0015080297647215724
0.0016083160867507865
0.0018356319184158034
0.001849325326331273
GEN 187 time 1598875564
0.001571334718833375
0.0014136116019371721
0.0015080297647215724
0.0016083160867507865
0.0018356319184158034
0.001849325326331273
GEN 188 time 1598875570
0.001571334718833375
0.0014136116019371721
0.0015080297647215724
0.0016083160867507865
0.0018356319184158034
0.001849325326331273
GEN 189 time 1598875575
0.001571334718833375
0.0014136116019371721
0.0015080297647215724
0.0016083160867507865
0.0018356319184158034
0.001849325326331273
GEN 190 time 1598875581
0.001571334718833375
0.0014136116019371721
0.0015080297647215724
0.0016083160867507865
0.0018356319184158034
0.001849325326331273
GEN 191 time 1598875586
0.001571334718833375
0.0014136116019371721
0.0015080297647215724
0.0016083160867507865
0.0018356319184158034
0.001849325326331273
GEN 192 time 1598875591
0.001571334718833375
0.0014136116019371721
0.0015080297647215724
0.0016083160867507865
0.0018356319184158034
0.001849325326331273
GEN 193 time 1598875597
0.001571334718833375
0.0014136116019371721
0.0015080297647215724
0.0016083160867507865
0.0018356319184158034
0.001849325326331273
GEN 194 time 1598875602
0.001571334718833375
0.0014136116019371721
0.0015080297647215724
0.0016083160867507865
0.0018356319184158034
0.001849325326331273
GEN 195 time 1598875607
0.001571334718833375
0.0014136116019371721
0.0015080297647215724
0.0016083160867507865
0.0018356319184158034
0.001849325326331273
GEN 196 time 1598875612
0.001571334718833375
0.0014136116019371721
0.0015080297647215724
0.0016083160867507865
0.0018356319184158034
0.001849325326331273
GEN 197 time 1598875618
0.001571334718833375
0.0014136116019371721
0.0015080297647215724
0.0016083160867507865
0.0018356319184158034
0.001849325326331273
GEN 198 time 1598875623
0.001571334718833375
0.0014136116019371721
0.0015080297647215724
0.0016083160867507865
0.0018356319184158034
0.001849325326331273
GEN 199 time 1598875629
0.001571334718833375
0.0014136116019371721
0.0015080297647215724
0.0016083160867507865
0.0018356319184158034
0.001849325326331273
