['./data/small/layer/uu-dem7_r25_1.json', './data/small/layer/uu-dem1_r25_1.json', './data/small/layer/uu-dem3_r25_1.json', './data/small/hop/uu-dem3_r25_1_40.json', './data/small/hop/uu-dem1_r25_1_40.json', './data/small/hop/uu-dem10_r25_1_40.json']
GEN 0 time 1598908324
0.0023368348238357903
0.0016253133020812068
0.0018480293965359403
0.0026783142146588534
0.002959699147446165
0.004891312759572716
GEN 1 time 1598908331
0.0023368348238357903
0.0015079182472070274
0.001708304248315847
0.0026783142146588534
0.002959699147446165
0.004891312759572716
GEN 2 time 1598908338
0.0023368348238357903
0.0015079182472070274
0.0017058410808370235
0.0026783142146588534
0.002720352902592674
0.004891312759572716
GEN 3 time 1598908345
0.0023368348238357903
0.0015079182472070274
0.0017058410808370235
0.0026783142146588534
0.002720352902592674
0.004891312759572716
GEN 4 time 1598908352
0.0023368348238357903
0.0014593627280774775
0.0017058410808370235
0.0026783142146588534
0.002583249717317956
0.004891312759572716
GEN 5 time 1598908360
0.0023368348238357903
0.0014593627280774775
0.0017058410808370235
0.0026783142146588534
0.002583249717317956
0.004891312759572716
GEN 6 time 1598908368
0.0023368348238357903
0.0014593627280774775
0.0017058410808370235
0.0023893840607822087
0.002583249717317956
0.004891312759572716
GEN 7 time 1598908375
0.0023368348238357903
0.0014593627280774775
0.0017058410808370235
0.0023893840607822087
0.002583249717317956
0.004891312759572716
GEN 8 time 1598908383
0.0023368348238357903
0.0014593627280774775
0.0017058410808370235
0.0023893840607822087
0.002583249717317956
0.004891312759572716
GEN 9 time 1598908391
0.0023368348238357903
0.0014593627280774775
0.0017058410808370235
0.0023893840607822087
0.002583249717317956
0.004891312759572716
GEN 10 time 1598908398
0.0023368348238357903
0.0014593627280774775
0.0017058410808370235
0.002296792865677312
0.002583249717317956
0.004891312759572716
GEN 11 time 1598908406
0.0023368348238357903
0.0014593627280774775
0.0017058410808370235
0.002296792865677312
0.002580043192422966
0.004891312759572716
GEN 12 time 1598908413
0.0023368348238357903
0.0014593627280774775
0.0017058410808370235
0.002296792865677312
0.002580043192422966
0.004891312759572716
GEN 13 time 1598908421
0.0023368348238357903
0.0014593627280774775
0.0017058410808370235
0.002296792865677312
0.002580043192422966
0.004891312759572716
GEN 14 time 1598908428
0.0023368348238357903
0.0014593627280774775
0.0017058410808370235
0.002296792865677312
0.002580043192422966
0.004891312759572716
GEN 15 time 1598908436
0.0023368348238357903
0.0014593627280774775
0.0017058410808370235
0.002296792865677312
0.002580043192422966
0.004891312759572716
GEN 16 time 1598908443
0.0023368348238357903
0.0014593627280774775
0.0017058410808370235
0.002296792865677312
0.002580043192422966
0.004891312759572716
GEN 17 time 1598908451
0.0023368348238357903
0.0014593627280774775
0.0017058410808370235
0.002296792865677312
0.002580043192422966
0.004891312759572716
GEN 18 time 1598908458
0.0023368348238357903
0.0014593627280774775
0.0017058410808370235
0.002296792865677312
0.002580043192422966
0.004061206061268597
GEN 19 time 1598908466
0.0023368348238357903
0.0014593627280774775
0.0017058410808370235
0.002296792865677312
0.002580043192422966
0.004061206061268597
GEN 20 time 1598908474
0.0023368348238357903
0.0014200353557188529
0.0017058410808370235
0.002296792865677312
0.002580043192422966
0.004061206061268597
GEN 21 time 1598908481
0.0023368348238357903
0.0014200353557188529
0.0017058410808370235
0.002296792865677312
0.002580043192422966
0.004061206061268597
GEN 22 time 1598908489
0.0023368348238357903
0.0014200353557188529
0.0017058410808370235
0.002296792865677312
0.0023800231924229662
0.004061206061268597
GEN 23 time 1598908496
0.0023368348238357903
0.0014200353557188529
0.0017058410808370235
0.002296792865677312
0.0023800231924229662
0.004061206061268597
GEN 24 time 1598908504
0.0023368348238357903
0.0014200353557188529
0.0017058410808370235
0.002296792865677312
0.0023800231924229662
0.004061206061268597
GEN 25 time 1598908512
0.0023368348238357903
0.0014200353557188529
0.0017058410808370235
0.002296792865677312
0.0023800231924229662
0.004061206061268597
GEN 26 time 1598908520
0.0023368348238357903
0.0014200353557188529
0.0017058410808370235
0.002296792865677312
0.0023800231924229662
0.004061206061268597
GEN 27 time 1598908527
0.0023368348238357903
0.0014200353557188529
0.0017058410808370235
0.002296792865677312
0.0023800231924229662
0.004061206061268597
GEN 28 time 1598908535
0.0023368348238357903
0.0014200353557188529
0.0017058410808370235
0.002296792865677312
0.0023800231924229662
0.004061206061268597
GEN 29 time 1598908542
0.0023368348238357903
0.0014200353557188529
0.0017058410808370235
0.002190565124702059
0.0023800231924229662
0.004061206061268597
GEN 30 time 1598908550
0.0023368348238357903
0.0014200353557188529
0.0017058410808370235
0.002190565124702059
0.0023800231924229662
0.004061206061268597
GEN 31 time 1598908558
0.0023368348238357903
0.0014200353557188529
0.0017058410808370235
0.002190565124702059
0.002288174300585161
0.004061206061268597
GEN 32 time 1598908566
0.0023368348238357903
0.0014200353557188529
0.0017058410808370235
0.002190565124702059
0.002207733611771499
0.004061206061268597
GEN 33 time 1598908574
0.0023368348238357903
0.0014200353557188529
0.0017058410808370235
0.002190565124702059
0.002207733611771499
0.004061206061268597
GEN 34 time 1598908581
0.0023368348238357903
0.0014200353557188529
0.0017058410808370235
0.002190565124702059
0.002207733611771499
0.004061206061268597
GEN 35 time 1598908589
0.0023368348238357903
0.0014200353557188529
0.0017058410808370235
0.002190565124702059
0.002207733611771499
0.0038416176338889434
GEN 36 time 1598908597
0.0023368348238357903
0.0014200353557188529
0.0017058410808370235
0.002190565124702059
0.002207733611771499
0.0038416176338889434
GEN 37 time 1598908605
0.0023368348238357903
0.0014200353557188529
0.0017058410808370235
0.002006997134022509
0.002207733611771499
0.0038416176338889434
GEN 38 time 1598908613
0.0023368348238357903
0.0014200353557188529
0.0017058410808370235
0.002006997134022509
0.002207733611771499
0.0038416176338889434
GEN 39 time 1598908621
0.0023368348238357903
0.0014200353557188529
0.0017058410808370235
0.002006997134022509
0.002207733611771499
0.0038416176338889434
GEN 40 time 1598908629
0.0023368348238357903
0.0014200353557188529
0.0017058410808370235
0.002006997134022509
0.002207733611771499
0.0038416176338889434
GEN 41 time 1598908636
0.0023368348238357903
0.0014200353557188529
0.0017058410808370235
0.002006997134022509
0.002207733611771499
0.0038416176338889434
GEN 42 time 1598908644
0.0023368348238357903
0.0014200353557188529
0.0017058410808370235
0.002006997134022509
0.002207733611771499
0.0038416176338889434
GEN 43 time 1598908652
0.0023368348238357903
0.0014200353557188529
0.0017058410808370235
0.002006997134022509
0.002207733611771499
0.0038416176338889434
GEN 44 time 1598908660
0.0023368348238357903
0.0014200353557188529
0.0017058410808370235
0.002006997134022509
0.002207733611771499
0.0038416176338889434
GEN 45 time 1598908667
0.0023368348238357903
0.0014200353557188529
0.0017058410808370235
0.002006997134022509
0.002207733611771499
0.0038416176338889434
GEN 46 time 1598908675
0.0023368348238357903
0.0014200353557188529
0.0017058410808370235
0.002006997134022509
0.002207733611771499
0.0038416176338889434
GEN 47 time 1598908682
0.0023368348238357903
0.0014200353557188529
0.0017058410808370235
0.002006997134022509
0.002207733611771499
0.0038416176338889434
GEN 48 time 1598908690
0.0023368348238357903
0.0014200353557188529
0.0017058410808370235
0.002006997134022509
0.002207733611771499
0.0038416176338889434
GEN 49 time 1598908697
0.0023368348238357903
0.0014200353557188529
0.0017058410808370235
0.002006997134022509
0.002207733611771499
0.0038416176338889434
GEN 50 time 1598908705
0.0023368348238357903
0.0014200353557188529
0.0017058410808370235
0.002006997134022509
0.002207733611771499
0.0038404949204337464
GEN 51 time 1598908712
0.0023368348238357903
0.0014200353557188529
0.0017058410808370235
0.002006997134022509
0.002207733611771499
0.0038404949204337464
GEN 52 time 1598908720
0.0023368348238357903
0.0014200353557188529
0.0017058410808370235
0.002006997134022509
0.002207733611771499
0.0038404949204337464
GEN 53 time 1598908728
0.0023368348238357903
0.0014200353557188529
0.0017058410808370235
0.002006997134022509
0.002207733611771499
0.0038404949204337464
GEN 54 time 1598908736
0.0023368348238357903
0.0014200353557188529
0.0017058410808370235
0.0019905451247020593
0.002207733611771499
0.0038404949204337464
GEN 55 time 1598908743
0.0023368348238357903
0.0014200353557188529
0.0017058410808370235
0.0019905451247020593
0.002207733611771499
0.0038404949204337464
GEN 56 time 1598908751
0.0023368348238357903
0.0014200353557188529
0.0017058410808370235
0.0019905451247020593
0.0021800031924229663
0.0038404949204337464
GEN 57 time 1598908759
0.0023368348238357903
0.0014200353557188529
0.0017058410808370235
0.0019905451247020593
0.0021800031924229663
0.0038404949204337464
GEN 58 time 1598908768
0.0023368348238357903
0.0014200353557188529
0.0017058410808370235
0.0019905451247020593
0.0021800031924229663
0.0038404949204337464
GEN 59 time 1598908776
0.0023368348238357903
0.0014200353557188529
0.0017058410808370235
0.0019905451247020593
0.002136577729022575
0.0038404949204337464
GEN 60 time 1598908783
0.0023368348238357903
0.0014200353557188529
0.0017058410808370235
0.0019905451247020593
0.002136577729022575
0.0038404949204337464
GEN 61 time 1598908791
0.0023368348238357903
0.0014200353557188529
0.0017058410808370235
0.0019905451247020593
0.002136577729022575
0.0038404949204337464
GEN 62 time 1598908799
0.0023368348238357903
0.0014200353557188529
0.0017058410808370235
0.0019905451247020593
0.002136577729022575
0.0038404949204337464
GEN 63 time 1598908807
0.0023368348238357903
0.0014200353557188529
0.0017058410808370235
0.0019905451247020593
0.002136577729022575
0.0038404949204337464
GEN 64 time 1598908814
0.0023368348238357903
0.0014200353557188529
0.0017058410808370235
0.0019905451247020593
0.002136577729022575
0.0038404949204337464
GEN 65 time 1598908822
0.0023368348238357903
0.0014200353557188529
0.0017058410808370235
0.0019905451247020593
0.002136577729022575
0.0036404749204337465
GEN 66 time 1598908830
0.0023368348238357903
0.0014200353557188529
0.0017058410808370235
0.0019905451247020593
0.002136577729022575
0.0036404749204337465
GEN 67 time 1598908838
0.0023368348238357903
0.0014200353557188529
0.0017058410808370235
0.0019905451247020593
0.002136577729022575
0.0036404749204337465
GEN 68 time 1598908846
0.0023368348238357903
0.0014200353557188529
0.0017058410808370235
0.0019905451247020593
0.002136577729022575
0.0036404749204337465
GEN 69 time 1598908853
0.0023368348238357903
0.0014200353557188529
0.0017058410808370235
0.0019905451247020593
0.002136577729022575
0.0036404749204337465
GEN 70 time 1598908861
0.0023368348238357903
0.0014200353557188529
0.0017058410808370235
0.0019905451247020593
0.002136577729022575
0.0036404749204337465
GEN 71 time 1598908869
0.0023368348238357903
0.0014200353557188529
0.0017058410808370235
0.0019905451247020593
0.002136577729022575
0.0036334849992665642
GEN 72 time 1598908877
0.0023368348238357903
0.0014200353557188529
0.0017058410808370235
0.0019905451247020593
0.002136577729022575
0.0036334849992665642
GEN 73 time 1598908885
0.0023368348238357903
0.0014200353557188529
0.0017058410808370235
0.0019905451247020593
0.002136577729022575
0.003440454920433746
GEN 74 time 1598908893
0.0023368348238357903
0.0014200353557188529
0.0017058410808370235
0.0019905451247020593
0.002136577729022575
0.003440454920433746
GEN 75 time 1598908901
0.0023368348238357903
0.0014200353557188529
0.0017058410808370235
0.0019905451247020593
0.002136577729022575
0.003440454920433746
GEN 76 time 1598908908
0.0023368348238357903
0.0014200353557188529
0.0017058410808370235
0.0019905451247020593
0.002136577729022575
0.003440454920433746
GEN 77 time 1598908916
0.0023368348238357903
0.0014200353557188529
0.0017058410808370235
0.0019905451247020593
0.002136577729022575
0.003440454920433746
GEN 78 time 1598908924
0.0023368348238357903
0.0014200353557188529
0.0017058410808370235
0.0019905451247020593
0.002136577729022575
0.003440454920433746
GEN 79 time 1598908932
0.0023368348238357903
0.0014200353557188529
0.0017058410808370235
0.0019905451247020593
0.002136577729022575
0.003440454920433746
GEN 80 time 1598908941
0.0023368348238357903
0.0014200353557188529
0.0017058410808370235
0.0019905451247020593
0.002136577729022575
0.003440454920433746
GEN 81 time 1598908949
0.0023368348238357903
0.0014200353557188529
0.0017058410808370235
0.0019905451247020593
0.002136577729022575
0.003433464999266564
GEN 82 time 1598908957
0.0023368348238357903
0.0014200353557188529
0.0017058410808370235
0.0019905451247020593
0.002136577729022575
0.003433464999266564
GEN 83 time 1598908965
0.0023368348238357903
0.0014200353557188529
0.0017058410808370235
0.0019905451247020593
0.002136577729022575
0.003433464999266564
GEN 84 time 1598908973
0.0023368348238357903
0.0014200353557188529
0.0017058410808370235
0.0019905451247020593
0.002136577729022575
0.003433464999266564
GEN 85 time 1598908981
0.0023368348238357903
0.0014200353557188529
0.0017058410808370235
0.0019905451247020593
0.002136577729022575
0.003433464999266564
GEN 86 time 1598908990
0.0023368348238357903
0.0014200353557188529
0.0017058410808370235
0.0019905451247020593
0.002136577729022575
0.003433464999266564
GEN 87 time 1598908998
0.0023368348238357903
0.0014200353557188529
0.0017058410808370235
0.0019905451247020593
0.002136577729022575
0.003433464999266564
GEN 88 time 1598909006
0.0023368348238357903
0.0014200353557188529
0.0017058410808370235
0.0019905451247020593
0.002136577729022575
0.003240434920433746
GEN 89 time 1598909015
0.0023368348238357903
0.0014200353557188529
0.0017058410808370235
0.0019905451247020593
0.002136577729022575
0.003240434920433746
GEN 90 time 1598909023
0.0023368348238357903
0.0014200353557188529
0.0017058410808370235
0.0019905451247020593
0.002136577729022575
0.003240434920433746
GEN 91 time 1598909032
0.0023368348238357903
0.0014200353557188529
0.0017058410808370235
0.0019905451247020593
0.002136577729022575
0.003240434920433746
GEN 92 time 1598909040
0.0023368348238357903
0.0014200353557188529
0.0017058410808370235
0.0019905451247020593
0.002136577729022575
0.003240434920433746
GEN 93 time 1598909048
0.0023368348238357903
0.0014200353557188529
0.0017058410808370235
0.0019905451247020593
0.002136577729022575
0.003240434920433746
GEN 94 time 1598909056
0.0023368348238357903
0.0014200353557188529
0.0017058410808370235
0.0019905451247020593
0.002136577729022575
0.003240434920433746
GEN 95 time 1598909064
0.0023368348238357903
0.0014200353557188529
0.0017058410808370235
0.0019905451247020593
0.002136577729022575
0.003240434920433746
GEN 96 time 1598909072
0.0023368348238357903
0.0014200353557188529
0.0017058410808370235
0.0019905451247020593
0.002136577729022575
0.003240434920433746
GEN 97 time 1598909081
0.0023368348238357903
0.0014200353557188529
0.0017058410808370235
0.0019905451247020593
0.0020077136117714984
0.003240434920433746
GEN 98 time 1598909089
0.0023368348238357903
0.0014200353557188529
0.0017058410808370235
0.0019905451247020593
0.0020077136117714984
0.003240434920433746
GEN 99 time 1598909097
0.0023368348238357903
0.0014200353557188529
0.0017058410808370235
0.0019905451247020593
0.0020077136117714984
0.003240434920433746
GEN 100 time 1598909106
0.0023368348238357903
0.0014200353557188529
0.0017058410808370235
0.0019905451247020593
0.0020077136117714984
0.003240434920433746
GEN 101 time 1598909114
0.0023368348238357903
0.0014200353557188529
0.0017058410808370235
0.0019905451247020593
0.0020077136117714984
0.003240434920433746
GEN 102 time 1598909122
0.0023368348238357903
0.0014200353557188529
0.0017058410808370235
0.0019905451247020593
0.0020077136117714984
0.003240434920433746
GEN 103 time 1598909130
0.0023368348238357903
0.0014200353557188529
0.0017058410808370235
0.0019905451247020593
0.0020077136117714984
0.003240434920433746
GEN 104 time 1598909138
0.0023368348238357903
0.0014200353557188529
0.0017058410808370235
0.0019905451247020593
0.0020077136117714984
0.003240434920433746
GEN 105 time 1598909147
0.0023368348238357903
0.0014200353557188529
0.0017058410808370235
0.0019905451247020593
0.0020077136117714984
0.003240434920433746
GEN 106 time 1598909155
0.0023368348238357903
0.0014200353557188529
0.0017058410808370235
0.0019905451247020593
0.0020077136117714984
0.003240434920433746
GEN 107 time 1598909164
0.0023368348238357903
0.0014200353557188529
0.0017058410808370235
0.0019905451247020593
0.0020077136117714984
0.003240434920433746
GEN 108 time 1598909172
0.0023368348238357903
0.0014200353557188529
0.0017058410808370235
0.0019905451247020593
0.0020077136117714984
0.003240434920433746
GEN 109 time 1598909181
0.0023368348238357903
0.0014200353557188529
0.0017058410808370235
0.0019905451247020593
0.0020077136117714984
0.003240434920433746
GEN 110 time 1598909189
0.0023368348238357903
0.0014200353557188529
0.0017058410808370235
0.0019905451247020593
0.0020077136117714984
0.003240434920433746
GEN 111 time 1598909197
0.0023368348238357903
0.0014200353557188529
0.0017058410808370235
0.0019905451247020593
0.0020077136117714984
0.003240434920433746
GEN 112 time 1598909206
0.0023368348238357903
0.0014200353557188529
0.0017058410808370235
0.0019905451247020593
0.0020077136117714984
0.003240434920433746
GEN 113 time 1598909214
0.0023368348238357903
0.0014200353557188529
0.0017058410808370235
0.0019905451247020593
0.0020077136117714984
0.003240434920433746
GEN 114 time 1598909222
0.0023368348238357903
0.0014200353557188529
0.0017058410808370235
0.0019905451247020593
0.0020077136117714984
0.003240434920433746
GEN 115 time 1598909231
0.0023368348238357903
0.0014200353557188529
0.0017058410808370235
0.0019905451247020593
0.0020077136117714984
0.003240434920433746
GEN 116 time 1598909239
0.0023368348238357903
0.0014200353557188529
0.0017058410808370235
0.0019905451247020593
0.0020077136117714984
0.003240434920433746
GEN 117 time 1598909247
0.0023368348238357903
0.0014200353557188529
0.0017058410808370235
0.0019905451247020593
0.0020077136117714984
0.003240434920433746
GEN 118 time 1598909256
0.0023368348238357903
0.0014200353557188529
0.0017058410808370235
0.0019905451247020593
0.0020077136117714984
0.003240434920433746
GEN 119 time 1598909264
0.0023368348238357903
0.0014200353557188529
0.0017058410808370235
0.0019905451247020593
0.0020077136117714984
0.003240434920433746
GEN 120 time 1598909273
0.0023368348238357903
0.0014200353557188529
0.0017058410808370235
0.0019905451247020593
0.0020077136117714984
0.003240434920433746
GEN 121 time 1598909282
0.0023368348238357903
0.0014200353557188529
0.0017058410808370235
0.0019905451247020593
0.0020077136117714984
0.003240434920433746
GEN 122 time 1598909291
0.0023368348238357903
0.0014200353557188529
0.0017058410808370235
0.0019905451247020593
0.0020077136117714984
0.003240434920433746
GEN 123 time 1598909299
0.0023368348238357903
0.0014200353557188529
0.0017058410808370235
0.0019905451247020593
0.0020077136117714984
0.003240434920433746
GEN 124 time 1598909307
0.0023368348238357903
0.0014200353557188529
0.0017058410808370235
0.0019905451247020593
0.0020077136117714984
0.003240434920433746
GEN 125 time 1598909316
0.0023368348238357903
0.0014200353557188529
0.0017058410808370235
0.0019905451247020593
0.0020077136117714984
0.003240434920433746
GEN 126 time 1598909324
0.0023368348238357903
0.0014200353557188529
0.0017058410808370235
0.0019905451247020593
0.0020077136117714984
0.003240434920433746
GEN 127 time 1598909333
0.0023368348238357903
0.0014200353557188529
0.0017058410808370235
0.0019905451247020593
0.0020077136117714984
0.003240434920433746
GEN 128 time 1598909341
0.0023368348238357903
0.0014200353557188529
0.0017058410808370235
0.0019905451247020593
0.0020077136117714984
0.003240434920433746
GEN 129 time 1598909349
0.0023368348238357903
0.0014200353557188529
0.0017058410808370235
0.0019905451247020593
0.0020077136117714984
0.003240434920433746
GEN 130 time 1598909358
0.0023368348238357903
0.0014200353557188529
0.0017058410808370235
0.0019905451247020593
0.0020077136117714984
0.003240434920433746
GEN 131 time 1598909366
0.0023368348238357903
0.0014200353557188529
0.0017058410808370235
0.0019905451247020593
0.0020077136117714984
0.003240434920433746
GEN 132 time 1598909375
0.0023368348238357903
0.0014200353557188529
0.0017058410808370235
0.0019905451247020593
0.0020077136117714984
0.003240434920433746
GEN 133 time 1598909383
0.0023368348238357903
0.0014200353557188529
0.0017058410808370235
0.0019905451247020593
0.0020077136117714984
0.003240434920433746
GEN 134 time 1598909391
0.0023368348238357903
0.0014200353557188529
0.0017058410808370235
0.0019905451247020593
0.0020077136117714984
0.003240434920433746
GEN 135 time 1598909400
0.0023368348238357903
0.0014200353557188529
0.0017058410808370235
0.0019905451247020593
0.0020077136117714984
0.003240434920433746
GEN 136 time 1598909408
0.0023368348238357903
0.0014200353557188529
0.0017058410808370235
0.0019905451247020593
0.0020077136117714984
0.003240434920433746
GEN 137 time 1598909416
0.0023368348238357903
0.0014200353557188529
0.0017058410808370235
0.0019905451247020593
0.0020077136117714984
0.003240434920433746
GEN 138 time 1598909424
0.0023368348238357903
0.0014200353557188529
0.0017058410808370235
0.0019905451247020593
0.0020077136117714984
0.003240434920433746
GEN 139 time 1598909433
0.0023368348238357903
0.0014200353557188529
0.0017058410808370235
0.0019905451247020593
0.0020077136117714984
0.003240434920433746
GEN 140 time 1598909441
0.0023368348238357903
0.0014200353557188529
0.0017058410808370235
0.0019905451247020593
0.0020077136117714984
0.003240434920433746
GEN 141 time 1598909450
0.0023368348238357903
0.0014200353557188529
0.0017058410808370235
0.0019905451247020593
0.0020077136117714984
0.003240434920433746
GEN 142 time 1598909458
0.0023368348238357903
0.0014200353557188529
0.0017058410808370235
0.0019905451247020593
0.0020077136117714984
0.003240434920433746
GEN 143 time 1598909467
0.0023368348238357903
0.0014200353557188529
0.0017058410808370235
0.0019905451247020593
0.0020077136117714984
0.003240434920433746
GEN 144 time 1598909476
0.0023368348238357903
0.0014200353557188529
0.0017058410808370235
0.0019905451247020593
0.0020077136117714984
0.003240434920433746
GEN 145 time 1598909484
0.0023368348238357903
0.0014200353557188529
0.0017058410808370235
0.0019905451247020593
0.0020077136117714984
0.003240434920433746
GEN 146 time 1598909493
0.0023368348238357903
0.0014200353557188529
0.0017058410808370235
0.0019905451247020593
0.0020077136117714984
0.003240434920433746
GEN 147 time 1598909501
0.0023368348238357903
0.0014200353557188529
0.0017058410808370235
0.0019905451247020593
0.0020077136117714984
0.003240434920433746
GEN 148 time 1598909509
0.0023368348238357903
0.0014200353557188529
0.0017058410808370235
0.0019905451247020593
0.0020077136117714984
0.003240434920433746
GEN 149 time 1598909518
0.0023368348238357903
0.0014200353557188529
0.0017058410808370235
0.0019905451247020593
0.0020077136117714984
0.003240434920433746
GEN 150 time 1598909526
0.0023368348238357903
0.0014200353557188529
0.0017058410808370235
0.0019905451247020593
0.0020077136117714984
0.003240434920433746
GEN 151 time 1598909534
0.0023368348238357903
0.0014200353557188529
0.0017058410808370235
0.0019905451247020593
0.0020077136117714984
0.003240434920433746
GEN 152 time 1598909543
0.0023368348238357903
0.0014200353557188529
0.0017058410808370235
0.0019905451247020593
0.0020077136117714984
0.003240434920433746
GEN 153 time 1598909551
0.0023368348238357903
0.0014200353557188529
0.0017058410808370235
0.0019905451247020593
0.0020077136117714984
0.003240434920433746
GEN 154 time 1598909559
0.0023368348238357903
0.0014200353557188529
0.0017058410808370235
0.0019905451247020593
0.0020077136117714984
0.003240434920433746
GEN 155 time 1598909567
0.0023368348238357903
0.0014200353557188529
0.0017058410808370235
0.0019905451247020593
0.0020077136117714984
0.003240434920433746
GEN 156 time 1598909576
0.0023368348238357903
0.0014200353557188529
0.0017058410808370235
0.0019905451247020593
0.0020077136117714984
0.003240434920433746
GEN 157 time 1598909584
0.0023368348238357903
0.0014200353557188529
0.0017058410808370235
0.0019905451247020593
0.0020077136117714984
0.003240434920433746
GEN 158 time 1598909593
0.0023368348238357903
0.0014200353557188529
0.0017058410808370235
0.0019905451247020593
0.0020077136117714984
0.003240434920433746
GEN 159 time 1598909601
0.0023368348238357903
0.0014200353557188529
0.0017058410808370235
0.0019905451247020593
0.0020077136117714984
0.003240434920433746
GEN 160 time 1598909609
0.0023368348238357903
0.0014200353557188529
0.0017058410808370235
0.0019905451247020593
0.0020077136117714984
0.003240434920433746
GEN 161 time 1598909618
0.0023368348238357903
0.0014200353557188529
0.0017058410808370235
0.0019905451247020593
0.0020077136117714984
0.003240434920433746
GEN 162 time 1598909626
0.0023368348238357903
0.0014200353557188529
0.0017058410808370235
0.0019905451247020593
0.0020077136117714984
0.003240434920433746
GEN 163 time 1598909634
0.0023368348238357903
0.0014200353557188529
0.0017058410808370235
0.0019905451247020593
0.0020077136117714984
0.003240434920433746
GEN 164 time 1598909643
0.0023368348238357903
0.0014200353557188529
0.0017058410808370235
0.0019905451247020593
0.0020077136117714984
0.003240434920433746
GEN 165 time 1598909651
0.0023368348238357903
0.0014200353557188529
0.0017058410808370235
0.0019905451247020593
0.0020077136117714984
0.003240434920433746
GEN 166 time 1598909660
0.0023368348238357903
0.0014200353557188529
0.0017058410808370235
0.0019905451247020593
0.0020077136117714984
0.003240434920433746
GEN 167 time 1598909668
0.0023368348238357903
0.0014200353557188529
0.0017058410808370235
0.0019905451247020593
0.0020077136117714984
0.003240434920433746
GEN 168 time 1598909677
0.0023368348238357903
0.0014200353557188529
0.0017058410808370235
0.0019905451247020593
0.0020077136117714984
0.003240434920433746
GEN 169 time 1598909685
0.0023368348238357903
0.0014200353557188529
0.0017058410808370235
0.0019905451247020593
0.0020077136117714984
0.003240434920433746
GEN 170 time 1598909694
0.0023368348238357903
0.0014200353557188529
0.0017058410808370235
0.0019905451247020593
0.0020077136117714984
0.003240434920433746
GEN 171 time 1598909702
0.0023368348238357903
0.0014200353557188529
0.0017058410808370235
0.0019905451247020593
0.0020077136117714984
0.003240434920433746
GEN 172 time 1598909710
0.0023368348238357903
0.0014200353557188529
0.0017058410808370235
0.0019905451247020593
0.0020077136117714984
0.003240434920433746
GEN 173 time 1598909719
0.0023368348238357903
0.0014200353557188529
0.0017058410808370235
0.0019905451247020593
0.0020077136117714984
0.003240434920433746
GEN 174 time 1598909727
0.0023368348238357903
0.0014200353557188529
0.0017058410808370235
0.0019905451247020593
0.0020077136117714984
0.003240434920433746
GEN 175 time 1598909735
0.0023368348238357903
0.0014200353557188529
0.0017058410808370235
0.0019905451247020593
0.0020077136117714984
0.003240434920433746
GEN 176 time 1598909744
0.0023368348238357903
0.0014200353557188529
0.0017058410808370235
0.0019905451247020593
0.0020077136117714984
0.003240434920433746
GEN 177 time 1598909752
0.0023368348238357903
0.0014200353557188529
0.0017058410808370235
0.0019905451247020593
0.0020077136117714984
0.003240434920433746
GEN 178 time 1598909760
0.0023368348238357903
0.0014200353557188529
0.0017058410808370235
0.0019905451247020593
0.0020077136117714984
0.003240434920433746
GEN 179 time 1598909769
0.0023368348238357903
0.0014200353557188529
0.0017058410808370235
0.0019905451247020593
0.0020077136117714984
0.003240434920433746
GEN 180 time 1598909777
0.0023368348238357903
0.0014200353557188529
0.0017058410808370235
0.0019905451247020593
0.0020077136117714984
0.003240434920433746
GEN 181 time 1598909785
0.0023368348238357903
0.0014200353557188529
0.0017058410808370235
0.0019905451247020593
0.0020077136117714984
0.003240434920433746
GEN 182 time 1598909793
0.0023368348238357903
0.0014200353557188529
0.0017058410808370235
0.0019905451247020593
0.0020077136117714984
0.003240434920433746
GEN 183 time 1598909802
0.0023368348238357903
0.0014200353557188529
0.0017058410808370235
0.0019905451247020593
0.0020077136117714984
0.003240434920433746
GEN 184 time 1598909810
0.0023368348238357903
0.0014200353557188529
0.0017058410808370235
0.0019905451247020593
0.0020077136117714984
0.003240434920433746
GEN 185 time 1598909818
0.0023368348238357903
0.0014200353557188529
0.0017058410808370235
0.0019905451247020593
0.0020077136117714984
0.003240434920433746
GEN 186 time 1598909826
0.0023368348238357903
0.0014200353557188529
0.0017058410808370235
0.0019905451247020593
0.0020077136117714984
0.003240434920433746
GEN 187 time 1598909834
0.0023368348238357903
0.0014200353557188529
0.0017058410808370235
0.0019905451247020593
0.0020077136117714984
0.003240434920433746
GEN 188 time 1598909842
0.0023368348238357903
0.0014200353557188529
0.0017058410808370235
0.0019905451247020593
0.0020077136117714984
0.003240434920433746
GEN 189 time 1598909850
0.0023368348238357903
0.0014200353557188529
0.0017058410808370235
0.0019905451247020593
0.0020077136117714984
0.003240434920433746
GEN 190 time 1598909858
0.0023368348238357903
0.0014200353557188529
0.0017058410808370235
0.0019905451247020593
0.0020077136117714984
0.003240434920433746
GEN 191 time 1598909866
0.0023368348238357903
0.0014200353557188529
0.0017058410808370235
0.0019905451247020593
0.0020077136117714984
0.003240434920433746
GEN 192 time 1598909874
0.0023368348238357903
0.0014200353557188529
0.0017058410808370235
0.0019905451247020593
0.0020077136117714984
0.003240434920433746
GEN 193 time 1598909882
0.0023368348238357903
0.0014200353557188529
0.0017058410808370235
0.0019905451247020593
0.0020077136117714984
0.003240434920433746
GEN 194 time 1598909890
0.0023368348238357903
0.0014200353557188529
0.0017058410808370235
0.0019905451247020593
0.0020077136117714984
0.003240434920433746
GEN 195 time 1598909899
0.0023368348238357903
0.0014200353557188529
0.0017058410808370235
0.0019905451247020593
0.0020077136117714984
0.003240434920433746
GEN 196 time 1598909907
0.0023368348238357903
0.0014200353557188529
0.0017058410808370235
0.0019905451247020593
0.0020077136117714984
0.003240434920433746
GEN 197 time 1598909915
0.0023368348238357903
0.0014200353557188529
0.0017058410808370235
0.0019905451247020593
0.0020077136117714984
0.003240434920433746
GEN 198 time 1598909924
0.0023368348238357903
0.0014200353557188529
0.0017058410808370235
0.0019905451247020593
0.0020077136117714984
0.003240434920433746
GEN 199 time 1598909932
0.0023368348238357903
0.0014200353557188529
0.0017058410808370235
0.0019905451247020593
0.0020077136117714984
0.003240434920433746
