['./data/small/layer/uu-dem4_r25_1.json', './data/small/hop/uu-dem8_r25_1_0.json', './data/small/hop/uu-dem2_r25_1_0.json', './data/small/hop/uu-dem1_r25_1_0.json']
GEN 0 time 1599173814
0.0015532725531838558
0.002212331573771233
0.002080814292484699
0.0020497686318407126
GEN 1 time 1599173816
0.0015532725531838558
0.0020652639323358595
0.002057422331340485
0.0019254620510887233
GEN 2 time 1599173818
0.0015532725531838558
0.002030066335547832
0.002017371262088518
0.0019254620510887233
GEN 3 time 1599173820
0.0015532725531838558
0.0018874808962521415
0.0018950051910137746
0.0019254620510887233
GEN 4 time 1599173822
0.0015532725531838558
0.0018874808962521415
0.0018004674488474141
0.0019254620510887233
GEN 5 time 1599173824
0.0015532725531838558
0.0018874808962521415
0.0018004674488474141
0.0019254620510887233
GEN 6 time 1599173827
0.0015532725531838558
0.0018874808962521415
0.0018004674488474141
0.0019254620510887233
GEN 7 time 1599173829
0.0015358109921157913
0.0018874808962521415
0.0018004674488474141
0.001920272902592674
GEN 8 time 1599173832
0.0015358109921157913
0.0018798562267159677
0.0018004674488474141
0.001920272902592674
GEN 9 time 1599173834
0.0015358109921157913
0.001831089950076021
0.0018004674488474141
0.001920272902592674
GEN 10 time 1599173836
0.0015358109921157913
0.001831089950076021
0.0018004674488474141
0.001920272902592674
GEN 11 time 1599173839
0.0015358109921157913
0.001831089950076021
0.0018004674488474141
0.001920272902592674
GEN 12 time 1599173841
0.0015358109921157913
0.001831089950076021
0.0018004674488474141
0.001920272902592674
GEN 13 time 1599173844
0.0015358109921157913
0.001831089950076021
0.0017467321377349428
0.001920272902592674
GEN 14 time 1599173846
0.0014584555404298799
0.001831089950076021
0.0017467321377349428
0.001920272902592674
GEN 15 time 1599173849
0.0014584555404298799
0.001831089950076021
0.0017467321377349428
0.0018076936117714985
GEN 16 time 1599173851
0.0014584555404298799
0.001831089950076021
0.0017467321377349428
0.0018076936117714985
GEN 17 time 1599173853
0.0014584555404298799
0.001831089950076021
0.0017467321377349428
0.0018076936117714985
GEN 18 time 1599173856
0.0014584555404298799
0.001831089950076021
0.0017467321377349428
0.0018076936117714985
GEN 19 time 1599173858
0.0014584555404298799
0.001831089950076021
0.0017467321377349428
0.0018076936117714985
GEN 20 time 1599173860
0.0014584555404298799
0.001831089950076021
0.0016949851910137747
0.0018076936117714985
GEN 21 time 1599173862
0.0014584555404298799
0.0017171374165361971
0.0016949851910137747
0.0018076936117714985
GEN 22 time 1599173865
0.0014584555404298799
0.0017171374165361971
0.0016949851910137747
0.0018076936117714985
GEN 23 time 1599173867
0.0014584555404298799
0.0017171374165361971
0.001654364693706192
0.0018076936117714985
GEN 24 time 1599173869
0.0014584555404298799
0.0017171374165361971
0.001654364693706192
0.0018076936117714985
GEN 25 time 1599173872
0.0014584555404298799
0.0017171374165361971
0.001654364693706192
0.0018076936117714985
GEN 26 time 1599173874
0.0014584555404298799
0.0017171374165361971
0.001654364693706192
0.0018076936117714985
GEN 27 time 1599173877
0.0014584555404298799
0.00167624455487767
0.001654364693706192
0.0017799631924229663
GEN 28 time 1599173879
0.0014584555404298799
0.00167624455487767
0.001654364693706192
0.0017799631924229663
GEN 29 time 1599173882
0.0014584555404298799
0.00167624455487767
0.001654364693706192
0.0017799631924229663
GEN 30 time 1599173884
0.0014584555404298799
0.00167624455487767
0.001654364693706192
0.0017799631924229663
GEN 31 time 1599173886
0.0014584555404298799
0.00167624455487767
0.001654364693706192
0.0017799631924229663
GEN 32 time 1599173889
0.0014584555404298799
0.0016697190428799514
0.001654364693706192
0.0017799631924229663
GEN 33 time 1599173891
0.0014584555404298799
0.0016697190428799514
0.001654364693706192
0.0017799631924229663
GEN 34 time 1599173893
0.0014584555404298799
0.0016697190428799514
0.0016510584593196823
0.0017799631924229663
GEN 35 time 1599173896
0.0014584555404298799
0.0016697190428799514
0.0016173312620885178
0.0017799631924229663
GEN 36 time 1599173898
0.0014584555404298799
0.0016697190428799514
0.0016173312620885178
0.0017799631924229663
GEN 37 time 1599173900
0.0014584555404298799
0.0016697190428799514
0.0016173312620885178
0.0017799631924229663
GEN 38 time 1599173903
0.0014584555404298799
0.0016697190428799514
0.0016173312620885178
0.0017799631924229663
GEN 39 time 1599173905
0.0014584555404298799
0.0016697190428799514
0.0016173312620885178
0.0017799631924229663
GEN 40 time 1599173908
0.0014584555404298799
0.0016697190428799514
0.0016173312620885178
0.0017799631924229663
GEN 41 time 1599173910
0.0014584555404298799
0.0016697190428799514
0.0016173312620885178
0.0017799631924229663
GEN 42 time 1599173912
0.0014584555404298799
0.0016697190428799514
0.0016173312620885178
0.0017799631924229663
GEN 43 time 1599173915
0.0014584555404298799
0.0016697190428799514
0.0016173312620885178
0.0017799631924229663
GEN 44 time 1599173917
0.0014584555404298799
0.0016697190428799514
0.0016173312620885178
0.0017799631924229663
GEN 45 time 1599173919
0.0014584555404298799
0.0016697190428799514
0.0016173312620885178
0.0017799631924229663
GEN 46 time 1599173922
0.0014584555404298799
0.0015384339408657786
0.0016173312620885178
0.0017799631924229663
GEN 47 time 1599173924
0.0014584555404298799
0.0015384339408657786
0.0016173312620885178
0.0017799631924229663
GEN 48 time 1599173927
0.0014584555404298799
0.0015384339408657786
0.0016173312620885178
0.0017799631924229663
GEN 49 time 1599173929
0.0014584555404298799
0.0015384339408657786
0.0016173312620885178
0.0017799631924229663
GEN 50 time 1599173931
0.0014584555404298799
0.0015384339408657786
0.0016173312620885178
0.0017799631924229663
GEN 51 time 1599173934
0.0014584555404298799
0.0015384339408657786
0.0016173312620885178
0.0017799631924229663
GEN 52 time 1599173936
0.0014584555404298799
0.0015384339408657786
0.0016173312620885178
0.0017799631924229663
GEN 53 time 1599173938
0.0014584555404298799
0.0015384339408657786
0.0015097659370101697
0.0017799631924229663
GEN 54 time 1599173941
0.0014584555404298799
0.0015384339408657786
0.0015097659370101697
0.0017799631924229663
GEN 55 time 1599173943
0.0014584555404298799
0.0015384339408657786
0.0015097659370101697
0.0017799631924229663
GEN 56 time 1599173945
0.0014584555404298799
0.0015384339408657786
0.0015097659370101697
0.0017799631924229663
GEN 57 time 1599173948
0.0014584555404298799
0.0015384339408657786
0.0015097659370101697
0.0017799631924229663
GEN 58 time 1599173950
0.0014584555404298799
0.0015384339408657786
0.0015097659370101697
0.0017799631924229663
GEN 59 time 1599173952
0.0014584555404298799
0.0015384339408657786
0.0015097659370101697
0.0017799631924229663
GEN 60 time 1599173955
0.0014584555404298799
0.0015384339408657786
0.0015097659370101697
0.0017799631924229663
GEN 61 time 1599173957
0.0014584555404298799
0.0015384339408657786
0.0015097659370101697
0.0017799631924229663
GEN 62 time 1599173959
0.0014584555404298799
0.0015384339408657786
0.0015097659370101697
0.0017799631924229663
GEN 63 time 1599173962
0.0014584555404298799
0.0015384339408657786
0.0015097659370101697
0.0017799631924229663
GEN 64 time 1599173964
0.0014584555404298799
0.0015384339408657786
0.0015097659370101697
0.0017713917166309037
GEN 65 time 1599173967
0.0014584555404298799
0.0015384339408657786
0.0015097659370101697
0.0017713917166309037
GEN 66 time 1599173969
0.0014584555404298799
0.0015384339408657786
0.0015097659370101697
0.0017713917166309037
GEN 67 time 1599173972
0.0014584555404298799
0.0015384339408657786
0.0015097659370101697
0.0017713917166309037
GEN 68 time 1599173975
0.0014584555404298799
0.0015384339408657786
0.0015097659370101697
0.0017713917166309037
GEN 69 time 1599173977
0.0014584555404298799
0.0015384339408657786
0.0015097659370101697
0.0017713917166309037
GEN 70 time 1599173980
0.0014584555404298799
0.0015384339408657786
0.0015097659370101697
0.0017713917166309037
GEN 71 time 1599173983
0.0014584555404298799
0.0015384339408657786
0.0014949651910137747
0.0017713917166309037
GEN 72 time 1599173986
0.0014584555404298799
0.0015384339408657786
0.0014949651910137747
0.0017713917166309037
GEN 73 time 1599173988
0.0014584555404298799
0.0015384339408657786
0.0014949651910137747
0.0017683448869347488
GEN 74 time 1599173991
0.0014584555404298799
0.0015384339408657786
0.0014949651910137747
0.0017683448869347488
GEN 75 time 1599173993
0.0014584555404298799
0.0015384339408657786
0.0014949651910137747
0.0017683448869347488
GEN 76 time 1599173996
0.0014584555404298799
0.0015384339408657786
0.0014949651910137747
0.0017683448869347488
GEN 77 time 1599173998
0.0014584555404298799
0.0015384339408657786
0.0014949651910137747
0.0017683448869347488
GEN 78 time 1599174001
0.0014584555404298799
0.0015384339408657786
0.0014949651910137747
0.0017683448869347488
GEN 79 time 1599174003
0.0014584555404298799
0.0015384339408657786
0.0014949651910137747
0.0017683448869347488
GEN 80 time 1599174006
0.0014584555404298799
0.0015384339408657786
0.0014949651910137747
0.0017683448869347488
GEN 81 time 1599174008
0.0014584555404298799
0.0015384339408657786
0.0014949651910137747
0.0017683448869347488
GEN 82 time 1599174011
0.0014584555404298799
0.0015384339408657786
0.0014949651910137747
0.0017683448869347488
GEN 83 time 1599174014
0.0014584555404298799
0.0015384339408657786
0.0014949651910137747
0.0017683448869347488
GEN 84 time 1599174016
0.0014584555404298799
0.0015384339408657786
0.0014949651910137747
0.0017683448869347488
GEN 85 time 1599174019
0.0014584555404298799
0.0015384339408657786
0.0014949651910137747
0.0017683448869347488
GEN 86 time 1599174022
0.0014584555404298799
0.0015384339408657786
0.0014949651910137747
0.0017683448869347488
GEN 87 time 1599174025
0.0014584555404298799
0.0015384339408657786
0.0014949651910137747
0.0017683448869347488
GEN 88 time 1599174027
0.0014584555404298799
0.0015384339408657786
0.0014949651910137747
0.0017683448869347488
GEN 89 time 1599174030
0.0014584555404298799
0.0015384339408657786
0.0014949651910137747
0.0017683448869347488
GEN 90 time 1599174033
0.0014584555404298799
0.0015384339408657786
0.0014949651910137747
0.0017683448869347488
GEN 91 time 1599174036
0.0014584555404298799
0.0015384339408657786
0.0014949651910137747
0.0017683448869347488
GEN 92 time 1599174038
0.0014584555404298799
0.0015384339408657786
0.0014949651910137747
0.0017683448869347488
GEN 93 time 1599174041
0.0014584555404298799
0.0015384339408657786
0.0014949651910137747
0.0017683448869347488
GEN 94 time 1599174044
0.0014584555404298799
0.0015384339408657786
0.0014949651910137747
0.0017683448869347488
GEN 95 time 1599174046
0.0014584555404298799
0.0015384339408657786
0.0014949651910137747
0.0017683448869347488
GEN 96 time 1599174049
0.0014584555404298799
0.0015384339408657786
0.0014949651910137747
0.0017683448869347488
GEN 97 time 1599174052
0.0014584555404298799
0.0015384339408657786
0.0014949651910137747
0.0017683448869347488
GEN 98 time 1599174055
0.0014584555404298799
0.0015384339408657786
0.0014949651910137747
0.0017683448869347488
GEN 99 time 1599174058
0.0014584555404298799
0.0015384339408657786
0.0014949651910137747
0.0017683448869347488
GEN 100 time 1599174061
0.0014584555404298799
0.0015384339408657786
0.0014949651910137747
0.0017683448869347488
GEN 101 time 1599174063
0.0014584555404298799
0.0015384339408657786
0.0014949651910137747
0.0017683448869347488
GEN 102 time 1599174066
0.0014584555404298799
0.0015384339408657786
0.0014949651910137747
0.0016405512555669214
GEN 103 time 1599174069
0.0014584555404298799
0.0015384339408657786
0.0014949651910137747
0.0016405512555669214
GEN 104 time 1599174072
0.0014584555404298799
0.0015384339408657786
0.0014949651910137747
0.0016405512555669214
GEN 105 time 1599174075
0.0014584555404298799
0.0015384339408657786
0.0014949651910137747
0.0016405512555669214
GEN 106 time 1599174078
0.0014584555404298799
0.0015384339408657786
0.0014949651910137747
0.0016405512555669214
GEN 107 time 1599174081
0.0014584555404298799
0.0015384339408657786
0.0014949651910137747
0.0016405512555669214
GEN 108 time 1599174084
0.0014584555404298799
0.0015384339408657786
0.0014949651910137747
0.0016405512555669214
GEN 109 time 1599174087
0.0014584555404298799
0.0015384339408657786
0.0014949651910137747
0.0016405512555669214
GEN 110 time 1599174090
0.0014584555404298799
0.0015384339408657786
0.0014949651910137747
0.0016405512555669214
GEN 111 time 1599174092
0.0014584555404298799
0.0015384339408657786
0.0014949651910137747
0.0016405512555669214
GEN 112 time 1599174095
0.0014584555404298799
0.0015384339408657786
0.0014949651910137747
0.0016405512555669214
GEN 113 time 1599174098
0.0014584555404298799
0.0015384339408657786
0.0014949651910137747
0.0016405512555669214
GEN 114 time 1599174101
0.0014584555404298799
0.0015384339408657786
0.0014949651910137747
0.0016405512555669214
GEN 115 time 1599174105
0.0014584555404298799
0.0015384339408657786
0.0014949651910137747
0.0016405512555669214
GEN 116 time 1599174108
0.0014584555404298799
0.0015384339408657786
0.0014949651910137747
0.0016405512555669214
GEN 117 time 1599174110
0.0014584555404298799
0.0015384339408657786
0.0014949651910137747
0.0016405512555669214
GEN 118 time 1599174113
0.0014584555404298799
0.0015384339408657786
0.0014949651910137747
0.0016405512555669214
GEN 119 time 1599174117
0.0014584555404298799
0.0015384339408657786
0.0014949651910137747
0.0016405512555669214
GEN 120 time 1599174119
0.0014584555404298799
0.0015384339408657786
0.0014949651910137747
0.0016405512555669214
GEN 121 time 1599174123
0.0014584555404298799
0.0015384339408657786
0.0014949651910137747
0.0016405512555669214
GEN 122 time 1599174126
0.0014584555404298799
0.0015384339408657786
0.0014949651910137747
0.0016405512555669214
GEN 123 time 1599174129
0.0014584555404298799
0.0015384339408657786
0.0014949651910137747
0.0016405512555669214
GEN 124 time 1599174131
0.0014584555404298799
0.0015384339408657786
0.0014949651910137747
0.0016405512555669214
GEN 125 time 1599174134
0.0014584555404298799
0.0015384339408657786
0.0014949651910137747
0.0016405512555669214
GEN 126 time 1599174137
0.0014584555404298799
0.0015384339408657786
0.0014949651910137747
0.0016405512555669214
GEN 127 time 1599174140
0.0014584555404298799
0.0015384339408657786
0.0014949651910137747
0.0016405512555669214
GEN 128 time 1599174143
0.0014584555404298799
0.0015384339408657786
0.0014949651910137747
0.0016405512555669214
GEN 129 time 1599174146
0.0014584555404298799
0.0015384339408657786
0.0014949651910137747
0.0016405512555669214
GEN 130 time 1599174149
0.0014584555404298799
0.0015384339408657786
0.0014949651910137747
0.0016405512555669214
GEN 131 time 1599174152
0.0014584555404298799
0.0015384339408657786
0.0014949651910137747
0.0016405512555669214
GEN 132 time 1599174155
0.0014584555404298799
0.0015384339408657786
0.0014949651910137747
0.0016405512555669214
GEN 133 time 1599174158
0.0014584555404298799
0.0015384339408657786
0.0014949651910137747
0.0016405512555669214
GEN 134 time 1599174161
0.0014584555404298799
0.0015384339408657786
0.0014949651910137747
0.0016405512555669214
GEN 135 time 1599174164
0.0014584555404298799
0.0015384339408657786
0.0014949651910137747
0.0016405512555669214
GEN 136 time 1599174167
0.0014584555404298799
0.0015384339408657786
0.0014949651910137747
0.0016405512555669214
GEN 137 time 1599174170
0.0014584555404298799
0.0015384339408657786
0.0014949651910137747
0.0016405512555669214
GEN 138 time 1599174173
0.0014584555404298799
0.0015384339408657786
0.0014949651910137747
0.0016405512555669214
GEN 139 time 1599174176
0.0014584555404298799
0.0015384339408657786
0.0014949651910137747
0.0016405512555669214
GEN 140 time 1599174179
0.0014584555404298799
0.0015384339408657786
0.0014949651910137747
0.0016405512555669214
GEN 141 time 1599174182
0.0014584555404298799
0.0015384339408657786
0.0014949651910137747
0.0016405512555669214
GEN 142 time 1599174185
0.0014584555404298799
0.0015384339408657786
0.0014949651910137747
0.0016405512555669214
GEN 143 time 1599174188
0.0014584555404298799
0.0015384339408657786
0.0014949651910137747
0.0016405512555669214
GEN 144 time 1599174191
0.0014584555404298799
0.0015384339408657786
0.0014949651910137747
0.0016405512555669214
GEN 145 time 1599174194
0.0014584555404298799
0.0015384339408657786
0.0014949651910137747
0.0016405512555669214
GEN 146 time 1599174197
0.0014584555404298799
0.0015384339408657786
0.0014949651910137747
0.0016405512555669214
GEN 147 time 1599174200
0.0014584555404298799
0.0015384339408657786
0.0014949651910137747
0.0016405512555669214
GEN 148 time 1599174203
0.0014584555404298799
0.0015384339408657786
0.0014949651910137747
0.0016405512555669214
GEN 149 time 1599174206
0.0014584555404298799
0.0015384339408657786
0.0014949651910137747
0.0016405512555669214
GEN 150 time 1599174209
0.0014584555404298799
0.0015384339408657786
0.0014949651910137747
0.0016405512555669214
GEN 151 time 1599174212
0.0014584555404298799
0.0015384339408657786
0.0014949651910137747
0.0016405512555669214
GEN 152 time 1599174215
0.0014584555404298799
0.0015384339408657786
0.0014949651910137747
0.0016405512555669214
GEN 153 time 1599174218
0.0014584555404298799
0.0015384339408657786
0.0014949651910137747
0.0016405512555669214
GEN 154 time 1599174221
0.0014584555404298799
0.0015384339408657786
0.0014949651910137747
0.0016405512555669214
GEN 155 time 1599174224
0.0014584555404298799
0.0015384339408657786
0.0014949651910137747
0.0016405512555669214
GEN 156 time 1599174227
0.0014584555404298799
0.0015384339408657786
0.0014949651910137747
0.0016405512555669214
GEN 157 time 1599174230
0.0014584555404298799
0.0015384339408657786
0.0014949651910137747
0.0016405512555669214
GEN 158 time 1599174233
0.0014584555404298799
0.0015384339408657786
0.0014949651910137747
0.0016405512555669214
GEN 159 time 1599174236
0.0014584555404298799
0.0015384339408657786
0.0014949651910137747
0.0016405512555669214
GEN 160 time 1599174239
0.0014584555404298799
0.0015384339408657786
0.0014949651910137747
0.0016405512555669214
GEN 161 time 1599174242
0.0014584555404298799
0.0015384339408657786
0.0014949651910137747
0.0016405512555669214
GEN 162 time 1599174245
0.0014584555404298799
0.0015384339408657786
0.0014949651910137747
0.0016405512555669214
GEN 163 time 1599174248
0.0014584555404298799
0.0015384339408657786
0.0014949651910137747
0.0016405512555669214
GEN 164 time 1599174251
0.0014584555404298799
0.0015384339408657786
0.0014949651910137747
0.0016405512555669214
GEN 165 time 1599174254
0.0014584555404298799
0.0015384339408657786
0.0014949651910137747
0.0016405512555669214
GEN 166 time 1599174257
0.0014584555404298799
0.0015384339408657786
0.0014949651910137747
0.0016405512555669214
GEN 167 time 1599174261
0.0014584555404298799
0.0015384339408657786
0.0014949651910137747
0.0016405512555669214
GEN 168 time 1599174264
0.0014584555404298799
0.0015384339408657786
0.0014949651910137747
0.0016405512555669214
GEN 169 time 1599174267
0.0014584555404298799
0.0015384339408657786
0.0014949651910137747
0.0016405512555669214
GEN 170 time 1599174270
0.0014584555404298799
0.0015384339408657786
0.0014949651910137747
0.0016405512555669214
GEN 171 time 1599174273
0.0014584555404298799
0.0015384339408657786
0.0014949651910137747
0.0016405512555669214
GEN 172 time 1599174276
0.0014584555404298799
0.0015384339408657786
0.0014949651910137747
0.0016405512555669214
GEN 173 time 1599174279
0.0014584555404298799
0.0015384339408657786
0.0014949651910137747
0.0016405512555669214
GEN 174 time 1599174283
0.0014584555404298799
0.0015384339408657786
0.0014949651910137747
0.0016405512555669214
GEN 175 time 1599174286
0.0014584555404298799
0.0015384339408657786
0.0014949651910137747
0.0016405512555669214
GEN 176 time 1599174290
0.0014584555404298799
0.0015384339408657786
0.0014949651910137747
0.0016405512555669214
GEN 177 time 1599174293
0.0014584555404298799
0.0015384339408657786
0.0014949651910137747
0.0016405512555669214
GEN 178 time 1599174296
0.0014584555404298799
0.0015384339408657786
0.0014949651910137747
0.0016405512555669214
GEN 179 time 1599174299
0.0014584555404298799
0.0015384339408657786
0.0014949651910137747
0.0016405512555669214
GEN 180 time 1599174302
0.0014584555404298799
0.0015384339408657786
0.0014949651910137747
0.0016405512555669214
GEN 181 time 1599174305
0.0014584555404298799
0.0015384339408657786
0.0014949651910137747
0.0016405512555669214
GEN 182 time 1599174308
0.0014584555404298799
0.0015384339408657786
0.0014949651910137747
0.0016405512555669214
GEN 183 time 1599174311
0.0014584555404298799
0.0015384339408657786
0.0014949651910137747
0.0016405512555669214
GEN 184 time 1599174314
0.0014584555404298799
0.0015384339408657786
0.0014949651910137747
0.0016405512555669214
GEN 185 time 1599174317
0.0014584555404298799
0.0015384339408657786
0.0014949651910137747
0.0016405512555669214
GEN 186 time 1599174320
0.0014584555404298799
0.0015384339408657786
0.0014949651910137747
0.0016405512555669214
GEN 187 time 1599174323
0.0014584555404298799
0.0015384339408657786
0.0014949651910137747
0.0016405512555669214
GEN 188 time 1599174326
0.0014584555404298799
0.0015384339408657786
0.0014949651910137747
0.0016405512555669214
GEN 189 time 1599174329
0.0014584555404298799
0.0015384339408657786
0.0014949651910137747
0.0016405512555669214
GEN 190 time 1599174332
0.0014584555404298799
0.0015384339408657786
0.0014949651910137747
0.0016405512555669214
GEN 191 time 1599174335
0.0014584555404298799
0.0015384339408657786
0.0014949651910137747
0.0016405512555669214
GEN 192 time 1599174338
0.0014584555404298799
0.0015384339408657786
0.0014949651910137747
0.0016405512555669214
GEN 193 time 1599174341
0.0014584555404298799
0.0015384339408657786
0.0014949651910137747
0.0016405512555669214
GEN 194 time 1599174345
0.0014584555404298799
0.0015384339408657786
0.0014949651910137747
0.0016405512555669214
GEN 195 time 1599174348
0.0014584555404298799
0.0015384339408657786
0.0014949651910137747
0.0016405512555669214
GEN 196 time 1599174351
0.0014584555404298799
0.0015384339408657786
0.0014949651910137747
0.0016405512555669214
GEN 197 time 1599174354
0.0014584555404298799
0.0015384339408657786
0.0014949651910137747
0.0016405512555669214
GEN 198 time 1599174357
0.0014584555404298799
0.0015384339408657786
0.0014949651910137747
0.0016405512555669214
GEN 199 time 1599174360
0.0014584555404298799
0.0015384339408657786
0.0014949651910137747
0.0016405512555669214
