['./data/small/layer/uu-dem3_r25_1.json', './data/small/hop/uu-dem5_r25_1_0.json', './data/small/hop/uu-dem3_r25_1_0.json', './data/small/hop/uu-dem2_r25_1_0.json']
GEN 0 time 1610034462
0.0018683146479546787
0.0012200733758990303
0.0012735181361035017
0.0010870420964955543
GEN 1 time 1610034464
0.0017924369095355932
0.001215183404843462
0.0012735181361035017
0.0010838658006519738
GEN 2 time 1610034466
0.0017058410808370235
0.001215183404843462
0.0012619822777926587
0.0010664237284212419
GEN 3 time 1610034468
0.0017058410808370235
0.001215183404843462
0.0012619822777926587
0.0010664237284212419
GEN 4 time 1610034470
0.0017058410808370235
0.001215183404843462
0.0012596545110481123
0.0010664237284212419
GEN 5 time 1610034472
0.0017058410808370235
0.001215183404843462
0.0011678832602091045
0.0010664237284212419
GEN 6 time 1610034475
0.0017058410808370235
0.0011589205782002116
0.0011678832602091045
0.0010575145105332607
GEN 7 time 1610034477
0.0017058410808370235
0.0011589205782002116
0.0011678832602091045
0.0010351571937859193
GEN 8 time 1610034479
0.0017058410808370235
0.0011589205782002116
0.0011678832602091045
0.0010351571937859193
GEN 9 time 1610034481
0.0017058410808370235
0.0011589205782002116
0.0010846608339615893
0.0009525350202249685
GEN 10 time 1610034484
0.0017058410808370235
0.001052771686465652
0.0010846608339615893
0.0009525350202249685
GEN 11 time 1610034486
0.0017058410808370235
0.001052771686465652
0.0010435229209072023
0.0009525350202249685
GEN 12 time 1610034488
0.0017058410808370235
0.001052771686465652
0.0010435229209072023
0.0009525350202249685
GEN 13 time 1610034490
0.0017058410808370235
0.001052771686465652
0.0010435229209072023
0.0009525350202249685
GEN 14 time 1610034492
0.0017058410808370235
0.001052771686465652
0.0010435229209072023
0.0009525350202249685
GEN 15 time 1610034495
0.0017058410808370235
0.001052771686465652
0.0010435229209072023
0.0009525350202249685
GEN 16 time 1610034497
0.0017058410808370235
0.001052771686465652
0.0010435229209072023
0.0009525350202249685
GEN 17 time 1610034499
0.0017058410808370235
0.001052771686465652
0.0010435229209072023
0.0009525350202249685
GEN 18 time 1610034501
0.0017058410808370235
0.001052771686465652
0.0010435229209072023
0.0009525350202249685
GEN 19 time 1610034503
0.0017058410808370235
0.001052771686465652
0.0010435229209072023
0.0009525350202249685
GEN 20 time 1610034506
0.0017058410808370235
0.001052771686465652
0.0010435229209072023
0.0009525350202249685
GEN 21 time 1610034508
0.0017058410808370235
0.001052771686465652
0.0010435229209072023
0.0009525350202249685
GEN 22 time 1610034510
0.0017058410808370235
0.0010200533758990304
0.0010435229209072023
0.0009525350202249685
GEN 23 time 1610034512
0.0017058410808370235
0.0010200533758990304
0.0010435229209072023
0.0008970053089545661
GEN 24 time 1610034515
0.0017058410808370235
0.0010200533758990304
0.0010435229209072023
0.0008970053089545661
GEN 25 time 1610034517
0.0017058410808370235
0.0010200533758990304
0.0010435229209072023
0.0008970053089545661
GEN 26 time 1610034519
0.0017058410808370235
0.0010200533758990304
0.0010435229209072023
0.0008970053089545661
GEN 27 time 1610034521
0.0017058410808370235
0.0010200533758990304
0.0010435229209072023
0.0008970053089545661
GEN 28 time 1610034523
0.0017058410808370235
0.0010200533758990304
0.0010435229209072023
0.0008970053089545661
GEN 29 time 1610034526
0.0017058410808370235
0.0010200533758990304
0.0010435229209072023
0.0008970053089545661
GEN 30 time 1610034528
0.0017058410808370235
0.0010200533758990304
0.0010435229209072023
0.0008970053089545661
GEN 31 time 1610034530
0.0017058410808370235
0.0010200533758990304
0.0010435229209072023
0.0008970053089545661
GEN 32 time 1610034532
0.0017058410808370235
0.0010200533758990304
0.0010435229209072023
0.0008970053089545661
GEN 33 time 1610034534
0.0017058410808370235
0.0010200533758990304
0.0010435229209072023
0.0008970053089545661
GEN 34 time 1610034537
0.0017058410808370235
0.0010200533758990304
0.0010435229209072023
0.0008970053089545661
GEN 35 time 1610034539
0.0017058410808370235
0.0010200533758990304
0.0010435229209072023
0.0008970053089545661
GEN 36 time 1610034541
0.0017058410808370235
0.0010200533758990304
0.0010435229209072023
0.0008970053089545661
GEN 37 time 1610034543
0.0017058410808370235
0.0010200533758990304
0.0010435229209072023
0.0008970053089545661
GEN 38 time 1610034545
0.0017058410808370235
0.0010200533758990304
0.0010298743374496675
0.0008970053089545661
GEN 39 time 1610034547
0.0017058410808370235
0.0010200533758990304
0.0010298743374496675
0.0008970053089545661
GEN 40 time 1610034550
0.0017058410808370235
0.0010200533758990304
0.0010298743374496675
0.0008970053089545661
GEN 41 time 1610034552
0.0017058410808370235
0.0010200533758990304
0.0010298743374496675
0.0008970053089545661
GEN 42 time 1610034554
0.0017058410808370235
0.0010200533758990304
0.0010298743374496675
0.0008970053089545661
GEN 43 time 1610034556
0.0017058410808370235
0.0010200533758990304
0.0010298743374496675
0.0008970053089545661
GEN 44 time 1610034558
0.0017058410808370235
0.0010200533758990304
0.0010298743374496675
0.0008960355205697173
GEN 45 time 1610034561
0.0017058410808370235
0.0010200533758990304
0.0010298743374496675
0.0008960355205697173
GEN 46 time 1610034563
0.0017058410808370235
0.0010200533758990304
0.0010298743374496675
0.0008960355205697173
GEN 47 time 1610034565
0.0017058410808370235
0.0010200533758990304
0.0010298743374496675
0.0008960355205697173
GEN 48 time 1610034567
0.0017058410808370235
0.0010200533758990304
0.0010298743374496675
0.0008960355205697173
GEN 49 time 1610034569
0.0017058410808370235
0.0010200533758990304
0.0010298743374496675
0.0008960355205697173
GEN 50 time 1610034571
0.0017058410808370235
0.0010200533758990304
0.0010298743374496675
0.0008960355205697173
GEN 51 time 1610034574
0.0017058410808370235
0.0010200533758990304
0.0010298743374496675
0.0008695830723537485
GEN 52 time 1610034576
0.0017058410808370235
0.0010200533758990304
0.0010298743374496675
0.0008695830723537485
GEN 53 time 1610034578
0.0017058410808370235
0.0010200533758990304
0.0010298743374496675
0.0008695830723537485
GEN 54 time 1610034580
0.0017058410808370235
0.0010200533758990304
0.0010298743374496675
0.0008695830723537485
GEN 55 time 1610034582
0.0017058410808370235
0.0010200533758990304
0.0010298743374496675
0.0008695830723537485
GEN 56 time 1610034585
0.0017058410808370235
0.0010200533758990304
0.0010298743374496675
0.0008323440943079441
GEN 57 time 1610034587
0.0017058410808370235
0.0010200533758990304
0.0010298743374496675
0.0008323440943079441
GEN 58 time 1610034589
0.0017058410808370235
0.0010200533758990304
0.0010298743374496675
0.0008323440943079441
GEN 59 time 1610034591
0.0017058410808370235
0.0010200533758990304
0.0010298743374496675
0.0008323440943079441
GEN 60 time 1610034593
0.0017058410808370235
0.0010200533758990304
0.0010298743374496675
0.0008323440943079441
GEN 61 time 1610034595
0.0017058410808370235
0.0010200533758990304
0.0010298743374496675
0.0008323440943079441
GEN 62 time 1610034598
0.0017058410808370235
0.0010200533758990304
0.0010298743374496675
0.0008323440943079441
GEN 63 time 1610034600
0.0017058410808370235
0.0010200533758990304
0.0010298743374496675
0.0008323440943079441
GEN 64 time 1610034602
0.0017058410808370235
0.0010200533758990304
0.0010298743374496675
0.0008323440943079441
GEN 65 time 1610034604
0.0017058410808370235
0.0010200533758990304
0.0010298743374496675
0.0008323440943079441
GEN 66 time 1610034606
0.0017058410808370235
0.0010200533758990304
0.0010298743374496675
0.0008323440943079441
GEN 67 time 1610034608
0.0017058410808370235
0.0010200533758990304
0.0010298743374496675
0.0008323440943079441
GEN 68 time 1610034611
0.0017058410808370235
0.0010200533758990304
0.0010298743374496675
0.0008323440943079441
GEN 69 time 1610034613
0.0017058410808370235
0.0010200533758990304
0.0010298743374496675
0.0008323440943079441
GEN 70 time 1610034615
0.0017058410808370235
0.0010200533758990304
0.0010298743374496675
0.0008323440943079441
GEN 71 time 1610034617
0.0017058410808370235
0.0010200533758990304
0.0010298743374496675
0.0008323440943079441
GEN 72 time 1610034619
0.0017058410808370235
0.0010200533758990304
0.0010298743374496675
0.0008323440943079441
GEN 73 time 1610034621
0.0017058410808370235
0.0010200533758990304
0.0010298743374496675
0.0008323440943079441
GEN 74 time 1610034624
0.0017058410808370235
0.0010200533758990304
0.0010298743374496675
0.0008323440943079441
GEN 75 time 1610034626
0.0017058410808370235
0.0010200533758990304
0.0010298743374496675
0.0008323440943079441
GEN 76 time 1610034628
0.0017058410808370235
0.0010200533758990304
0.0010298743374496675
0.0008323440943079441
GEN 77 time 1610034630
0.0017058410808370235
0.0010200533758990304
0.0010298743374496675
0.0008323440943079441
GEN 78 time 1610034632
0.0017058410808370235
0.0010200533758990304
0.0010298743374496675
0.0008323440943079441
GEN 79 time 1610034634
0.0017058410808370235
0.0010200533758990304
0.0010298743374496675
0.0008323440943079441
GEN 80 time 1610034636
0.0017058410808370235
0.0010200533758990304
0.0010298743374496675
0.0008323440943079441
GEN 81 time 1610034639
0.0017058410808370235
0.0010200533758990304
0.0010298743374496675
0.0008323440943079441
GEN 82 time 1610034641
0.0017058410808370235
0.0010200533758990304
0.0010298743374496675
0.0008323440943079441
GEN 83 time 1610034643
0.0017058410808370235
0.0010200533758990304
0.0010298743374496675
0.0008323440943079441
GEN 84 time 1610034645
0.0017058410808370235
0.0010200533758990304
0.0010298743374496675
0.0008323440943079441
GEN 85 time 1610034647
0.0017058410808370235
0.0010200533758990304
0.0010298743374496675
0.0008323440943079441
GEN 86 time 1610034649
0.0017058410808370235
0.0010200533758990304
0.0010298743374496675
0.0008323440943079441
GEN 87 time 1610034652
0.0017058410808370235
0.0010200533758990304
0.0010298743374496675
0.0008323440943079441
GEN 88 time 1610034654
0.0017058410808370235
0.0010200533758990304
0.0010298743374496675
0.0008323440943079441
GEN 89 time 1610034656
0.0017058410808370235
0.0010200533758990304
0.0010298743374496675
0.0008323440943079441
GEN 90 time 1610034658
0.0017058410808370235
0.0010200533758990304
0.0010298743374496675
0.0008323440943079441
GEN 91 time 1610034660
0.0017058410808370235
0.0010200533758990304
0.0010298743374496675
0.0008323440943079441
GEN 92 time 1610034662
0.0017058410808370235
0.0010200533758990304
0.0010298743374496675
0.0008323440943079441
GEN 93 time 1610034665
0.0017058410808370235
0.0010200533758990304
0.0010298743374496675
0.0008323440943079441
GEN 94 time 1610034667
0.0017058410808370235
0.0010200533758990304
0.0010298743374496675
0.0008323440943079441
GEN 95 time 1610034669
0.0017058410808370235
0.0010200533758990304
0.0010298743374496675
0.0008323440943079441
GEN 96 time 1610034671
0.0017058410808370235
0.0010200533758990304
0.0010298743374496675
0.0008323440943079441
GEN 97 time 1610034673
0.0017058410808370235
0.0010200533758990304
0.0010298743374496675
0.0008323440943079441
GEN 98 time 1610034675
0.0017058410808370235
0.0010200533758990304
0.0010298743374496675
0.0008323440943079441
GEN 99 time 1610034678
0.0017058410808370235
0.0010200533758990304
0.0010298743374496675
0.0008323440943079441
GEN 100 time 1610034680
0.0017058410808370235
0.0010200533758990304
0.0010298743374496675
0.0008323440943079441
GEN 101 time 1610034682
0.0017058410808370235
0.0010200533758990304
0.0010298743374496675
0.0008323440943079441
GEN 102 time 1610034684
0.0017058410808370235
0.0010200533758990304
0.0010298743374496675
0.0008323440943079441
GEN 103 time 1610034686
0.0017058410808370235
0.0010200533758990304
0.0010298743374496675
0.0008323440943079441
GEN 104 time 1610034688
0.0017058410808370235
0.0010200533758990304
0.0010298743374496675
0.0008323440943079441
GEN 105 time 1610034690
0.0017058410808370235
0.0010200533758990304
0.0010298743374496675
0.0008323440943079441
GEN 106 time 1610034693
0.0017058410808370235
0.0010200533758990304
0.0010298743374496675
0.0008323440943079441
GEN 107 time 1610034695
0.0017058410808370235
0.0010200533758990304
0.0010298743374496675
0.0008323440943079441
GEN 108 time 1610034697
0.0017058410808370235
0.0010200533758990304
0.0010298743374496675
0.0008323440943079441
GEN 109 time 1610034699
0.0017058410808370235
0.0010200533758990304
0.0010298743374496675
0.0008323440943079441
GEN 110 time 1610034701
0.0017058410808370235
0.0010200533758990304
0.0010298743374496675
0.0008323440943079441
GEN 111 time 1610034703
0.0017058410808370235
0.0010200533758990304
0.0010298743374496675
0.0008323440943079441
GEN 112 time 1610034706
0.0017058410808370235
0.0010200533758990304
0.0010298743374496675
0.0008323440943079441
GEN 113 time 1610034708
0.0017058410808370235
0.0010200533758990304
0.0010298743374496675
0.0008323440943079441
GEN 114 time 1610034710
0.0017058410808370235
0.0010200533758990304
0.0010298743374496675
0.0008323440943079441
GEN 115 time 1610034712
0.0017058410808370235
0.0010200533758990304
0.0010298743374496675
0.0008323440943079441
GEN 116 time 1610034714
0.0017058410808370235
0.0010200533758990304
0.0010298743374496675
0.0008323440943079441
GEN 117 time 1610034716
0.0017058410808370235
0.0010200533758990304
0.0010298743374496675
0.0008323440943079441
GEN 118 time 1610034719
0.0017058410808370235
0.0010200533758990304
0.0010298743374496675
0.0008323440943079441
GEN 119 time 1610034721
0.0017058410808370235
0.0010200533758990304
0.0010298743374496675
0.0008323440943079441
GEN 120 time 1610034723
0.0017058410808370235
0.0010200533758990304
0.0010298743374496675
0.0008323440943079441
GEN 121 time 1610034725
0.0017058410808370235
0.0010200533758990304
0.0010298743374496675
0.0008323440943079441
GEN 122 time 1610034727
0.0017058410808370235
0.0010200533758990304
0.0010298743374496675
0.0008323440943079441
GEN 123 time 1610034729
0.0017058410808370235
0.0010200533758990304
0.0010298743374496675
0.0008323440943079441
GEN 124 time 1610034731
0.0017058410808370235
0.0010200533758990304
0.0010298743374496675
0.0008323440943079441
GEN 125 time 1610034734
0.0017058410808370235
0.0010200533758990304
0.0010298743374496675
0.0008323440943079441
GEN 126 time 1610034736
0.0017058410808370235
0.0010200533758990304
0.0010298743374496675
0.0008323440943079441
GEN 127 time 1610034738
0.0017058410808370235
0.0010200533758990304
0.0010298743374496675
0.0008323440943079441
GEN 128 time 1610034740
0.0017058410808370235
0.0010200533758990304
0.0010298743374496675
0.0008323440943079441
GEN 129 time 1610034742
0.0017058410808370235
0.0010200533758990304
0.0010298743374496675
0.0008323440943079441
GEN 130 time 1610034744
0.0017058410808370235
0.0010200533758990304
0.0010298743374496675
0.0008323440943079441
GEN 131 time 1610034747
0.0017058410808370235
0.0010200533758990304
0.0010298743374496675
0.0008323440943079441
GEN 132 time 1610034749
0.0017058410808370235
0.0010200533758990304
0.0010298743374496675
0.0008323440943079441
GEN 133 time 1610034751
0.0017058410808370235
0.0010200533758990304
0.0010298743374496675
0.0008323440943079441
GEN 134 time 1610034753
0.0017058410808370235
0.0010200533758990304
0.0010298743374496675
0.0008323440943079441
GEN 135 time 1610034755
0.0017058410808370235
0.0010200533758990304
0.0010298743374496675
0.0008323440943079441
GEN 136 time 1610034757
0.0017058410808370235
0.0010200533758990304
0.0010298743374496675
0.0008323440943079441
GEN 137 time 1610034760
0.0017058410808370235
0.0010200533758990304
0.0010298743374496675
0.0008323440943079441
GEN 138 time 1610034762
0.0017058410808370235
0.0010200533758990304
0.0010298743374496675
0.0008323440943079441
GEN 139 time 1610034764
0.0017058410808370235
0.0010200533758990304
0.0010298743374496675
0.0008323440943079441
GEN 140 time 1610034766
0.0017058410808370235
0.0010200533758990304
0.0010298743374496675
0.0008323440943079441
GEN 141 time 1610034768
0.0017058410808370235
0.0010200533758990304
0.0010298743374496675
0.0008323440943079441
GEN 142 time 1610034770
0.0017058410808370235
0.0010200533758990304
0.0010298743374496675
0.0008323440943079441
GEN 143 time 1610034772
0.0017058410808370235
0.0010200533758990304
0.0010298743374496675
0.0008323440943079441
GEN 144 time 1610034774
0.0017058410808370235
0.0010200533758990304
0.0010298743374496675
0.0008323440943079441
GEN 145 time 1610034777
0.0017058410808370235
0.0010200533758990304
0.0010298743374496675
0.0008323440943079441
GEN 146 time 1610034779
0.0017058410808370235
0.0010200533758990304
0.0010298743374496675
0.0008323440943079441
GEN 147 time 1610034781
0.0017058410808370235
0.0010200533758990304
0.0010298743374496675
0.0008323440943079441
GEN 148 time 1610034783
0.0017058410808370235
0.0010200533758990304
0.0010298743374496675
0.0008323440943079441
GEN 149 time 1610034785
0.0017058410808370235
0.0010200533758990304
0.0010298743374496675
0.0008323440943079441
GEN 150 time 1610034788
0.0017058410808370235
0.0010200533758990304
0.0010298743374496675
0.0008323440943079441
GEN 151 time 1610034790
0.0017058410808370235
0.0010200533758990304
0.0010298743374496675
0.0008323440943079441
GEN 152 time 1610034792
0.0017058410808370235
0.0010200533758990304
0.0010298743374496675
0.0008323440943079441
GEN 153 time 1610034794
0.0017058410808370235
0.0010200533758990304
0.0010298743374496675
0.0008323440943079441
GEN 154 time 1610034796
0.0017058410808370235
0.0010200533758990304
0.0010298743374496675
0.0008323440943079441
GEN 155 time 1610034798
0.0017058410808370235
0.0010200533758990304
0.0010298743374496675
0.0008323440943079441
GEN 156 time 1610034800
0.0017058410808370235
0.0010200533758990304
0.0010298743374496675
0.0008323440943079441
GEN 157 time 1610034803
0.0017058410808370235
0.0010200533758990304
0.0010298743374496675
0.0008323440943079441
GEN 158 time 1610034805
0.0017058410808370235
0.0010200533758990304
0.0010298743374496675
0.0008323440943079441
GEN 159 time 1610034807
0.0017058410808370235
0.0010200533758990304
0.0010298743374496675
0.0008323440943079441
GEN 160 time 1610034809
0.0017058410808370235
0.0010200533758990304
0.0010298743374496675
0.0008323440943079441
GEN 161 time 1610034811
0.0017058410808370235
0.0010200533758990304
0.0010298743374496675
0.0008323440943079441
GEN 162 time 1610034813
0.0017058410808370235
0.0010200533758990304
0.0010298743374496675
0.0008323440943079441
GEN 163 time 1610034815
0.0017058410808370235
0.0010200533758990304
0.0010298743374496675
0.0008323440943079441
GEN 164 time 1610034817
0.0017058410808370235
0.0010200533758990304
0.0010298743374496675
0.0008323440943079441
GEN 165 time 1610034820
0.0017058410808370235
0.0010200533758990304
0.0010298743374496675
0.0008323440943079441
GEN 166 time 1610034822
0.0017058410808370235
0.0010200533758990304
0.0010298743374496675
0.0008323440943079441
GEN 167 time 1610034824
0.0017058410808370235
0.0010200533758990304
0.0010298743374496675
0.0008323440943079441
GEN 168 time 1610034826
0.0017058410808370235
0.0010200533758990304
0.0010298743374496675
0.0008323440943079441
GEN 169 time 1610034828
0.0017058410808370235
0.0010200533758990304
0.0010298743374496675
0.0008323440943079441
GEN 170 time 1610034831
0.0017058410808370235
0.0010200533758990304
0.0010298743374496675
0.0008323440943079441
GEN 171 time 1610034833
0.0017058410808370235
0.0010200533758990304
0.0010298743374496675
0.0008323440943079441
GEN 172 time 1610034835
0.0017058410808370235
0.0010200533758990304
0.0010298743374496675
0.0008323440943079441
GEN 173 time 1610034837
0.0017058410808370235
0.0010200533758990304
0.0010298743374496675
0.0008323440943079441
GEN 174 time 1610034839
0.0017058410808370235
0.0010200533758990304
0.0010298743374496675
0.0008323440943079441
GEN 175 time 1610034841
0.0017058410808370235
0.0010200533758990304
0.0010298743374496675
0.0008323440943079441
GEN 176 time 1610034843
0.0017058410808370235
0.0010200533758990304
0.0010298743374496675
0.0008323440943079441
GEN 177 time 1610034845
0.0017058410808370235
0.0010200533758990304
0.0010298743374496675
0.0008323440943079441
GEN 178 time 1610034848
0.0017058410808370235
0.0010200533758990304
0.0010298743374496675
0.0008323440943079441
GEN 179 time 1610034850
0.0017058410808370235
0.0010200533758990304
0.0010298743374496675
0.0008323440943079441
GEN 180 time 1610034852
0.0017058410808370235
0.0010200533758990304
0.0010298743374496675
0.0008323440943079441
GEN 181 time 1610034854
0.0017058410808370235
0.0010200533758990304
0.0010298743374496675
0.0008323440943079441
GEN 182 time 1610034857
0.0017058410808370235
0.0010200533758990304
0.0010298743374496675
0.0008323440943079441
GEN 183 time 1610034859
0.0017058410808370235
0.0010200533758990304
0.0010298743374496675
0.0008323440943079441
GEN 184 time 1610034861
0.0017058410808370235
0.0010200533758990304
0.0010298743374496675
0.0008323440943079441
GEN 185 time 1610034863
0.0017058410808370235
0.0010200533758990304
0.0010298743374496675
0.0008323440943079441
GEN 186 time 1610034865
0.0017058410808370235
0.0010200533758990304
0.0010298743374496675
0.0008323440943079441
GEN 187 time 1610034867
0.0017058410808370235
0.0010200533758990304
0.0010298743374496675
0.0008323440943079441
GEN 188 time 1610034870
0.0017058410808370235
0.0010200533758990304
0.0010298743374496675
0.0008323440943079441
GEN 189 time 1610034872
0.0017058410808370235
0.0010200533758990304
0.0010298743374496675
0.0008323440943079441
GEN 190 time 1610034874
0.0017058410808370235
0.0010200533758990304
0.0010298743374496675
0.0008323440943079441
GEN 191 time 1610034876
0.0017058410808370235
0.0010200533758990304
0.0010298743374496675
0.0008323440943079441
GEN 192 time 1610034878
0.0017058410808370235
0.0010200533758990304
0.0010298743374496675
0.0008323440943079441
GEN 193 time 1610034880
0.0017058410808370235
0.0010200533758990304
0.0010298743374496675
0.0008323440943079441
GEN 194 time 1610034883
0.0017058410808370235
0.0010200533758990304
0.0010298743374496675
0.0008323440943079441
GEN 195 time 1610034885
0.0017058410808370235
0.0010200533758990304
0.0010298743374496675
0.0008323440943079441
GEN 196 time 1610034887
0.0017058410808370235
0.0010200533758990304
0.0010298743374496675
0.0008323440943079441
GEN 197 time 1610034889
0.0017058410808370235
0.0010200533758990304
0.0010298743374496675
0.0008323440943079441
GEN 198 time 1610034891
0.0017058410808370235
0.0010200533758990304
0.0010298743374496675
0.0008323440943079441
GEN 199 time 1610034893
0.0017058410808370235
0.0010200533758990304
0.0010298743374496675
0.0008323440943079441
