['./data/small/layer/uu-dem3_r25_1.json', './data/small/hop/uu-dem5_r25_1_0.json', './data/small/hop/uu-dem3_r25_1_0.json', './data/small/hop/uu-dem8_r25_1_0.json']
GEN 0 time 1599126141
0.0017058410808370235
0.0021679627593701465
0.002344991253406337
0.0019384739408657785
GEN 1 time 1599126143
0.0017058410808370235
0.0021679627593701465
0.0023384486390447086
0.0019384739408657785
GEN 2 time 1599126145
0.0017058410808370235
0.0021679627593701465
0.0023384486390447086
0.0019384739408657785
GEN 3 time 1599126147
0.0017058410808370235
0.0021679627593701465
0.0023384486390447086
0.0019384739408657785
GEN 4 time 1599126150
0.0017058410808370235
0.0021679627593701465
0.0023119429158815594
0.0019384739408657785
GEN 5 time 1599126152
0.0017058410808370235
0.001967942759370146
0.0023119429158815594
0.00187626455487767
GEN 6 time 1599126154
0.0017058410808370235
0.001967942759370146
0.0021219927830798137
0.00187626455487767
GEN 7 time 1599126157
0.0017058410808370235
0.001967942759370146
0.0021219927830798137
0.0018307752109775533
GEN 8 time 1599126159
0.0017058410808370235
0.001967942759370146
0.0021219927830798137
0.0018307752109775533
GEN 9 time 1599126162
0.0017058410808370235
0.001967942759370146
0.0021219927830798137
0.0018307752109775533
GEN 10 time 1599126164
0.0017058410808370235
0.001967942759370146
0.0021219927830798137
0.0018025643150509818
GEN 11 time 1599126167
0.0017058410808370235
0.001967942759370146
0.0019958420934890137
0.0017459449865039128
GEN 12 time 1599126169
0.0017058410808370235
0.001967942759370146
0.0019958420934890137
0.0017143737055491362
GEN 13 time 1599126172
0.0017058410808370235
0.001967942759370146
0.0019958420934890137
0.0017143737055491362
GEN 14 time 1599126174
0.0017058410808370235
0.001967942759370146
0.0019958420934890137
0.0017143737055491362
GEN 15 time 1599126177
0.0017058410808370235
0.001967942759370146
0.0019958420934890137
0.0017143737055491362
GEN 16 time 1599126179
0.0017058410808370235
0.001967942759370146
0.0019958420934890137
0.0017143737055491362
GEN 17 time 1599126181
0.0017058410808370235
0.001967942759370146
0.0019958420934890137
0.0017143737055491362
GEN 18 time 1599126184
0.0017058410808370235
0.001967942759370146
0.0019958420934890137
0.0017143737055491362
GEN 19 time 1599126186
0.0017058410808370235
0.0019304833293745053
0.0019958420934890137
0.0017143737055491362
GEN 20 time 1599126189
0.0017058410808370235
0.0019304833293745053
0.0019958420934890137
0.0017143737055491362
GEN 21 time 1599126191
0.0017058410808370235
0.0019304833293745053
0.0019958420934890137
0.0017143737055491362
GEN 22 time 1599126193
0.0017058410808370235
0.0019304833293745053
0.0019958420934890137
0.0017143737055491362
GEN 23 time 1599126196
0.0017058410808370235
0.0019304833293745053
0.0019958420934890137
0.0017143737055491362
GEN 24 time 1599126198
0.0017058410808370235
0.0019304833293745053
0.0019958420934890137
0.0017143737055491362
GEN 25 time 1599126200
0.0017058410808370235
0.0019304833293745053
0.0019958420934890137
0.0017143737055491362
GEN 26 time 1599126203
0.0017058410808370235
0.0019304833293745053
0.0019958420934890137
0.0017143737055491362
GEN 27 time 1599126205
0.0017058410808370235
0.0019304833293745053
0.0019219727830798135
0.0017143737055491362
GEN 28 time 1599126207
0.0017058410808370235
0.0019304833293745053
0.0019219727830798135
0.0017143737055491362
GEN 29 time 1599126209
0.0017058410808370235
0.0017832689411533833
0.001871447085525784
0.0017143737055491362
GEN 30 time 1599126212
0.0017058410808370235
0.0017832689411533833
0.001871447085525784
0.0017143737055491362
GEN 31 time 1599126214
0.0017058410808370235
0.0017832689411533833
0.001871447085525784
0.0017143737055491362
GEN 32 time 1599126216
0.0017058410808370235
0.0017832689411533833
0.001871447085525784
0.0017143737055491362
GEN 33 time 1599126218
0.0017058410808370235
0.0017832689411533833
0.001871447085525784
0.0017143737055491362
GEN 34 time 1599126221
0.0017058410808370235
0.0017832689411533833
0.001871447085525784
0.0016697190428799514
GEN 35 time 1599126223
0.0017058410808370235
0.0017832689411533833
0.001871447085525784
0.0016697190428799514
GEN 36 time 1599126225
0.0017058410808370235
0.0017832689411533833
0.001871447085525784
0.0016697190428799514
GEN 37 time 1599126227
0.0017058410808370235
0.0017832689411533833
0.001871447085525784
0.0016697190428799514
GEN 38 time 1599126230
0.0017058410808370235
0.0017832689411533833
0.001871447085525784
0.0016697190428799514
GEN 39 time 1599126232
0.0017058410808370235
0.0017832689411533833
0.001871447085525784
0.0016697190428799514
GEN 40 time 1599126234
0.0017058410808370235
0.0017832689411533833
0.001871447085525784
0.0016697190428799514
GEN 41 time 1599126236
0.0017058410808370235
0.0017832689411533833
0.001871447085525784
0.0016697190428799514
GEN 42 time 1599126238
0.0017058410808370235
0.0017832689411533833
0.001871447085525784
0.0016697190428799514
GEN 43 time 1599126241
0.0017058410808370235
0.0017832689411533833
0.001871447085525784
0.0016697190428799514
GEN 44 time 1599126243
0.0017058410808370235
0.0017832689411533833
0.001871447085525784
0.0016697190428799514
GEN 45 time 1599126245
0.0017058410808370235
0.0017832689411533833
0.001871447085525784
0.0016697190428799514
GEN 46 time 1599126247
0.0017058410808370235
0.0017832689411533833
0.001871447085525784
0.0016697190428799514
GEN 47 time 1599126250
0.0017058410808370235
0.0017523469993034355
0.0018069771340225092
0.0016697190428799514
GEN 48 time 1599126252
0.0017058410808370235
0.0017523469993034355
0.0018069771340225092
0.0016697190428799514
GEN 49 time 1599126254
0.0017058410808370235
0.0017523469993034355
0.0018069771340225092
0.0016697190428799514
GEN 50 time 1599126257
0.0017058410808370235
0.0017523469993034355
0.0018069771340225092
0.0016697190428799514
GEN 51 time 1599126259
0.0017058410808370235
0.0017523469993034355
0.001790525124702059
0.0016697190428799514
GEN 52 time 1599126261
0.0017058410808370235
0.0017523469993034355
0.001790525124702059
0.0016697190428799514
GEN 53 time 1599126263
0.0017058410808370235
0.0017523469993034355
0.001790525124702059
0.0016697190428799514
GEN 54 time 1599126265
0.0017058410808370235
0.0017523469993034355
0.001790525124702059
0.0016697190428799514
GEN 55 time 1599126268
0.0017058410808370235
0.0017523469993034355
0.001790525124702059
0.0016697190428799514
GEN 56 time 1599126270
0.0017058410808370235
0.0017523469993034355
0.001790525124702059
0.0016697190428799514
GEN 57 time 1599126272
0.0017058410808370235
0.0017523469993034355
0.001790525124702059
0.0016697190428799514
GEN 58 time 1599126274
0.0017058410808370235
0.0017304633293745053
0.001790525124702059
0.0016697190428799514
GEN 59 time 1599126277
0.0017058410808370235
0.0017304633293745053
0.001790525124702059
0.0016697190428799514
GEN 60 time 1599126279
0.0017058410808370235
0.0017304633293745053
0.001790525124702059
0.0016697190428799514
GEN 61 time 1599126281
0.0017058410808370235
0.0017304633293745053
0.001790525124702059
0.0016697190428799514
GEN 62 time 1599126283
0.0017058410808370235
0.0017304633293745053
0.001790525124702059
0.0016307552109775534
GEN 63 time 1599126285
0.0017058410808370235
0.0017304633293745053
0.0017601597378061912
0.0015384339408657786
GEN 64 time 1599126287
0.0017058410808370235
0.0016240187850739814
0.0017601597378061912
0.0015384339408657786
GEN 65 time 1599126290
0.0017058410808370235
0.0016240187850739814
0.0017601597378061912
0.0015384339408657786
GEN 66 time 1599126292
0.0017058410808370235
0.0016240187850739814
0.0017601597378061912
0.0015384339408657786
GEN 67 time 1599126294
0.0017058410808370235
0.0016240187850739814
0.0017601597378061912
0.0015384339408657786
GEN 68 time 1599126296
0.0017058410808370235
0.0016240187850739814
0.0017601597378061912
0.0015384339408657786
GEN 69 time 1599126299
0.0017058410808370235
0.0016240187850739814
0.0017601597378061912
0.0015384339408657786
GEN 70 time 1599126301
0.0017058410808370235
0.0016240187850739814
0.0017601597378061912
0.0015384339408657786
GEN 71 time 1599126303
0.0017058410808370235
0.0016240187850739814
0.0017250349265291987
0.0015384339408657786
GEN 72 time 1599126305
0.0017058410808370235
0.0016240187850739814
0.001671427085525784
0.0015384339408657786
GEN 73 time 1599126307
0.0017058410808370235
0.0016240187850739814
0.001671427085525784
0.0015384339408657786
GEN 74 time 1599126309
0.0017058410808370235
0.0016240187850739814
0.001671427085525784
0.0015384339408657786
GEN 75 time 1599126312
0.0017058410808370235
0.0016240187850739814
0.001671427085525784
0.0015384339408657786
GEN 76 time 1599126314
0.0017058410808370235
0.0016240187850739814
0.001671427085525784
0.0015384339408657786
GEN 77 time 1599126316
0.0017058410808370235
0.0016240187850739814
0.001671427085525784
0.0015384339408657786
GEN 78 time 1599126319
0.0017058410808370235
0.0016240187850739814
0.001671427085525784
0.0015384339408657786
GEN 79 time 1599126321
0.0017058410808370235
0.0016240187850739814
0.001671427085525784
0.0015384339408657786
GEN 80 time 1599126323
0.0017058410808370235
0.0016240187850739814
0.001671427085525784
0.0015384339408657786
GEN 81 time 1599126325
0.0017058410808370235
0.0016240187850739814
0.001671427085525784
0.0015384339408657786
GEN 82 time 1599126327
0.0017058410808370235
0.0016240187850739814
0.001671427085525784
0.0015384339408657786
GEN 83 time 1599126330
0.0017058410808370235
0.0016240187850739814
0.001671427085525784
0.0015384339408657786
GEN 84 time 1599126332
0.0017058410808370235
0.0016240187850739814
0.001671427085525784
0.0015384339408657786
GEN 85 time 1599126334
0.0017058410808370235
0.0016240187850739814
0.0016069571340225092
0.0015384339408657786
GEN 86 time 1599126336
0.0017058410808370235
0.0016240187850739814
0.0016069571340225092
0.0015384339408657786
GEN 87 time 1599126338
0.0017058410808370235
0.0016240187850739814
0.0016069571340225092
0.0015384339408657786
GEN 88 time 1599126341
0.0017058410808370235
0.0016240187850739814
0.0016069571340225092
0.0015384339408657786
GEN 89 time 1599126343
0.0017058410808370235
0.0016240187850739814
0.0016069571340225092
0.0015384339408657786
GEN 90 time 1599126345
0.0017058410808370235
0.0016240187850739814
0.0016069571340225092
0.0015384339408657786
GEN 91 time 1599126347
0.0017058410808370235
0.0016240187850739814
0.0016069571340225092
0.0015384339408657786
GEN 92 time 1599126350
0.0017058410808370235
0.0015523269993034355
0.0016069571340225092
0.0015384339408657786
GEN 93 time 1599126352
0.0017058410808370235
0.0015523269993034355
0.0016069571340225092
0.0015384339408657786
GEN 94 time 1599126354
0.0017058410808370235
0.0015523269993034355
0.0016069571340225092
0.00150104164076047
GEN 95 time 1599126356
0.0017058410808370235
0.0015523269993034355
0.0016069571340225092
0.00150104164076047
GEN 96 time 1599126359
0.0017058410808370235
0.0015523269993034355
0.0016069571340225092
0.00150104164076047
GEN 97 time 1599126361
0.0017058410808370235
0.0015523269993034355
0.0016069571340225092
0.00150104164076047
GEN 98 time 1599126363
0.0017058410808370235
0.0015523269993034355
0.0016069571340225092
0.00150104164076047
GEN 99 time 1599126366
0.0017058410808370235
0.0015523269993034355
0.0016069571340225092
0.00150104164076047
GEN 100 time 1599126368
0.0017058410808370235
0.0015523269993034355
0.0016069571340225092
0.00150104164076047
GEN 101 time 1599126370
0.0017058410808370235
0.0015523269993034355
0.0016069571340225092
0.00150104164076047
GEN 102 time 1599126372
0.0017058410808370235
0.0015523269993034355
0.0016069571340225092
0.00150104164076047
GEN 103 time 1599126375
0.0017058410808370235
0.0015523269993034355
0.0016069571340225092
0.00150104164076047
GEN 104 time 1599126377
0.0017058410808370235
0.0015523269993034355
0.0016069571340225092
0.00150104164076047
GEN 105 time 1599126379
0.0017058410808370235
0.0015523269993034355
0.0016069571340225092
0.00150104164076047
GEN 106 time 1599126382
0.0017058410808370235
0.0015523269993034355
0.0016069571340225092
0.00150104164076047
GEN 107 time 1599126384
0.0017058410808370235
0.0015523269993034355
0.0016069571340225092
0.00150104164076047
GEN 108 time 1599126386
0.0017058410808370235
0.0015523269993034355
0.0016069571340225092
0.00150104164076047
GEN 109 time 1599126389
0.0017058410808370235
0.0015523269993034355
0.0016069571340225092
0.00150104164076047
GEN 110 time 1599126391
0.0017058410808370235
0.0015523269993034355
0.0016069571340225092
0.00150104164076047
GEN 111 time 1599126393
0.0017058410808370235
0.0015523269993034355
0.0016069571340225092
0.00150104164076047
GEN 112 time 1599126396
0.0017058410808370235
0.0015523269993034355
0.0016069571340225092
0.00150104164076047
GEN 113 time 1599126398
0.0017058410808370235
0.0015523269993034355
0.0016069571340225092
0.00150104164076047
GEN 114 time 1599126400
0.0017058410808370235
0.0015523269993034355
0.0016069571340225092
0.00150104164076047
GEN 115 time 1599126403
0.0017058410808370235
0.0015523269993034355
0.0016069571340225092
0.00150104164076047
GEN 116 time 1599126405
0.0017058410808370235
0.0015523269993034355
0.0016069571340225092
0.00150104164076047
GEN 117 time 1599126407
0.0017058410808370235
0.0015523269993034355
0.0016069571340225092
0.00150104164076047
GEN 118 time 1599126409
0.0017058410808370235
0.0015523269993034355
0.0016069571340225092
0.00150104164076047
GEN 119 time 1599126412
0.0017058410808370235
0.0015523269993034355
0.0016069571340225092
0.00150104164076047
GEN 120 time 1599126414
0.0017058410808370235
0.0015523269993034355
0.0016069571340225092
0.00150104164076047
GEN 121 time 1599126416
0.0017058410808370235
0.0015523269993034355
0.0016069571340225092
0.00150104164076047
GEN 122 time 1599126419
0.0017058410808370235
0.0015523269993034355
0.0016069571340225092
0.00150104164076047
GEN 123 time 1599126421
0.0017058410808370235
0.0015523269993034355
0.0016069571340225092
0.00150104164076047
GEN 124 time 1599126423
0.0017058410808370235
0.0015523269993034355
0.0016069571340225092
0.00150104164076047
GEN 125 time 1599126425
0.0017058410808370235
0.0015523269993034355
0.0016069571340225092
0.00150104164076047
GEN 126 time 1599126427
0.0017058410808370235
0.0015523269993034355
0.0016069571340225092
0.00150104164076047
GEN 127 time 1599126430
0.0017058410808370235
0.0015523269993034355
0.0016069571340225092
0.00150104164076047
GEN 128 time 1599126432
0.0017058410808370235
0.0015523269993034355
0.0016069571340225092
0.00150104164076047
GEN 129 time 1599126434
0.0017058410808370235
0.0015523269993034355
0.0016069571340225092
0.00150104164076047
GEN 130 time 1599126436
0.0017058410808370235
0.0015523269993034355
0.0016069571340225092
0.00150104164076047
GEN 131 time 1599126439
0.0017058410808370235
0.0015523269993034355
0.0016069571340225092
0.00150104164076047
GEN 132 time 1599126441
0.0017058410808370235
0.0015293323317674282
0.0016069571340225092
0.00150104164076047
GEN 133 time 1599126443
0.0017058410808370235
0.0015293323317674282
0.0016069571340225092
0.00150104164076047
GEN 134 time 1599126445
0.0017058410808370235
0.0015293323317674282
0.0016069571340225092
0.00150104164076047
GEN 135 time 1599126448
0.0017058410808370235
0.0015293323317674282
0.0016069571340225092
0.00150104164076047
GEN 136 time 1599126450
0.0017058410808370235
0.0015293323317674282
0.0016069571340225092
0.00150104164076047
GEN 137 time 1599126452
0.0017058410808370235
0.0015293323317674282
0.0016069571340225092
0.00150104164076047
GEN 138 time 1599126455
0.0017058410808370235
0.0015293323317674282
0.0016069571340225092
0.00150104164076047
GEN 139 time 1599126457
0.0017058410808370235
0.0015293323317674282
0.0016069571340225092
0.00150104164076047
GEN 140 time 1599126459
0.0017058410808370235
0.0015293323317674282
0.0016069571340225092
0.00150104164076047
GEN 141 time 1599126461
0.0017058410808370235
0.0015293323317674282
0.0016069571340225092
0.00150104164076047
GEN 142 time 1599126463
0.0017058410808370235
0.0015293323317674282
0.0016069571340225092
0.00150104164076047
GEN 143 time 1599126466
0.0017058410808370235
0.0015293323317674282
0.0016069571340225092
0.00150104164076047
GEN 144 time 1599126468
0.0017058410808370235
0.0015293323317674282
0.0016069571340225092
0.00150104164076047
GEN 145 time 1599126471
0.0017058410808370235
0.0015293323317674282
0.0016069571340225092
0.00150104164076047
GEN 146 time 1599126473
0.0017058410808370235
0.0015293323317674282
0.0016069571340225092
0.00150104164076047
GEN 147 time 1599126475
0.0017058410808370235
0.0015293323317674282
0.0016069571340225092
0.00150104164076047
GEN 148 time 1599126477
0.0017058410808370235
0.0015293323317674282
0.0016069571340225092
0.00150104164076047
GEN 149 time 1599126480
0.0017058410808370235
0.0015293323317674282
0.0016069571340225092
0.00150104164076047
GEN 150 time 1599126482
0.0017058410808370235
0.0015293323317674282
0.0016069571340225092
0.00150104164076047
GEN 151 time 1599126484
0.0017058410808370235
0.0015293323317674282
0.0016069571340225092
0.00150104164076047
GEN 152 time 1599126486
0.0017058410808370235
0.0015293323317674282
0.0016069571340225092
0.00150104164076047
GEN 153 time 1599126489
0.0017058410808370235
0.0015293323317674282
0.0016069571340225092
0.00150104164076047
GEN 154 time 1599126491
0.0017058410808370235
0.0015293323317674282
0.0016069571340225092
0.00150104164076047
GEN 155 time 1599126493
0.0017058410808370235
0.0013304233293745054
0.0016069571340225092
0.00150104164076047
GEN 156 time 1599126495
0.0017058410808370235
0.0013304233293745054
0.0016069571340225092
0.00150104164076047
GEN 157 time 1599126498
0.0017058410808370235
0.0013304233293745054
0.0016069571340225092
0.00150104164076047
GEN 158 time 1599126500
0.0017058410808370235
0.0013304233293745054
0.0016069571340225092
0.00150104164076047
GEN 159 time 1599126502
0.0017058410808370235
0.0013304233293745054
0.0016069571340225092
0.00150104164076047
GEN 160 time 1599126504
0.0017058410808370235
0.0013304233293745054
0.0016069571340225092
0.00150104164076047
GEN 161 time 1599126507
0.0017058410808370235
0.0013304233293745054
0.0016069571340225092
0.00150104164076047
GEN 162 time 1599126509
0.0017058410808370235
0.0013304233293745054
0.0016069571340225092
0.00150104164076047
GEN 163 time 1599126511
0.0017058410808370235
0.0013304233293745054
0.0016069571340225092
0.00150104164076047
GEN 164 time 1599126513
0.0017058410808370235
0.0013304233293745054
0.0016069571340225092
0.00150104164076047
GEN 165 time 1599126515
0.0017058410808370235
0.0013304233293745054
0.0016069571340225092
0.00150104164076047
GEN 166 time 1599126518
0.0017058410808370235
0.0013304233293745054
0.0016069571340225092
0.00150104164076047
GEN 167 time 1599126520
0.0017058410808370235
0.0013304233293745054
0.0016069571340225092
0.00150104164076047
GEN 168 time 1599126522
0.0017058410808370235
0.0013304233293745054
0.0016069571340225092
0.00150104164076047
GEN 169 time 1599126524
0.0017058410808370235
0.0013304233293745054
0.0016069571340225092
0.00150104164076047
GEN 170 time 1599126527
0.0017058410808370235
0.0013304233293745054
0.0016069571340225092
0.00150104164076047
GEN 171 time 1599126529
0.0017058410808370235
0.0013304233293745054
0.0016069571340225092
0.00150104164076047
GEN 172 time 1599126531
0.0017058410808370235
0.0013304233293745054
0.0016069571340225092
0.00150104164076047
GEN 173 time 1599126533
0.0017058410808370235
0.0013304233293745054
0.0016069571340225092
0.00150104164076047
GEN 174 time 1599126536
0.0017058410808370235
0.0013304233293745054
0.0016069571340225092
0.00150104164076047
GEN 175 time 1599126538
0.0017058410808370235
0.0013304233293745054
0.0016069571340225092
0.00150104164076047
GEN 176 time 1599126540
0.0017058410808370235
0.0013304233293745054
0.0016069571340225092
0.00150104164076047
GEN 177 time 1599126542
0.0017058410808370235
0.0013304233293745054
0.0016069571340225092
0.00150104164076047
GEN 178 time 1599126545
0.0017058410808370235
0.0013304233293745054
0.0016069571340225092
0.00150104164076047
GEN 179 time 1599126547
0.0017058410808370235
0.0013304233293745054
0.0016069571340225092
0.00150104164076047
GEN 180 time 1599126549
0.0017058410808370235
0.0013304233293745054
0.0016069571340225092
0.00150104164076047
GEN 181 time 1599126552
0.0017058410808370235
0.0013304233293745054
0.0016069571340225092
0.00150104164076047
GEN 182 time 1599126554
0.0017058410808370235
0.0013304233293745054
0.0016069571340225092
0.00150104164076047
GEN 183 time 1599126556
0.0017058410808370235
0.0013304233293745054
0.0016069571340225092
0.00150104164076047
GEN 184 time 1599126558
0.0017058410808370235
0.0013304233293745054
0.0016069571340225092
0.00150104164076047
GEN 185 time 1599126561
0.0017058410808370235
0.0013304233293745054
0.0016069571340225092
0.00150104164076047
GEN 186 time 1599126563
0.0017058410808370235
0.0013304233293745054
0.0016069571340225092
0.00150104164076047
GEN 187 time 1599126565
0.0017058410808370235
0.0013304233293745054
0.0016069571340225092
0.00150104164076047
GEN 188 time 1599126567
0.0017058410808370235
0.0013304233293745054
0.0016069571340225092
0.00150104164076047
GEN 189 time 1599126570
0.0017058410808370235
0.0013304233293745054
0.0016069571340225092
0.00150104164076047
GEN 190 time 1599126572
0.0017058410808370235
0.0013304233293745054
0.0016069571340225092
0.00150104164076047
GEN 191 time 1599126574
0.0017058410808370235
0.0013304233293745054
0.0016069571340225092
0.00150104164076047
GEN 192 time 1599126576
0.0017058410808370235
0.0013304233293745054
0.0016069571340225092
0.00150104164076047
GEN 193 time 1599126579
0.0017058410808370235
0.0013304233293745054
0.0016069571340225092
0.00150104164076047
GEN 194 time 1599126581
0.0017058410808370235
0.0013304233293745054
0.0016069571340225092
0.00150104164076047
GEN 195 time 1599126583
0.0017058410808370235
0.0013304233293745054
0.0016069571340225092
0.00150104164076047
GEN 196 time 1599126585
0.0017058410808370235
0.0013304233293745054
0.0016069571340225092
0.00150104164076047
GEN 197 time 1599126588
0.0017058410808370235
0.0013304233293745054
0.0016069571340225092
0.00150104164076047
GEN 198 time 1599126590
0.0017058410808370235
0.0013304233293745054
0.0016069571340225092
0.00150104164076047
GEN 199 time 1599126592
0.0017058410808370235
0.0013304233293745054
0.0016069571340225092
0.0014913055536362378
