['./data/small/layer/uu-dem1_r25_1.json', './data/small/layer/uu-dem4_r25_1.json', './data/small/layer/uu-dem5_r25_1.json', './data/small/hop/uu-dem1_r25_1_0.json']
GEN 0 time 1599121275
0.0017332164947978339
0.0016223685889952034
inf
0.0019365577290225747
GEN 1 time 1599121276
0.0016593827280774775
0.0016223685889952034
inf
0.0019365577290225747
GEN 2 time 1599121278
0.0016593827280774775
0.0016223685889952034
inf
0.0019365577290225747
GEN 3 time 1599121280
0.0014868598269226704
0.0015532725531838558
inf
0.0019365577290225747
GEN 4 time 1599121282
0.0014802746683374257
0.0015532725531838558
inf
0.0019365577290225747
GEN 5 time 1599121285
0.0014802746683374257
0.0014747726096474745
inf
0.0019365577290225747
GEN 6 time 1599121288
0.0014802746683374257
0.0014747726096474745
inf
0.001888134300585161
GEN 7 time 1599121290
0.0014802746683374257
0.0014747726096474745
inf
0.001888134300585161
GEN 8 time 1599121293
0.0014802746683374257
0.0014747726096474745
inf
0.001888134300585161
GEN 9 time 1599121295
0.0014571191963555909
0.0014747726096474745
inf
0.001888134300585161
GEN 10 time 1599121298
0.0014571191963555909
0.0014584555404298799
inf
0.001888134300585161
GEN 11 time 1599121301
0.0014571191963555909
0.0014584555404298799
inf
0.001888134300585161
GEN 12 time 1599121303
0.0014571191963555909
0.0014584555404298799
inf
0.001888134300585161
GEN 13 time 1599121306
0.0014571191963555909
0.0014584555404298799
inf
0.001888134300585161
GEN 14 time 1599121309
0.0014571191963555909
0.0014584555404298799
inf
0.001888134300585161
GEN 15 time 1599121312
0.0014571191963555909
0.0014584555404298799
inf
0.001888134300585161
GEN 16 time 1599121314
0.0014200353557188529
0.0014584555404298799
inf
0.0018729626201723507
GEN 17 time 1599121317
0.0014200353557188529
0.0014584555404298799
inf
0.0018729626201723507
GEN 18 time 1599121320
0.0014200353557188529
0.0014584555404298799
inf
0.0018729626201723507
GEN 19 time 1599121322
0.0014200353557188529
0.0014584555404298799
inf
0.0018729626201723507
GEN 20 time 1599121325
0.0014200353557188529
0.0014584555404298799
inf
0.0018729626201723507
GEN 21 time 1599121328
0.0014200353557188529
0.0014584555404298799
0.0024212817460994513
0.001754524461516472
GEN 22 time 1599121330
0.0014200353557188529
0.0014584555404298799
0.0024212817460994513
0.001754524461516472
GEN 23 time 1599121333
0.0014200353557188529
0.0014584555404298799
0.0024212817460994513
0.001754524461516472
GEN 24 time 1599121336
0.0014200353557188529
0.0014584555404298799
0.0024212817460994513
0.001754524461516472
GEN 25 time 1599121339
0.0014200353557188529
0.0014584555404298799
0.0024212817460994513
0.001754524461516472
GEN 26 time 1599121342
0.0014200353557188529
0.0014584555404298799
0.0024212817460994513
0.0016310471156844022
GEN 27 time 1599121344
0.0014200353557188529
0.0014584555404298799
0.002391184823506423
0.0016310471156844022
GEN 28 time 1599121347
0.001351299553330646
0.0014584555404298799
0.002391184823506423
0.0016310471156844022
GEN 29 time 1599121350
0.001351299553330646
0.0014584555404298799
0.002391184823506423
0.0016310471156844022
GEN 30 time 1599121353
0.001351299553330646
0.0014584555404298799
0.002391184823506423
0.0016310471156844022
GEN 31 time 1599121355
0.001305213236732858
0.0014584555404298799
0.0022212617460994517
0.0016310471156844022
GEN 32 time 1599121358
0.001305213236732858
0.0014584555404298799
0.002191164823506423
0.0016310471156844022
GEN 33 time 1599121361
0.001305213236732858
0.0014584555404298799
0.002191164823506423
0.0016310471156844022
GEN 34 time 1599121364
0.001305213236732858
0.0014584555404298799
0.002191164823506423
0.0016310471156844022
GEN 35 time 1599121367
0.001305213236732858
0.0014584555404298799
0.002191164823506423
0.0016310471156844022
GEN 36 time 1599121370
0.001305213236732858
0.0014584555404298799
0.002191164823506423
0.0016310471156844022
GEN 37 time 1599121373
0.001305213236732858
0.0014584555404298799
0.002191164823506423
0.0016310471156844022
GEN 38 time 1599121376
0.001305213236732858
0.0014584555404298799
0.002191164823506423
0.0016310471156844022
GEN 39 time 1599121380
0.001242004591752547
0.0014584555404298799
0.002191164823506423
0.0016310471156844022
GEN 40 time 1599121383
0.001242004591752547
0.0014584555404298799
0.002191164823506423
0.0016310471156844022
GEN 41 time 1599121386
0.001242004591752547
0.0014584555404298799
0.002191164823506423
0.0016310471156844022
GEN 42 time 1599121389
0.001242004591752547
0.0014584555404298799
0.002191164823506423
0.0016310471156844022
GEN 43 time 1599121392
0.001242004591752547
0.0014584555404298799
0.002191164823506423
0.0016310471156844022
GEN 44 time 1599121395
0.001242004591752547
0.0014584555404298799
0.002191164823506423
0.0016310471156844022
GEN 45 time 1599121399
0.001242004591752547
0.0014584555404298799
0.002191164823506423
0.0016310471156844022
GEN 46 time 1599121402
0.001242004591752547
0.0014584555404298799
0.002191164823506423
0.0016310471156844022
GEN 47 time 1599121405
0.001242004591752547
0.0014584555404298799
0.002191164823506423
0.0016310471156844022
GEN 48 time 1599121409
0.001242004591752547
0.0014584555404298799
0.002191164823506423
0.0016310471156844022
GEN 49 time 1599121412
0.001242004591752547
0.0014584555404298799
0.002191164823506423
0.0016310471156844022
GEN 50 time 1599121416
0.001242004591752547
0.0014584555404298799
0.002191164823506423
0.0016310471156844022
GEN 51 time 1599121419
0.001242004591752547
0.0014584555404298799
0.002191164823506423
0.0016310471156844022
GEN 52 time 1599121423
0.001242004591752547
0.0014584555404298799
0.002191164823506423
0.0016310471156844022
GEN 53 time 1599121426
0.001242004591752547
0.0014584555404298799
0.002191164823506423
0.0016310471156844022
GEN 54 time 1599121429
0.001242004591752547
0.0014584555404298799
0.002191164823506423
0.0016310471156844022
GEN 55 time 1599121433
0.001242004591752547
0.0014584555404298799
0.002191164823506423
0.0015683248869347488
GEN 56 time 1599121436
0.001242004591752547
0.0014584555404298799
0.002191164823506423
0.0015683248869347488
GEN 57 time 1599121440
0.001242004591752547
0.0014584555404298799
0.002191164823506423
0.0015683248869347488
GEN 58 time 1599121443
0.001242004591752547
0.0014584555404298799
0.002191164823506423
0.0015683248869347488
GEN 59 time 1599121446
0.001242004591752547
0.0014584555404298799
0.002191164823506423
0.0015683248869347488
GEN 60 time 1599121450
0.001242004591752547
0.0014584555404298799
0.002191164823506423
0.0015683248869347488
GEN 61 time 1599121453
0.001242004591752547
0.0014584555404298799
0.002191164823506423
0.0015683248869347488
GEN 62 time 1599121456
0.001242004591752547
0.0014584555404298799
0.002191164823506423
0.0015683248869347488
GEN 63 time 1599121460
0.001242004591752547
0.0014584555404298799
0.002191164823506423
0.0015683248869347488
GEN 64 time 1599121463
0.001242004591752547
0.0014584555404298799
0.002191164823506423
0.0015683248869347488
GEN 65 time 1599121466
0.001242004591752547
0.0014584555404298799
0.002191164823506423
0.0015683248869347488
GEN 66 time 1599121470
0.001242004591752547
0.0014584555404298799
0.002191164823506423
0.0015683248869347488
GEN 67 time 1599121473
0.001242004591752547
0.0014584555404298799
0.002191164823506423
0.0015683248869347488
GEN 68 time 1599121477
0.001242004591752547
0.0014584555404298799
0.002191164823506423
0.0015683248869347488
GEN 69 time 1599121480
0.001242004591752547
0.0014584555404298799
0.002191164823506423
0.0015683248869347488
GEN 70 time 1599121483
0.001242004591752547
0.0014584555404298799
0.002191164823506423
0.0015683248869347488
GEN 71 time 1599121487
0.001242004591752547
0.0014584555404298799
0.002191164823506423
0.0015683248869347488
GEN 72 time 1599121490
0.001242004591752547
0.0014584555404298799
0.002191164823506423
0.0015683248869347488
GEN 73 time 1599121493
0.001242004591752547
0.0014584555404298799
0.002191164823506423
0.0015683248869347488
GEN 74 time 1599121497
0.001242004591752547
0.0014584555404298799
0.002191164823506423
0.0015683248869347488
GEN 75 time 1599121500
0.001242004591752547
0.0014584555404298799
0.002191164823506423
0.0015683248869347488
GEN 76 time 1599121503
0.001242004591752547
0.0014584555404298799
0.002191164823506423
0.0015683248869347488
GEN 77 time 1599121506
0.0011512795533306461
0.0014584555404298799
0.002191164823506423
0.0015683248869347488
GEN 78 time 1599121510
0.0011512795533306461
0.0014584555404298799
0.002191164823506423
0.0015683248869347488
GEN 79 time 1599121513
0.0011512795533306461
0.0014584555404298799
0.002191164823506423
0.0015683248869347488
GEN 80 time 1599121516
0.0011512795533306461
0.0014584555404298799
0.002191164823506423
0.0015683248869347488
GEN 81 time 1599121519
0.0011512795533306461
0.0014584555404298799
0.002191164823506423
0.0015683248869347488
GEN 82 time 1599121522
0.0011512795533306461
0.0014584555404298799
0.002191164823506423
0.0015683248869347488
GEN 83 time 1599121526
0.0011512795533306461
0.0014584555404298799
0.002191164823506423
0.0015683248869347488
GEN 84 time 1599121529
0.0011512795533306461
0.0014584555404298799
0.002191164823506423
0.0015683248869347488
GEN 85 time 1599121532
0.0011512795533306461
0.0014584555404298799
0.002191164823506423
0.0015683248869347488
GEN 86 time 1599121535
0.0011512795533306461
0.0014584555404298799
0.002191164823506423
0.0015683248869347488
GEN 87 time 1599121538
0.0011512795533306461
0.0014584555404298799
0.002191164823506423
0.0015683248869347488
GEN 88 time 1599121541
0.0011512795533306461
0.0014584555404298799
0.002191164823506423
0.0015683248869347488
GEN 89 time 1599121544
0.0011512795533306461
0.0014584555404298799
0.002191164823506423
0.0015683248869347488
GEN 90 time 1599121547
0.0011512795533306461
0.0014584555404298799
0.002191164823506423
0.0015683248869347488
GEN 91 time 1599121550
0.0011512795533306461
0.0014584555404298799
0.002191164823506423
0.0015683248869347488
GEN 92 time 1599121553
0.0011512795533306461
0.0014584555404298799
0.002191164823506423
0.0015683248869347488
GEN 93 time 1599121556
0.0011512795533306461
0.0014584555404298799
0.002191164823506423
0.0015683248869347488
GEN 94 time 1599121559
0.0011512795533306461
0.0014584555404298799
0.002191164823506423
0.0015683248869347488
GEN 95 time 1599121562
0.0011512795533306461
0.0014584555404298799
0.002191164823506423
0.0015683248869347488
GEN 96 time 1599121565
0.0011512795533306461
0.0014584555404298799
0.002191164823506423
0.0015683248869347488
GEN 97 time 1599121568
0.0011512795533306461
0.0014584555404298799
0.002191164823506423
0.0015683248869347488
GEN 98 time 1599121571
0.0011512795533306461
0.0014584555404298799
0.002191164823506423
0.0015683248869347488
GEN 99 time 1599121574
0.0011512795533306461
0.0014584555404298799
0.002191164823506423
0.0015683248869347488
GEN 100 time 1599121577
0.0011512795533306461
0.0014584555404298799
0.002191164823506423
0.0015683248869347488
GEN 101 time 1599121580
0.0011512795533306461
0.0014584555404298799
0.002191164823506423
0.0015683248869347488
GEN 102 time 1599121583
0.0011512795533306461
0.0014584555404298799
0.002191164823506423
0.0015683248869347488
GEN 103 time 1599121586
0.0011512795533306461
0.0014584555404298799
0.002191164823506423
0.0015683248869347488
GEN 104 time 1599121589
0.0011512795533306461
0.0014584555404298799
0.002191164823506423
0.0015683248869347488
GEN 105 time 1599121591
0.0011512795533306461
0.0014584555404298799
0.002191164823506423
0.0015683248869347488
GEN 106 time 1599121594
0.0011512795533306461
0.0014584555404298799
0.002191164823506423
0.0015683248869347488
GEN 107 time 1599121597
0.0011512795533306461
0.0014584555404298799
0.002191164823506423
0.0015683248869347488
GEN 108 time 1599121600
0.0011512795533306461
0.0014584555404298799
0.002191164823506423
0.0015683248869347488
GEN 109 time 1599121603
0.0011512795533306461
0.0014584555404298799
0.002191164823506423
0.0015683248869347488
GEN 110 time 1599121606
0.0011512795533306461
0.0014584555404298799
0.002191164823506423
0.0015683248869347488
GEN 111 time 1599121609
0.0011512795533306461
0.0014584555404298799
0.002191164823506423
0.0015683248869347488
GEN 112 time 1599121612
0.0011512795533306461
0.0014584555404298799
0.002191164823506423
0.0015683248869347488
GEN 113 time 1599121615
0.0011512795533306461
0.0014584555404298799
0.002191164823506423
0.0015683248869347488
GEN 114 time 1599121617
0.0011512795533306461
0.0014584555404298799
0.002191164823506423
0.0015683248869347488
GEN 115 time 1599121620
0.0011512795533306461
0.0014584555404298799
0.002191164823506423
0.0015683248869347488
GEN 116 time 1599121623
0.0011512795533306461
0.0014584555404298799
0.002191164823506423
0.0015683248869347488
GEN 117 time 1599121626
0.0011512795533306461
0.0014584555404298799
0.002191164823506423
0.0015683248869347488
GEN 118 time 1599121629
0.0011512795533306461
0.0014584555404298799
0.002191164823506423
0.0015683248869347488
GEN 119 time 1599121632
0.0011512795533306461
0.0014584555404298799
0.002191164823506423
0.0015683248869347488
GEN 120 time 1599121635
0.0011512795533306461
0.0014584555404298799
0.002191164823506423
0.0015683248869347488
GEN 121 time 1599121638
0.0011512795533306461
0.0014584555404298799
0.002191164823506423
0.0015683248869347488
GEN 122 time 1599121641
0.0011512795533306461
0.0014584555404298799
0.002191164823506423
0.0015683248869347488
GEN 123 time 1599121644
0.0011512795533306461
0.0014584555404298799
0.002191164823506423
0.0015683248869347488
GEN 124 time 1599121647
0.0011512795533306461
0.0014584555404298799
0.002191164823506423
0.0015683248869347488
GEN 125 time 1599121650
0.0011512795533306461
0.0014584555404298799
0.002191164823506423
0.0015683248869347488
GEN 126 time 1599121653
0.0011512795533306461
0.0014584555404298799
0.002191164823506423
0.0015683248869347488
GEN 127 time 1599121656
0.0011512795533306461
0.0014584555404298799
0.002191164823506423
0.0015683248869347488
GEN 128 time 1599121659
0.0011512795533306461
0.0014584555404298799
0.002191164823506423
0.0015254220510887233
GEN 129 time 1599121662
0.0011512795533306461
0.0014584555404298799
0.002191164823506423
0.0015254220510887233
GEN 130 time 1599121665
0.0011512795533306461
0.0014584555404298799
0.002191164823506423
0.0015254220510887233
GEN 131 time 1599121668
0.0011512795533306461
0.0014584555404298799
0.002191164823506423
0.0015254220510887233
GEN 132 time 1599121670
0.0011512795533306461
0.0014584555404298799
0.002191164823506423
0.0015254220510887233
GEN 133 time 1599121673
0.0011512795533306461
0.0014584555404298799
0.002191164823506423
0.0015254220510887233
GEN 134 time 1599121676
0.0011512795533306461
0.0014584555404298799
0.002191164823506423
0.0015254220510887233
GEN 135 time 1599121679
0.0011512795533306461
0.0014584555404298799
0.002191164823506423
0.0015254220510887233
GEN 136 time 1599121682
0.0011512795533306461
0.0014584555404298799
0.002191164823506423
0.0015254220510887233
GEN 137 time 1599121685
0.0011512795533306461
0.0014584555404298799
0.002191164823506423
0.0015254220510887233
GEN 138 time 1599121688
0.0011512795533306461
0.0014584555404298799
0.002191164823506423
0.0015254220510887233
GEN 139 time 1599121691
0.0011512795533306461
0.0014584555404298799
0.002191164823506423
0.0015254220510887233
GEN 140 time 1599121694
0.0011512795533306461
0.0014584555404298799
0.002191164823506423
0.0015254220510887233
GEN 141 time 1599121697
0.0011512795533306461
0.0014584555404298799
0.002191164823506423
0.0015254220510887233
GEN 142 time 1599121700
0.0011512795533306461
0.0014584555404298799
0.002191164823506423
0.0015254220510887233
GEN 143 time 1599121703
0.0011512795533306461
0.0014584555404298799
0.002191164823506423
0.0015254220510887233
GEN 144 time 1599121705
0.0011512795533306461
0.0014584555404298799
0.002191164823506423
0.0015254220510887233
GEN 145 time 1599121708
0.0011512795533306461
0.0014584555404298799
0.002191164823506423
0.0015254220510887233
GEN 146 time 1599121711
0.0011512795533306461
0.0014584555404298799
0.002191164823506423
0.0015254220510887233
GEN 147 time 1599121714
0.0011512795533306461
0.0014584555404298799
0.002191164823506423
0.0015254220510887233
GEN 148 time 1599121717
0.0011512795533306461
0.0014584555404298799
0.002191164823506423
0.0015254220510887233
GEN 149 time 1599121720
0.0011512795533306461
0.0014584555404298799
0.002191164823506423
0.0015254220510887233
GEN 150 time 1599121723
0.0011512795533306461
0.0014584555404298799
0.002191164823506423
0.0015254220510887233
GEN 151 time 1599121726
0.0011512795533306461
0.0014584555404298799
0.002191164823506423
0.0015254220510887233
GEN 152 time 1599121729
0.0011512795533306461
0.0014584555404298799
0.002191164823506423
0.0015254220510887233
GEN 153 time 1599121732
0.0011512795533306461
0.0014584555404298799
0.002191164823506423
0.0015254220510887233
GEN 154 time 1599121735
0.0011512795533306461
0.0014584555404298799
0.002191164823506423
0.0015254220510887233
GEN 155 time 1599121738
0.0011512795533306461
0.0014584555404298799
0.002191164823506423
0.0015254220510887233
GEN 156 time 1599121741
0.0011512795533306461
0.0014584555404298799
0.002191164823506423
0.0015254220510887233
GEN 157 time 1599121744
0.0011512795533306461
0.0014584555404298799
0.002191164823506423
0.0014971313772198644
GEN 158 time 1599121747
0.0011512795533306461
0.0014584555404298799
0.002191164823506423
0.0014971313772198644
GEN 159 time 1599121749
0.0011512795533306461
0.0014584555404298799
0.002191164823506423
0.0014971313772198644
GEN 160 time 1599121752
0.0011512795533306461
0.0014584555404298799
0.002191164823506423
0.0014971313772198644
GEN 161 time 1599121755
0.0011512795533306461
0.0014584555404298799
0.002191164823506423
0.0014971313772198644
GEN 162 time 1599121758
0.0011512795533306461
0.0014584555404298799
0.002191164823506423
0.0014971313772198644
GEN 163 time 1599121761
0.0011512795533306461
0.0014584555404298799
0.002191164823506423
0.0014971313772198644
GEN 164 time 1599121764
0.0011512795533306461
0.0014584555404298799
0.002191164823506423
0.0014971313772198644
GEN 165 time 1599121767
0.0011512795533306461
0.0014584555404298799
0.002191164823506423
0.0014971313772198644
GEN 166 time 1599121771
0.0011512795533306461
0.0014584555404298799
0.002191164823506423
0.0014971313772198644
GEN 167 time 1599121773
0.0011512795533306461
0.0014584555404298799
0.002191164823506423
0.0014971313772198644
GEN 168 time 1599121776
0.0011512795533306461
0.0014584555404298799
0.002191164823506423
0.0014971313772198644
GEN 169 time 1599121779
0.0011512795533306461
0.0014584555404298799
0.002191164823506423
0.0014971313772198644
GEN 170 time 1599121782
0.0011512795533306461
0.0014584555404298799
0.002191164823506423
0.0014971313772198644
GEN 171 time 1599121785
0.0011512795533306461
0.0014584555404298799
0.002191164823506423
0.0014971313772198644
GEN 172 time 1599121788
0.0011512795533306461
0.0014584555404298799
0.002191164823506423
0.0014971313772198644
GEN 173 time 1599121791
0.0011512795533306461
0.0014584555404298799
0.002191164823506423
0.0014971313772198644
GEN 174 time 1599121794
0.0011512795533306461
0.0014584555404298799
0.002191164823506423
0.0014971313772198644
GEN 175 time 1599121797
0.0011512795533306461
0.0014584555404298799
0.002191164823506423
0.0014971313772198644
GEN 176 time 1599121800
0.0011512795533306461
0.0014584555404298799
0.002191164823506423
0.0014971313772198644
GEN 177 time 1599121803
0.0011512795533306461
0.0014584555404298799
0.002191164823506423
0.0014971313772198644
GEN 178 time 1599121806
0.0011512795533306461
0.0014584555404298799
0.002191164823506423
0.0014971313772198644
GEN 179 time 1599121809
0.0011512795533306461
0.0014584555404298799
0.002191164823506423
0.0014971313772198644
GEN 180 time 1599121812
0.0011512795533306461
0.0014584555404298799
0.002191164823506423
0.0014971313772198644
GEN 181 time 1599121815
0.0011512795533306461
0.0014584555404298799
0.002191164823506423
0.0014971313772198644
GEN 182 time 1599121818
0.0011512795533306461
0.0014584555404298799
0.002191164823506423
0.0014971313772198644
GEN 183 time 1599121821
0.0011512795533306461
0.0014584555404298799
0.002191164823506423
0.0014971313772198644
GEN 184 time 1599121824
0.0011512795533306461
0.0014584555404298799
0.002191164823506423
0.0014971313772198644
GEN 185 time 1599121827
0.0011512795533306461
0.0014584555404298799
0.002191164823506423
0.0014971313772198644
GEN 186 time 1599121830
0.0011512795533306461
0.0014584555404298799
0.002191164823506423
0.0014971313772198644
GEN 187 time 1599121833
0.0011512795533306461
0.0014584555404298799
0.002191164823506423
0.0014971313772198644
GEN 188 time 1599121836
0.0011512795533306461
0.0014584555404298799
0.002191164823506423
0.0014971313772198644
GEN 189 time 1599121839
0.0011512795533306461
0.0014584555404298799
0.002191164823506423
0.0014971313772198644
GEN 190 time 1599121842
0.0011512795533306461
0.0014584555404298799
0.002191164823506423
0.0014971313772198644
GEN 191 time 1599121845
0.0011512795533306461
0.0014584555404298799
0.002191164823506423
0.0014971313772198644
GEN 192 time 1599121849
0.0011512795533306461
0.0014584555404298799
0.002191164823506423
0.0014971313772198644
GEN 193 time 1599121852
0.0011512795533306461
0.0014584555404298799
0.002191164823506423
0.0014971313772198644
GEN 194 time 1599121855
0.0011512795533306461
0.0014584555404298799
0.002191164823506423
0.0014971313772198644
GEN 195 time 1599121858
0.0011512795533306461
0.0014584555404298799
0.002191164823506423
0.0014971313772198644
GEN 196 time 1599121861
0.0011512795533306461
0.0014584555404298799
0.002191164823506423
0.0014971313772198644
GEN 197 time 1599121864
0.0011512795533306461
0.0014584555404298799
0.002191164823506423
0.0014971313772198644
GEN 198 time 1599121867
0.0011512795533306461
0.0014584555404298799
0.002191164823506423
0.0014971313772198644
GEN 199 time 1599121870
0.0011512795533306461
0.0014584555404298799
0.002191164823506423
0.0014971313772198644
