['./data/small/layer/uu-dem2_r25_1.json', './data/small/hop/uu-dem2_r25_1_0.json', './data/small/hop/uu-dem7_r25_1_0.json', './data/small/hop/uu-dem4_r25_1_0.json']
GEN 0 time 1599154914
0.0015905749155818577
0.002054063073143408
0.0018905690877899953
0.0020161298146044275
GEN 1 time 1599154916
0.0015905749155818577
0.0019698658636965044
0.0018467773475008813
0.0020161298146044275
GEN 2 time 1599154918
0.0015905749155818577
0.0018928880858130957
0.0018467773475008813
0.0018650881422075747
GEN 3 time 1599154921
0.0015905749155818577
0.0017097859370101697
0.0018467773475008813
0.0018125254010504565
GEN 4 time 1599154923
0.0015905749155818577
0.0017097859370101697
0.0018467773475008813
0.0018125254010504565
GEN 5 time 1599154926
0.001410201183902705
0.0017097859370101697
0.0018467773475008813
0.0018125254010504565
GEN 6 time 1599154928
0.001410201183902705
0.0017097859370101697
0.0018467773475008813
0.0018125254010504565
GEN 7 time 1599154931
0.001410201183902705
0.0016965039066200805
0.0018441253534056022
0.0017204553423325326
GEN 8 time 1599154933
0.001410201183902705
0.0016965039066200805
0.0018441253534056022
0.0016171861389345553
GEN 9 time 1599154936
0.001410201183902705
0.0016965039066200805
0.0018441253534056022
0.0016171861389345553
GEN 10 time 1599154938
0.0012675445951169908
0.0016965039066200805
0.0018441253534056022
0.0016171861389345553
GEN 11 time 1599154941
0.0012675445951169908
0.0016965039066200805
0.0018441253534056022
0.0016171861389345553
GEN 12 time 1599154943
0.0012675445951169908
0.0016965039066200805
0.0018441253534056022
0.0016171861389345553
GEN 13 time 1599154946
0.0012675445951169908
0.0016965039066200805
0.0018441253534056022
0.0016171861389345553
GEN 14 time 1599154948
0.0012675445951169908
0.0016965039066200805
0.0018441253534056022
0.0016171861389345553
GEN 15 time 1599154950
0.0012675445951169908
0.0016965039066200805
0.0018441253534056022
0.0016171861389345553
GEN 16 time 1599154953
0.0012675445951169908
0.0016750104427030747
0.0018441253534056022
0.0016171861389345553
GEN 17 time 1599154955
0.0012675445951169908
0.0016750104427030747
0.0018441253534056022
0.0016171861389345553
GEN 18 time 1599154958
0.0012675445951169908
0.0016750104427030747
0.0018441253534056022
0.0016171861389345553
GEN 19 time 1599154960
0.0012675445951169908
0.0016750104427030747
0.0018441253534056022
0.0016171861389345553
GEN 20 time 1599154963
0.0012675445951169908
0.001654364693706192
0.001819621711104617
0.0016171861389345553
GEN 21 time 1599154965
0.0012675445951169908
0.001654364693706192
0.001819621711104617
0.0016171861389345553
GEN 22 time 1599154968
0.0012151976981619103
0.001654364693706192
0.001819621711104617
0.0016171861389345553
GEN 23 time 1599154970
0.0012151976981619103
0.001570454881189182
0.0016480140669409998
0.0016171861389345553
GEN 24 time 1599154973
0.0012151976981619103
0.001570454881189182
0.0016480140669409998
0.0016171861389345553
GEN 25 time 1599154975
0.0012151976981619103
0.001570454881189182
0.0016480140669409998
0.0016171861389345553
GEN 26 time 1599154978
0.0012151976981619103
0.001570454881189182
0.0016480140669409998
0.0016171861389345553
GEN 27 time 1599154980
0.0012151976981619103
0.001570454881189182
0.0016480140669409998
0.0016171861389345553
GEN 28 time 1599154983
0.0012151976981619103
0.001570454881189182
0.0016480140669409998
0.0016171861389345553
GEN 29 time 1599154985
0.0012151976981619103
0.001570454881189182
0.0016480140669409998
0.0016171861389345553
GEN 30 time 1599154987
0.0012151976981619103
0.0015698258636965045
0.0016480140669409998
0.0016171861389345553
GEN 31 time 1599154990
0.0012151976981619103
0.0015698258636965045
0.0016480140669409998
0.0016171861389345553
GEN 32 time 1599154992
0.0012151976981619103
0.0015698258636965045
0.0016480140669409998
0.0016171861389345553
GEN 33 time 1599154994
0.0012151976981619103
0.0015698258636965045
0.0016480140669409998
0.0016171861389345553
GEN 34 time 1599154997
0.0012151976981619103
0.0015698258636965045
0.0016480140669409998
0.0016171861389345553
GEN 35 time 1599154999
0.0012151976981619103
0.0015698258636965045
0.0016480140669409998
0.0016171861389345553
GEN 36 time 1599155001
0.0012151976981619103
0.0015698258636965045
0.0016480140669409998
0.0016171861389345553
GEN 37 time 1599155004
0.0012151976981619103
0.0015698258636965045
0.0016480140669409998
0.0016171861389345553
GEN 38 time 1599155006
0.0012151976981619103
0.0015698258636965045
0.0016480140669409998
0.0016171861389345553
GEN 39 time 1599155008
0.0012151976981619103
0.0015698258636965045
0.0016480140669409998
0.0016171861389345553
GEN 40 time 1599155011
0.0012151976981619103
0.0015698258636965045
0.0016480140669409998
0.0016171861389345553
GEN 41 time 1599155013
0.0012151976981619103
0.0015698258636965045
0.0016480140669409998
0.0016171861389345553
GEN 42 time 1599155015
0.0012151976981619103
0.0015698258636965045
0.0016480140669409998
0.0016171861389345553
GEN 43 time 1599155018
0.0012151976981619103
0.0015698258636965045
0.0016480140669409998
0.0016171861389345553
GEN 44 time 1599155020
0.0012151976981619103
0.0015698258636965045
0.0016480140669409998
0.0016171861389345553
GEN 45 time 1599155022
0.0012151976981619103
0.0015698258636965045
0.0016480140669409998
0.0016171861389345553
GEN 46 time 1599155025
0.0012151976981619103
0.0015698258636965045
0.0016480140669409998
0.0016171861389345553
GEN 47 time 1599155027
0.0012151976981619103
0.0015698258636965045
0.0016480140669409998
0.0016171861389345553
GEN 48 time 1599155029
0.0012151976981619103
0.0015698258636965045
0.0016480140669409998
0.0016171861389345553
GEN 49 time 1599155032
0.0012151976981619103
0.0015698258636965045
0.0016480140669409998
0.0016171861389345553
GEN 50 time 1599155034
0.0012151976981619103
0.0015698258636965045
0.0016480140669409998
0.0016171861389345553
GEN 51 time 1599155037
0.0012151976981619103
0.0015698258636965045
0.0016480140669409998
0.0016171861389345553
GEN 52 time 1599155039
0.0012151976981619103
0.0015698258636965045
0.0016480140669409998
0.0016171861389345553
GEN 53 time 1599155041
0.0012151976981619103
0.0015698258636965045
0.0016480140669409998
0.0016171861389345553
GEN 54 time 1599155043
0.0012151976981619103
0.0015698258636965045
0.0016480140669409998
0.0016171861389345553
GEN 55 time 1599155046
0.0012151976981619103
0.0015698258636965045
0.0016480140669409998
0.0016171861389345553
GEN 56 time 1599155048
0.0012151976981619103
0.0015698258636965045
0.0016480140669409998
0.0016171861389345553
GEN 57 time 1599155050
0.0012151976981619103
0.0015698258636965045
0.0016480140669409998
0.0016171861389345553
GEN 58 time 1599155053
0.0012151976981619103
0.0015698258636965045
0.0016480140669409998
0.0016171861389345553
GEN 59 time 1599155055
0.0012151976981619103
0.0015698258636965045
0.0016480140669409998
0.0016171861389345553
GEN 60 time 1599155057
0.0012151976981619103
0.0015698258636965045
0.0016480140669409998
0.0016171861389345553
GEN 61 time 1599155060
0.0012151976981619103
0.0015698258636965045
0.0016480140669409998
0.0016171861389345553
GEN 62 time 1599155062
0.0012151976981619103
0.0015698258636965045
0.0016480140669409998
0.0016171861389345553
GEN 63 time 1599155065
0.0012151976981619103
0.0015698258636965045
0.0016480140669409998
0.0016171861389345553
GEN 64 time 1599155067
0.0012151976981619103
0.0015698258636965045
0.0016480140669409998
0.0016171861389345553
GEN 65 time 1599155069
0.0012151976981619103
0.0015698258636965045
0.0016480140669409998
0.0016171861389345553
GEN 66 time 1599155072
0.0012151976981619103
0.0015698258636965045
0.0016480140669409998
0.0016171861389345553
GEN 67 time 1599155074
0.0012151976981619103
0.0015698258636965045
0.0016480140669409998
0.0016171861389345553
GEN 68 time 1599155076
0.0012151976981619103
0.0015698258636965045
0.0016480140669409998
0.0016171861389345553
GEN 69 time 1599155079
0.0012151976981619103
0.0015698258636965045
0.0016480140669409998
0.0016171861389345553
GEN 70 time 1599155081
0.0012151976981619103
0.00156820201005477
0.0016480140669409998
0.0016171861389345553
GEN 71 time 1599155083
0.0012151976981619103
0.00156820201005477
0.0016480140669409998
0.0016171861389345553
GEN 72 time 1599155085
0.0012151976981619103
0.00156820201005477
0.0016480140669409998
0.0016171861389345553
GEN 73 time 1599155088
0.0012151976981619103
0.00156820201005477
0.0016480140669409998
0.0016171861389345553
GEN 74 time 1599155090
0.0012151976981619103
0.00156820201005477
0.0016480140669409998
0.0016171861389345553
GEN 75 time 1599155092
0.0012151976981619103
0.00156820201005477
0.0016480140669409998
0.0016171861389345553
GEN 76 time 1599155095
0.0012151976981619103
0.00156820201005477
0.0016480140669409998
0.0016171861389345553
GEN 77 time 1599155097
0.0012151976981619103
0.00156820201005477
0.0016480140669409998
0.0016171861389345553
GEN 78 time 1599155099
0.0012151976981619103
0.00156820201005477
0.0016480140669409998
0.0016171861389345553
GEN 79 time 1599155102
0.0012151976981619103
0.00156820201005477
0.0016480140669409998
0.0016171861389345553
GEN 80 time 1599155104
0.0012151976981619103
0.00156820201005477
0.0016480140669409998
0.0016171861389345553
GEN 81 time 1599155107
0.0012151976981619103
0.00156820201005477
0.0016480140669409998
0.0016171861389345553
GEN 82 time 1599155109
0.0012151976981619103
0.00156820201005477
0.0016480140669409998
0.0016171861389345553
GEN 83 time 1599155111
0.0012151976981619103
0.00156820201005477
0.0016480140669409998
0.0016171861389345553
GEN 84 time 1599155114
0.0012151976981619103
0.00156820201005477
0.0016480140669409998
0.0016171861389345553
GEN 85 time 1599155116
0.0012151976981619103
0.00156820201005477
0.0016480140669409998
0.0016171861389345553
GEN 86 time 1599155118
0.0012151976981619103
0.00156820201005477
0.0016480140669409998
0.001596831347046671
GEN 87 time 1599155121
0.0012151976981619103
0.00156820201005477
0.0016480140669409998
0.001596831347046671
GEN 88 time 1599155123
0.0012151976981619103
0.00156820201005477
0.0016480140669409998
0.001596831347046671
GEN 89 time 1599155125
0.0012151976981619103
0.00156820201005477
0.0016480140669409998
0.0015869575491546189
GEN 90 time 1599155128
0.0012151976981619103
0.00156820201005477
0.0016480140669409998
0.0015869575491546189
GEN 91 time 1599155130
0.0012151976981619103
0.00156820201005477
0.0016480140669409998
0.0015869575491546189
GEN 92 time 1599155132
0.0012151976981619103
0.00156820201005477
0.0016480140669409998
0.0015869575491546189
GEN 93 time 1599155134
0.0012151976981619103
0.00156820201005477
0.0016480140669409998
0.0015869575491546189
GEN 94 time 1599155137
0.0012151976981619103
0.00156820201005477
0.0016480140669409998
0.0015869575491546189
GEN 95 time 1599155139
0.0012151976981619103
0.00156820201005477
0.0016480140669409998
0.0015869575491546189
GEN 96 time 1599155141
0.0012151976981619103
0.00156820201005477
0.0016480140669409998
0.0015869575491546189
GEN 97 time 1599155144
0.0012151976981619103
0.00156820201005477
0.0016480140669409998
0.0015869575491546189
GEN 98 time 1599155146
0.0012151976981619103
0.00156820201005477
0.001607369726393951
0.0015869575491546189
GEN 99 time 1599155148
0.0012151976981619103
0.00156820201005477
0.001607369726393951
0.0015869575491546189
GEN 100 time 1599155151
0.0012151976981619103
0.00156820201005477
0.001607369726393951
0.0015869575491546189
GEN 101 time 1599155153
0.0012151976981619103
0.00156820201005477
0.001607369726393951
0.0015869575491546189
GEN 102 time 1599155156
0.0012151976981619103
0.00156820201005477
0.001607369726393951
0.0015869575491546189
GEN 103 time 1599155158
0.0012151976981619103
0.00156820201005477
0.001607369726393951
0.0015869575491546189
GEN 104 time 1599155160
0.0012151976981619103
0.00156820201005477
0.001607369726393951
0.0015869575491546189
GEN 105 time 1599155163
0.0012151976981619103
0.00156820201005477
0.001607369726393951
0.0015869575491546189
GEN 106 time 1599155165
0.0012151976981619103
0.00156820201005477
0.001607369726393951
0.0015869575491546189
GEN 107 time 1599155167
0.0012151976981619103
0.00156820201005477
0.0014905290877899953
0.0015869575491546189
GEN 108 time 1599155170
0.0012151976981619103
0.00156820201005477
0.0014905290877899953
0.0015869575491546189
GEN 109 time 1599155172
0.0012151976981619103
0.00156820201005477
0.0014905290877899953
0.0015869575491546189
GEN 110 time 1599155175
0.0012151976981619103
0.00156820201005477
0.0014905290877899953
0.0015869575491546189
GEN 111 time 1599155177
0.0012151976981619103
0.00156820201005477
0.0014905290877899953
0.0015869575491546189
GEN 112 time 1599155180
0.0012151976981619103
0.00156820201005477
0.0014905290877899953
0.0015869575491546189
GEN 113 time 1599155182
0.0012151976981619103
0.00156820201005477
0.0014905290877899953
0.0015869575491546189
GEN 114 time 1599155184
0.0012151976981619103
0.00156820201005477
0.0014905290877899953
0.0015869575491546189
GEN 115 time 1599155187
0.0012151976981619103
0.00156820201005477
0.0014905290877899953
0.0015869575491546189
GEN 116 time 1599155189
0.0012151976981619103
0.00156820201005477
0.0014905290877899953
0.0015869575491546189
GEN 117 time 1599155191
0.0012151976981619103
0.00156820201005477
0.0014905290877899953
0.0015869575491546189
GEN 118 time 1599155194
0.0012151976981619103
0.00156820201005477
0.0014905290877899953
0.0015869575491546189
GEN 119 time 1599155196
0.0012151976981619103
0.00156820201005477
0.0014905290877899953
0.0015869575491546189
GEN 120 time 1599155198
0.0012151976981619103
0.00156820201005477
0.0014905290877899953
0.0015869575491546189
GEN 121 time 1599155201
0.0012151976981619103
0.00156820201005477
0.0014905290877899953
0.0015869575491546189
GEN 122 time 1599155203
0.0012151976981619103
0.00156820201005477
0.0014905290877899953
0.0015869575491546189
GEN 123 time 1599155206
0.0012151976981619103
0.00156820201005477
0.0014905290877899953
0.0015869575491546189
GEN 124 time 1599155208
0.0012151976981619103
0.00156820201005477
0.0014905290877899953
0.0015869575491546189
GEN 125 time 1599155210
0.001205898889431391
0.00156820201005477
0.0014905290877899953
0.0015869575491546189
GEN 126 time 1599155213
0.001205898889431391
0.00156820201005477
0.0014905290877899953
0.0015869575491546189
GEN 127 time 1599155215
0.001205898889431391
0.00156820201005477
0.0014905290877899953
0.0015869575491546189
GEN 128 time 1599155218
0.001205898889431391
0.00156820201005477
0.0014905290877899953
0.0015869575491546189
GEN 129 time 1599155220
0.001205898889431391
0.00156820201005477
0.0014905290877899953
0.0015869575491546189
GEN 130 time 1599155222
0.001205898889431391
0.00156820201005477
0.0014905290877899953
0.0015869575491546189
GEN 131 time 1599155225
0.001205898889431391
0.00156820201005477
0.0014905290877899953
0.0015869575491546189
GEN 132 time 1599155227
0.001205898889431391
0.00156820201005477
0.0014905290877899953
0.0015869575491546189
GEN 133 time 1599155229
0.001205898889431391
0.00156820201005477
0.0014905290877899953
0.0015869575491546189
GEN 134 time 1599155232
0.001205898889431391
0.00156820201005477
0.0014905290877899953
0.0015869575491546189
GEN 135 time 1599155234
0.001205898889431391
0.00156820201005477
0.0014905290877899953
0.0015869575491546189
GEN 136 time 1599155236
0.001205898889431391
0.00156820201005477
0.0014905290877899953
0.0015869575491546189
GEN 137 time 1599155239
0.001205898889431391
0.00156820201005477
0.0014905290877899953
0.0015869575491546189
GEN 138 time 1599155241
0.001205898889431391
0.00156820201005477
0.0014905290877899953
0.0015869575491546189
GEN 139 time 1599155243
0.001205898889431391
0.00156820201005477
0.0014905290877899953
0.0015869575491546189
GEN 140 time 1599155246
0.001205898889431391
0.00156820201005477
0.0014905290877899953
0.0015869575491546189
GEN 141 time 1599155248
0.001205898889431391
0.00156820201005477
0.0014905290877899953
0.0015869575491546189
GEN 142 time 1599155251
0.001205898889431391
0.00156820201005477
0.0014905290877899953
0.0015869575491546189
GEN 143 time 1599155253
0.001205898889431391
0.00156820201005477
0.0014905290877899953
0.0015869575491546189
GEN 144 time 1599155255
0.001205898889431391
0.00156820201005477
0.0014905290877899953
0.0015869575491546189
GEN 145 time 1599155258
0.001205898889431391
0.00156820201005477
0.0014905290877899953
0.0015869575491546189
GEN 146 time 1599155260
0.001205898889431391
0.00156820201005477
0.0014905290877899953
0.0015869575491546189
GEN 147 time 1599155262
0.001205898889431391
0.00156820201005477
0.0014905290877899953
0.0015869575491546189
GEN 148 time 1599155265
0.001201568645086438
0.00156820201005477
0.0014905290877899953
0.0015869575491546189
GEN 149 time 1599155267
0.001201568645086438
0.00156820201005477
0.0014905290877899953
0.0015869575491546189
GEN 150 time 1599155270
0.001201568645086438
0.00156820201005477
0.0014905290877899953
0.0015869575491546189
GEN 151 time 1599155272
0.001201568645086438
0.00156820201005477
0.0014905290877899953
0.0015869575491546189
GEN 152 time 1599155275
0.001201568645086438
0.00156820201005477
0.0014905290877899953
0.0015869575491546189
GEN 153 time 1599155277
0.001201568645086438
0.00156820201005477
0.0014905290877899953
0.0015822689556475793
GEN 154 time 1599155279
0.001201568645086438
0.00156820201005477
0.0014905290877899953
0.0015822689556475793
GEN 155 time 1599155282
0.001201568645086438
0.00156820201005477
0.0014905290877899953
0.0015822689556475793
GEN 156 time 1599155284
0.001201568645086438
0.00156820201005477
0.0014905290877899953
0.0015822689556475793
GEN 157 time 1599155287
0.001201568645086438
0.00156820201005477
0.0014905290877899953
0.0015822689556475793
GEN 158 time 1599155289
0.001201568645086438
0.00156820201005477
0.0014905290877899953
0.0015822689556475793
GEN 159 time 1599155291
0.001201568645086438
0.00156820201005477
0.0014905290877899953
0.0015822689556475793
GEN 160 time 1599155294
0.001201568645086438
0.00156820201005477
0.0014905290877899953
0.0015822689556475793
GEN 161 time 1599155296
0.001201568645086438
0.00156820201005477
0.0014905290877899953
0.0015822689556475793
GEN 162 time 1599155298
0.001201568645086438
0.00156820201005477
0.0014905290877899953
0.0015822689556475793
GEN 163 time 1599155301
0.001201568645086438
0.00156820201005477
0.0014905290877899953
0.0015822689556475793
GEN 164 time 1599155303
0.001201568645086438
0.00156820201005477
0.0014905290877899953
0.0015822689556475793
GEN 165 time 1599155306
0.001201568645086438
0.00156820201005477
0.0014905290877899953
0.0015822689556475793
GEN 166 time 1599155308
0.001201568645086438
0.00156820201005477
0.0014905290877899953
0.0015822689556475793
GEN 167 time 1599155311
0.001201568645086438
0.00156820201005477
0.0014905290877899953
0.0015822689556475793
GEN 168 time 1599155313
0.001201568645086438
0.00156820201005477
0.0014905290877899953
0.0015822689556475793
GEN 169 time 1599155316
0.001201568645086438
0.00156820201005477
0.0014905290877899953
0.0015822689556475793
GEN 170 time 1599155318
0.001201568645086438
0.00156820201005477
0.0014905290877899953
0.0015822689556475793
GEN 171 time 1599155320
0.001201568645086438
0.00156820201005477
0.0014905290877899953
0.0015822689556475793
GEN 172 time 1599155323
0.001201568645086438
0.00156820201005477
0.0014905290877899953
0.0015822689556475793
GEN 173 time 1599155325
0.001197283056485359
0.00156820201005477
0.0014905290877899953
0.0015822689556475793
GEN 174 time 1599155327
0.001197283056485359
0.00156820201005477
0.0014905290877899953
0.0015822689556475793
GEN 175 time 1599155330
0.001197283056485359
0.00156820201005477
0.0014905290877899953
0.0015822689556475793
GEN 176 time 1599155332
0.001197283056485359
0.00156820201005477
0.0014905290877899953
0.0015822689556475793
GEN 177 time 1599155334
0.001197283056485359
0.00156820201005477
0.0014905290877899953
0.0015822689556475793
GEN 178 time 1599155337
0.001197283056485359
0.00156820201005477
0.0014905290877899953
0.0015822689556475793
GEN 179 time 1599155339
0.001197283056485359
0.00156820201005477
0.0014905290877899953
0.0015822689556475793
GEN 180 time 1599155342
0.001197283056485359
0.00156820201005477
0.0014905290877899953
0.0015822689556475793
GEN 181 time 1599155344
0.001197283056485359
0.00156820201005477
0.0014905290877899953
0.0015822689556475793
GEN 182 time 1599155346
0.001197283056485359
0.00156820201005477
0.0014905290877899953
0.0015822689556475793
GEN 183 time 1599155349
0.001197283056485359
0.00156820201005477
0.0014905290877899953
0.0015822689556475793
GEN 184 time 1599155351
0.001197283056485359
0.00156820201005477
0.0014905290877899953
0.0015822689556475793
GEN 185 time 1599155353
0.001197283056485359
0.00156820201005477
0.0014905290877899953
0.0015822689556475793
GEN 186 time 1599155356
0.001197283056485359
0.00156820201005477
0.0014905290877899953
0.0015822689556475793
GEN 187 time 1599155358
0.001197283056485359
0.00156820201005477
0.0014905290877899953
0.0015822689556475793
GEN 188 time 1599155361
0.001197283056485359
0.00156820201005477
0.0014905290877899953
0.0015822689556475793
GEN 189 time 1599155363
0.001197283056485359
0.00156820201005477
0.0014905290877899953
0.0015822689556475793
GEN 190 time 1599155365
0.001197283056485359
0.00156820201005477
0.0014905290877899953
0.0015822689556475793
GEN 191 time 1599155368
0.001197283056485359
0.00156820201005477
0.0014905290877899953
0.0015822689556475793
GEN 192 time 1599155370
0.001197283056485359
0.00156820201005477
0.0014905290877899953
0.0015822689556475793
GEN 193 time 1599155373
0.001197283056485359
0.00156820201005477
0.0014905290877899953
0.0015822689556475793
GEN 194 time 1599155375
0.001197283056485359
0.00156820201005477
0.0014905290877899953
0.0015822689556475793
GEN 195 time 1599155377
0.001197283056485359
0.00156820201005477
0.0014905290877899953
0.0015822689556475793
GEN 196 time 1599155380
0.001197283056485359
0.00156820201005477
0.0014905290877899953
0.0015822689556475793
GEN 197 time 1599155382
0.001197283056485359
0.00156820201005477
0.0014905290877899953
0.0015822689556475793
GEN 198 time 1599155385
0.001197283056485359
0.00156820201005477
0.0014905290877899953
0.0015822689556475793
GEN 199 time 1599155387
0.001197283056485359
0.00156820201005477
0.0014905290877899953
0.0015822689556475793
