['./data/small/layer/uu-dem4_r25_1.json', './data/small/layer/uu-dem1_r25_1.json', './data/small/layer/uu-dem2_r25_1.json', './data/small/hop/uu-dem8_r25_1_0.json']
GEN 0 time 1602073129
0.0016009619307806487
0.0016571391963555908
0.0016059388894313913
0.002012311573771233
GEN 1 time 1602073132
0.0016009619307806487
0.001613661663700507
0.0016059388894313913
0.002006823711674468
GEN 2 time 1602073135
0.0016009619307806487
0.0015079182472070274
0.001561085432213952
0.0019296267321661825
GEN 3 time 1602073140
0.0016009619307806487
0.0015079182472070274
0.001561085432213952
0.00187626455487767
GEN 4 time 1602073145
0.0016009619307806487
0.0015079182472070274
0.0014883809423332723
0.00187626455487767
GEN 5 time 1602073151
0.0016009619307806487
0.0015079182472070274
0.0014883809423332723
0.00187626455487767
GEN 6 time 1602073157
0.0016009619307806487
0.0015079182472070274
0.0014883809423332723
0.00187626455487767
GEN 7 time 1602073163
0.0015532725531838558
0.0014868598269226704
0.0014883809423332723
0.00187626455487767
GEN 8 time 1602073168
0.0014584555404298799
0.0014868598269226704
0.0014883809423332723
0.00187626455487767
GEN 9 time 1602073174
0.0014584555404298799
0.0014868598269226704
0.0014747944620447592
0.00187626455487767
GEN 10 time 1602073180
0.0014584555404298799
0.0014868598269226704
0.0014747944620447592
0.0018257667948499297
GEN 11 time 1602073186
0.0014584555404298799
0.0014868598269226704
0.0014747944620447592
0.0018257667948499297
GEN 12 time 1602073192
0.0014584555404298799
0.0014868598269226704
0.0014747944620447592
0.0018257667948499297
GEN 13 time 1602073198
0.0014584555404298799
0.0014868598269226704
0.0013534573802287822
0.0018257667948499297
GEN 14 time 1602073205
0.0014584555404298799
0.0014868598269226704
0.0013534573802287822
0.0018257667948499297
GEN 15 time 1602073211
0.0014584555404298799
0.0014868598269226704
0.0013534573802287822
0.0018257667948499297
GEN 16 time 1602073217
0.0014584555404298799
0.0014868598269226704
0.0013534573802287822
0.0018064591348979765
GEN 17 time 1602073223
0.0014584555404298799
0.0014868598269226704
0.0013534573802287822
0.0017533255542806093
GEN 18 time 1602073229
0.0014584555404298799
0.0014868598269226704
0.0013534573802287822
0.0017533255542806093
GEN 19 time 1602073236
0.0014584555404298799
0.0014868598269226704
0.0013534573802287822
0.0017171374165361971
GEN 20 time 1602073242
0.0014584555404298799
0.0014868598269226704
0.0013534573802287822
0.0017171374165361971
GEN 21 time 1602073248
0.0014584555404298799
0.0014868598269226704
0.0013534573802287822
0.0017171374165361971
GEN 22 time 1602073254
0.0014584555404298799
0.0014136416637005073
0.0013534573802287822
0.0017171374165361971
GEN 23 time 1602073260
0.0014584555404298799
0.0014136416637005073
0.0013534573802287822
0.0017171374165361971
GEN 24 time 1602073266
0.0014584555404298799
0.0014136416637005073
0.0013534573802287822
0.0017171374165361971
GEN 25 time 1602073272
0.0014584555404298799
0.0014136416637005073
0.0013534573802287822
0.0017171374165361971
GEN 26 time 1602073278
0.0014584555404298799
0.0014136416637005073
0.0013534573802287822
0.0017171374165361971
GEN 27 time 1602073284
0.0014584555404298799
0.0014136416637005073
0.0013534573802287822
0.0017171374165361971
GEN 28 time 1602073290
0.0014584555404298799
0.0014136416637005073
0.0013534573802287822
0.0017171374165361971
GEN 29 time 1602073296
0.0014584555404298799
0.0014136416637005073
0.0013534573802287822
0.0017171374165361971
GEN 30 time 1602073302
0.0014584555404298799
0.0014136416637005073
0.0013534573802287822
0.0016913255536362378
GEN 31 time 1602073308
0.0014584555404298799
0.0014136416637005073
0.0013534573802287822
0.0016913255536362378
GEN 32 time 1602073314
0.0014584555404298799
0.0014136416637005073
0.0013534573802287822
0.0016874608962521415
GEN 33 time 1602073320
0.0014584555404298799
0.0014136416637005073
0.0013534573802287822
0.0016874608962521415
GEN 34 time 1602073326
0.0014584555404298799
0.0014136416637005073
0.0013534573802287822
0.0016307552109775534
GEN 35 time 1602073332
0.0014584555404298799
0.0014136416637005073
0.0013534573802287822
0.0016307552109775534
GEN 36 time 1602073338
0.0014584555404298799
0.0014136416637005073
0.0013534573802287822
0.0016307552109775534
GEN 37 time 1602073344
0.0014584555404298799
0.0014136416637005073
0.0013534573802287822
0.0016307552109775534
GEN 38 time 1602073350
0.0014584555404298799
0.0013089946016198453
0.0013534573802287822
0.0016307552109775534
GEN 39 time 1602073356
0.0014584555404298799
0.0013089946016198453
0.0013534573802287822
0.0016307552109775534
GEN 40 time 1602073362
0.0014584555404298799
0.0013089946016198453
0.0013534573802287822
0.0016307552109775534
GEN 41 time 1602073368
0.0014584555404298799
0.0013089946016198453
0.0013534573802287822
0.0016307552109775534
GEN 42 time 1602073374
0.0014584555404298799
0.0013089946016198453
0.0013534573802287822
0.0016307552109775534
GEN 43 time 1602073380
0.0014584555404298799
0.0013089946016198453
0.0013534573802287822
0.001612271573771233
GEN 44 time 1602073385
0.0014584555404298799
0.0013089946016198453
0.0013534573802287822
0.001612271573771233
GEN 45 time 1602073391
0.0014584555404298799
0.0013089946016198453
0.0013534573802287822
0.001612271573771233
GEN 46 time 1602073397
0.0014584555404298799
0.0013089946016198453
0.0013534573802287822
0.001612271573771233
GEN 47 time 1602073403
0.0014584555404298799
0.0013089946016198453
0.0013534573802287822
0.001612271573771233
GEN 48 time 1602073409
0.0014584555404298799
0.0013089946016198453
0.0013534573802287822
0.0015384339408657786
GEN 49 time 1602073415
0.0014584555404298799
0.0013089946016198453
0.0013534573802287822
0.0015384339408657786
GEN 50 time 1602073421
0.0014584555404298799
0.0013089946016198453
0.0013534573802287822
0.0015384339408657786
GEN 51 time 1602073427
0.0014584555404298799
0.001257099196355591
0.0013534573802287822
0.0015384339408657786
GEN 52 time 1602073433
0.0014584555404298799
0.001257099196355591
0.0013534573802287822
0.0015384339408657786
GEN 53 time 1602073438
0.0014584555404298799
0.001257099196355591
0.0013534573802287822
0.0015384339408657786
GEN 54 time 1602073445
0.0014584555404298799
0.001257099196355591
0.0013534573802287822
0.0015384339408657786
GEN 55 time 1602073450
0.0014584555404298799
0.0012054737486709717
0.0013534573802287822
0.0015384339408657786
GEN 56 time 1602073456
0.0014584555404298799
0.0012054737486709717
0.0013534573802287822
0.0015384339408657786
GEN 57 time 1602073463
0.0014584555404298799
0.0012054737486709717
0.0013534573802287822
0.0015384339408657786
GEN 58 time 1602073469
0.0014584555404298799
0.0012054737486709717
0.0013534573802287822
0.0015384339408657786
GEN 59 time 1602073474
0.0014584555404298799
0.0012054737486709717
0.0013534573802287822
0.0015384339408657786
GEN 60 time 1602073480
0.0014584555404298799
0.0012054737486709717
0.0013534573802287822
0.0015384339408657786
GEN 61 time 1602073486
0.0014584555404298799
0.0012054737486709717
0.0013534573802287822
0.0015384339408657786
GEN 62 time 1602073492
0.0014584555404298799
0.0012054737486709717
0.001288360942333272
0.0015384339408657786
GEN 63 time 1602073499
0.0014584555404298799
0.0012054737486709717
0.001288360942333272
0.0015384339408657786
GEN 64 time 1602073505
0.0014584555404298799
0.0012054737486709717
0.001288360942333272
0.0015384339408657786
GEN 65 time 1602073511
0.0014584555404298799
0.0012054737486709717
0.001288360942333272
0.0015384339408657786
GEN 66 time 1602073517
0.0014584555404298799
0.0012054737486709717
0.001288360942333272
0.0015384339408657786
GEN 67 time 1602073524
0.0014584555404298799
0.0012054737486709717
0.001288360942333272
0.0015384339408657786
GEN 68 time 1602073530
0.0014584555404298799
0.0012054737486709717
0.001288360942333272
0.0015384339408657786
GEN 69 time 1602073536
0.0014584555404298799
0.0012054737486709717
0.0012560922036427829
0.0015384339408657786
GEN 70 time 1602073543
0.0014584555404298799
0.0012054737486709717
0.0012560922036427829
0.0015384339408657786
GEN 71 time 1602073549
0.0014584555404298799
0.0012054737486709717
0.0012560922036427829
0.0015384339408657786
GEN 72 time 1602073556
0.0014584555404298799
0.0012054737486709717
0.0012560922036427829
0.0015384339408657786
GEN 73 time 1602073562
0.0014584555404298799
0.0012054737486709717
0.0012151976981619103
0.0015384339408657786
GEN 74 time 1602073569
0.0014584555404298799
0.0012054737486709717
0.0012151976981619103
0.0015384339408657786
GEN 75 time 1602073575
0.0014584555404298799
0.0012054737486709717
0.0012151976981619103
0.0015384339408657786
GEN 76 time 1602073582
0.0014584555404298799
0.0012054737486709717
0.0012151976981619103
0.0015384339408657786
GEN 77 time 1602073588
0.0014584555404298799
0.0012054737486709717
0.0012151976981619103
0.0015384339408657786
GEN 78 time 1602073595
0.0014584555404298799
0.0012054737486709717
0.0012151976981619103
0.0015384339408657786
GEN 79 time 1602073602
0.0014584555404298799
0.0012054737486709717
0.0012151976981619103
0.0015384339408657786
GEN 80 time 1602073609
0.0014584555404298799
0.0012054737486709717
0.0012151976981619103
0.0015384339408657786
GEN 81 time 1602073616
0.0014584555404298799
0.0012054737486709717
0.0012151976981619103
0.0015384339408657786
GEN 82 time 1602073622
0.0014584555404298799
0.0012054737486709717
0.0012151976981619103
0.0015384339408657786
GEN 83 time 1602073629
0.0014584555404298799
0.0012054737486709717
0.001211576836695427
0.0015384339408657786
GEN 84 time 1602073635
0.0014584555404298799
0.0012054737486709717
0.001211576836695427
0.0015384339408657786
GEN 85 time 1602073641
0.0014584555404298799
0.0012054737486709717
0.001211576836695427
0.0015384339408657786
GEN 86 time 1602073647
0.0014584555404298799
0.0012054737486709717
0.001211576836695427
0.0015384339408657786
GEN 87 time 1602073654
0.0014584555404298799
0.0012054737486709717
0.001211576836695427
0.0015384339408657786
GEN 88 time 1602073660
0.0014584555404298799
0.0012054737486709717
0.001211576836695427
0.0015384339408657786
GEN 89 time 1602073666
0.0014584555404298799
0.0012054737486709717
0.001211576836695427
0.0015384339408657786
GEN 90 time 1602073672
0.0014584555404298799
0.0012054737486709717
0.001211576836695427
0.0015384339408657786
GEN 91 time 1602073679
0.0014584555404298799
0.0012054737486709717
0.001211576836695427
0.0015384339408657786
GEN 92 time 1602073685
0.0014584555404298799
0.0012054737486709717
0.001211576836695427
0.0015384339408657786
GEN 93 time 1602073691
0.0014584555404298799
0.0012054737486709717
0.001211576836695427
0.0015384339408657786
GEN 94 time 1602073697
0.0014584555404298799
0.0012054737486709717
0.001211576836695427
0.0015384339408657786
GEN 95 time 1602073704
0.0014584555404298799
0.0012054737486709717
0.001211576836695427
0.0015384339408657786
GEN 96 time 1602073710
0.0014584555404298799
0.0012054737486709717
0.001211576836695427
0.0015384339408657786
GEN 97 time 1602073716
0.0014584555404298799
0.0012054737486709717
0.001211576836695427
0.0015384339408657786
GEN 98 time 1602073722
0.0014584555404298799
0.0012054737486709717
0.001211576836695427
0.0015384339408657786
GEN 99 time 1602073728
0.0014584555404298799
0.0012054737486709717
0.001211576836695427
0.0015384339408657786
GEN 100 time 1602073735
0.0014584555404298799
0.0012054737486709717
0.001211576836695427
0.0015384339408657786
GEN 101 time 1602073741
0.0014584555404298799
0.0012054737486709717
0.001211576836695427
0.0015384339408657786
GEN 102 time 1602073747
0.0014584555404298799
0.0012054737486709717
0.001211576836695427
0.0015384339408657786
GEN 103 time 1602073753
0.0014584555404298799
0.0012054737486709717
0.001211576836695427
0.0015384339408657786
GEN 104 time 1602073759
0.0014584555404298799
0.0012054737486709717
0.001211576836695427
0.0014798162267159677
GEN 105 time 1602073765
0.0014584555404298799
0.0012054737486709717
0.001211576836695427
0.0014798162267159677
GEN 106 time 1602073771
0.0014584555404298799
0.0012054737486709717
0.001211576836695427
0.0014798162267159677
GEN 107 time 1602073778
0.0014584555404298799
0.0012054737486709717
0.001211576836695427
0.0014798162267159677
GEN 108 time 1602073784
0.0014584555404298799
0.0012054737486709717
0.001211576836695427
0.0014798162267159677
GEN 109 time 1602073790
0.0014584555404298799
0.0012054737486709717
0.001211576836695427
0.0014798162267159677
GEN 110 time 1602073796
0.0014584555404298799
0.0012054737486709717
0.001211576836695427
0.0014798162267159677
GEN 111 time 1602073802
0.0014584555404298799
0.0012054737486709717
0.001211576836695427
0.0014798162267159677
GEN 112 time 1602073808
0.0014584555404298799
0.0012054737486709717
0.001211576836695427
0.0014798162267159677
GEN 113 time 1602073814
0.0014584555404298799
0.0012054737486709717
0.001211576836695427
0.0014798162267159677
GEN 114 time 1602073820
0.0014584555404298799
0.0012054737486709717
0.001211576836695427
0.0014798162267159677
GEN 115 time 1602073826
0.0014584555404298799
0.0012054737486709717
0.001211576836695427
0.0014798162267159677
GEN 116 time 1602073832
0.0014584555404298799
0.0012054737486709717
0.001211576836695427
0.0014798162267159677
GEN 117 time 1602073838
0.0014584555404298799
0.0012054737486709717
0.001211576836695427
0.0014798162267159677
GEN 118 time 1602073844
0.0014584555404298799
0.0012054737486709717
0.001211576836695427
0.0014798162267159677
GEN 119 time 1602073851
0.0014584555404298799
0.0012054737486709717
0.001211576836695427
0.0014798162267159677
GEN 120 time 1602073857
0.0014584555404298799
0.0012054737486709717
0.001211576836695427
0.0014798162267159677
GEN 121 time 1602073863
0.0014584555404298799
0.0012054737486709717
0.001211576836695427
0.0014798162267159677
GEN 122 time 1602073869
0.0014584555404298799
0.0012054737486709717
0.001211576836695427
0.0014798162267159677
GEN 123 time 1602073875
0.0014584555404298799
0.0012054737486709717
0.001211576836695427
0.0014798162267159677
GEN 124 time 1602073881
0.0014584555404298799
0.0012054737486709717
0.001211576836695427
0.00147622455487767
GEN 125 time 1602073887
0.0014584555404298799
0.0012054737486709717
0.001211576836695427
0.00147622455487767
GEN 126 time 1602073893
0.0014584555404298799
0.0012054737486709717
0.001211576836695427
0.00147622455487767
GEN 127 time 1602073899
0.0014584555404298799
0.0012054737486709717
0.001211576836695427
0.00147622455487767
GEN 128 time 1602073905
0.0014584555404298799
0.0012054737486709717
0.001211576836695427
0.00147622455487767
GEN 129 time 1602073912
0.0014584555404298799
0.0012054737486709717
0.001211576836695427
0.00147622455487767
GEN 130 time 1602073918
0.0014584555404298799
0.0012054737486709717
0.001211576836695427
0.00147622455487767
GEN 131 time 1602073924
0.0014584555404298799
0.0012054737486709717
0.001211576836695427
0.00147622455487767
GEN 132 time 1602073930
0.0014584555404298799
0.0012054737486709717
0.001211576836695427
0.00147622455487767
GEN 133 time 1602073936
0.0014584555404298799
0.0012054737486709717
0.001211576836695427
0.00147622455487767
GEN 134 time 1602073942
0.0014584555404298799
0.0012054737486709717
0.001211576836695427
0.00147622455487767
GEN 135 time 1602073948
0.0014584555404298799
0.0012054737486709717
0.001211576836695427
0.00147622455487767
GEN 136 time 1602073954
0.0014584555404298799
0.0012054737486709717
0.001211576836695427
0.00147622455487767
GEN 137 time 1602073960
0.0014584555404298799
0.0012054737486709717
0.001211576836695427
0.00147622455487767
GEN 138 time 1602073966
0.0014584555404298799
0.0012054737486709717
0.001211576836695427
0.00147622455487767
GEN 139 time 1602073972
0.0014584555404298799
0.0012054737486709717
0.001211576836695427
0.00147622455487767
GEN 140 time 1602073978
0.0014584555404298799
0.0012054737486709717
0.001211576836695427
0.00147622455487767
GEN 141 time 1602073984
0.0014584555404298799
0.0012054737486709717
0.001211576836695427
0.00147622455487767
GEN 142 time 1602073990
0.0014584555404298799
0.0012054737486709717
0.001197283056485359
0.00147622455487767
GEN 143 time 1602073997
0.0014584555404298799
0.0012054737486709717
0.001197283056485359
0.00147622455487767
GEN 144 time 1602074003
0.0014584555404298799
0.0012054737486709717
0.001197283056485359
0.00147622455487767
GEN 145 time 1602074009
0.0014584555404298799
0.0011512795533306461
0.001197283056485359
0.00147622455487767
GEN 146 time 1602074015
0.0014584555404298799
0.0011512795533306461
0.001197283056485359
0.00147622455487767
GEN 147 time 1602074021
0.0014584555404298799
0.0011512795533306461
0.001197283056485359
0.00147622455487767
GEN 148 time 1602074027
0.0014584555404298799
0.0011512795533306461
0.001197283056485359
0.00147622455487767
GEN 149 time 1602074033
0.0014584555404298799
0.0011512795533306461
0.001197283056485359
0.00147622455487767
GEN 150 time 1602074039
0.0014584555404298799
0.0011512795533306461
0.001197283056485359
0.00147622455487767
GEN 151 time 1602074045
0.0014584555404298799
0.0011512795533306461
0.001197283056485359
0.00147622455487767
GEN 152 time 1602074052
0.0014584555404298799
0.0011512795533306461
0.001197283056485359
0.00147622455487767
GEN 153 time 1602074058
0.0014584555404298799
0.0011512795533306461
0.001197283056485359
0.00147622455487767
GEN 154 time 1602074064
0.0014584555404298799
0.0011512795533306461
0.001197283056485359
0.00147622455487767
GEN 155 time 1602074070
0.0014584555404298799
0.0011512795533306461
0.001197283056485359
0.00147622455487767
GEN 156 time 1602074076
0.0014584555404298799
0.0011512795533306461
0.001197283056485359
0.00147622455487767
GEN 157 time 1602074082
0.0014584555404298799
0.0011512795533306461
0.001197283056485359
0.00147622455487767
GEN 158 time 1602074088
0.0014584555404298799
0.0011512795533306461
0.001197283056485359
0.00147622455487767
GEN 159 time 1602074094
0.0014584555404298799
0.0011512795533306461
0.001197283056485359
0.00147622455487767
GEN 160 time 1602074100
0.0014584555404298799
0.0011512795533306461
0.001197283056485359
0.00147622455487767
GEN 161 time 1602074106
0.0014584555404298799
0.0011512795533306461
0.001197283056485359
0.00147622455487767
GEN 162 time 1602074112
0.0014584555404298799
0.0011512795533306461
0.001197283056485359
0.00147622455487767
GEN 163 time 1602074118
0.0014584555404298799
0.0011512795533306461
0.001197283056485359
0.00147622455487767
GEN 164 time 1602074124
0.0014584555404298799
0.0011512795533306461
0.001197283056485359
0.00147622455487767
GEN 165 time 1602074131
0.0014584555404298799
0.0011512795533306461
0.001197283056485359
0.00147622455487767
GEN 166 time 1602074137
0.0014584555404298799
0.0011512795533306461
0.0011921567546161413
0.00147622455487767
GEN 167 time 1602074143
0.0014584555404298799
0.0011512795533306461
0.0011921567546161413
0.00147622455487767
GEN 168 time 1602074149
0.0014584555404298799
0.0011512795533306461
0.0011921567546161413
0.00147622455487767
GEN 169 time 1602074155
0.0014584555404298799
0.0011512795533306461
0.0011921567546161413
0.00147622455487767
GEN 170 time 1602074161
0.0014584555404298799
0.0011512795533306461
0.0011921567546161413
0.00147622455487767
GEN 171 time 1602074167
0.0014584555404298799
0.0011512795533306461
0.0011921567546161413
0.00147622455487767
GEN 172 time 1602074173
0.0014584555404298799
0.0011512795533306461
0.0011921567546161413
0.00147622455487767
GEN 173 time 1602074179
0.0014584555404298799
0.0011512795533306461
0.0011921567546161413
0.00147622455487767
GEN 174 time 1602074185
0.0014584555404298799
0.0011512795533306461
0.0011921567546161413
0.00147622455487767
GEN 175 time 1602074191
0.0014584555404298799
0.0011512795533306461
0.0011921567546161413
0.00147622455487767
GEN 176 time 1602074197
0.0014584555404298799
0.0011512795533306461
0.0011921567546161413
0.00147622455487767
GEN 177 time 1602074203
0.0014584555404298799
0.0011512795533306461
0.0011921567546161413
0.00147622455487767
GEN 178 time 1602074209
0.0014584555404298799
0.0011512795533306461
0.0011921567546161413
0.00147622455487767
GEN 179 time 1602074215
0.0014584555404298799
0.0011512795533306461
0.0011921567546161413
0.00147622455487767
GEN 180 time 1602074221
0.0014584555404298799
0.0011512795533306461
0.0011921567546161413
0.00147622455487767
GEN 181 time 1602074227
0.0014584555404298799
0.0011512795533306461
0.0011921567546161413
0.00147622455487767
GEN 182 time 1602074234
0.0014584555404298799
0.0011512795533306461
0.0011921567546161413
0.00147622455487767
GEN 183 time 1602074240
0.0014584555404298799
0.0011512795533306461
0.0011921567546161413
0.00147622455487767
GEN 184 time 1602074246
0.0014584555404298799
0.0011512795533306461
0.0011921567546161413
0.00147622455487767
GEN 185 time 1602074252
0.0014584555404298799
0.0011512795533306461
0.0011921567546161413
0.00147622455487767
GEN 186 time 1602074258
0.0014584555404298799
0.0011512795533306461
0.0011714334893155446
0.00147622455487767
GEN 187 time 1602074264
0.0014584555404298799
0.0011512795533306461
0.0011714334893155446
0.00147622455487767
GEN 188 time 1602074269
0.0014584555404298799
0.0011512795533306461
0.0011714334893155446
0.00147622455487767
GEN 189 time 1602074275
0.0014584555404298799
0.0011512795533306461
0.0011714334893155446
0.00147622455487767
GEN 190 time 1602074281
0.0014584555404298799
0.0011512795533306461
0.0011714334893155446
0.00147622455487767
GEN 191 time 1602074287
0.0014584555404298799
0.0011512795533306461
0.0011714334893155446
0.00147622455487767
GEN 192 time 1602074293
0.0014584555404298799
0.0011512795533306461
0.0011714334893155446
0.00147622455487767
GEN 193 time 1602074299
0.0014584555404298799
0.0011512795533306461
0.0011714334893155446
0.00147622455487767
GEN 194 time 1602074305
0.0014584555404298799
0.0011512795533306461
0.0011714334893155446
0.00147622455487767
GEN 195 time 1602074311
0.0014584555404298799
0.0011512795533306461
0.0011714334893155446
0.00147622455487767
GEN 196 time 1602074317
0.0014584555404298799
0.0011512795533306461
0.0011714334893155446
0.00147622455487767
GEN 197 time 1602074323
0.0014584555404298799
0.0011512795533306461
0.0011714334893155446
0.00147622455487767
GEN 198 time 1602074329
0.0014584555404298799
0.0011512795533306461
0.0011714334893155446
0.00147622455487767
GEN 199 time 1602074335
0.0014584555404298799
0.0011512795533306461
0.0011714334893155446
0.00147622455487767
