['./data/small/layer/uu-dem1_r25_1.json', './data/small/layer/uu-dem10_r25_1.json', './data/small/layer/uu-dem1_r50_1.json', './data/small/hop/uu-dem1_r25_1_0.json']
GEN 0 time 1602609553
0.0017052532367328583
0.0016001905187547558
0.002238350531337851
0.0019365577290225747
GEN 1 time 1602609556
0.0016593827280774775
0.0016001905187547558
0.0021968088307879495
0.0018310671156844022
GEN 2 time 1602609559
0.0014802746683374257
0.0016001905187547558
0.002049364545614419
0.0018310671156844022
GEN 3 time 1602609561
0.0014802746683374257
0.0016001905187547558
0.0019967888307879495
0.0018310671156844022
GEN 4 time 1602609564
0.0014802746683374257
0.0016001905187547558
0.0019967888307879495
0.0018310671156844022
GEN 5 time 1602609567
0.0014802746683374257
0.0016001905187547558
0.0019967888307879495
0.0018310671156844022
GEN 6 time 1602609570
0.0014802746683374257
0.0016001905187547558
0.0019967888307879495
0.0018310671156844022
GEN 7 time 1602609574
0.0014802746683374257
0.0016001905187547558
0.0019967888307879495
0.0018310671156844022
GEN 8 time 1602609577
0.0014802746683374257
0.0016001905187547558
0.001960160724078492
0.0018310671156844022
GEN 9 time 1602609580
0.0014555776769893962
0.0016001905187547558
0.001960160724078492
0.0018310671156844022
GEN 10 time 1602609583
0.0014555776769893962
0.0014010463019446075
0.001960160724078492
0.0018310671156844022
GEN 11 time 1602609587
0.0014555776769893962
0.0014010463019446075
0.0017967688307879495
0.0018310671156844022
GEN 12 time 1602609590
0.0014555776769893962
0.0014010463019446075
0.0017967688307879495
0.0018310671156844022
GEN 13 time 1602609593
0.0014555776769893962
0.0014010463019446075
0.0017967688307879495
0.0018310671156844022
GEN 14 time 1602609596
0.0014555776769893962
0.0014010463019446075
0.0017967688307879495
0.0018310671156844022
GEN 15 time 1602609600
0.0013241549149018502
0.0014010463019446075
0.0017967688307879495
0.0018310671156844022
GEN 16 time 1602609603
0.0013241549149018502
0.0014010463019446075
0.0017967688307879495
0.0018310671156844022
GEN 17 time 1602609606
0.0013241549149018502
0.0014010463019446075
0.0017967688307879495
0.0018310671156844022
GEN 18 time 1602609609
0.0013241549149018502
0.0014010463019446075
0.0017967688307879495
0.0018310671156844022
GEN 19 time 1602609612
0.0013089946016198453
0.0014010463019446075
0.0017967688307879495
0.0018310671156844022
GEN 20 time 1602609616
0.001305213236732858
0.0014010463019446075
0.0017967688307879495
0.0018310671156844022
GEN 21 time 1602609619
0.001305213236732858
0.0014010463019446075
0.0017967688307879495
0.0018310671156844022
GEN 22 time 1602609622
0.001305213236732858
0.0014010463019446075
0.0017967688307879495
0.0018310671156844022
GEN 23 time 1602609626
0.001305213236732858
0.0014010463019446075
0.0017967688307879495
0.0018310671156844022
GEN 24 time 1602609629
0.001305213236732858
0.0014010463019446075
0.0017967688307879495
0.0018310671156844022
GEN 25 time 1602609632
0.0012802546683374258
0.0014010463019446075
0.0017967688307879495
0.0018310671156844022
GEN 26 time 1602609635
0.0012802546683374258
0.0014010463019446075
0.0017967688307879495
0.0018310671156844022
GEN 27 time 1602609639
0.0012802546683374258
0.0014010463019446075
0.0017967688307879495
0.0018310671156844022
GEN 28 time 1602609642
0.0012027580562097857
0.0014010463019446075
0.0017967688307879495
0.0018310671156844022
GEN 29 time 1602609645
0.0012027580562097857
0.0014010463019446075
0.0017967688307879495
0.0018310671156844022
GEN 30 time 1602609649
0.0012027580562097857
0.0014010463019446075
0.0017538329535592236
0.0018310671156844022
GEN 31 time 1602609652
0.0012027580562097857
0.0014010463019446075
0.0017538329535592236
0.0018310671156844022
GEN 32 time 1602609655
0.0012027580562097857
0.0014010463019446075
0.0017538329535592236
0.0018310671156844022
GEN 33 time 1602609659
0.0012027580562097857
0.0014010463019446075
0.0017538329535592236
0.0018310671156844022
GEN 34 time 1602609662
0.0012027580562097857
0.0014010463019446075
0.0017538329535592236
0.0018310671156844022
GEN 35 time 1602609665
0.0012027580562097857
0.0014010463019446075
0.0017538329535592236
0.0018310671156844022
GEN 36 time 1602609668
0.0012027580562097857
0.0014010463019446075
0.0017538329535592236
0.0018310671156844022
GEN 37 time 1602609672
0.0011624958359953744
0.0014010463019446075
0.0017538329535592236
0.0018310671156844022
GEN 38 time 1602609675
0.0011624958359953744
0.0014010463019446075
0.0017538329535592236
0.0018310671156844022
GEN 39 time 1602609678
0.0011624958359953744
0.0014010463019446075
0.0017538329535592236
0.0018310671156844022
GEN 40 time 1602609681
0.0011624958359953744
0.0014010463019446075
0.0017538329535592236
0.0018310671156844022
GEN 41 time 1602609685
0.0011624958359953744
0.0014010463019446075
0.0017538329535592236
0.0018310671156844022
GEN 42 time 1602609688
0.0011624958359953744
0.0014010463019446075
0.0017538329535592236
0.0018310671156844022
GEN 43 time 1602609691
0.0011512795533306461
0.0014010463019446075
0.0017538329535592236
0.0018310671156844022
GEN 44 time 1602609694
0.0011512795533306461
0.0014010463019446075
0.0017538329535592236
0.0018310671156844022
GEN 45 time 1602609698
0.0011512795533306461
0.0014010463019446075
0.0017538329535592236
0.0018310671156844022
GEN 46 time 1602609701
0.0011512795533306461
0.0014010463019446075
0.0017538329535592236
0.0018310671156844022
GEN 47 time 1602609704
0.0011512795533306461
0.0014010463019446075
0.0017538329535592236
0.0018310671156844022
GEN 48 time 1602609707
0.0011512795533306461
0.0014010463019446075
0.0017538329535592236
0.0018310671156844022
GEN 49 time 1602609710
0.0011512795533306461
0.0014010463019446075
0.0017538329535592236
0.001693720811326392
GEN 50 time 1602609714
0.0011512795533306461
0.0014010463019446075
0.0017538329535592236
0.001693720811326392
GEN 51 time 1602609717
0.0011512795533306461
0.0014010463019446075
0.0017538329535592236
0.001693720811326392
GEN 52 time 1602609720
0.0011512795533306461
0.0014010463019446075
0.0017538329535592236
0.001693720811326392
GEN 53 time 1602609723
0.0011512795533306461
0.0014010463019446075
0.0017538329535592236
0.001693720811326392
GEN 54 time 1602609727
0.0011512795533306461
0.0014010463019446075
0.0017538329535592236
0.001693720811326392
GEN 55 time 1602609730
0.0011512795533306461
0.0014010463019446075
0.0017538329535592236
0.001693720811326392
GEN 56 time 1602609733
0.0011512795533306461
0.0014010463019446075
0.0017538329535592236
0.001693720811326392
GEN 57 time 1602609736
0.0011512795533306461
0.0014010463019446075
0.0017538329535592236
0.001693720811326392
GEN 58 time 1602609740
0.0011512795533306461
0.0014010463019446075
0.0017538329535592236
0.001693720811326392
GEN 59 time 1602609743
0.0011512795533306461
0.0014010463019446075
0.0017538329535592236
0.001693720811326392
GEN 60 time 1602609746
0.0011512795533306461
0.0014010463019446075
0.0017538329535592236
0.001693720811326392
GEN 61 time 1602609749
0.0011512795533306461
0.0014010463019446075
0.0017538329535592236
0.001693720811326392
GEN 62 time 1602609753
0.0011512795533306461
0.0014010463019446075
0.0017538329535592236
0.001693720811326392
GEN 63 time 1602609756
0.0011512795533306461
0.0014010463019446075
0.0017538329535592236
0.001693720811326392
GEN 64 time 1602609759
0.0011512795533306461
0.0014010463019446075
0.0017538329535592236
0.001693720811326392
GEN 65 time 1602609762
0.0011512795533306461
0.0014010463019446075
0.0017538329535592236
0.001693720811326392
GEN 66 time 1602609766
0.0011512795533306461
0.0014010463019446075
0.0017538329535592236
0.001693720811326392
GEN 67 time 1602609769
0.0011512795533306461
0.0014010463019446075
0.0017538329535592236
0.001693720811326392
GEN 68 time 1602609772
0.0011512795533306461
0.0014010463019446075
0.0017538329535592236
0.001693720811326392
GEN 69 time 1602609776
0.0011512795533306461
0.0014010463019446075
0.0017538329535592236
0.001693720811326392
GEN 70 time 1602609779
0.0011512795533306461
0.0014010463019446075
0.0017538329535592236
0.001693720811326392
GEN 71 time 1602609782
0.0011512795533306461
0.0014010463019446075
0.0017538329535592236
0.001693720811326392
GEN 72 time 1602609785
0.0011512795533306461
0.0014010463019446075
0.0017538329535592236
0.0016497286318407126
GEN 73 time 1602609789
0.0011512795533306461
0.0014010463019446075
0.0017538329535592236
0.0016497286318407126
GEN 74 time 1602609792
0.0011512795533306461
0.0014010463019446075
0.0017538329535592236
0.0016497286318407126
GEN 75 time 1602609795
0.0011512795533306461
0.0014010463019446075
0.0017538329535592236
0.0016497286318407126
GEN 76 time 1602609799
0.0011512795533306461
0.0014010463019446075
0.0017538329535592236
0.0016497286318407126
GEN 77 time 1602609802
0.0011512795533306461
0.0014010463019446075
0.0017538329535592236
0.0016497286318407126
GEN 78 time 1602609805
0.0011512795533306461
0.0014010463019446075
0.0017538329535592236
0.0016497286318407126
GEN 79 time 1602609809
0.0011512795533306461
0.0014010463019446075
0.0017538329535592236
0.0016497286318407126
GEN 80 time 1602609812
0.0011512795533306461
0.0014010463019446075
0.0017538329535592236
0.0016497286318407126
GEN 81 time 1602609815
0.0011512795533306461
0.0014010463019446075
0.0017538329535592236
0.0016497286318407126
GEN 82 time 1602609819
0.0011512795533306461
0.0014010463019446075
0.0017538329535592236
0.0016497286318407126
GEN 83 time 1602609822
0.0011512795533306461
0.0014010463019446075
0.0017538329535592236
0.0016497286318407126
GEN 84 time 1602609825
0.0011512795533306461
0.0014010463019446075
0.0017538329535592236
0.0016497286318407126
GEN 85 time 1602609829
0.0011512795533306461
0.0014010463019446075
0.0017538329535592236
0.0016497286318407126
GEN 86 time 1602609832
0.0011512795533306461
0.0014010463019446075
0.0017538329535592236
0.0016497286318407126
GEN 87 time 1602609835
0.0011512795533306461
0.0014010463019446075
0.0017538329535592236
0.0016497286318407126
GEN 88 time 1602609839
0.0011512795533306461
0.0014010463019446075
0.0017538329535592236
0.0016497286318407126
GEN 89 time 1602609842
0.0011512795533306461
0.0014010463019446075
0.0017538329535592236
0.0016497286318407126
GEN 90 time 1602609846
0.0011512795533306461
0.0014010463019446075
0.0017538329535592236
0.0016497286318407126
GEN 91 time 1602609849
0.0011512795533306461
0.0014010463019446075
0.0017538329535592236
0.0016497286318407126
GEN 92 time 1602609852
0.0011512795533306461
0.0014010463019446075
0.0017538329535592236
0.0016497286318407126
GEN 93 time 1602609855
0.0011512795533306461
0.0014010463019446075
0.0017538329535592236
0.0016497286318407126
GEN 94 time 1602609859
0.0011512795533306461
0.0014010463019446075
0.0017538329535592236
0.0016497286318407126
GEN 95 time 1602609862
0.0011512795533306461
0.0014010463019446075
0.0017538329535592236
0.0016497286318407126
GEN 96 time 1602609865
0.0011512795533306461
0.0014010463019446075
0.0017538329535592236
0.0016497286318407126
GEN 97 time 1602609869
0.0011512795533306461
0.0014010463019446075
0.0017538329535592236
0.0016497286318407126
GEN 98 time 1602609872
0.0011512795533306461
0.0014010463019446075
0.0017538329535592236
0.0016497286318407126
GEN 99 time 1602609875
0.0011512795533306461
0.0014010463019446075
0.0017538329535592236
0.0016497286318407126
GEN 100 time 1602609879
0.0011512795533306461
0.0014010463019446075
0.0017538329535592236
0.0016497286318407126
GEN 101 time 1602609882
0.0011512795533306461
0.0014010463019446075
0.0017538329535592236
0.0016497286318407126
GEN 102 time 1602609886
0.0011512795533306461
0.0014010463019446075
0.0017538329535592236
0.0016497286318407126
GEN 103 time 1602609889
0.0011512795533306461
0.0014010463019446075
0.0017538329535592236
0.0016497286318407126
GEN 104 time 1602609893
0.0011512795533306461
0.0014010463019446075
0.0017538329535592236
0.0016497286318407126
GEN 105 time 1602609896
0.0011512795533306461
0.0014010463019446075
0.0017538329535592236
0.0016497286318407126
GEN 106 time 1602609900
0.0011512795533306461
0.0014010463019446075
0.0017538329535592236
0.0016497286318407126
GEN 107 time 1602609903
0.0011512795533306461
0.0014010463019446075
0.0017538329535592236
0.0016497286318407126
GEN 108 time 1602609907
0.0011512795533306461
0.0014010463019446075
0.0017538329535592236
0.0016497286318407126
GEN 109 time 1602609910
0.0011512795533306461
0.0014010463019446075
0.0017538329535592236
0.0016497286318407126
GEN 110 time 1602609914
0.0011512795533306461
0.0014010463019446075
0.0017538329535592236
0.0016497286318407126
GEN 111 time 1602609918
0.0011512795533306461
0.0014010463019446075
0.0017538329535592236
0.0016497286318407126
GEN 112 time 1602609921
0.0011512795533306461
0.0014010463019446075
0.0017538329535592236
0.0016497286318407126
GEN 113 time 1602609925
0.0011512795533306461
0.0014010463019446075
0.0017538329535592236
0.0016497286318407126
GEN 114 time 1602609928
0.0011512795533306461
0.0014010463019446075
0.0017538329535592236
0.0016497286318407126
GEN 115 time 1602609932
0.0011512795533306461
0.0014010463019446075
0.0017538329535592236
0.0016497286318407126
GEN 116 time 1602609935
0.0011512795533306461
0.0014010463019446075
0.0017538329535592236
0.0016497286318407126
GEN 117 time 1602609939
0.0011512795533306461
0.0014010463019446075
0.0017538329535592236
0.0016497286318407126
GEN 118 time 1602609942
0.0011512795533306461
0.0014010463019446075
0.0017538329535592236
0.0016497286318407126
GEN 119 time 1602609946
0.0011512795533306461
0.0014010463019446075
0.0017538329535592236
0.0016497286318407126
GEN 120 time 1602609949
0.0011512795533306461
0.0014010463019446075
0.0017538329535592236
0.0016497286318407126
GEN 121 time 1602609953
0.0011512795533306461
0.0014010463019446075
0.0017538329535592236
0.0016497286318407126
GEN 122 time 1602609956
0.0011512795533306461
0.0014010463019446075
0.0017538329535592236
0.0016497286318407126
GEN 123 time 1602609960
0.0011512795533306461
0.0014010463019446075
0.0017538329535592236
0.0016497286318407126
GEN 124 time 1602609964
0.0011512795533306461
0.0014010463019446075
0.0017538329535592236
0.0016497286318407126
GEN 125 time 1602609967
0.0011512795533306461
0.0014010463019446075
0.0017538329535592236
0.0016497286318407126
GEN 126 time 1602609971
0.0011512795533306461
0.0014010463019446075
0.0017538329535592236
0.0016497286318407126
GEN 127 time 1602609974
0.0011512795533306461
0.0014010463019446075
0.0017538329535592236
0.0016497286318407126
GEN 128 time 1602609978
0.0011512795533306461
0.0014010463019446075
0.0017538329535592236
0.0016497286318407126
GEN 129 time 1602609982
0.0011512795533306461
0.0014010463019446075
0.0017538329535592236
0.0016497286318407126
GEN 130 time 1602609985
0.0011512795533306461
0.0014010463019446075
0.0017538329535592236
0.0016497286318407126
GEN 131 time 1602609989
0.0011512795533306461
0.0014010463019446075
0.0017538329535592236
0.0016497286318407126
GEN 132 time 1602609993
0.0011512795533306461
0.0014010463019446075
0.0017538329535592236
0.0016497286318407126
GEN 133 time 1602609996
0.0011512795533306461
0.0014010463019446075
0.0017538329535592236
0.0016497286318407126
GEN 134 time 1602610000
0.0011512795533306461
0.0014010463019446075
0.0017538329535592236
0.0016497286318407126
GEN 135 time 1602610003
0.0011512795533306461
0.0014010463019446075
0.0017538329535592236
0.0016497286318407126
GEN 136 time 1602610007
0.0011512795533306461
0.0014010463019446075
0.0017538329535592236
0.0016497286318407126
GEN 137 time 1602610011
0.0011512795533306461
0.0014010463019446075
0.0017538329535592236
0.0016497286318407126
GEN 138 time 1602610014
0.0011512795533306461
0.0014010463019446075
0.0017538329535592236
0.0016497286318407126
GEN 139 time 1602610018
0.0011512795533306461
0.0014010463019446075
0.0017538329535592236
0.0016497286318407126
GEN 140 time 1602610022
0.0011512795533306461
0.0014010463019446075
0.0017538329535592236
0.0016497286318407126
GEN 141 time 1602610025
0.0011512795533306461
0.0014010463019446075
0.0017538329535592236
0.0016497286318407126
GEN 142 time 1602610029
0.0011512795533306461
0.0014010463019446075
0.0017538329535592236
0.0016497286318407126
GEN 143 time 1602610032
0.0011512795533306461
0.0014010463019446075
0.0017538329535592236
0.0016497286318407126
GEN 144 time 1602610036
0.0011512795533306461
0.0014010463019446075
0.0017538329535592236
0.0016497286318407126
GEN 145 time 1602610040
0.0011512795533306461
0.0014010463019446075
0.0017538329535592236
0.0016497286318407126
GEN 146 time 1602610043
0.0011512795533306461
0.0014010463019446075
0.0017538329535592236
0.0016497286318407126
GEN 147 time 1602610047
0.0011512795533306461
0.0014010463019446075
0.0017538329535592236
0.0016497286318407126
GEN 148 time 1602610050
0.0011512795533306461
0.0014010463019446075
0.0017538329535592236
0.0016497286318407126
GEN 149 time 1602610054
0.0011512795533306461
0.0014010463019446075
0.0017538329535592236
0.0016497286318407126
GEN 150 time 1602610058
0.0011512795533306461
0.0014010463019446075
0.0017538329535592236
0.0016497286318407126
GEN 151 time 1602610061
0.0011512795533306461
0.0014010463019446075
0.0017538329535592236
0.0016497286318407126
GEN 152 time 1602610065
0.0011512795533306461
0.0014010463019446075
0.0017538329535592236
0.0016497286318407126
GEN 153 time 1602610069
0.0011512795533306461
0.0014010463019446075
0.0017538329535592236
0.0016497286318407126
GEN 154 time 1602610072
0.0011512795533306461
0.0014010463019446075
0.0017538329535592236
0.0016497286318407126
GEN 155 time 1602610076
0.0011512795533306461
0.0014010463019446075
0.0017538329535592236
0.0016497286318407126
GEN 156 time 1602610079
0.0011512795533306461
0.0014010463019446075
0.0017538329535592236
0.0016497286318407126
GEN 157 time 1602610083
0.0011512795533306461
0.0014010463019446075
0.0017538329535592236
0.0016497286318407126
GEN 158 time 1602610086
0.0011512795533306461
0.0014010463019446075
0.0017538329535592236
0.0016497286318407126
GEN 159 time 1602610090
0.0011512795533306461
0.0014010463019446075
0.0017538329535592236
0.0016497286318407126
GEN 160 time 1602610094
0.0011512795533306461
0.0014010463019446075
0.0017538329535592236
0.0016497286318407126
GEN 161 time 1602610097
0.0011512795533306461
0.0014010463019446075
0.0017538329535592236
0.0016497286318407126
GEN 162 time 1602610101
0.0011512795533306461
0.0014010463019446075
0.0017538329535592236
0.0016497286318407126
GEN 163 time 1602610105
0.0011512795533306461
0.0014010463019446075
0.0017538329535592236
0.0016497286318407126
GEN 164 time 1602610108
0.0011512795533306461
0.0014010463019446075
0.0017538329535592236
0.0016497286318407126
GEN 165 time 1602610112
0.0011512795533306461
0.0014010463019446075
0.0017538329535592236
0.0016497286318407126
GEN 166 time 1602610115
0.0011512795533306461
0.0014010463019446075
0.0017538329535592236
0.0016497286318407126
GEN 167 time 1602610119
0.0011512795533306461
0.0014010463019446075
0.0017538329535592236
0.0016497286318407126
GEN 168 time 1602610123
0.0011512795533306461
0.0014010463019446075
0.0017538329535592236
0.0016497286318407126
GEN 169 time 1602610126
0.0011512795533306461
0.0014010463019446075
0.0017538329535592236
0.0016497286318407126
GEN 170 time 1602610130
0.0011512795533306461
0.0014010463019446075
0.0017538329535592236
0.0016497286318407126
GEN 171 time 1602610134
0.0011512795533306461
0.0014010463019446075
0.0017538329535592236
0.0016497286318407126
GEN 172 time 1602610137
0.0011512795533306461
0.0014010463019446075
0.0017538329535592236
0.0016497286318407126
GEN 173 time 1602610141
0.0011512795533306461
0.0014010463019446075
0.0017538329535592236
0.0016497286318407126
GEN 174 time 1602610144
0.0011512795533306461
0.0014010463019446075
0.0017538329535592236
0.0016497286318407126
GEN 175 time 1602610148
0.0011512795533306461
0.0014010463019446075
0.0017538329535592236
0.0016497286318407126
GEN 176 time 1602610152
0.0011512795533306461
0.0014010463019446075
0.0017538329535592236
0.0016497286318407126
GEN 177 time 1602610155
0.0011512795533306461
0.0014010463019446075
0.0017538329535592236
0.0016497286318407126
GEN 178 time 1602610159
0.0011512795533306461
0.0014010463019446075
0.0017538329535592236
0.0016497286318407126
GEN 179 time 1602610162
0.0011512795533306461
0.0014010463019446075
0.0017538329535592236
0.0016497286318407126
GEN 180 time 1602610166
0.0011512795533306461
0.0014010463019446075
0.0017538329535592236
0.0016497286318407126
GEN 181 time 1602610170
0.0011512795533306461
0.0014010463019446075
0.0017538329535592236
0.0016497286318407126
GEN 182 time 1602610173
0.0011512795533306461
0.0014010463019446075
0.0017538329535592236
0.0016497286318407126
GEN 183 time 1602610177
0.0011512795533306461
0.0014010463019446075
0.0017538329535592236
0.0016497286318407126
GEN 184 time 1602610180
0.0011512795533306461
0.0014010463019446075
0.0017538329535592236
0.0016497286318407126
GEN 185 time 1602610184
0.0011512795533306461
0.0014010463019446075
0.0017538329535592236
0.0016497286318407126
GEN 186 time 1602610187
0.0011512795533306461
0.0014010463019446075
0.0017538329535592236
0.0016497286318407126
GEN 187 time 1602610191
0.0011512795533306461
0.0014010463019446075
0.0017538329535592236
0.0016497286318407126
GEN 188 time 1602610195
0.0011512795533306461
0.0014010463019446075
0.0017538329535592236
0.0016497286318407126
GEN 189 time 1602610198
0.0011512795533306461
0.0014010463019446075
0.0017538329535592236
0.0016497286318407126
GEN 190 time 1602610202
0.0011512795533306461
0.0014010463019446075
0.0017538329535592236
0.0016497286318407126
GEN 191 time 1602610205
0.0011512795533306461
0.0014010463019446075
0.0017538329535592236
0.0016497286318407126
GEN 192 time 1602610209
0.0011512795533306461
0.0014010463019446075
0.0017538329535592236
0.0016497286318407126
GEN 193 time 1602610212
0.0011512795533306461
0.0014010463019446075
0.0017538329535592236
0.0016497286318407126
GEN 194 time 1602610216
0.0011512795533306461
0.0014010463019446075
0.0017538329535592236
0.0016497286318407126
GEN 195 time 1602610220
0.0011512795533306461
0.0014010463019446075
0.0017538329535592236
0.0016497286318407126
GEN 196 time 1602610223
0.0011512795533306461
0.0014010463019446075
0.0017538329535592236
0.0016497286318407126
GEN 197 time 1602610227
0.0011512795533306461
0.0014010463019446075
0.0017538329535592236
0.0016497286318407126
GEN 198 time 1602610230
0.0011512795533306461
0.0014010463019446075
0.0017538329535592236
0.0016497286318407126
GEN 199 time 1602610234
0.0011512795533306461
0.0014010463019446075
0.0017538329535592236
0.0016497286318407126
