['./data/small/layer/uu-dem9_r25_1.json', './data/small/layer/uu-dem2_r25_1.json', './data/small/layer/uu-dem9_r50_1.json', './data/small/hop/uu-dem9_r25_1_0.json']
GEN 0 time 1602293464
0.0022276549763325195
0.0016944554081866313
0.0023834700091791305
0.0028303810189959488
GEN 1 time 1602293472
0.0022231539488216786
0.0015973230564853592
0.0023834700091791305
0.002655747751687196
GEN 2 time 1602293480
0.0022231539488216786
0.0015973230564853592
0.002057787513445875
0.002655747751687196
GEN 3 time 1602293489
0.0022134743549586814
0.0015973230564853592
0.002057787513445875
0.002655747751687196
GEN 4 time 1602293498
0.0020231339488216782
0.0015159715896146935
0.002057787513445875
0.002655747751687196
GEN 5 time 1602293509
0.0018283188035092825
0.0015159715896146935
0.002057787513445875
0.002655747751687196
GEN 6 time 1602293519
0.0018266509095459789
0.0015159715896146935
0.002057787513445875
0.002655747751687196
GEN 7 time 1602293529
0.0018266509095459789
0.0015159715896146935
0.002057787513445875
0.0024844890681389176
GEN 8 time 1602293540
0.0018266509095459789
0.0014944354081866313
0.002057787513445875
0.0024844890681389176
GEN 9 time 1602293550
0.0018266509095459789
0.0014152176981619103
0.002057787513445875
0.0024844890681389176
GEN 10 time 1602293561
0.0018266509095459789
0.0014152176981619103
0.002057787513445875
0.0024844890681389176
GEN 11 time 1602293572
0.0018266509095459789
0.0013973030564853593
0.0018020375023035397
0.0024844890681389176
GEN 12 time 1602293582
0.0018266509095459789
0.0013973030564853593
0.0017514928819395612
0.0024303410189959484
GEN 13 time 1602293593
0.0018266509095459789
0.0013973030564853593
0.0017514928819395612
0.0024303410189959484
GEN 14 time 1602293604
0.0018266509095459789
0.0013973030564853593
0.0017514928819395612
0.0024303410189959484
GEN 15 time 1602293614
0.0018266509095459789
0.0012919375768381683
0.0017514928819395612
0.0024303410189959484
GEN 16 time 1602293625
0.0018266509095459789
0.0012919375768381683
0.0017514928819395612
0.0024303410189959484
GEN 17 time 1602293635
0.0018266509095459789
0.0012919375768381683
0.0017514928819395612
0.0024303410189959484
GEN 18 time 1602293646
0.0018266509095459789
0.0012919375768381683
0.0017514928819395612
0.0024303410189959484
GEN 19 time 1602293657
0.0018266509095459789
0.0012919375768381683
0.0017514928819395612
0.0024303410189959484
GEN 20 time 1602293667
0.0018266509095459789
0.0012919375768381683
0.0017514928819395612
0.0024303410189959484
GEN 21 time 1602293678
0.0018266509095459789
0.0012919375768381683
0.0017514928819395612
0.0024283387491157416
GEN 22 time 1602293688
0.0018266509095459789
0.0012919375768381683
0.0017514928819395612
0.0024283387491157416
GEN 23 time 1602293699
0.0018266509095459789
0.0012919375768381683
0.0017514928819395612
0.0024283387491157416
GEN 24 time 1602293709
0.0018266509095459789
0.0012919375768381683
0.0017514928819395612
0.0024283387491157416
GEN 25 time 1602293720
0.0018266509095459789
0.0012675445951169908
0.0017514928819395612
0.0024283387491157416
GEN 26 time 1602293730
0.0018266509095459789
0.0012675445951169908
0.0017514928819395612
0.0024283387491157416
GEN 27 time 1602293741
0.0018266509095459789
0.0012675445951169908
0.0017514928819395612
0.002243952909469877
GEN 28 time 1602293752
0.0018266509095459789
0.0012675445951169908
0.0017514928819395612
0.002243952909469877
GEN 29 time 1602293763
0.0018266509095459789
0.0012675445951169908
0.0017514928819395612
0.002243952909469877
GEN 30 time 1602293774
0.0018266509095459789
0.0012675445951169908
0.0017514928819395612
0.002243952909469877
GEN 31 time 1602293785
0.0018266509095459789
0.001210181183902705
0.0017514928819395612
0.002243952909469877
GEN 32 time 1602293795
0.0018266509095459789
0.001210181183902705
0.0017514928819395612
0.002243952909469877
GEN 33 time 1602293806
0.0018266509095459789
0.001210181183902705
0.0017514928819395612
0.002243952909469877
GEN 34 time 1602293816
0.0018266509095459789
0.001210181183902705
0.0017514928819395612
0.002243952909469877
GEN 35 time 1602293827
0.0018266509095459789
0.001210181183902705
0.0017514928819395612
0.002243952909469877
GEN 36 time 1602293838
0.0018266509095459789
0.001210181183902705
0.0017514928819395612
0.002243952909469877
GEN 37 time 1602293848
0.0018266509095459789
0.001210181183902705
0.0017514928819395612
0.002243952909469877
GEN 38 time 1602293859
0.0018266509095459789
0.001210181183902705
0.0017514928819395612
0.002243952909469877
GEN 39 time 1602293869
0.0018266509095459789
0.001210181183902705
0.0017514928819395612
0.002243952909469877
GEN 40 time 1602293880
0.0018266509095459789
0.001210181183902705
0.0017514928819395612
0.002243952909469877
GEN 41 time 1602293890
0.0018266509095459789
0.0012047528586886414
0.0017514928819395612
0.002243952909469877
GEN 42 time 1602293901
0.0018266509095459789
0.0012047528586886414
0.0017514928819395612
0.002243952909469877
GEN 43 time 1602293912
0.0018266509095459789
0.0012047528586886414
0.0017514928819395612
0.002243952909469877
GEN 44 time 1602293922
0.0018266509095459789
0.0012047528586886414
0.0017514928819395612
0.002243952909469877
GEN 45 time 1602293933
0.0018266509095459789
0.0012047528586886414
0.0017514928819395612
0.002243952909469877
GEN 46 time 1602293944
0.0018266509095459789
0.0012047528586886414
0.0017514928819395612
0.002243952909469877
GEN 47 time 1602293954
0.0018266509095459789
0.0012047528586886414
0.0017514928819395612
0.002243952909469877
GEN 48 time 1602293965
0.0018266509095459789
0.0012047528586886414
0.0017514928819395612
0.002243952909469877
GEN 49 time 1602293977
0.0018266509095459789
0.0012047528586886414
0.0017514928819395612
0.002243952909469877
GEN 50 time 1602293988
0.0018266509095459789
0.0012047528586886414
0.0017514928819395612
0.002243952909469877
GEN 51 time 1602293999
0.0018266509095459789
0.0012047528586886414
0.0017514928819395612
0.002243952909469877
GEN 52 time 1602294011
0.0018266509095459789
0.0012047528586886414
0.0017514928819395612
0.002243952909469877
GEN 53 time 1602294023
0.0018266509095459789
0.0012047528586886414
0.0017514928819395612
0.002243952909469877
GEN 54 time 1602294034
0.0018266509095459789
0.0012047528586886414
0.0017514928819395612
0.002243952909469877
GEN 55 time 1602294046
0.0018266509095459789
0.0012047528586886414
0.0017514928819395612
0.002243952909469877
GEN 56 time 1602294058
0.0018266509095459789
0.0012047528586886414
0.0017514928819395612
0.002243952909469877
GEN 57 time 1602294070
0.0018266509095459789
0.0012047528586886414
0.0017514928819395612
0.002243952909469877
GEN 58 time 1602294082
0.0018266509095459789
0.0012047528586886414
0.0017514928819395612
0.002243952909469877
GEN 59 time 1602294094
0.0018266509095459789
0.0012047528586886414
0.0017514928819395612
0.002243952909469877
GEN 60 time 1602294106
0.0018266509095459789
0.0012047528586886414
0.0017514928819395612
0.002243952909469877
GEN 61 time 1602294119
0.0018266509095459789
0.0012047528586886414
0.0017514928819395612
0.002243952909469877
GEN 62 time 1602294131
0.0018266509095459789
0.0012047528586886414
0.0017514928819395612
0.002243952909469877
GEN 63 time 1602294143
0.0018266509095459789
0.0012047528586886414
0.0017514928819395612
0.002243952909469877
GEN 64 time 1602294155
0.0018266509095459789
0.0012047528586886414
0.0017514928819395612
0.002243952909469877
GEN 65 time 1602294167
0.0018266509095459789
0.0012047528586886414
0.0017514928819395612
0.002243952909469877
GEN 66 time 1602294180
0.0018266509095459789
0.0012047528586886414
0.0017514928819395612
0.002243952909469877
GEN 67 time 1602294192
0.0018266509095459789
0.0012047528586886414
0.0017514928819395612
0.002243952909469877
GEN 68 time 1602294204
0.0018266509095459789
0.0012047528586886414
0.0017514928819395612
0.002243952909469877
GEN 69 time 1602294217
0.0018266509095459789
0.0012047528586886414
0.0017514928819395612
0.002243952909469877
GEN 70 time 1602294229
0.0018266509095459789
0.0012047528586886414
0.0017514928819395612
0.002243952909469877
GEN 71 time 1602294241
0.0018266509095459789
0.0012047528586886414
0.0017514928819395612
0.002243952909469877
GEN 72 time 1602294253
0.0018266509095459789
0.0012047528586886414
0.0017514928819395612
0.002243952909469877
GEN 73 time 1602294265
0.0018266509095459789
0.0012047528586886414
0.0017514928819395612
0.002243952909469877
GEN 74 time 1602294277
0.0018266509095459789
0.0012047528586886414
0.0017514928819395612
0.002243952909469877
GEN 75 time 1602294289
0.0018266509095459789
0.0012047528586886414
0.0017514928819395612
0.002243952909469877
GEN 76 time 1602294301
0.0018266509095459789
0.0012047528586886414
0.0017514928819395612
0.002243952909469877
GEN 77 time 1602294313
0.0018266509095459789
0.0012047528586886414
0.0017514928819395612
0.002243952909469877
GEN 78 time 1602294325
0.0018266509095459789
0.0012047528586886414
0.0017514928819395612
0.002243952909469877
GEN 79 time 1602294337
0.0018266509095459789
0.0012047528586886414
0.0017514928819395612
0.002243952909469877
GEN 80 time 1602294349
0.0018266509095459789
0.0012047528586886414
0.0017514928819395612
0.002243952909469877
GEN 81 time 1602294361
0.0018266509095459789
0.0012047528586886414
0.0017514928819395612
0.002243952909469877
GEN 82 time 1602294372
0.0018266509095459789
0.0012047528586886414
0.0017514928819395612
0.002243952909469877
GEN 83 time 1602294384
0.0018266509095459789
0.0012047528586886414
0.0017514928819395612
0.002243952909469877
GEN 84 time 1602294396
0.0018266509095459789
0.0012047528586886414
0.0017514928819395612
0.002243952909469877
GEN 85 time 1602294408
0.0018266509095459789
0.0012047528586886414
0.0017514928819395612
0.002243952909469877
GEN 86 time 1602294420
0.0018266509095459789
0.0012047528586886414
0.0017514928819395612
0.002243952909469877
GEN 87 time 1602294432
0.0018266509095459789
0.0012047528586886414
0.0017514928819395612
0.002243952909469877
GEN 88 time 1602294444
0.0018266509095459789
0.0012047528586886414
0.0017514928819395612
0.002243952909469877
GEN 89 time 1602294456
0.0018266509095459789
0.0012047528586886414
0.0017514928819395612
0.002243952909469877
GEN 90 time 1602294468
0.0018266509095459789
0.0012047528586886414
0.0017514928819395612
0.002243952909469877
GEN 91 time 1602294479
0.0018266509095459789
0.0012047528586886414
0.0017514928819395612
0.002243952909469877
GEN 92 time 1602294491
0.0018266509095459789
0.0012047528586886414
0.0017514928819395612
0.002243952909469877
GEN 93 time 1602294503
0.0018266509095459789
0.0012047528586886414
0.0017514928819395612
0.002243952909469877
GEN 94 time 1602294515
0.0018266509095459789
0.0012047528586886414
0.0017514928819395612
0.002243952909469877
GEN 95 time 1602294526
0.0018266509095459789
0.0012047528586886414
0.0017514928819395612
0.002243952909469877
GEN 96 time 1602294537
0.0018266509095459789
0.0012047528586886414
0.0017514928819395612
0.002243952909469877
GEN 97 time 1602294549
0.0018266509095459789
0.0012047528586886414
0.0017514928819395612
0.002243952909469877
GEN 98 time 1602294561
0.0018266509095459789
0.0012047528586886414
0.0017514928819395612
0.002243952909469877
GEN 99 time 1602294573
0.0018266509095459789
0.0012047528586886414
0.0017514928819395612
0.002243952909469877
GEN 100 time 1602294584
0.0018266509095459789
0.0012047528586886414
0.0017514928819395612
0.002243952909469877
GEN 101 time 1602294596
0.0018266509095459789
0.0012047528586886414
0.0017514928819395612
0.002243952909469877
GEN 102 time 1602294608
0.0018266509095459789
0.0012047528586886414
0.0017514928819395612
0.002243952909469877
GEN 103 time 1602294619
0.0018266509095459789
0.0012047528586886414
0.0017514928819395612
0.002243952909469877
GEN 104 time 1602294631
0.0018266509095459789
0.0012047528586886414
0.0017514928819395612
0.002243952909469877
GEN 105 time 1602294642
0.0018266509095459789
0.0012047528586886414
0.0017514928819395612
0.002243952909469877
GEN 106 time 1602294654
0.0018266509095459789
0.0012047528586886414
0.0017514928819395612
0.002243952909469877
GEN 107 time 1602294666
0.0018266509095459789
0.0012047528586886414
0.0017514928819395612
0.002243952909469877
GEN 108 time 1602294678
0.0018266509095459789
0.0012047528586886414
0.0017514928819395612
0.002243952909469877
GEN 109 time 1602294689
0.0018266509095459789
0.0012047528586886414
0.0017514928819395612
0.002243952909469877
GEN 110 time 1602294701
0.0018266509095459789
0.0012047528586886414
0.0017514928819395612
0.002243952909469877
GEN 111 time 1602294713
0.0018266509095459789
0.0012047528586886414
0.0017514928819395612
0.002243952909469877
GEN 112 time 1602294725
0.0018266509095459789
0.0012047528586886414
0.0017514928819395612
0.002243952909469877
GEN 113 time 1602294736
0.0018266509095459789
0.0012047528586886414
0.0017514928819395612
0.002243952909469877
GEN 114 time 1602294748
0.0018266509095459789
0.0012047528586886414
0.0017514928819395612
0.002243952909469877
GEN 115 time 1602294760
0.0018266509095459789
0.0012047528586886414
0.0017514928819395612
0.002243952909469877
GEN 116 time 1602294772
0.0018266509095459789
0.0012047528586886414
0.0017514928819395612
0.002243952909469877
GEN 117 time 1602294784
0.0018266509095459789
0.0012047528586886414
0.0017514928819395612
0.002243952909469877
GEN 118 time 1602294796
0.0018266509095459789
0.0012047528586886414
0.0017514928819395612
0.0020904290733742828
GEN 119 time 1602294807
0.0018266509095459789
0.0012047528586886414
0.0017514928819395612
0.0020904290733742828
GEN 120 time 1602294819
0.0018266509095459789
0.0012047528586886414
0.0017514928819395612
0.0020904290733742828
GEN 121 time 1602294830
0.0018266509095459789
0.0012047528586886414
0.0017514928819395612
0.0020904290733742828
GEN 122 time 1602294842
0.0018266509095459789
0.0012047528586886414
0.0017514928819395612
0.0020904290733742828
GEN 123 time 1602294853
0.0018266509095459789
0.0012047528586886414
0.0017514928819395612
0.0020904290733742828
GEN 124 time 1602294865
0.0018266509095459789
0.0012047528586886414
0.0017514928819395612
0.0020904290733742828
GEN 125 time 1602294877
0.0018266509095459789
0.0012047528586886414
0.0017514928819395612
0.0020904290733742828
GEN 126 time 1602294888
0.0018266509095459789
0.0012047528586886414
0.0017514928819395612
0.0020904290733742828
GEN 127 time 1602294900
0.0018266509095459789
0.0012047528586886414
0.0017514928819395612
0.0020904290733742828
GEN 128 time 1602294912
0.0018266509095459789
0.0012047528586886414
0.0017514928819395612
0.0020904290733742828
GEN 129 time 1602294923
0.0018266509095459789
0.0012047528586886414
0.0017514928819395612
0.0020904290733742828
GEN 130 time 1602294935
0.0018266509095459789
0.0012047528586886414
0.0017514928819395612
0.0020904290733742828
GEN 131 time 1602294947
0.0018266509095459789
0.0012047528586886414
0.0017514928819395612
0.0020904290733742828
GEN 132 time 1602294958
0.0018266509095459789
0.0012047528586886414
0.0017514928819395612
0.0020904290733742828
GEN 133 time 1602294970
0.0018266509095459789
0.0012047528586886414
0.0017514928819395612
0.0020904290733742828
GEN 134 time 1602294981
0.0018266509095459789
0.0012047528586886414
0.0017514928819395612
0.0020904290733742828
GEN 135 time 1602294993
0.0018266509095459789
0.0012047528586886414
0.0017514928819395612
0.0020904290733742828
GEN 136 time 1602295004
0.0018266509095459789
0.0012047528586886414
0.0017514928819395612
0.0020904290733742828
GEN 137 time 1602295016
0.0018266509095459789
0.0012047528586886414
0.0017514928819395612
0.0020904290733742828
GEN 138 time 1602295027
0.0018266509095459789
0.0012047528586886414
0.0017514928819395612
0.0020904290733742828
GEN 139 time 1602295039
0.0018266509095459789
0.0012047528586886414
0.0017514928819395612
0.0020904290733742828
GEN 140 time 1602295050
0.0018266509095459789
0.001197283056485359
0.0017514928819395612
0.0020904290733742828
GEN 141 time 1602295061
0.0018266509095459789
0.001197283056485359
0.0017514928819395612
0.0020904290733742828
GEN 142 time 1602295072
0.0018266509095459789
0.001197283056485359
0.0017514928819395612
0.0020904290733742828
GEN 143 time 1602295084
0.0018266509095459789
0.001197283056485359
0.0017514928819395612
0.0020904290733742828
GEN 144 time 1602295095
0.0018266509095459789
0.001197283056485359
0.0017514928819395612
0.0020904290733742828
GEN 145 time 1602295106
0.0018266509095459789
0.001197283056485359
0.0017514928819395612
0.0020904290733742828
GEN 146 time 1602295117
0.0018266509095459789
0.001197283056485359
0.0017514928819395612
0.0020904290733742828
GEN 147 time 1602295128
0.0018266509095459789
0.001197283056485359
0.0017514928819395612
0.0020904290733742828
GEN 148 time 1602295139
0.0018266509095459789
0.001197283056485359
0.0017514928819395612
0.0020904290733742828
GEN 149 time 1602295150
0.0018266509095459789
0.001197283056485359
0.0017514928819395612
0.0020904290733742828
GEN 150 time 1602295162
0.0018266509095459789
0.001197283056485359
0.0017514928819395612
0.0020904290733742828
GEN 151 time 1602295173
0.0018266509095459789
0.001197283056485359
0.0017514928819395612
0.0020904290733742828
GEN 152 time 1602295184
0.0018266509095459789
0.001197283056485359
0.0017514928819395612
0.0020904290733742828
GEN 153 time 1602295195
0.0018266509095459789
0.001197283056485359
0.0017514928819395612
0.0020904290733742828
GEN 154 time 1602295206
0.0018266509095459789
0.001197283056485359
0.0017514928819395612
0.0020904290733742828
GEN 155 time 1602295217
0.0018266509095459789
0.001197283056485359
0.0017514928819395612
0.0020904290733742828
GEN 156 time 1602295228
0.0018266509095459789
0.001197283056485359
0.0017514928819395612
0.0020904290733742828
GEN 157 time 1602295239
0.0018266509095459789
0.001197283056485359
0.0017514928819395612
0.0020904290733742828
GEN 158 time 1602295250
0.0018266509095459789
0.001197283056485359
0.0017514928819395612
0.0020822842165842846
GEN 159 time 1602295262
0.0018266509095459789
0.001197283056485359
0.0017514928819395612
0.0020822842165842846
GEN 160 time 1602295273
0.0018266509095459789
0.001197283056485359
0.0017514928819395612
0.0020822842165842846
GEN 161 time 1602295285
0.0018266509095459789
0.001197283056485359
0.0017514928819395612
0.0020822842165842846
GEN 162 time 1602295297
0.0018266509095459789
0.001197283056485359
0.0017514928819395612
0.0020822842165842846
GEN 163 time 1602295308
0.0018266509095459789
0.001197283056485359
0.0017514928819395612
0.0020822842165842846
GEN 164 time 1602295320
0.0018266509095459789
0.001197283056485359
0.0017514928819395612
0.0020822842165842846
GEN 165 time 1602295333
0.0018266509095459789
0.001197283056485359
0.0017514928819395612
0.0020822842165842846
GEN 166 time 1602295345
0.0018266509095459789
0.001197283056485359
0.0017514928819395612
0.0020822842165842846
GEN 167 time 1602295357
0.0018266509095459789
0.001197283056485359
0.0017514928819395612
0.0020822842165842846
GEN 168 time 1602295369
0.0018266509095459789
0.001197283056485359
0.0017514928819395612
0.0020822842165842846
GEN 169 time 1602295381
0.0018266509095459789
0.001197283056485359
0.0017514928819395612
0.0020822842165842846
GEN 170 time 1602295393
0.0018266509095459789
0.001197283056485359
0.0017514928819395612
0.0020822842165842846
GEN 171 time 1602295405
0.0018266509095459789
0.001197283056485359
0.0017514928819395612
0.0020822842165842846
GEN 172 time 1602295417
0.0018266509095459789
0.001197283056485359
0.0017514928819395612
0.0020822842165842846
GEN 173 time 1602295429
0.0018266509095459789
0.001197283056485359
0.0017514928819395612
0.0020822842165842846
GEN 174 time 1602295441
0.0018266509095459789
0.001197283056485359
0.0017514928819395612
0.0020822842165842846
GEN 175 time 1602295453
0.0018266509095459789
0.001197283056485359
0.0017514928819395612
0.0020822842165842846
GEN 176 time 1602295464
0.0018266509095459789
0.001197283056485359
0.0017514928819395612
0.0020822842165842846
GEN 177 time 1602295476
0.0018266509095459789
0.001197283056485359
0.0017514928819395612
0.0020822842165842846
GEN 178 time 1602295488
0.0018266509095459789
0.001197283056485359
0.0017514928819395612
0.0020822842165842846
GEN 179 time 1602295499
0.0018266509095459789
0.001197283056485359
0.0017514928819395612
0.0020822842165842846
GEN 180 time 1602295511
0.0018266509095459789
0.001197283056485359
0.0017514928819395612
0.0020822842165842846
GEN 181 time 1602295523
0.0018266509095459789
0.0011921567546161413
0.0017514928819395612
0.0020822842165842846
GEN 182 time 1602295534
0.0018266509095459789
0.0011921567546161413
0.0017514928819395612
0.0020822842165842846
GEN 183 time 1602295546
0.0018266509095459789
0.0011921567546161413
0.0017514928819395612
0.0020822842165842846
GEN 184 time 1602295557
0.0018266509095459789
0.0011921567546161413
0.0017514928819395612
0.0020822842165842846
GEN 185 time 1602295569
0.0018266509095459789
0.0011921567546161413
0.0017514928819395612
0.0020822842165842846
GEN 186 time 1602295580
0.0018266509095459789
0.0011921567546161413
0.0017514928819395612
0.0020822842165842846
GEN 187 time 1602295592
0.0018266509095459789
0.0011921567546161413
0.0017514928819395612
0.0020822842165842846
GEN 188 time 1602295603
0.0018266509095459789
0.0011921567546161413
0.0017514928819395612
0.0020822842165842846
GEN 189 time 1602295615
0.0018266509095459789
0.0011921567546161413
0.0017514928819395612
0.0020822842165842846
GEN 190 time 1602295627
0.0018266509095459789
0.0011921567546161413
0.0017514928819395612
0.0018932088763364263
GEN 191 time 1602295638
0.0018266509095459789
0.0011921567546161413
0.0017514928819395612
0.0018932088763364263
GEN 192 time 1602295650
0.0018266509095459789
0.0011921567546161413
0.0017514928819395612
0.0018932088763364263
GEN 193 time 1602295661
0.0018266509095459789
0.0011921567546161413
0.0017514928819395612
0.0018932088763364263
GEN 194 time 1602295673
0.0018266509095459789
0.0011921567546161413
0.0017514928819395612
0.0018932088763364263
GEN 195 time 1602295684
0.0018266509095459789
0.0011921567546161413
0.0017514928819395612
0.0018932088763364263
GEN 196 time 1602295696
0.0018266509095459789
0.0011921567546161413
0.0017514928819395612
0.0018932088763364263
GEN 197 time 1602295708
0.0018266509095459789
0.0011921567546161413
0.0017514928819395612
0.0018932088763364263
GEN 198 time 1602295719
0.0018266509095459789
0.0011921567546161413
0.0017514928819395612
0.0018932088763364263
GEN 199 time 1602295731
0.0018266509095459789
0.0011921567546161413
0.0017514928819395612
0.0018932088763364263
