['./data/small/layer/uu-dem7_r25_1.json', './data/small/hop/uu-dem7_r25_1_0.json', './data/small/hop/uu-dem3_r25_1_0.json', './data/small/hop/uu-dem2_r25_1_0.json']
GEN 0 time 1617249816
0.0023368348238357903
0.0010945517844945856
0.0014104507934052323
0.0012298109806888398
GEN 1 time 1617249818
0.0023368348238357903
0.0010945517844945856
0.0013410242409077383
0.001094062314751821
GEN 2 time 1617249819
0.0023368348238357903
0.0010945517844945856
0.0012368935592772582
0.0010749504427030746
GEN 3 time 1617249820
0.0023368348238357903
0.0010945517844945856
0.0012368935592772582
0.0010749504427030746
GEN 4 time 1617249822
0.0023368348238357903
0.0010918947890586797
0.0012024354484566511
0.0010749504427030746
GEN 5 time 1617249823
0.0023368348238357903
0.0010918947890586797
0.0012024354484566511
0.001051589797870608
GEN 6 time 1617249824
0.0023368348238357903
0.0010890643794079613
0.0010650989270035887
0.0010150497012292909
GEN 7 time 1617249826
0.0023368348238357903
0.0010890643794079613
0.0010650989270035887
0.0010150497012292909
GEN 8 time 1617249827
0.0023368348238357903
0.0010890643794079613
0.0010650989270035887
0.0010150497012292909
GEN 9 time 1617249828
0.0023368348238357903
0.0010498282624608717
0.0010650989270035887
0.0010150497012292909
GEN 10 time 1617249829
0.0023368348238357903
0.0010479540669409999
0.0010650989270035887
0.0010150497012292909
GEN 11 time 1617249831
0.0023368348238357903
0.0010479540669409999
0.0010650989270035887
0.0010150497012292909
GEN 12 time 1617249832
0.0023368348238357903
0.0010479540669409999
0.0010644739074211712
0.0010150497012292909
GEN 13 time 1617249833
0.0023368348238357903
0.0010479540669409999
0.0010644739074211712
0.0010150497012292909
GEN 14 time 1617249835
0.0023368348238357903
0.0010479540669409999
0.0010644739074211712
0.0010150497012292909
GEN 15 time 1617249836
0.0023368348238357903
0.0010479540669409999
0.0010644739074211712
0.001011159072528193
GEN 16 time 1617249837
0.0023368348238357903
0.0010479540669409999
0.0010644739074211712
0.001011159072528193
GEN 17 time 1617249839
0.0023368348238357903
0.0010479540669409999
0.0010644739074211712
0.001011159072528193
GEN 18 time 1617249840
0.0023368348238357903
0.0010479540669409999
0.0010644739074211712
0.001011159072528193
GEN 19 time 1617249841
0.0023368348238357903
0.0010479540669409999
0.0010462621930138506
0.0010099981192472234
GEN 20 time 1617249843
0.0023368348238357903
0.0010479540669409999
0.0010462621930138506
0.0010099981192472234
GEN 21 time 1617249844
0.0023368348238357903
0.0010479540669409999
0.0010462621930138506
0.0010099981192472234
GEN 22 time 1617249845
0.0023368348238357903
0.0010479540669409999
0.0010462621930138506
0.0010099981192472234
GEN 23 time 1617249847
0.0023368348238357903
0.0010479540669409999
0.0010462621930138506
0.000964573619750381
GEN 24 time 1617249848
0.0023368348238357903
0.0010479540669409999
0.0010462621930138506
0.000964573619750381
GEN 25 time 1617249849
0.0023368348238357903
0.0010479540669409999
0.0010462621930138506
0.0008594332306824364
GEN 26 time 1617249851
0.0023368348238357903
0.0010479540669409999
0.0010024154484566511
0.0008594332306824364
GEN 27 time 1617249852
0.0023368348238357903
0.0010479540669409999
0.0010024154484566511
0.0008594332306824364
GEN 28 time 1617249853
0.0023368348238357903
0.0010479540669409999
0.0010024154484566511
0.0008501784245967476
GEN 29 time 1617249855
0.0023368348238357903
0.0010479540669409999
0.0010024154484566511
0.0008501784245967476
GEN 30 time 1617249856
0.0023368348238357903
0.0010479540669409999
0.0010024154484566511
0.0008501784245967476
GEN 31 time 1617249858
0.0023368348238357903
0.0010479540669409999
0.0010024154484566511
0.0008501784245967476
GEN 32 time 1617249859
0.0023368348238357903
0.0010479540669409999
0.0010024154484566511
0.0008501784245967476
GEN 33 time 1617249860
0.0023368348238357903
0.0010479540669409999
0.0010024154484566511
0.0008501784245967476
GEN 34 time 1617249862
0.0023368348238357903
0.0010479540669409999
0.0010024154484566511
0.0008501784245967476
GEN 35 time 1617249863
0.0023368348238357903
0.0010479540669409999
0.0010024154484566511
0.0008501784245967476
GEN 36 time 1617249864
0.0023368348238357903
0.0010479540669409999
0.0010024154484566511
0.0008501784245967476
GEN 37 time 1617249866
0.0023368348238357903
0.0010479540669409999
0.0010024154484566511
0.0008501784245967476
GEN 38 time 1617249867
0.0023368348238357903
0.0010479540669409999
0.0010024154484566511
0.0008501784245967476
GEN 39 time 1617249868
0.0023368348238357903
0.0010479540669409999
0.0010024154484566511
0.0008501784245967476
GEN 40 time 1617249870
0.0023368348238357903
0.0010479540669409999
0.0010024154484566511
0.0008501784245967476
GEN 41 time 1617249871
0.0023368348238357903
0.0010479540669409999
0.0010024154484566511
0.0008501784245967476
GEN 42 time 1617249872
0.0023368348238357903
0.0010479540669409999
0.0010024154484566511
0.0008501784245967476
GEN 43 time 1617249874
0.0023368348238357903
0.0010479540669409999
0.0009771434576621122
0.0008501784245967476
GEN 44 time 1617249875
0.0023368348238357903
0.0010479540669409999
0.0009771434576621122
0.0008501784245967476
GEN 45 time 1617249876
0.0023368348238357903
0.0010479540669409999
0.0009771434576621122
0.0008501784245967476
GEN 46 time 1617249878
0.0023368348238357903
0.0010479540669409999
0.0009771434576621122
0.0008429186637821657
GEN 47 time 1617249879
0.0023368348238357903
0.0010479540669409999
0.0009771434576621122
0.0008429186637821657
GEN 48 time 1617249880
0.0023368348238357903
0.0010479540669409999
0.0009771434576621122
0.0008323440943079441
GEN 49 time 1617249882
0.0023368348238357903
0.0010479540669409999
0.0009771434576621122
0.0008323440943079441
GEN 50 time 1617249883
0.0023368348238357903
0.0010479540669409999
0.0009771434576621122
0.0008323440943079441
GEN 51 time 1617249885
0.0023368348238357903
0.0010479540669409999
0.0009771434576621122
0.0008199459959700857
GEN 52 time 1617249886
0.0023368348238357903
0.0010479540669409999
0.0009771434576621122
0.0008144122002178884
GEN 53 time 1617249888
0.0023368348238357903
0.0010479540669409999
0.0009771434576621122
0.0008144122002178884
GEN 54 time 1617249889
0.0023368348238357903
0.0010479540669409999
0.0009771434576621122
0.0008144122002178884
GEN 55 time 1617249890
0.0023368348238357903
0.0010479540669409999
0.0009771434576621122
0.0008144122002178884
GEN 56 time 1617249892
0.0023368348238357903
0.0010479540669409999
0.0009771434576621122
0.0008144122002178884
GEN 57 time 1617249893
0.0023368348238357903
0.0010479540669409999
0.0009771434576621122
0.0008144122002178884
GEN 58 time 1617249894
0.0023368348238357903
0.0010479540669409999
0.0009771434576621122
0.0008144122002178884
GEN 59 time 1617249895
0.0023368348238357903
0.0010479540669409999
0.0009771434576621122
0.0008144122002178884
GEN 60 time 1617249897
0.0023368348238357903
0.0010479540669409999
0.0009771434576621122
0.0008144122002178884
GEN 61 time 1617249898
0.0023368348238357903
0.0010479540669409999
0.0009771434576621122
0.0008144122002178884
GEN 62 time 1617249900
0.0023368348238357903
0.0010479540669409999
0.0009771434576621122
0.0008144122002178884
GEN 63 time 1617249901
0.0023368348238357903
0.0010479540669409999
0.0009383086390447083
0.0008144122002178884
GEN 64 time 1617249902
0.0023368348238357903
0.0010479540669409999
0.0009383086390447083
0.0008144122002178884
GEN 65 time 1617249904
0.0023368348238357903
0.0010479540669409999
0.0009383086390447083
0.0008144122002178884
GEN 66 time 1617249905
0.0023368348238357903
0.0010479540669409999
0.0009244820071741493
0.0008144122002178884
GEN 67 time 1617249907
0.0023368348238357903
0.0010479540669409999
0.0009244820071741493
0.0008144122002178884
GEN 68 time 1617249908
0.0023368348238357903
0.0010479540669409999
0.0009244820071741493
0.0008144122002178884
GEN 69 time 1617249909
0.0023368348238357903
0.0010479540669409999
0.0009244820071741493
0.0008144122002178884
GEN 70 time 1617249911
0.0023368348238357903
0.0010479540669409999
0.0009244820071741493
0.0008144122002178884
GEN 71 time 1617249912
0.0023368348238357903
0.0010479540669409999
0.0009244820071741493
0.0008144122002178884
GEN 72 time 1617249914
0.0023368348238357903
0.0010479540669409999
0.0009244820071741493
0.0008144122002178884
GEN 73 time 1617249915
0.0023368348238357903
0.0010479540669409999
0.0009244820071741493
0.0008144122002178884
GEN 74 time 1617249916
0.0023368348238357903
0.0010479540669409999
0.0009244820071741493
0.0008144122002178884
GEN 75 time 1617249918
0.0023368348238357903
0.0010479540669409999
0.0009244820071741493
0.0008144122002178884
GEN 76 time 1617249919
0.0023368348238357903
0.0010479540669409999
0.0009244820071741493
0.0008144122002178884
GEN 77 time 1617249920
0.0023368348238357903
0.0010479540669409999
0.0009244820071741493
0.0008144122002178884
GEN 78 time 1617249922
0.0023368348238357903
0.0010479540669409999
0.0009244820071741493
0.0008144122002178884
GEN 79 time 1617249923
0.0023368348238357903
0.0010479540669409999
0.0009244820071741493
0.0008144122002178884
GEN 80 time 1617249924
0.0023368348238357903
0.0010479540669409999
0.0009244820071741493
0.0008144122002178884
GEN 81 time 1617249926
0.0023368348238357903
0.0010479540669409999
0.0009244820071741493
0.0008144122002178884
GEN 82 time 1617249927
0.0023368348238357903
0.0010479540669409999
0.0009244820071741493
0.0008144122002178884
GEN 83 time 1617249928
0.0023368348238357903
0.0010479540669409999
0.0009244820071741493
0.0008144122002178884
GEN 84 time 1617249930
0.0023368348238357903
0.0010479540669409999
0.0009244820071741493
0.0008144122002178884
GEN 85 time 1617249931
0.0023368348238357903
0.0010479540669409999
0.0009244820071741493
0.0008144122002178884
GEN 86 time 1617249932
0.0023368348238357903
0.0010479540669409999
0.0009244820071741493
0.0008144122002178884
GEN 87 time 1617249934
0.0023368348238357903
0.0010479540669409999
0.0009244820071741493
0.0008144122002178884
GEN 88 time 1617249935
0.0023368348238357903
0.0010479540669409999
0.0009244820071741493
0.0008144122002178884
GEN 89 time 1617249936
0.0023368348238357903
0.0010479540669409999
0.0009244820071741493
0.0008144122002178884
GEN 90 time 1617249938
0.0023368348238357903
0.0010479540669409999
0.0009244820071741493
0.0008144122002178884
GEN 91 time 1617249939
0.0023368348238357903
0.0010479540669409999
0.0009244820071741493
0.0008144122002178884
GEN 92 time 1617249940
0.0023368348238357903
0.0010479540669409999
0.0009244820071741493
0.0008144122002178884
GEN 93 time 1617249942
0.0023368348238357903
0.0010479540669409999
0.0009244820071741493
0.0008144122002178884
GEN 94 time 1617249943
0.0023368348238357903
0.0010479540669409999
0.0009244820071741493
0.0008144122002178884
GEN 95 time 1617249944
0.0023368348238357903
0.0010479540669409999
0.0009244820071741493
0.0008144122002178884
GEN 96 time 1617249946
0.0023368348238357903
0.0010479540669409999
0.0009244820071741493
0.0008144122002178884
GEN 97 time 1617249947
0.0023368348238357903
0.0010479540669409999
0.0009244820071741493
0.0008144122002178884
GEN 98 time 1617249948
0.0023368348238357903
0.0010479540669409999
0.0009244820071741493
0.0008144122002178884
GEN 99 time 1617249950
0.0023368348238357903
0.0010479540669409999
0.0009244820071741493
0.0008144122002178884
GEN 100 time 1617249951
0.0023368348238357903
0.0010479540669409999
0.0009244820071741493
0.0008144122002178884
GEN 101 time 1617249953
0.0023368348238357903
0.0010479540669409999
0.0009244820071741493
0.0008144122002178884
GEN 102 time 1617249954
0.0023368348238357903
0.0010479540669409999
0.0009244820071741493
0.0008144122002178884
GEN 103 time 1617249955
0.0023368348238357903
0.0010479540669409999
0.0009244820071741493
0.0008144122002178884
GEN 104 time 1617249957
0.0023368348238357903
0.0010479540669409999
0.0009244820071741493
0.0008144122002178884
GEN 105 time 1617249958
0.0023368348238357903
0.0010479540669409999
0.0009244820071741493
0.0008144122002178884
GEN 106 time 1617249960
0.0023368348238357903
0.0010479540669409999
0.0009244820071741493
0.0008144122002178884
GEN 107 time 1617249961
0.0023368348238357903
0.0010479540669409999
0.0009244820071741493
0.0008144122002178884
GEN 108 time 1617249962
0.0023368348238357903
0.0010479540669409999
0.0009244820071741493
0.0008144122002178884
GEN 109 time 1617249964
0.0023368348238357903
0.0010479540669409999
0.0009244820071741493
0.0008144122002178884
GEN 110 time 1617249965
0.0023368348238357903
0.0010479540669409999
0.0009244820071741493
0.0008144122002178884
GEN 111 time 1617249966
0.0023368348238357903
0.0010479540669409999
0.0009244820071741493
0.0008144122002178884
GEN 112 time 1617249968
0.0023368348238357903
0.0010479540669409999
0.0009244820071741493
0.0008144122002178884
GEN 113 time 1617249969
0.0023368348238357903
0.0010479540669409999
0.0009244820071741493
0.0008144122002178884
GEN 114 time 1617249970
0.0023368348238357903
0.0010479540669409999
0.0009244820071741493
0.0008144122002178884
GEN 115 time 1617249972
0.0023368348238357903
0.0010479540669409999
0.0009244820071741493
0.0008144122002178884
GEN 116 time 1617249973
0.0023368348238357903
0.0010479540669409999
0.0009244820071741493
0.0008144122002178884
GEN 117 time 1617249974
0.0023368348238357903
0.0010479540669409999
0.0009244820071741493
0.0008144122002178884
GEN 118 time 1617249975
0.0023368348238357903
0.0010479540669409999
0.0009244820071741493
0.0008144122002178884
GEN 119 time 1617249977
0.0023368348238357903
0.0010479540669409999
0.0009244820071741493
0.0008144122002178884
GEN 120 time 1617249978
0.0023368348238357903
0.0010479540669409999
0.0009244820071741493
0.0008144122002178884
GEN 121 time 1617249980
0.0023368348238357903
0.0010479540669409999
0.0009244820071741493
0.0008144122002178884
GEN 122 time 1617249981
0.0023368348238357903
0.0010479540669409999
0.0009244820071741493
0.0008144122002178884
GEN 123 time 1617249982
0.0023368348238357903
0.0010479540669409999
0.0009244820071741493
0.0008144122002178884
GEN 124 time 1617249984
0.0023368348238357903
0.0010479540669409999
0.0009244820071741493
0.0008144122002178884
GEN 125 time 1617249985
0.0023368348238357903
0.0010479540669409999
0.0009244820071741493
0.0008144122002178884
GEN 126 time 1617249987
0.0023368348238357903
0.0010479540669409999
0.0009244820071741493
0.0008144122002178884
GEN 127 time 1617249988
0.0023368348238357903
0.0010479540669409999
0.0009244820071741493
0.0008116013363282406
GEN 128 time 1617249989
0.0023368348238357903
0.0010479540669409999
0.0009244820071741493
0.0008116013363282406
GEN 129 time 1617249991
0.0023368348238357903
0.0010479540669409999
0.0009244820071741493
0.0008116013363282406
GEN 130 time 1617249992
0.0023368348238357903
0.0010479540669409999
0.0009244820071741493
0.0008116013363282406
GEN 131 time 1617249994
0.0023368348238357903
0.0010479540669409999
0.0009244820071741493
0.0008116013363282406
GEN 132 time 1617249995
0.0023368348238357903
0.0010479540669409999
0.0009244820071741493
0.0008116013363282406
GEN 133 time 1617249996
0.0023368348238357903
0.0010479540669409999
0.0009244820071741493
0.0008116013363282406
GEN 134 time 1617249998
0.0023368348238357903
0.0010479540669409999
0.0009244820071741493
0.0008116013363282406
GEN 135 time 1617249999
0.0023368348238357903
0.0010479540669409999
0.0009244820071741493
0.0008116013363282406
GEN 136 time 1617250000
0.0023368348238357903
0.0010479540669409999
0.0009244820071741493
0.0008116013363282406
GEN 137 time 1617250002
0.0023368348238357903
0.0010479540669409999
0.0009244820071741493
0.0008116013363282406
GEN 138 time 1617250003
0.0023368348238357903
0.0010479540669409999
0.0009244820071741493
0.0008116013363282406
GEN 139 time 1617250005
0.0023368348238357903
0.0010479540669409999
0.0009244820071741493
0.0008116013363282406
GEN 140 time 1617250006
0.0023368348238357903
0.0010479540669409999
0.0009244820071741493
0.0008116013363282406
GEN 141 time 1617250007
0.0023368348238357903
0.0010479540669409999
0.0009244820071741493
0.0008116013363282406
GEN 142 time 1617250009
0.0023368348238357903
0.0010479540669409999
0.0009244820071741493
0.0008116013363282406
GEN 143 time 1617250010
0.0023368348238357903
0.0010479540669409999
0.0009244820071741493
0.0008116013363282406
GEN 144 time 1617250011
0.0023368348238357903
0.0010479540669409999
0.0009244820071741493
0.0008116013363282406
GEN 145 time 1617250012
0.0023368348238357903
0.0010479540669409999
0.0009244820071741493
0.0008116013363282406
GEN 146 time 1617250014
0.0023368348238357903
0.0010479540669409999
0.0009244820071741493
0.0008116013363282406
GEN 147 time 1617250015
0.0023368348238357903
0.0010479540669409999
0.0009244820071741493
0.0008116013363282406
GEN 148 time 1617250016
0.0023368348238357903
0.0010479540669409999
0.0009244820071741493
0.0008099781192472236
GEN 149 time 1617250018
0.0023368348238357903
0.0010479540669409999
0.0009244820071741493
0.0008099781192472236
GEN 150 time 1617250019
0.0023368348238357903
0.0010479540669409999
0.0009244820071741493
0.0008099781192472236
GEN 151 time 1617250020
0.0023368348238357903
0.0010479540669409999
0.0009244820071741493
0.0008099781192472236
GEN 152 time 1617250022
0.0023368348238357903
0.0010479540669409999
0.0009244820071741493
0.0008099781192472236
GEN 153 time 1617250023
0.0023368348238357903
0.0010479540669409999
0.0009244820071741493
0.0008091843072473527
GEN 154 time 1617250025
0.0023368348238357903
0.0010479540669409999
0.0009244820071741493
0.0008091843072473527
GEN 155 time 1617250026
0.0023368348238357903
0.0010479540669409999
0.0009244820071741493
0.0008091843072473527
GEN 156 time 1617250027
0.0023368348238357903
0.0010479540669409999
0.0009244820071741493
0.0008091843072473527
GEN 157 time 1617250029
0.0023368348238357903
0.0010479540669409999
0.0009244820071741493
0.0008091843072473527
GEN 158 time 1617250030
0.0023368348238357903
0.0010479540669409999
0.0009244820071741493
0.0008091843072473527
GEN 159 time 1617250032
0.0023368348238357903
0.0010479540669409999
0.0009244820071741493
0.0008091843072473527
GEN 160 time 1617250033
0.0023368348238357903
0.0010479540669409999
0.0009244820071741493
0.0008091843072473527
GEN 161 time 1617250034
0.0023368348238357903
0.0010479540669409999
0.0009244820071741493
0.0008091843072473527
GEN 162 time 1617250036
0.0023368348238357903
0.0010479540669409999
0.0009244820071741493
0.0008091843072473527
GEN 163 time 1617250037
0.0023368348238357903
0.0010479540669409999
0.0009244820071741493
0.0008091843072473527
GEN 164 time 1617250038
0.0023368348238357903
0.0010479540669409999
0.0009244820071741493
0.0008079136949708876
GEN 165 time 1617250040
0.0023368348238357903
0.0010479540669409999
0.0009244820071741493
0.0008079136949708876
GEN 166 time 1617250041
0.0023368348238357903
0.0010479540669409999
0.0009244820071741493
0.0008079136949708876
GEN 167 time 1617250042
0.0023368348238357903
0.0010479540669409999
0.0009244820071741493
0.0008079136949708876
GEN 168 time 1617250044
0.0023368348238357903
0.0010479540669409999
0.0009244820071741493
0.0008079136949708876
GEN 169 time 1617250045
0.0023368348238357903
0.0010479540669409999
0.0009244820071741493
0.0008079136949708876
GEN 170 time 1617250046
0.0023368348238357903
0.0010479540669409999
0.0009244820071741493
0.0008079136949708876
GEN 171 time 1617250048
0.0023368348238357903
0.0010479540669409999
0.0009244820071741493
0.0008079136949708876
GEN 172 time 1617250049
0.0023368348238357903
0.0010479540669409999
0.0009244820071741493
0.0008079136949708876
GEN 173 time 1617250050
0.0023368348238357903
0.0010479540669409999
0.0009244820071741493
0.0008079136949708876
GEN 174 time 1617250052
0.0023368348238357903
0.0010479540669409999
0.0009244820071741493
0.0008079136949708876
GEN 175 time 1617250053
0.0023368348238357903
0.0010479540669409999
0.0009244820071741493
0.0008079136949708876
GEN 176 time 1617250055
0.0023368348238357903
0.0010479540669409999
0.0009244820071741493
0.0008079136949708876
GEN 177 time 1617250056
0.0023368348238357903
0.0010479540669409999
0.0009244820071741493
0.0008079136949708876
GEN 178 time 1617250057
0.0023368348238357903
0.0010479540669409999
0.0009244820071741493
0.0008079136949708876
GEN 179 time 1617250059
0.0023368348238357903
0.0010479540669409999
0.0009244820071741493
0.0008079136949708876
GEN 180 time 1617250060
0.0023368348238357903
0.0010479540669409999
0.0009244820071741493
0.0008079136949708876
GEN 181 time 1617250062
0.0023368348238357903
0.0010479540669409999
0.0009244820071741493
0.0008079136949708876
GEN 182 time 1617250063
0.0023368348238357903
0.0010479540669409999
0.0009244820071741493
0.0008079136949708876
GEN 183 time 1617250064
0.0023368348238357903
0.0010479540669409999
0.0009244820071741493
0.0008079136949708876
GEN 184 time 1617250065
0.0023368348238357903
0.0010479540669409999
0.0009244820071741493
0.0008079136949708876
GEN 185 time 1617250067
0.0023368348238357903
0.0010479540669409999
0.0009244820071741493
0.0008079136949708876
GEN 186 time 1617250068
0.0023368348238357903
0.0010479540669409999
0.0009244820071741493
0.0008079136949708876
GEN 187 time 1617250069
0.0023368348238357903
0.0010479540669409999
0.0009244820071741493
0.0008079136949708876
GEN 188 time 1617250071
0.0023368348238357903
0.0010479540669409999
0.0009244820071741493
0.0008079136949708876
GEN 189 time 1617250072
0.0023368348238357903
0.0010479540669409999
0.0009244820071741493
0.0008079136949708876
GEN 190 time 1617250074
0.0023368348238357903
0.0010479540669409999
0.0009244820071741493
0.0008079136949708876
GEN 191 time 1617250075
0.0023368348238357903
0.0010479540669409999
0.0009244820071741493
0.0008079136949708876
GEN 192 time 1617250077
0.0023368348238357903
0.0010479540669409999
0.0009244820071741493
0.0008079136949708876
GEN 193 time 1617250078
0.0023368348238357903
0.0010479540669409999
0.0009244820071741493
0.0008079136949708876
GEN 194 time 1617250079
0.0023368348238357903
0.0010479540669409999
0.0009244820071741493
0.0008079136949708876
GEN 195 time 1617250081
0.0023368348238357903
0.0010479540669409999
0.0009244820071741493
0.0008079136949708876
GEN 196 time 1617250082
0.0023368348238357903
0.0010479540669409999
0.0009244820071741493
0.0008079136949708876
GEN 197 time 1617250083
0.0023368348238357903
0.0010479540669409999
0.0009244820071741493
0.0008079136949708876
GEN 198 time 1617250085
0.0023368348238357903
0.0010479540669409999
0.0009244820071741493
0.0008079136949708876
GEN 199 time 1617250086
0.0023368348238357903
0.0010479540669409999
0.0009244820071741493
0.0008079136949708876
