['./data/small/layer/uu-dem4_r25_1.json', './data/small/hop/uu-dem6_r25_1_0.json', './data/small/hop/uu-dem1_r25_1_0.json', './data/small/hop/uu-dem2_r25_1_0.json']
GEN 0 time 1599115605
0.0016645867073912172
0.0020993512720018626
0.002136577729022575
0.0019466412217319755
GEN 1 time 1599115606
0.0016645867073912172
0.0020993512720018626
0.002136577729022575
0.0019466412217319755
GEN 2 time 1599115609
0.0016645867073912172
0.0020455969942626082
0.0018258325586420472
0.0017691868291415903
GEN 3 time 1599115611
0.0016645867073912172
0.0020455969942626082
0.0018258325586420472
0.0017691868291415903
GEN 4 time 1599115613
0.0015457841884200319
0.0019348103902342498
0.0018258325586420472
0.0017691868291415903
GEN 5 time 1599115616
0.0015457841884200319
0.0019348103902342498
0.0018258325586420472
0.0017691868291415903
GEN 6 time 1599115618
0.0014584555404298799
0.0019348103902342498
0.0018258325586420472
0.0017691868291415903
GEN 7 time 1599115620
0.0014584555404298799
0.0018725030779699406
0.0018258325586420472
0.0017691868291415903
GEN 8 time 1599115623
0.0014584555404298799
0.0018725030779699406
0.0018258325586420472
0.0017691868291415903
GEN 9 time 1599115625
0.0014584555404298799
0.0018359135024756889
0.0018258325586420472
0.0017691868291415903
GEN 10 time 1599115628
0.0014584555404298799
0.0016945552450147818
0.0018258325586420472
0.0017691868291415903
GEN 11 time 1599115630
0.0014584555404298799
0.0016945552450147818
0.0018258325586420472
0.0017691868291415903
GEN 12 time 1599115632
0.0014584555404298799
0.0016945552450147818
0.0018258325586420472
0.0017691868291415903
GEN 13 time 1599115635
0.0014584555404298799
0.0016945552450147818
0.0018258325586420472
0.0017691868291415903
GEN 14 time 1599115637
0.0014584555404298799
0.0016945552450147818
0.0018258325586420472
0.0017691868291415903
GEN 15 time 1599115640
0.0014584555404298799
0.0016945552450147818
0.0018258325586420472
0.0017691868291415903
GEN 16 time 1599115642
0.0014584555404298799
0.0016945552450147818
0.0018258325586420472
0.0017691868291415903
GEN 17 time 1599115644
0.0014584555404298799
0.0016945552450147818
0.0018258325586420472
0.0017691868291415903
GEN 18 time 1599115647
0.0014584555404298799
0.0016945552450147818
0.0018258325586420472
0.0017691868291415903
GEN 19 time 1599115649
0.0014584555404298799
0.0016945552450147818
0.0017799631924229663
0.0017408741433618492
GEN 20 time 1599115651
0.0014584555404298799
0.0016945552450147818
0.0017799631924229663
0.0017408741433618492
GEN 21 time 1599115654
0.0014584555404298799
0.0016945552450147818
0.0017799631924229663
0.0017408741433618492
GEN 22 time 1599115656
0.0014584555404298799
0.0016945552450147818
0.0017799631924229663
0.0017408741433618492
GEN 23 time 1599115658
0.0014584555404298799
0.0016945552450147818
0.0017799631924229663
0.0017408741433618492
GEN 24 time 1599115661
0.0014584555404298799
0.0016945552450147818
0.0017799631924229663
0.0017408741433618492
GEN 25 time 1599115663
0.0014584555404298799
0.0016945552450147818
0.0017799631924229663
0.0017408741433618492
GEN 26 time 1599115665
0.0014584555404298799
0.0016945552450147818
0.0017799631924229663
0.0017408741433618492
GEN 27 time 1599115668
0.0014584555404298799
0.0016945552450147818
0.0017799631924229663
0.0017408741433618492
GEN 28 time 1599115670
0.0014584555404298799
0.0016945552450147818
0.0017799631924229663
0.0017408741433618492
GEN 29 time 1599115672
0.0014584555404298799
0.0016945552450147818
0.0017799631924229663
0.0017408741433618492
GEN 30 time 1599115675
0.0014584555404298799
0.0016945552450147818
0.0017799631924229663
0.0017408741433618492
GEN 31 time 1599115677
0.0014584555404298799
0.0016945552450147818
0.0017799631924229663
0.001654364693706192
GEN 32 time 1599115679
0.0014584555404298799
0.0016945552450147818
0.0017799631924229663
0.001654364693706192
GEN 33 time 1599115682
0.0014584555404298799
0.0016945552450147818
0.0017799631924229663
0.001654364693706192
GEN 34 time 1599115684
0.0014584555404298799
0.0016945552450147818
0.0017799631924229663
0.001654364693706192
GEN 35 time 1599115686
0.0014584555404298799
0.0016945552450147818
0.0017799631924229663
0.001654364693706192
GEN 36 time 1599115689
0.0014584555404298799
0.0016617188099606666
0.0017799631924229663
0.001654364693706192
GEN 37 time 1599115691
0.0014584555404298799
0.0016617188099606666
0.0017799631924229663
0.001654364693706192
GEN 38 time 1599115694
0.0014584555404298799
0.0016617188099606666
0.0017799631924229663
0.001654364693706192
GEN 39 time 1599115696
0.0014584555404298799
0.0016617188099606666
0.001688114300585161
0.001654364693706192
GEN 40 time 1599115699
0.0014584555404298799
0.0016617188099606666
0.001688114300585161
0.001654364693706192
GEN 41 time 1599115701
0.0014584555404298799
0.0016617188099606666
0.001688114300585161
0.001654364693706192
GEN 42 time 1599115703
0.0014584555404298799
0.0016617188099606666
0.001688114300585161
0.001654364693706192
GEN 43 time 1599115706
0.0014584555404298799
0.0016617188099606666
0.001688114300585161
0.001654364693706192
GEN 44 time 1599115708
0.0014584555404298799
0.0016617188099606666
0.001688114300585161
0.001654364693706192
GEN 45 time 1599115710
0.0014584555404298799
0.0016617188099606666
0.001688114300585161
0.001654364693706192
GEN 46 time 1599115712
0.0014584555404298799
0.0016617188099606666
0.001688114300585161
0.001654364693706192
GEN 47 time 1599115715
0.0014584555404298799
0.0016617188099606666
0.0016497286318407126
0.001654364693706192
GEN 48 time 1599115717
0.0014584555404298799
0.0016617188099606666
0.0016497286318407126
0.001654364693706192
GEN 49 time 1599115719
0.0014584555404298799
0.0016617188099606666
0.0016497286318407126
0.001654364693706192
GEN 50 time 1599115722
0.0014584555404298799
0.0016617188099606666
0.0016497286318407126
0.001654364693706192
GEN 51 time 1599115724
0.0014584555404298799
0.0016617188099606666
0.0016497286318407126
0.001654364693706192
GEN 52 time 1599115726
0.0014584555404298799
0.0016617188099606666
0.0016497286318407126
0.0016464362797863814
GEN 53 time 1599115729
0.0014584555404298799
0.0016617188099606666
0.0016497286318407126
0.0016464362797863814
GEN 54 time 1599115731
0.0014584555404298799
0.0016617188099606666
0.0016497286318407126
0.0016464362797863814
GEN 55 time 1599115733
0.0014584555404298799
0.0016617188099606666
0.0016497286318407126
0.0016464362797863814
GEN 56 time 1599115736
0.0014584555404298799
0.0016617188099606666
0.0016497286318407126
0.0016464362797863814
GEN 57 time 1599115738
0.0014584555404298799
0.0016617188099606666
0.0016497286318407126
0.0016464362797863814
GEN 58 time 1599115740
0.0014584555404298799
0.0016617188099606666
0.0016497286318407126
0.0016464362797863814
GEN 59 time 1599115742
0.0014584555404298799
0.0016617188099606666
0.0016497286318407126
0.0016464362797863814
GEN 60 time 1599115745
0.0014584555404298799
0.0016617188099606666
0.0016497286318407126
0.0016464362797863814
GEN 61 time 1599115747
0.0014584555404298799
0.0016617188099606666
0.0016497286318407126
0.001454344693706192
GEN 62 time 1599115749
0.0014584555404298799
0.0016617188099606666
0.0016497286318407126
0.001454344693706192
GEN 63 time 1599115752
0.0014584555404298799
0.0016617188099606666
0.0016497286318407126
0.001454344693706192
GEN 64 time 1599115754
0.0014584555404298799
0.0016617188099606666
0.0016497286318407126
0.001454344693706192
GEN 65 time 1599115756
0.0014584555404298799
0.0016617188099606666
0.0016286305177736558
0.001454344693706192
GEN 66 time 1599115759
0.0014584555404298799
0.0016617188099606666
0.0016286305177736558
0.001454344693706192
GEN 67 time 1599115761
0.0014584555404298799
0.0016617188099606666
0.0016286305177736558
0.001454344693706192
GEN 68 time 1599115763
0.0014584555404298799
0.0016617188099606666
0.0016286305177736558
0.001454344693706192
GEN 69 time 1599115766
0.0014584555404298799
0.0016617188099606666
0.0016286305177736558
0.001454344693706192
GEN 70 time 1599115768
0.0014584555404298799
0.0016617188099606666
0.0016286305177736558
0.0014510384593196823
GEN 71 time 1599115770
0.0014584555404298799
0.0016617188099606666
0.0016286305177736558
0.0014510384593196823
GEN 72 time 1599115773
0.0014584555404298799
0.0016617188099606666
0.0016286305177736558
0.0014510384593196823
GEN 73 time 1599115775
0.0014584555404298799
0.0016617188099606666
0.0016286305177736558
0.0014510384593196823
GEN 74 time 1599115777
0.0014584555404298799
0.0016617188099606666
0.0016286305177736558
0.0014510384593196823
GEN 75 time 1599115780
0.0014584555404298799
0.0016617188099606666
0.0016286305177736558
0.0014510384593196823
GEN 76 time 1599115782
0.0014584555404298799
0.0016617188099606666
0.0016286305177736558
0.0014510384593196823
GEN 77 time 1599115784
0.0014584555404298799
0.0016617188099606666
0.0016286305177736558
0.0014510384593196823
GEN 78 time 1599115787
0.0014584555404298799
0.0016617188099606666
0.0016286305177736558
0.0014173112620885179
GEN 79 time 1599115789
0.0014584555404298799
0.0016617188099606666
0.0016286305177736558
0.0014173112620885179
GEN 80 time 1599115791
0.0014584555404298799
0.0015016240403536553
0.0016286305177736558
0.0014173112620885179
GEN 81 time 1599115794
0.0014584555404298799
0.0015016240403536553
0.0016286305177736558
0.0014173112620885179
GEN 82 time 1599115796
0.0014584555404298799
0.0015016240403536553
0.0016286305177736558
0.0014173112620885179
GEN 83 time 1599115799
0.0014584555404298799
0.0015016240403536553
0.0016286305177736558
0.0014173112620885179
GEN 84 time 1599115801
0.0014584555404298799
0.0015016240403536553
0.0016286305177736558
0.0014173112620885179
GEN 85 time 1599115803
0.0014584555404298799
0.0015016240403536553
0.0016286305177736558
0.0014173112620885179
GEN 86 time 1599115806
0.0014584555404298799
0.0015016240403536553
0.0016286305177736558
0.0014173112620885179
GEN 87 time 1599115808
0.0014584555404298799
0.0015016240403536553
0.0016286305177736558
0.0014173112620885179
GEN 88 time 1599115810
0.0014584555404298799
0.0015016240403536553
0.0016134903608141027
0.0014173112620885179
GEN 89 time 1599115813
0.0014584555404298799
0.0015016240403536553
0.0016134903608141027
0.0014173112620885179
GEN 90 time 1599115815
0.0014584555404298799
0.0015016240403536553
0.0016134903608141027
0.0014173112620885179
GEN 91 time 1599115817
0.0014584555404298799
0.0015016240403536553
0.0016134903608141027
0.0014173112620885179
GEN 92 time 1599115820
0.0014584555404298799
0.0015016240403536553
0.0016134903608141027
0.0014173112620885179
GEN 93 time 1599115822
0.0014584555404298799
0.0015016240403536553
0.001595386944347259
0.0014173112620885179
GEN 94 time 1599115824
0.0014584555404298799
0.0015016240403536553
0.001595386944347259
0.0014173112620885179
GEN 95 time 1599115827
0.0014584555404298799
0.0015016240403536553
0.001595386944347259
0.0014173112620885179
GEN 96 time 1599115829
0.0014584555404298799
0.0015016240403536553
0.001595386944347259
0.0014173112620885179
GEN 97 time 1599115832
0.0014584555404298799
0.0015016240403536553
0.001595386944347259
0.0014173112620885179
GEN 98 time 1599115834
0.0014584555404298799
0.0015016240403536553
0.001595386944347259
0.0014173112620885179
GEN 99 time 1599115836
0.0014584555404298799
0.0015016240403536553
0.001595386944347259
0.0014173112620885179
GEN 100 time 1599115839
0.0014584555404298799
0.0015016240403536553
0.001595386944347259
0.0014173112620885179
GEN 101 time 1599115841
0.0014584555404298799
0.0015016240403536553
0.001595386944347259
0.0014173112620885179
GEN 102 time 1599115844
0.0014584555404298799
0.0015016240403536553
0.001595386944347259
0.0014173112620885179
GEN 103 time 1599115846
0.0014584555404298799
0.0015016240403536553
0.001595386944347259
0.0014173112620885179
GEN 104 time 1599115849
0.0014584555404298799
0.0015016240403536553
0.001595386944347259
0.0014173112620885179
GEN 105 time 1599115851
0.0014584555404298799
0.0015016240403536553
0.0015595591474461654
0.0014173112620885179
GEN 106 time 1599115853
0.0014584555404298799
0.0015016240403536553
0.0015595591474461654
0.0014173112620885179
GEN 107 time 1599115856
0.0014584555404298799
0.0015016240403536553
0.0015595591474461654
0.0014173112620885179
GEN 108 time 1599115858
0.0014584555404298799
0.0015016240403536553
0.0015595591474461654
0.0014173112620885179
GEN 109 time 1599115861
0.0014584555404298799
0.0015016240403536553
0.0015595591474461654
0.0014173112620885179
GEN 110 time 1599115863
0.0014584555404298799
0.0015016240403536553
0.0015595591474461654
0.0014173112620885179
GEN 111 time 1599115866
0.0014584555404298799
0.0015016240403536553
0.0015595591474461654
0.0014173112620885179
GEN 112 time 1599115868
0.0014584555404298799
0.0015016240403536553
0.0015595591474461654
0.0014173112620885179
GEN 113 time 1599115870
0.0014584555404298799
0.0015016240403536553
0.0015595591474461654
0.0014173112620885179
GEN 114 time 1599115873
0.0014584555404298799
0.0015016240403536553
0.0015595591474461654
0.0014173112620885179
GEN 115 time 1599115875
0.0014584555404298799
0.0015016240403536553
0.0015595591474461654
0.0014173112620885179
GEN 116 time 1599115878
0.0014584555404298799
0.0015016240403536553
0.0015595591474461654
0.0014173112620885179
GEN 117 time 1599115880
0.0014584555404298799
0.0015016240403536553
0.0015595591474461654
0.0014173112620885179
GEN 118 time 1599115882
0.0014584555404298799
0.0015016240403536553
0.0015595591474461654
0.0014173112620885179
GEN 119 time 1599115885
0.0014584555404298799
0.0015016240403536553
0.0015595591474461654
0.0014173112620885179
GEN 120 time 1599115887
0.0014584555404298799
0.0015016240403536553
0.0015595591474461654
0.0014173112620885179
GEN 121 time 1599115890
0.0014584555404298799
0.0015016240403536553
0.0015595591474461654
0.0014173112620885179
GEN 122 time 1599115893
0.0014584555404298799
0.0015016240403536553
0.0015595591474461654
0.0014173112620885179
GEN 123 time 1599115895
0.0014584555404298799
0.0015016240403536553
0.0015595591474461654
0.0014173112620885179
GEN 124 time 1599115897
0.0014584555404298799
0.0015016240403536553
0.0015595591474461654
0.0014173112620885179
GEN 125 time 1599115900
0.0014584555404298799
0.0015016240403536553
0.0015595591474461654
0.0014173112620885179
GEN 126 time 1599115903
0.0014584555404298799
0.0015016240403536553
0.0015595591474461654
0.0014173112620885179
GEN 127 time 1599115905
0.0014584555404298799
0.0015016240403536553
0.0015595591474461654
0.0014173112620885179
GEN 128 time 1599115908
0.0014584555404298799
0.0015016240403536553
0.0015595591474461654
0.0014173112620885179
GEN 129 time 1599115910
0.0014584555404298799
0.0015016240403536553
0.0015595591474461654
0.0014173112620885179
GEN 130 time 1599115913
0.0014584555404298799
0.0015016240403536553
0.0015595591474461654
0.0014173112620885179
GEN 131 time 1599115915
0.0014584555404298799
0.0015016240403536553
0.0015595591474461654
0.0014173112620885179
GEN 132 time 1599115917
0.0014584555404298799
0.0015016240403536553
0.0015595591474461654
0.0014173112620885179
GEN 133 time 1599115920
0.0014584555404298799
0.0015016240403536553
0.0015595591474461654
0.0014173112620885179
GEN 134 time 1599115922
0.0014584555404298799
0.0015016240403536553
0.0015595591474461654
0.0014173112620885179
GEN 135 time 1599115925
0.0014584555404298799
0.0015016240403536553
0.0015595591474461654
0.0014173112620885179
GEN 136 time 1599115927
0.0014584555404298799
0.0015016240403536553
0.0014729226201723507
0.0014173112620885179
GEN 137 time 1599115929
0.0014584555404298799
0.0015016240403536553
0.0014729226201723507
0.0014173112620885179
GEN 138 time 1599115932
0.0014584555404298799
0.0015016240403536553
0.0014729226201723507
0.0014173112620885179
GEN 139 time 1599115935
0.0014584555404298799
0.0015016240403536553
0.0014729226201723507
0.0014173112620885179
GEN 140 time 1599115937
0.0014584555404298799
0.0015016240403536553
0.0014729226201723507
0.0014173112620885179
GEN 141 time 1599115939
0.0014584555404298799
0.0015016240403536553
0.0014729226201723507
0.0014173112620885179
GEN 142 time 1599115942
0.0014584555404298799
0.0015016240403536553
0.0014729226201723507
0.0014173112620885179
GEN 143 time 1599115944
0.0014584555404298799
0.0015016240403536553
0.0014729226201723507
0.0014173112620885179
GEN 144 time 1599115947
0.0014584555404298799
0.0015016240403536553
0.0014729226201723507
0.0014173112620885179
GEN 145 time 1599115950
0.0014584555404298799
0.0015016240403536553
0.0014729226201723507
0.0014173112620885179
GEN 146 time 1599115952
0.0014584555404298799
0.0015016240403536553
0.0014729226201723507
0.0014173112620885179
GEN 147 time 1599115954
0.0014584555404298799
0.0015016240403536553
0.0014729226201723507
0.0014173112620885179
GEN 148 time 1599115957
0.0014584555404298799
0.0015016240403536553
0.0014729226201723507
0.0014173112620885179
GEN 149 time 1599115960
0.0014584555404298799
0.0015016240403536553
0.0014729226201723507
0.0014173112620885179
GEN 150 time 1599115962
0.0014584555404298799
0.0015016240403536553
0.0014729226201723507
0.0014173112620885179
GEN 151 time 1599115965
0.0014584555404298799
0.0015016240403536553
0.0014729226201723507
0.0014173112620885179
GEN 152 time 1599115967
0.0014584555404298799
0.0015016240403536553
0.0014729226201723507
0.0014173112620885179
GEN 153 time 1599115970
0.0014584555404298799
0.0015016240403536553
0.0014729226201723507
0.0014173112620885179
GEN 154 time 1599115972
0.0014584555404298799
0.0015016240403536553
0.0014729226201723507
0.0014173112620885179
GEN 155 time 1599115974
0.0014584555404298799
0.0015016240403536553
0.0014729226201723507
0.0014173112620885179
GEN 156 time 1599115977
0.0014584555404298799
0.0015016240403536553
0.0014729226201723507
0.0014173112620885179
GEN 157 time 1599115979
0.0014584555404298799
0.0015016240403536553
0.0014729226201723507
0.0014173112620885179
GEN 158 time 1599115982
0.0014584555404298799
0.0015016240403536553
0.0014729226201723507
0.0014173112620885179
GEN 159 time 1599115984
0.0014584555404298799
0.0015016240403536553
0.0014729226201723507
0.0014173112620885179
GEN 160 time 1599115987
0.0014584555404298799
0.0015016240403536553
0.0014729226201723507
0.0014173112620885179
GEN 161 time 1599115989
0.0014584555404298799
0.0015016240403536553
0.0014729226201723507
0.0014173112620885179
GEN 162 time 1599115991
0.0014584555404298799
0.0015016240403536553
0.0014729226201723507
0.0014173112620885179
GEN 163 time 1599115994
0.0014584555404298799
0.0015016240403536553
0.0014729226201723507
0.0014173112620885179
GEN 164 time 1599115996
0.0014584555404298799
0.0015016240403536553
0.0014729226201723507
0.0014173112620885179
GEN 165 time 1599115999
0.0014584555404298799
0.0015016240403536553
0.0014729226201723507
0.0014173112620885179
GEN 166 time 1599116001
0.0014584555404298799
0.0015016240403536553
0.0014729226201723507
0.0014173112620885179
GEN 167 time 1599116004
0.0014584555404298799
0.0015016240403536553
0.0014729226201723507
0.0014173112620885179
GEN 168 time 1599116007
0.0014584555404298799
0.0015016240403536553
0.0014729226201723507
0.0014173112620885179
GEN 169 time 1599116009
0.0014584555404298799
0.001496096311567187
0.0014729226201723507
0.0014173112620885179
GEN 170 time 1599116012
0.0014584555404298799
0.001496096311567187
0.0014729226201723507
0.0014173112620885179
GEN 171 time 1599116014
0.0014584555404298799
0.001496096311567187
0.0014729226201723507
0.0014173112620885179
GEN 172 time 1599116017
0.0014584555404298799
0.001496096311567187
0.0014729226201723507
0.0014173112620885179
GEN 173 time 1599116019
0.0014584555404298799
0.001496096311567187
0.0014729226201723507
0.0014173112620885179
GEN 174 time 1599116021
0.0014584555404298799
0.001496096311567187
0.0014729226201723507
0.0014173112620885179
GEN 175 time 1599116024
0.0014584555404298799
0.001496096311567187
0.0014729226201723507
0.0014173112620885179
GEN 176 time 1599116026
0.0014584555404298799
0.0014876915604346555
0.0014729226201723507
0.0014173112620885179
GEN 177 time 1599116029
0.0014584555404298799
0.0014876915604346555
0.0014729226201723507
0.0014173112620885179
GEN 178 time 1599116031
0.0014584555404298799
0.0014876915604346555
0.0014729226201723507
0.0014173112620885179
GEN 179 time 1599116033
0.0014584555404298799
0.0014876915604346555
0.0014729226201723507
0.0014173112620885179
GEN 180 time 1599116036
0.0014584555404298799
0.0014876915604346555
0.0014729226201723507
0.0014173112620885179
GEN 181 time 1599116038
0.0014584555404298799
0.0014876915604346555
0.0014729226201723507
0.0014173112620885179
GEN 182 time 1599116041
0.0014584555404298799
0.0014876915604346555
0.0014729226201723507
0.0014173112620885179
GEN 183 time 1599116043
0.0014584555404298799
0.0014876915604346555
0.0014729226201723507
0.0014173112620885179
GEN 184 time 1599116046
0.0014584555404298799
0.0014876915604346555
0.0014729226201723507
0.0014173112620885179
GEN 185 time 1599116048
0.0014584555404298799
0.0014876915604346555
0.0014729226201723507
0.0014173112620885179
GEN 186 time 1599116050
0.0014584555404298799
0.0014876915604346555
0.0014729226201723507
0.0014173112620885179
GEN 187 time 1599116053
0.0014584555404298799
0.0014876915604346555
0.0014729226201723507
0.0014173112620885179
GEN 188 time 1599116055
0.0014584555404298799
0.0014876915604346555
0.0014729226201723507
0.0014173112620885179
GEN 189 time 1599116058
0.0014584555404298799
0.0014876915604346555
0.0014729226201723507
0.0014173112620885179
GEN 190 time 1599116060
0.0014584555404298799
0.0014724630779699406
0.0014729226201723507
0.0014173112620885179
GEN 191 time 1599116062
0.0014584555404298799
0.0014724630779699406
0.0014729226201723507
0.0014173112620885179
GEN 192 time 1599116065
0.0014584555404298799
0.0014724630779699406
0.0014729226201723507
0.0014173112620885179
GEN 193 time 1599116067
0.0014584555404298799
0.0014724630779699406
0.0014729226201723507
0.0014173112620885179
GEN 194 time 1599116069
0.0014584555404298799
0.0014724630779699406
0.0014729226201723507
0.0014173112620885179
GEN 195 time 1599116072
0.0014584555404298799
0.0014724630779699406
0.0014729226201723507
0.0014173112620885179
GEN 196 time 1599116074
0.0014584555404298799
0.0014724630779699406
0.0014729226201723507
0.0014173112620885179
GEN 197 time 1599116077
0.0014584555404298799
0.0014724630779699406
0.0014729226201723507
0.0014173112620885179
GEN 198 time 1599116079
0.0014584555404298799
0.0014724630779699406
0.0014729226201723507
0.0014173112620885179
GEN 199 time 1599116081
0.0014584555404298799
0.0014724630779699406
0.0014729226201723507
0.0014173112620885179
