['./data/small/layer/ga-dem7_r50_1.json', './data/small/layer/ga-dem7_r25_1.json', './data/small/layer/ga-dem4_r25_1.json', './data/small/hop/ga-dem7_r25_1_0.json', './data/small/hop/ga-dem7_r25_1_40.json', './data/small/hop/ga-dem4_r25_1_0.json']
GEN 0 time 1609436283
0.0036492194527446703
0.0024362315765491635
0.0020031460050231264
0.0020314142974799574
0.0032084869566180955
0.0022303075253722205
GEN 1 time 1609436289
0.0036492194527446703
0.0024362315765491635
0.0020031460050231264
0.0020314142974799574
0.0028391109727388016
0.0022303075253722205
GEN 2 time 1609436296
0.0036492194527446703
0.0024362315765491635
0.001829402377903908
0.0020314142974799574
0.0028391109727388016
0.0020546901832861663
GEN 3 time 1609436302
0.0036167680674772094
0.0020707732314417322
0.001829402377903908
0.0020314142974799574
0.0028391109727388016
0.0020546901832861663
GEN 4 time 1609436308
0.003142518305100626
0.0020707732314417322
0.0016302051914546434
0.0020294440782268825
0.0028391109727388016
0.0020546901832861663
GEN 5 time 1609436315
0.003142518305100626
0.0020707732314417322
0.0016302051914546434
0.0020294440782268825
0.0028391109727388016
0.0020546901832861663
GEN 6 time 1609436321
0.003142518305100626
0.0020707732314417322
0.0016302051914546434
0.0020294440782268825
0.0028391109727388016
0.002053098013094472
GEN 7 time 1609436327
0.003142518305100626
0.0020004178353406664
0.0016081401179810252
0.0020294440782268825
0.0028391109727388016
0.002053098013094472
GEN 8 time 1609436333
0.003142518305100626
0.0020004178353406664
0.0016081401179810252
0.0020150885315919215
0.0028391109727388016
0.002053098013094472
GEN 9 time 1609436340
0.003142518305100626
0.0020004178353406664
0.0016059460811889434
0.0018450706416410063
0.0028387840688494665
0.002053098013094472
GEN 10 time 1609436346
0.003142518305100626
0.0020004178353406664
0.0016059460811889434
0.0018450706416410063
0.0028387840688494665
0.0018673002237636147
GEN 11 time 1609436353
0.003142518305100626
0.0020004178353406664
0.0012030660050231265
0.0018088351192148027
0.002645376061660072
0.0018673002237636147
GEN 12 time 1609436359
0.003142518305100626
0.0020004178353406664
0.0012030660050231265
0.0018088351192148027
0.0026390909727388016
0.0018542905456709322
GEN 13 time 1609436366
0.003142518305100626
0.0020004178353406664
0.0012030660050231265
0.0018088351192148027
0.0026390909727388016
0.0018542905456709322
GEN 14 time 1609436372
0.003142518305100626
0.0020004178353406664
0.0010293223779039079
0.0018088351192148027
0.0026390909727388016
0.0018542905456709322
GEN 15 time 1609436379
0.003142518305100626
0.0016310971961099405
0.0010293223779039079
0.0018088351192148027
0.0024597017328498007
0.0018542905456709322
GEN 16 time 1609436385
0.003142518305100626
0.0016310971961099405
0.0010293223779039079
0.0018088351192148027
0.0024597017328498007
0.0018542905456709322
GEN 17 time 1609436391
0.003142518305100626
0.0016149398492476524
0.0010293223779039079
0.0016157635288470676
0.0022176239746916028
0.0018542905456709322
GEN 18 time 1609436398
0.003142518305100626
0.0016149398492476524
0.0010293223779039079
0.0016157635288470676
0.0022176239746916028
0.0018542905456709322
GEN 19 time 1609436404
0.003142518305100626
0.0016149398492476524
0.0010293223779039079
0.0016157635288470676
0.0022176239746916028
0.0018542905456709322
GEN 20 time 1609436410
0.003142518305100626
0.0016149398492476524
0.0010293223779039079
0.0016157635288470676
0.0022176239746916028
0.0018542905456709322
GEN 21 time 1609436417
0.003142518305100626
0.0016149398492476524
0.0010293223779039079
0.0016155934965514252
0.0022176239746916028
0.0018542905456709322
GEN 22 time 1609436424
0.003142518305100626
0.0014230681148967013
0.0010293223779039079
0.0016155934965514252
0.0022176239746916028
0.0018542905456709322
GEN 23 time 1609436430
0.003142518305100626
0.0014230681148967013
0.0010293223779039079
0.0016155934965514252
0.0022176239746916028
0.0018526153007781257
GEN 24 time 1609436437
0.003142518305100626
0.0014230681148967013
0.0010293223779039079
0.0016155934965514252
0.0022176239746916028
0.0018526153007781257
GEN 25 time 1609436443
0.003142518305100626
0.0014230681148967013
0.0010293223779039079
0.0016155934965514252
0.0022176239746916028
0.0018526153007781257
GEN 26 time 1609436449
0.003142518305100626
0.0014230681148967013
0.0010293223779039079
0.0016155934965514252
0.0022176239746916028
0.0018435836390198745
GEN 27 time 1609436456
0.003142518305100626
0.0014230681148967013
0.0010293223779039079
0.0016155934965514252
0.0022176239746916028
0.0018435836390198745
GEN 28 time 1609436462
0.003142518305100626
0.0014230681148967013
0.0010293223779039079
0.0014856087798941243
0.0022176239746916028
0.0018177477319570533
GEN 29 time 1609436468
0.003142518305100626
0.0014230681148967013
0.0010293223779039079
0.0014856087798941243
0.0022176239746916028
0.0016888448644165582
GEN 30 time 1609436475
0.003142518305100626
0.0014230681148967013
0.0010293223779039079
0.0014856087798941243
0.0022176239746916028
0.0016888448644165582
GEN 31 time 1609436481
0.003142518305100626
0.0014230681148967013
0.0010293223779039079
0.0014856087798941243
0.0022176239746916028
0.0016888448644165582
GEN 32 time 1609436488
0.003142518305100626
0.0014230681148967013
0.0010293223779039079
0.0014856087798941243
0.0022176239746916028
0.0016888448644165582
GEN 33 time 1609436494
0.003142518305100626
0.0014230681148967013
0.0010293223779039079
0.0014856087798941243
0.0022176239746916028
0.0016888448644165582
GEN 34 time 1609436501
0.003142518305100626
0.0014230681148967013
0.0010293223779039079
0.0014856087798941243
0.0022176239746916028
0.0016888448644165582
GEN 35 time 1609436507
0.003142518305100626
0.0014230681148967013
0.0010293223779039079
0.0014856087798941243
0.0022176239746916028
0.0016888448644165582
GEN 36 time 1609436514
0.003142518305100626
0.0014230681148967013
0.0010293223779039079
0.0014856087798941243
0.0022176239746916028
0.0016888448644165582
GEN 37 time 1609436520
0.003142518305100626
0.0014230681148967013
0.0010293223779039079
0.0014841128841247895
0.0022176239746916028
0.0016672802237636146
GEN 38 time 1609436526
0.003142518305100626
0.0014230681148967013
0.0010293223779039079
0.0014841128841247895
0.0022176239746916028
0.0016672802237636146
GEN 39 time 1609436533
0.003142518305100626
0.0014230681148967013
0.0010293223779039079
0.0014841128841247895
0.0022176239746916028
0.0016542705456709318
GEN 40 time 1609436540
0.003142518305100626
0.0014230681148967013
0.0010293223779039079
0.0014841128841247895
0.0022176239746916028
0.0016542705456709318
GEN 41 time 1609436546
0.003142518305100626
0.0014230681148967013
0.0010293223779039079
0.0014841128841247895
0.0022176239746916028
0.0016542705456709318
GEN 42 time 1609436553
0.003142518305100626
0.0014230681148967013
0.0010293223779039079
0.0014841128841247895
0.0022176239746916028
0.0016525953007781257
GEN 43 time 1609436559
0.003142518305100626
0.0014230681148967013
0.0010293223779039079
0.0014841128841247895
0.0022176239746916028
0.0016525953007781257
GEN 44 time 1609436565
0.003142518305100626
0.0014230681148967013
0.0010293223779039079
0.0014841128841247895
0.0022176239746916028
0.0016525953007781257
GEN 45 time 1609436572
0.003142518305100626
0.0014230681148967013
0.0010293223779039079
0.0014841128841247895
0.0022176239746916028
0.0016525953007781257
GEN 46 time 1609436578
0.003142518305100626
0.0014230681148967013
0.0010293223779039079
0.0014841128841247895
0.0022176239746916028
0.0016525953007781257
GEN 47 time 1609436584
0.003142518305100626
0.0014230681148967013
0.0010293223779039079
0.0014841128841247895
0.0022176239746916028
0.0016525953007781257
GEN 48 time 1609436591
0.003142518305100626
0.0014230681148967013
0.0010293223779039079
0.0014841128841247895
0.0022176239746916028
0.0016525953007781257
GEN 49 time 1609436597
0.003142518305100626
0.0014230681148967013
0.0010293223779039079
0.0014841128841247895
0.0022176239746916028
0.0016525953007781257
GEN 50 time 1609436604
0.003142518305100626
0.0014230681148967013
0.0010293223779039079
0.0014841128841247895
0.0022176239746916028
0.0016525953007781257
GEN 51 time 1609436611
0.003142518305100626
0.0014230681148967013
0.0010293223779039079
0.0014841128841247895
0.0022176239746916028
0.0016525953007781257
GEN 52 time 1609436617
0.003142518305100626
0.0014230681148967013
0.0010293223779039079
0.0014841128841247895
0.0020821212758383033
0.0016525953007781257
GEN 53 time 1609436624
0.003142518305100626
0.0014230681148967013
0.0010293223779039079
0.0014841128841247895
0.0020821212758383033
0.0016525953007781257
GEN 54 time 1609436630
0.003142518305100626
0.0014230681148967013
0.0010293223779039079
0.0014841128841247895
0.0020821212758383033
0.0016525953007781257
GEN 55 time 1609436637
0.003142518305100626
0.0014230681148967013
0.0010293223779039079
0.0014841128841247895
0.0020821212758383033
0.0016525953007781257
GEN 56 time 1609436643
0.003142518305100626
0.0014230681148967013
0.0010293223779039079
0.0014841128841247895
0.0020821212758383033
0.0016525953007781257
GEN 57 time 1609436650
0.003142518305100626
0.0014230681148967013
0.0010293223779039079
0.0014841128841247895
0.0020821212758383033
0.0016525953007781257
GEN 58 time 1609436657
0.003142518305100626
0.0014230681148967013
0.0010293223779039079
0.0014841128841247895
0.0020821212758383033
0.0016525953007781257
GEN 59 time 1609436663
0.003142518305100626
0.0014230681148967013
0.0010293223779039079
0.0014841128841247895
0.0020821212758383033
0.0016525953007781257
GEN 60 time 1609436670
0.003142518305100626
0.0014230681148967013
0.0010293223779039079
0.0014841128841247895
0.0020821212758383033
0.0016525953007781257
GEN 61 time 1609436676
0.003142518305100626
0.0014230681148967013
0.0010293223779039079
0.0014841128841247895
0.0020821212758383033
0.0016525953007781257
GEN 62 time 1609436682
0.003142518305100626
0.0014230681148967013
0.0010293223779039079
0.0014841128841247895
0.0020821212758383033
0.0016525953007781257
GEN 63 time 1609436689
0.003142518305100626
0.0014230681148967013
0.0010293223779039079
0.0014841128841247895
0.0020821212758383033
0.0016525953007781257
GEN 64 time 1609436695
0.003142518305100626
0.0014230681148967013
0.0010293223779039079
0.0014841128841247895
0.00201650915134236
0.0016525953007781257
GEN 65 time 1609436702
0.003142518305100626
0.0014230681148967013
0.0010293223779039079
0.0014841128841247895
0.00201650915134236
0.0016525953007781257
GEN 66 time 1609436708
0.003142518305100626
0.0014230681148967013
0.0010293223779039079
0.0014841128841247895
0.00201650915134236
0.0016525953007781257
GEN 67 time 1609436714
0.003142518305100626
0.0014230681148967013
0.0010293223779039079
0.0014841128841247895
0.00201650915134236
0.0016525953007781257
GEN 68 time 1609436721
0.003142518305100626
0.0014230681148967013
0.0010293223779039079
0.0014841128841247895
0.00201650915134236
0.0016525953007781257
GEN 69 time 1609436727
0.003142518305100626
0.0014230681148967013
0.0010293223779039079
0.0014841128841247895
0.00201650915134236
0.0016525953007781257
GEN 70 time 1609436734
0.003142518305100626
0.0014230681148967013
0.0010293223779039079
0.0014841128841247895
0.00201650915134236
0.0016525953007781257
GEN 71 time 1609436740
0.003142518305100626
0.0014230681148967013
0.0010293223779039079
0.0014841128841247895
0.00201650915134236
0.0016525953007781257
GEN 72 time 1609436746
0.003142518305100626
0.0014230681148967013
0.0010293223779039079
0.0014841128841247895
0.00201650915134236
0.0016525953007781257
GEN 73 time 1609436753
0.003142518305100626
0.0014230681148967013
0.0010293223779039079
0.0014841128841247895
0.00201650915134236
0.0016525953007781257
GEN 74 time 1609436759
0.003142518305100626
0.0014230681148967013
0.0010293223779039079
0.0014841128841247895
0.00201650915134236
0.0016525953007781257
GEN 75 time 1609436765
0.003142518305100626
0.0014230681148967013
0.0010293223779039079
0.0014841128841247895
0.00201650915134236
0.0016525953007781257
GEN 76 time 1609436772
0.003142518305100626
0.0014230681148967013
0.0010293223779039079
0.0014841128841247895
0.00201650915134236
0.0016525953007781257
GEN 77 time 1609436778
0.003142518305100626
0.0014230681148967013
0.0010293223779039079
0.0014841128841247895
0.00201650915134236
0.0016525953007781257
GEN 78 time 1609436785
0.003142518305100626
0.0014230681148967013
0.0010293223779039079
0.0014841128841247895
0.00201650915134236
0.0016525953007781257
GEN 79 time 1609436791
0.003142518305100626
0.0014230681148967013
0.0010293223779039079
0.0014841128841247895
0.00201650915134236
0.0016525953007781257
GEN 80 time 1609436798
0.003142518305100626
0.0014230681148967013
0.0010293223779039079
0.0014841128841247895
0.00201650915134236
0.0016525953007781257
GEN 81 time 1609436805
0.003142518305100626
0.0014230681148967013
0.0010293223779039079
0.0014841128841247895
0.00201650915134236
0.0016525953007781257
GEN 82 time 1609436811
0.003142518305100626
0.0014230681148967013
0.0010293223779039079
0.0014841128841247895
0.00201650915134236
0.0016525953007781257
GEN 83 time 1609436818
0.003142518305100626
0.0014230681148967013
0.0010293223779039079
0.0014841128841247895
0.00201650915134236
0.0016525953007781257
GEN 84 time 1609436824
0.003142518305100626
0.0014230681148967013
0.0010293223779039079
0.0014841128841247895
0.00201650915134236
0.0016525953007781257
GEN 85 time 1609436830
0.003142518305100626
0.0014230681148967013
0.0010293223779039079
0.0014841128841247895
0.00201650915134236
0.0014785219479936376
GEN 86 time 1609436837
0.003142518305100626
0.0014230681148967013
0.0010293223779039079
0.0014841128841247895
0.00201650915134236
0.0014785219479936376
GEN 87 time 1609436843
0.003142518305100626
0.0014230681148967013
0.0010293223779039079
0.0014841128841247895
0.00201650915134236
0.0014785219479936376
GEN 88 time 1609436850
0.003142518305100626
0.0014230681148967013
0.0010293223779039079
0.0014841128841247895
0.00201650915134236
0.0014785219479936376
GEN 89 time 1609436856
0.003142518305100626
0.0014230681148967013
0.0010293223779039079
0.0014841128841247895
0.00201650915134236
0.0014785219479936376
GEN 90 time 1609436862
0.003142518305100626
0.0014230681148967013
0.0010293223779039079
0.0014841128841247895
0.00201650915134236
0.0014785219479936376
GEN 91 time 1609436869
0.003142518305100626
0.0014230681148967013
0.0010293223779039079
0.0014841128841247895
0.00201650915134236
0.0014785219479936376
GEN 92 time 1609436875
0.003142518305100626
0.0014230681148967013
0.0010293223779039079
0.0014841128841247895
0.00201650915134236
0.0014785219479936376
GEN 93 time 1609436882
0.003142518305100626
0.0014230681148967013
0.0010293223779039079
0.0014841128841247895
0.00201650915134236
0.0014785219479936376
GEN 94 time 1609436889
0.003142518305100626
0.0014230681148967013
0.0010293223779039079
0.0014841128841247895
0.00201650915134236
0.0014785219479936376
GEN 95 time 1609436895
0.003142518305100626
0.0014230681148967013
0.0010293223779039079
0.0014841128841247895
0.0018601677866129907
0.0014785219479936376
GEN 96 time 1609436902
0.003142518305100626
0.0014230681148967013
0.0010293223779039079
0.0014841128841247895
0.0018601677866129907
0.0014785219479936376
GEN 97 time 1609436908
0.003142518305100626
0.0014230681148967013
0.0010293223779039079
0.0014841128841247895
0.0018601677866129907
0.0014785219479936376
GEN 98 time 1609436914
0.003142518305100626
0.0014230681148967013
0.0010293223779039079
0.0014841128841247895
0.0018601677866129907
0.0014785219479936376
GEN 99 time 1609436921
0.003142518305100626
0.0014230681148967013
0.0010293223779039079
0.0014841128841247895
0.0018601677866129907
0.0014785219479936376
