['./data/small/layer/uu-dem3_r25_1.json', './data/small/layer/uu-dem8_r25_1.json', './data/small/layer/uu-dem3_r50_1.json', './data/small/hop/uu-dem3_r25_1_0.json', './data/small/hop/uu-dem8_r50_1_0.json', './data/small/hop/uu-dem3_r50_1_0.json']
GEN 0 time 1602410929
0.0017058410808370235
0.0019331241698611365
0.0029563221065951784
0.002207017134022509
0.003527994574812114
0.0033763343499823998
GEN 1 time 1602410942
0.0017058410808370235
0.0019331241698611365
0.0029563221065951784
0.002207017134022509
0.003261862362188056
0.0033763343499823998
GEN 2 time 1602410956
0.0017058410808370235
0.0019331241698611365
0.0029563221065951784
0.002207017134022509
0.003261862362188056
0.0033763343499823998
GEN 3 time 1602410970
0.0017058410808370235
0.0019331241698611365
0.0029563221065951784
0.002207017134022509
0.003261862362188056
0.0033763343499823998
GEN 4 time 1602410984
0.0017058410808370235
0.0019331241698611365
0.0029563221065951784
0.002207017134022509
0.0032526310096702917
0.0032708212548830215
GEN 5 time 1602410999
0.0017058410808370235
0.0019331241698611365
0.0029563221065951784
0.002207017134022509
0.0032526310096702917
0.0031792271759843466
GEN 6 time 1602411013
0.0017058410808370235
0.0019331241698611365
0.0029563221065951784
0.002207017134022509
0.0032526310096702917
0.0029808973990608895
GEN 7 time 1602411028
0.0017058410808370235
0.0019331241698611365
0.0029563221065951784
0.002207017134022509
0.0030682357154419235
0.0029808973990608895
GEN 8 time 1602411043
0.0017058410808370235
0.0019331241698611365
0.0029563221065951784
0.00211773678479055
0.0030682357154419235
0.0029808973990608895
GEN 9 time 1602411057
0.0017058410808370235
0.0019331241698611365
0.0029563221065951784
0.00211773678479055
0.002619071865725518
0.0029808973990608895
GEN 10 time 1602411072
0.0017058410808370235
0.0019331241698611365
0.0029563221065951784
0.00211773678479055
0.002619071865725518
0.0029808973990608895
GEN 11 time 1602411087
0.0017058410808370235
0.0019331241698611365
0.0029563221065951784
0.0019177167847905501
0.002619071865725518
0.0029808973990608895
GEN 12 time 1602411102
0.0017058410808370235
0.0019331241698611365
0.0029563221065951784
0.0016967328656773122
0.002619071865725518
0.0029808973990608895
GEN 13 time 1602411116
0.0017058410808370235
0.0019331241698611365
0.0029563221065951784
0.0016967328656773122
0.002619071865725518
0.0029808973990608895
GEN 14 time 1602411131
0.0017058410808370235
0.0019331241698611365
0.0029563221065951784
0.0016967328656773122
0.002619071865725518
0.0029808973990608895
GEN 15 time 1602411146
0.0017058410808370235
0.0019331241698611365
0.0029563221065951784
0.0016967328656773122
0.002619071865725518
0.0029808973990608895
GEN 16 time 1602411161
0.0017058410808370235
0.0019331241698611365
0.0029563221065951784
0.0016967328656773122
0.002619071865725518
0.0029808973990608895
GEN 17 time 1602411176
0.0017058410808370235
0.0019331241698611365
0.0029563221065951784
0.0016967328656773122
0.002619071865725518
0.0029808973990608895
GEN 18 time 1602411191
0.0017058410808370235
0.0019331241698611365
0.0029563221065951784
0.0016967328656773122
0.002382112356853676
0.002931454992511282
GEN 19 time 1602411206
0.0017058410808370235
0.0019331241698611365
0.0029563221065951784
0.0016967328656773122
0.002382112356853676
0.002931454992511282
GEN 20 time 1602411221
0.0017058410808370235
0.0019331241698611365
0.0029563221065951784
0.0016967328656773122
0.002382112356853676
0.002931454992511282
GEN 21 time 1602411236
0.0017058410808370235
0.0019331241698611365
0.0029563221065951784
0.0016967328656773122
0.002382112356853676
0.002931454992511282
GEN 22 time 1602411251
0.0017058410808370235
0.0019331241698611365
0.0029563221065951784
0.0016967328656773122
0.002382112356853676
0.002931454992511282
GEN 23 time 1602411266
0.0017058410808370235
0.0019331241698611365
0.0029563221065951784
0.0016967328656773122
0.002382112356853676
0.002931454992511282
GEN 24 time 1602411281
0.0017058410808370235
0.0019331241698611365
0.0029563221065951784
0.0016967328656773122
0.002382112356853676
0.002931454992511282
GEN 25 time 1602411296
0.0017058410808370235
0.0019331241698611365
0.0029563221065951784
0.0016967328656773122
0.002382112356853676
0.002931454992511282
GEN 26 time 1602411311
0.0017058410808370235
0.0019331241698611365
0.0029563221065951784
0.0016967328656773122
0.002382112356853676
0.002931454992511282
GEN 27 time 1602411326
0.0017058410808370235
0.0019331241698611365
0.0029563221065951784
0.0016967328656773122
0.002382112356853676
0.002931454992511282
GEN 28 time 1602411341
0.0017058410808370235
0.0019331241698611365
0.0029563221065951784
0.0016967328656773122
0.002382112356853676
0.002931454992511282
GEN 29 time 1602411357
0.0017058410808370235
0.0019331241698611365
0.0029563221065951784
0.0016967328656773122
0.002382112356853676
0.002931454992511282
GEN 30 time 1602411372
0.0017058410808370235
0.0019331241698611365
0.0029563221065951784
0.0016967328656773122
0.002382112356853676
0.002931454992511282
GEN 31 time 1602411387
0.0017058410808370235
0.0019331241698611365
0.0029563221065951784
0.0016967328656773122
0.002382112356853676
0.002931454992511282
GEN 32 time 1602411403
0.0017058410808370235
0.0019331241698611365
0.0029563221065951784
0.0016967328656773122
0.002382112356853676
0.002931454992511282
GEN 33 time 1602411418
0.0017058410808370235
0.0019331241698611365
0.0029563221065951784
0.0016967328656773122
0.002382112356853676
0.002931454992511282
GEN 34 time 1602411433
0.0017058410808370235
0.0019331241698611365
0.0029563221065951784
0.0016967328656773122
0.002382112356853676
0.002931454992511282
GEN 35 time 1602411448
0.0017058410808370235
0.0019331241698611365
0.0029563221065951784
0.0016967328656773122
0.002382112356853676
0.002931454992511282
GEN 36 time 1602411463
0.0017058410808370235
0.0019331241698611365
0.0029563221065951784
0.0016967328656773122
0.002382112356853676
0.002931454992511282
GEN 37 time 1602411479
0.0017058410808370235
0.0019331241698611365
0.0029563221065951784
0.0016967328656773122
0.002382112356853676
0.002931454992511282
GEN 38 time 1602411494
0.0017058410808370235
0.0019331241698611365
0.0029563221065951784
0.0016967328656773122
0.002382112356853676
0.002931454992511282
GEN 39 time 1602411510
0.0017058410808370235
0.0019331241698611365
0.0029563221065951784
0.0016967328656773122
0.002382112356853676
0.002931454992511282
GEN 40 time 1602411526
0.0017058410808370235
0.0019331241698611365
0.0029563221065951784
0.001671427085525784
0.002382112356853676
0.002931454992511282
GEN 41 time 1602411541
0.0017058410808370235
0.0019331241698611365
0.0029563221065951784
0.001671427085525784
0.002619071865725518
0.002931454992511282
GEN 42 time 1602411557
0.0017058410808370235
0.0019331241698611365
0.0029563221065951784
0.001671427085525784
0.002619071865725518
0.002931454992511282
GEN 43 time 1602411572
0.0017058410808370235
0.0019331241698611365
0.0029563221065951784
0.001671427085525784
0.002619071865725518
0.002931454992511282
GEN 44 time 1602411588
0.0017058410808370235
0.0019331241698611365
0.0029563221065951784
0.001631539848534513
0.002619071865725518
0.002931454992511282
GEN 45 time 1602411604
0.0017058410808370235
0.0019331241698611365
0.0029563221065951784
0.001631539848534513
0.002619071865725518
0.002931454992511282
GEN 46 time 1602411619
0.0017058410808370235
0.0019331241698611365
0.0029563221065951784
0.001631539848534513
0.002619071865725518
0.002931454992511282
GEN 47 time 1602411634
0.0017058410808370235
0.0019331241698611365
0.0029563221065951784
0.001631539848534513
0.002619071865725518
0.002931454992511282
GEN 48 time 1602411650
0.0017058410808370235
0.0019331241698611365
0.0029563221065951784
0.001631539848534513
0.002619071865725518
0.002931454992511282
GEN 49 time 1602411665
0.0017058410808370235
0.0019331241698611365
0.0029563221065951784
0.001631539848534513
0.002619071865725518
0.002931454992511282
GEN 50 time 1602411681
0.0017058410808370235
0.0019331241698611365
0.0029563221065951784
0.001631539848534513
0.002619071865725518
0.002931454992511282
GEN 51 time 1602411697
0.0017058410808370235
0.0019331241698611365
0.0029563221065951784
0.001631539848534513
0.002619071865725518
0.002931454992511282
GEN 52 time 1602411713
0.0017058410808370235
0.0019331241698611365
0.0029563221065951784
0.001631539848534513
0.002619071865725518
0.002931454992511282
GEN 53 time 1602411729
0.0017058410808370235
0.0019331241698611365
0.0029563221065951784
0.001631539848534513
0.002382112356853676
0.002931454992511282
GEN 54 time 1602411745
0.0017058410808370235
0.0019331241698611365
0.0029563221065951784
0.001631539848534513
0.002382112356853676
0.002840118619667104
GEN 55 time 1602411760
0.0017058410808370235
0.0019331241698611365
0.0029563221065951784
0.001631539848534513
0.002382112356853676
0.002840118619667104
GEN 56 time 1602411776
0.0017058410808370235
0.0019331241698611365
0.0029563221065951784
0.001631539848534513
0.002382112356853676
0.002840118619667104
GEN 57 time 1602411792
0.0017058410808370235
0.0019331241698611365
0.0029563221065951784
0.0015958020934890137
0.002382112356853676
0.002840118619667104
GEN 58 time 1602411808
0.0017058410808370235
0.0019331241698611365
0.0029563221065951784
0.0015958020934890137
0.002382112356853676
0.002840118619667104
GEN 59 time 1602411824
0.0017058410808370235
0.0019331241698611365
0.0029563221065951784
0.0015958020934890137
0.002382112356853676
0.002840118619667104
GEN 60 time 1602411840
0.0017058410808370235
0.0019331241698611365
0.0029563221065951784
0.0015958020934890137
0.002382112356853676
0.002840118619667104
GEN 61 time 1602411856
0.0017058410808370235
0.0019331241698611365
0.0029563221065951784
0.0015958020934890137
0.002382112356853676
0.002840118619667104
GEN 62 time 1602411872
0.0017058410808370235
0.0019331241698611365
0.0029563221065951784
0.0015958020934890137
0.002382112356853676
0.002840118619667104
GEN 63 time 1602411889
0.0017058410808370235
0.0019331241698611365
0.0029563221065951784
0.0015958020934890137
0.002382112356853676
0.002840118619667104
GEN 64 time 1602411905
0.0017058410808370235
0.0019331241698611365
0.0029563221065951784
0.0015958020934890137
0.002382112356853676
0.002840118619667104
GEN 65 time 1602411921
0.0017058410808370235
0.0019331241698611365
0.0029563221065951784
0.0015958020934890137
0.002382112356853676
0.002840118619667104
GEN 66 time 1602411938
0.0017058410808370235
0.0019331241698611365
0.0029563221065951784
0.0015958020934890137
0.002382112356853676
0.002840118619667104
GEN 67 time 1602411954
0.0017058410808370235
0.0019331241698611365
0.0029563221065951784
0.0015958020934890137
0.002382112356853676
0.002840118619667104
GEN 68 time 1602411970
0.0017058410808370235
0.0019331241698611365
0.0029563221065951784
0.0015958020934890137
0.002382112356853676
0.002840118619667104
GEN 69 time 1602411987
0.0017058410808370235
0.0019331241698611365
0.0029563221065951784
0.0015958020934890137
0.002382112356853676
0.002840118619667104
GEN 70 time 1602412003
0.0017058410808370235
0.0019331241698611365
0.0029563221065951784
0.0015958020934890137
0.002382112356853676
0.002840118619667104
GEN 71 time 1602412019
0.0017058410808370235
0.0019331241698611365
0.0029563221065951784
0.0015958020934890137
0.002382112356853676
0.002840118619667104
GEN 72 time 1602412036
0.0017058410808370235
0.0019331241698611365
0.0029563221065951784
0.0015958020934890137
0.002382112356853676
0.002840118619667104
GEN 73 time 1602412052
0.0017058410808370235
0.0019331241698611365
0.0029563221065951784
0.0015958020934890137
0.002382112356853676
0.002840118619667104
GEN 74 time 1602412069
0.0017058410808370235
0.0019331241698611365
0.0029563221065951784
0.0015958020934890137
0.002382112356853676
0.002840118619667104
GEN 75 time 1602412085
0.0017058410808370235
0.0019331241698611365
0.0029563221065951784
0.0015958020934890137
0.002382112356853676
0.002840118619667104
GEN 76 time 1602412102
0.0017058410808370235
0.0019331241698611365
0.0029563221065951784
0.0015958020934890137
0.002382112356853676
0.002840118619667104
GEN 77 time 1602412119
0.0017058410808370235
0.0019331241698611365
0.0029563221065951784
0.0015958020934890137
0.002382112356853676
0.002840118619667104
GEN 78 time 1602412136
0.0017058410808370235
0.0019331241698611365
0.0029563221065951784
0.0015958020934890137
0.002382112356853676
0.002840118619667104
GEN 79 time 1602412154
0.0017058410808370235
0.0019331241698611365
0.0029563221065951784
0.0015958020934890137
0.002382112356853676
0.002840118619667104
GEN 80 time 1602412171
0.0017058410808370235
0.0019331241698611365
0.0029563221065951784
0.0015958020934890137
0.002382112356853676
0.002840118619667104
GEN 81 time 1602412188
0.0017058410808370235
0.0019331241698611365
0.0029563221065951784
0.0015958020934890137
0.002382112356853676
0.002840118619667104
GEN 82 time 1602412205
0.0017058410808370235
0.0019331241698611365
0.0029563221065951784
0.0015958020934890137
0.002382112356853676
0.002840118619667104
GEN 83 time 1602412223
0.0017058410808370235
0.0019331241698611365
0.0029563221065951784
0.0015958020934890137
0.002382112356853676
0.002840118619667104
GEN 84 time 1602412240
0.0017058410808370235
0.0019331241698611365
0.0029563221065951784
0.0015958020934890137
0.002382112356853676
0.0027168607708792604
GEN 85 time 1602412257
0.0017058410808370235
0.0019331241698611365
0.0029563221065951784
0.0015958020934890137
0.002382112356853676
0.0027168607708792604
GEN 86 time 1602412274
0.0017058410808370235
0.0019331241698611365
0.0029563221065951784
0.0015958020934890137
0.002382112356853676
0.0027137943317055483
GEN 87 time 1602412291
0.0017058410808370235
0.0019331241698611365
0.0029563221065951784
0.0015958020934890137
0.002382112356853676
0.0027137943317055483
GEN 88 time 1602412309
0.0017058410808370235
0.0019331241698611365
0.0029563221065951784
0.0015958020934890137
0.002382112356853676
0.002672909803482864
GEN 89 time 1602412326
0.0017058410808370235
0.0019331241698611365
0.0029563221065951784
0.0015958020934890137
0.002382112356853676
0.002672909803482864
GEN 90 time 1602412343
0.0017058410808370235
0.0019331241698611365
0.0029563221065951784
0.0015958020934890137
0.002382112356853676
0.002672909803482864
GEN 91 time 1602412360
0.0017058410808370235
0.0019331241698611365
0.0029563221065951784
0.0015958020934890137
0.002382112356853676
0.002672909803482864
GEN 92 time 1602412378
0.0017058410808370235
0.0019331241698611365
0.0029563221065951784
0.0015958020934890137
0.002382112356853676
0.002672909803482864
GEN 93 time 1602412395
0.0017058410808370235
0.0019331241698611365
0.0029563221065951784
0.0015958020934890137
0.002382112356853676
0.002672909803482864
GEN 94 time 1602412412
0.0017058410808370235
0.0019331241698611365
0.0029563221065951784
0.0015958020934890137
0.002382112356853676
0.002672909803482864
GEN 95 time 1602412430
0.0017058410808370235
0.0019331241698611365
0.0029563221065951784
0.0015958020934890137
0.002382112356853676
0.002672909803482864
GEN 96 time 1602412447
0.0017058410808370235
0.0019331241698611365
0.0029563221065951784
0.0015958020934890137
0.002382112356853676
0.002672909803482864
GEN 97 time 1602412465
0.0017058410808370235
0.0019331241698611365
0.0029563221065951784
0.0015958020934890137
0.002382112356853676
0.002672909803482864
GEN 98 time 1602412483
0.0017058410808370235
0.0019331241698611365
0.0029563221065951784
0.0015958020934890137
0.002382112356853676
0.002672909803482864
GEN 99 time 1602412500
0.0017058410808370235
0.0019331241698611365
0.0029563221065951784
0.0015958020934890137
0.002382112356853676
0.002672909803482864
GEN 100 time 1602412518
0.0017058410808370235
0.0019331241698611365
0.0029563221065951784
0.0015958020934890137
0.002382112356853676
0.002672909803482864
GEN 101 time 1602412536
0.0017058410808370235
0.0019331241698611365
0.0029563221065951784
0.0015958020934890137
0.002382112356853676
0.002672909803482864
GEN 102 time 1602412554
0.0017058410808370235
0.0019331241698611365
0.0029563221065951784
0.0015958020934890137
0.002382112356853676
0.002672909803482864
GEN 103 time 1602412571
0.0017058410808370235
0.0019331241698611365
0.0029563221065951784
0.0015958020934890137
0.002382112356853676
0.002672909803482864
GEN 104 time 1602412589
0.0017058410808370235
0.0019331241698611365
0.0029563221065951784
0.0015958020934890137
0.002382112356853676
0.002672909803482864
GEN 105 time 1602412607
0.0017058410808370235
0.0019331241698611365
0.0029563221065951784
0.0015958020934890137
0.002382112356853676
0.0026545291111281987
GEN 106 time 1602412625
0.0017058410808370235
0.0019331241698611365
0.0029563221065951784
0.0015958020934890137
0.002382112356853676
0.0026545291111281987
GEN 107 time 1602412643
0.0017058410808370235
0.0019331241698611365
0.0029563221065951784
0.0015958020934890137
0.002382112356853676
0.0026545291111281987
GEN 108 time 1602412661
0.0017058410808370235
0.0019331241698611365
0.0029563221065951784
0.0015958020934890137
0.002382112356853676
0.0026545291111281987
GEN 109 time 1602412678
0.0017058410808370235
0.0019331241698611365
0.0029563221065951784
0.0015958020934890137
0.002382112356853676
0.0026545291111281987
GEN 110 time 1602412696
0.0017058410808370235
0.0019331241698611365
0.0029563221065951784
0.0015958020934890137
0.002382112356853676
0.0026545291111281987
GEN 111 time 1602412714
0.0017058410808370235
0.0019331241698611365
0.0029563221065951784
0.0015958020934890137
0.002382112356853676
0.0026545291111281987
GEN 112 time 1602412732
0.0017058410808370235
0.0019331241698611365
0.0029563221065951784
0.0015958020934890137
0.002382112356853676
0.0026545291111281987
GEN 113 time 1602412750
0.0017058410808370235
0.0019331241698611365
0.0029563221065951784
0.0015958020934890137
0.002382112356853676
0.0026545291111281987
GEN 114 time 1602412768
0.0017058410808370235
0.0019331241698611365
0.0029563221065951784
0.0015958020934890137
0.002382112356853676
0.0026545291111281987
GEN 115 time 1602412786
0.0017058410808370235
0.0019331241698611365
0.0029563221065951784
0.0015958020934890137
0.002382112356853676
0.0025022151683299926
GEN 116 time 1602412805
0.0017058410808370235
0.0019331241698611365
0.0029563221065951784
0.0015958020934890137
0.002382112356853676
0.0025022151683299926
GEN 117 time 1602412823
0.0017058410808370235
0.0019331241698611365
0.0029563221065951784
0.0015958020934890137
0.002382112356853676
0.0025022151683299926
GEN 118 time 1602412841
0.0017058410808370235
0.0019331241698611365
0.0029563221065951784
0.0015958020934890137
0.002382112356853676
0.0025022151683299926
GEN 119 time 1602412860
0.0017058410808370235
0.0019331241698611365
0.0029563221065951784
0.0015958020934890137
0.002382112356853676
0.0025022151683299926
GEN 120 time 1602412878
0.0017058410808370235
0.0019331241698611365
0.0029563221065951784
0.0015958020934890137
0.002382112356853676
0.0025022151683299926
GEN 121 time 1602412896
0.0017058410808370235
0.0019331241698611365
0.0029563221065951784
0.0015958020934890137
0.002382112356853676
0.0025022151683299926
GEN 122 time 1602412915
0.0017058410808370235
0.0019331241698611365
0.0029563221065951784
0.0015958020934890137
0.002382112356853676
0.0025022151683299926
GEN 123 time 1602412933
0.0017058410808370235
0.0019331241698611365
0.0029563221065951784
0.0015958020934890137
0.002382112356853676
0.0025022151683299926
GEN 124 time 1602412951
0.0017058410808370235
0.0019331241698611365
0.0029563221065951784
0.0015958020934890137
0.002382112356853676
0.0025022151683299926
GEN 125 time 1602412970
0.0017058410808370235
0.0019331241698611365
0.0029563221065951784
0.0015958020934890137
0.002382112356853676
0.0025022151683299926
GEN 126 time 1602412988
0.0017058410808370235
0.0019331241698611365
0.0029563221065951784
0.0015958020934890137
0.002382112356853676
0.0025022151683299926
GEN 127 time 1602413006
0.0017058410808370235
0.0019331241698611365
0.0029563221065951784
0.0015958020934890137
0.002382112356853676
0.0025022151683299926
GEN 128 time 1602413024
0.0017058410808370235
0.0019331241698611365
0.0029563221065951784
0.0015958020934890137
0.002382112356853676
0.0025022151683299926
GEN 129 time 1602413042
0.0017058410808370235
0.0019331241698611365
0.0029563221065951784
0.0015958020934890137
0.002382112356853676
0.0025022151683299926
GEN 130 time 1602413060
0.0017058410808370235
0.0019331241698611365
0.0029563221065951784
0.0015958020934890137
0.002382112356853676
0.0025022151683299926
GEN 131 time 1602413078
0.0017058410808370235
0.0019331241698611365
0.0029563221065951784
0.0015958020934890137
0.002382112356853676
0.0025022151683299926
GEN 132 time 1602413096
0.0017058410808370235
0.0019331241698611365
0.0029563221065951784
0.0015958020934890137
0.002382112356853676
0.0025022151683299926
GEN 133 time 1602413114
0.0017058410808370235
0.0019331241698611365
0.0029563221065951784
0.0015958020934890137
0.002382112356853676
0.0025022151683299926
GEN 134 time 1602413132
0.0017058410808370235
0.0019331241698611365
0.0029563221065951784
0.0015958020934890137
0.002382112356853676
0.0025022151683299926
GEN 135 time 1602413150
0.0017058410808370235
0.0019331241698611365
0.0029563221065951784
0.0015958020934890137
0.002382112356853676
0.0025022151683299926
GEN 136 time 1602413168
0.0017058410808370235
0.0019331241698611365
0.0029563221065951784
0.0015958020934890137
0.002227652124930492
0.0025022151683299926
GEN 137 time 1602413186
0.0017058410808370235
0.0019331241698611365
0.0029563221065951784
0.0015958020934890137
0.002227652124930492
0.0025022151683299926
GEN 138 time 1602413204
0.0017058410808370235
0.0019331241698611365
0.0029563221065951784
0.0015958020934890137
0.002227652124930492
0.0025022151683299926
GEN 139 time 1602413223
0.0017058410808370235
0.0019331241698611365
0.0029563221065951784
0.0015958020934890137
0.002227652124930492
0.0025022151683299926
GEN 140 time 1602413241
0.0017058410808370235
0.0019331241698611365
0.0029563221065951784
0.0015958020934890137
0.002227652124930492
0.0025022151683299926
GEN 141 time 1602413259
0.0017058410808370235
0.0019331241698611365
0.0029563221065951784
0.0015958020934890137
0.002227652124930492
0.0025022151683299926
GEN 142 time 1602413277
0.0017058410808370235
0.0019331241698611365
0.0029563221065951784
0.0015958020934890137
0.002227652124930492
0.0025022151683299926
GEN 143 time 1602413295
0.0017058410808370235
0.0019331241698611365
0.0029563221065951784
0.0015958020934890137
0.002227652124930492
0.0025022151683299926
GEN 144 time 1602413313
0.0017058410808370235
0.0019331241698611365
0.0029563221065951784
0.0015958020934890137
0.002227652124930492
0.0025022151683299926
GEN 145 time 1602413331
0.0017058410808370235
0.0019331241698611365
0.0029563221065951784
0.0015958020934890137
0.002227652124930492
0.0025022151683299926
GEN 146 time 1602413349
0.0017058410808370235
0.0019331241698611365
0.0029563221065951784
0.0015958020934890137
0.002227652124930492
0.0025022151683299926
GEN 147 time 1602413368
0.0017058410808370235
0.0019331241698611365
0.0029563221065951784
0.0015958020934890137
0.002227652124930492
0.0025022151683299926
GEN 148 time 1602413386
0.0017058410808370235
0.0019331241698611365
0.0029563221065951784
0.0015958020934890137
0.002227652124930492
0.0025022151683299926
GEN 149 time 1602413404
0.0017058410808370235
0.0019331241698611365
0.0029563221065951784
0.0015958020934890137
0.002227652124930492
0.0025022151683299926
GEN 150 time 1602413422
0.0017058410808370235
0.0019331241698611365
0.0029563221065951784
0.0015958020934890137
0.002227652124930492
0.0025022151683299926
GEN 151 time 1602413440
0.0017058410808370235
0.0019331241698611365
0.0029563221065951784
0.0015958020934890137
0.002227652124930492
0.0025022151683299926
GEN 152 time 1602413458
0.0017058410808370235
0.0019331241698611365
0.0029563221065951784
0.0015958020934890137
0.002227652124930492
0.0025022151683299926
GEN 153 time 1602413477
0.0017058410808370235
0.0019331241698611365
0.0029563221065951784
0.0015958020934890137
0.002182092356853676
0.0025022151683299926
GEN 154 time 1602413495
0.0017058410808370235
0.0019331241698611365
0.0029563221065951784
0.0015958020934890137
0.002182092356853676
0.0025022151683299926
GEN 155 time 1602413514
0.0017058410808370235
0.0019331241698611365
0.0029563221065951784
0.0015958020934890137
0.002182092356853676
0.0021021751683299923
GEN 156 time 1602413532
0.0017058410808370235
0.0019331241698611365
0.0029563221065951784
0.0015958020934890137
0.002182092356853676
0.0021021751683299923
GEN 157 time 1602413550
0.0017058410808370235
0.0019331241698611365
0.0029563221065951784
0.0015958020934890137
0.002182092356853676
0.0021021751683299923
GEN 158 time 1602413569
0.0017058410808370235
0.0019331241698611365
0.0029563221065951784
0.0015958020934890137
0.002182092356853676
0.0021021751683299923
GEN 159 time 1602413587
0.0017058410808370235
0.0019331241698611365
0.0029563221065951784
0.0015958020934890137
0.002182092356853676
0.0021021751683299923
GEN 160 time 1602413605
0.0017058410808370235
0.0019331241698611365
0.0029563221065951784
0.0015958020934890137
0.002182092356853676
0.0021021751683299923
GEN 161 time 1602413623
0.0017058410808370235
0.0019331241698611365
0.0029563221065951784
0.0015958020934890137
0.002182092356853676
0.0021021751683299923
GEN 162 time 1602413641
0.0017058410808370235
0.0019331241698611365
0.0029563221065951784
0.0015958020934890137
0.002182092356853676
0.0021021751683299923
GEN 163 time 1602413659
0.0017058410808370235
0.0019331241698611365
0.0029563221065951784
0.0015958020934890137
0.002182092356853676
0.0021021751683299923
GEN 164 time 1602413677
0.0017058410808370235
0.0019331241698611365
0.0029563221065951784
0.0015958020934890137
0.002182092356853676
0.0021021751683299923
GEN 165 time 1602413695
0.0017058410808370235
0.0019331241698611365
0.0029563221065951784
0.0015958020934890137
0.002182092356853676
0.0021021751683299923
GEN 166 time 1602413713
0.0017058410808370235
0.0019331241698611365
0.0029563221065951784
0.0015958020934890137
0.002182092356853676
0.0021021751683299923
GEN 167 time 1602413731
0.0017058410808370235
0.0019331241698611365
0.0029563221065951784
0.0015958020934890137
0.002182092356853676
0.0021021751683299923
GEN 168 time 1602413749
0.0017058410808370235
0.0019331241698611365
0.0029563221065951784
0.0015958020934890137
0.002182092356853676
0.0021021751683299923
GEN 169 time 1602413767
0.0017058410808370235
0.0019331241698611365
0.0029563221065951784
0.0015958020934890137
0.002182092356853676
0.0021021751683299923
GEN 170 time 1602413785
0.0017058410808370235
0.0019331241698611365
0.0029563221065951784
0.0015958020934890137
0.002182092356853676
0.0021021751683299923
GEN 171 time 1602413803
0.0017058410808370235
0.0019331241698611365
0.0029563221065951784
0.0015958020934890137
0.002182092356853676
0.0021021751683299923
GEN 172 time 1602413822
0.0017058410808370235
0.0019331241698611365
0.0029563221065951784
0.0015958020934890137
0.002182092356853676
0.0021021751683299923
GEN 173 time 1602413840
0.0017058410808370235
0.0019331241698611365
0.0029563221065951784
0.0015958020934890137
0.002086623225364033
0.0021021751683299923
GEN 174 time 1602413858
0.0017058410808370235
0.0019331241698611365
0.0029563221065951784
0.0015958020934890137
0.002086623225364033
0.0021021751683299923
GEN 175 time 1602413876
0.0017058410808370235
0.0019331241698611365
0.0029563221065951784
0.0015958020934890137
0.002086623225364033
0.0019282987027134746
GEN 176 time 1602413894
0.0017058410808370235
0.0019331241698611365
0.0029563221065951784
0.0015958020934890137
0.002086623225364033
0.0019282987027134746
GEN 177 time 1602413912
0.0017058410808370235
0.0019331241698611365
0.0029563221065951784
0.0015958020934890137
0.002086623225364033
0.0019282987027134746
GEN 178 time 1602413930
0.0017058410808370235
0.0019331241698611365
0.0029563221065951784
0.0015958020934890137
0.002086623225364033
0.0019282987027134746
GEN 179 time 1602413948
0.0017058410808370235
0.0019331241698611365
0.0029563221065951784
0.0015958020934890137
0.002086623225364033
0.0019282987027134746
GEN 180 time 1602413966
0.0017058410808370235
0.0019331241698611365
0.0029563221065951784
0.0015958020934890137
0.002086623225364033
0.0019282987027134746
GEN 181 time 1602413985
0.0017058410808370235
0.0019331241698611365
0.0029563221065951784
0.0015958020934890137
0.002086623225364033
0.0019282987027134746
GEN 182 time 1602414003
0.0017058410808370235
0.0019331241698611365
0.0029563221065951784
0.0015958020934890137
0.002086623225364033
0.0019282987027134746
GEN 183 time 1602414021
0.0017058410808370235
0.0019331241698611365
0.0029563221065951784
0.0015958020934890137
0.002086623225364033
0.0019282987027134746
GEN 184 time 1602414039
0.0017058410808370235
0.0019331241698611365
0.0029563221065951784
0.0015958020934890137
0.002086623225364033
0.0019282987027134746
GEN 185 time 1602414057
0.0017058410808370235
0.0019331241698611365
0.0029563221065951784
0.0015958020934890137
0.002086623225364033
0.0019282987027134746
GEN 186 time 1602414075
0.0017058410808370235
0.0019331241698611365
0.0029563221065951784
0.0015958020934890137
0.002086623225364033
0.0019282987027134746
GEN 187 time 1602414093
0.0017058410808370235
0.0019331241698611365
0.0029563221065951784
0.0015958020934890137
0.002086623225364033
0.0019282987027134746
GEN 188 time 1602414111
0.0017058410808370235
0.0019331241698611365
0.0029563221065951784
0.0015958020934890137
0.002086623225364033
0.0019282987027134746
GEN 189 time 1602414130
0.0017058410808370235
0.0019331241698611365
0.0029563221065951784
0.0015958020934890137
0.002086623225364033
0.0019282987027134746
GEN 190 time 1602414148
0.0017058410808370235
0.0019331241698611365
0.0029563221065951784
0.0015958020934890137
0.002086623225364033
0.0019282987027134746
GEN 191 time 1602414166
0.0017058410808370235
0.0019331241698611365
0.0029563221065951784
0.0015958020934890137
0.002086623225364033
0.0019282987027134746
GEN 192 time 1602414184
0.0017058410808370235
0.0019331241698611365
0.0029563221065951784
0.0015958020934890137
0.002086623225364033
0.0019282987027134746
GEN 193 time 1602414203
0.0017058410808370235
0.0019331241698611365
0.0029563221065951784
0.0015958020934890137
0.002086623225364033
0.0019282987027134746
GEN 194 time 1602414221
0.0017058410808370235
0.0019331241698611365
0.0029563221065951784
0.0015958020934890137
0.002086623225364033
0.0019282987027134746
GEN 195 time 1602414240
0.0017058410808370235
0.0019331241698611365
0.0029563221065951784
0.0015958020934890137
0.002086623225364033
0.0019282987027134746
GEN 196 time 1602414258
0.0017058410808370235
0.0019331241698611365
0.0029563221065951784
0.0015958020934890137
0.002086623225364033
0.0019282987027134746
GEN 197 time 1602414276
0.0017058410808370235
0.0019331241698611365
0.0029563221065951784
0.0015958020934890137
0.002086623225364033
0.0019282987027134746
GEN 198 time 1602414295
0.0017058410808370235
0.0019331241698611365
0.0029563221065951784
0.0015958020934890137
0.002086623225364033
0.0019282987027134746
GEN 199 time 1602414313
0.0017058410808370235
0.0019331241698611365
0.0029563221065951784
0.0015958020934890137
0.002086623225364033
0.0019282987027134746
