['./data/layer/no-dem6_r25_1.json', './data/layer/no-dem6_r50_1.json', './data/layer/no-dem5_r50_1.json', './data/hop/no-dem6_r50_1_0.json']
GEN 0 time 1581326132
0.001800845181243491
0.002601894244136325
0.002001454341879667
0.002801894244136325
GEN 1 time 1581326136
0.001800845181243491
0.002601809710111492
0.001801454341879667
0.002801894244136325
GEN 2 time 1581326141
0.001800845181243491
0.0020018801793324674
0.0018008177618784036
0.00280131200812476
GEN 3 time 1581326147
0.001800845181243491
0.0020018801793324674
0.0018008177618784036
0.00280131200812476
GEN 4 time 1581326153
0.001800845181243491
0.0020018801793324674
0.0018008177618784036
0.002601894244136325
GEN 5 time 1581326159
0.001800845181243491
0.0020018801793324674
0.0016017773867104362
0.002601894244136325
GEN 6 time 1581326165
0.001800845181243491
0.0020018801793324674
0.0016017773867104362
0.002601894244136325
GEN 7 time 1581326172
0.001800845181243491
0.0020018801793324674
0.0016017773867104362
0.002601894244136325
GEN 8 time 1581326178
0.001800845181243491
0.001801941053422807
0.0016017773867104362
0.002601894244136325
GEN 9 time 1581326185
0.001800845181243491
0.001801941053422807
0.0016017773867104362
0.002401976295392631
GEN 10 time 1581326191
0.001800845181243491
0.0018018801793324676
0.0016017773867104362
0.002401976295392631
GEN 11 time 1581326198
0.001800845181243491
0.0018018801793324676
0.0014019858478101198
0.002401976295392631
GEN 12 time 1581326205
0.001800845181243491
0.0018018801793324676
0.0014019858478101198
0.0024018600366722057
GEN 13 time 1581326212
0.001800845181243491
0.0018018801793324676
0.0014019858478101198
0.0024018600366722057
GEN 14 time 1581326220
0.001800845181243491
0.0018018801793324676
0.0014019858478101198
0.00200110616033324
GEN 15 time 1581326227
0.001800845181243491
0.0018018801793324676
0.0014019858478101198
0.00200110616033324
GEN 16 time 1581326234
0.001800845181243491
0.0018018801793324676
0.0014019858478101198
0.00200110616033324
GEN 17 time 1581326241
0.001800845181243491
0.0018018801793324676
0.0014019858478101198
0.00200110616033324
GEN 18 time 1581326248
0.001800845181243491
0.0018018801793324676
0.0014019858478101198
0.00200110616033324
GEN 19 time 1581326255
0.001800845181243491
0.0018018801793324676
0.0014019858478101198
0.00200110616033324
GEN 20 time 1581326263
0.001800845181243491
0.0016019410534228071
0.0014019858478101198
0.00200110616033324
GEN 21 time 1581326270
0.001800845181243491
0.0016017441371517583
0.0014019858478101198
0.00200110616033324
GEN 22 time 1581326277
0.001800845181243491
0.0016017441371517583
0.0014019253225809355
0.00200110616033324
GEN 23 time 1581326284
0.001800845181243491
0.001401941053422807
0.0014019253225809355
0.00200110616033324
GEN 24 time 1581326292
0.001800845181243491
0.001401941053422807
0.0014019253225809355
0.00200110616033324
GEN 25 time 1581326299
0.001800845181243491
0.001401941053422807
0.0014019253225809355
0.00200110616033324
GEN 26 time 1581326306
0.001800845181243491
0.001401941053422807
0.0014019253225809355
0.0020007731262049857
GEN 27 time 1581326314
0.001800845181243491
0.001401941053422807
0.0014019253225809355
0.0020007731262049857
GEN 28 time 1581326321
0.001800845181243491
0.001401941053422807
0.0014019253225809355
0.0020007731262049857
GEN 29 time 1581326328
0.001800845181243491
0.001401941053422807
0.0014019253225809355
0.0020007731262049857
GEN 30 time 1581326335
0.001800845181243491
0.001401941053422807
0.0014019253225809355
0.0020007731262049857
GEN 31 time 1581326342
0.001800845181243491
0.001401941053422807
0.0014019253225809355
0.0020007731262049857
GEN 32 time 1581326349
0.001800845181243491
0.001401941053422807
0.0014019253225809355
0.0018007731262049854
GEN 33 time 1581326356
0.001800845181243491
0.001401941053422807
0.0014019253225809355
0.0018007731262049854
GEN 34 time 1581326364
0.001800845181243491
0.001401941053422807
0.0014019253225809355
0.0018007731262049854
GEN 35 time 1581326370
0.001800845181243491
0.001401941053422807
0.0014019253225809355
0.0018007731262049854
GEN 36 time 1581326378
0.001800845181243491
0.001401941053422807
0.0014019253225809355
0.0018007731262049854
GEN 37 time 1581326385
0.001800845181243491
0.001401941053422807
0.0014019253225809355
0.0018007731262049854
GEN 38 time 1581326392
0.001800845181243491
0.001401941053422807
0.0014019253225809355
0.0018007731262049854
GEN 39 time 1581326399
0.001800845181243491
0.001401941053422807
0.0014019253225809355
0.0018007731262049854
GEN 40 time 1581326406
0.001800845181243491
0.001401941053422807
0.0014019253225809355
0.0018007731262049854
GEN 41 time 1581326413
0.001800845181243491
0.001401941053422807
0.0014019253225809355
0.0018007731262049854
GEN 42 time 1581326420
0.001800845181243491
0.001401941053422807
0.0014019253225809355
0.0018007731262049854
GEN 43 time 1581326427
0.001800845181243491
0.001401941053422807
0.0014019253225809355
0.0018007731262049854
GEN 44 time 1581326434
0.001800845181243491
0.001401941053422807
0.0014019253225809355
0.0016018801793324677
GEN 45 time 1581326441
0.001800845181243491
0.001401015238097427
0.0014019253225809355
0.0016018801793324677
GEN 46 time 1581326448
0.001800845181243491
0.001401015238097427
0.0014019253225809355
0.0016018801793324677
GEN 47 time 1581326455
0.001800845181243491
0.001401015238097427
0.0014019253225809355
0.0016018801793324677
GEN 48 time 1581326462
0.001800845181243491
0.001401015238097427
0.0014019253225809355
0.0016018801793324677
GEN 49 time 1581326469
0.001800845181243491
0.001401015238097427
0.001400655839346825
0.0016018801793324677
GEN 50 time 1581326477
0.001800845181243491
0.001401015238097427
0.001400655839346825
0.0016018801793324677
GEN 51 time 1581326484
0.001800845181243491
0.001401015238097427
0.001400655839346825
0.0016018801793324677
GEN 52 time 1581326491
0.001800845181243491
0.0012009615011215177
0.001400655839346825
0.0016018801793324677
GEN 53 time 1581326498
0.001800845181243491
0.0012009615011215177
0.001400655839346825
0.0016012769134106236
GEN 54 time 1581326505
0.001800845181243491
0.0012009615011215177
0.001400655839346825
0.0016012769134106236
GEN 55 time 1581326512
0.001800845181243491
0.0012009615011215177
0.001400655839346825
0.0016012769134106236
GEN 56 time 1581326519
0.001800845181243491
0.0012009615011215177
0.001400655839346825
0.0016012769134106236
GEN 57 time 1581326527
0.001800845181243491
0.0012009615011215177
0.001400655839346825
0.0016012769134106236
GEN 58 time 1581326534
0.001800845181243491
0.0012009615011215177
0.001400655839346825
0.0016012769134106236
GEN 59 time 1581326541
0.001800845181243491
0.0012009615011215177
0.001400655839346825
0.0016010178432566942
GEN 60 time 1581326548
0.001800845181243491
0.0012009615011215177
0.001400655839346825
0.0016010178432566942
GEN 61 time 1581326555
0.001800845181243491
0.0012009615011215177
0.001400655839346825
0.0016010178432566942
GEN 62 time 1581326562
0.001800845181243491
0.0012009615011215177
0.001400655839346825
0.001600961501121518
GEN 63 time 1581326569
0.001800845181243491
0.0012009615011215177
0.001400655839346825
0.001600961501121518
GEN 64 time 1581326576
0.001800845181243491
0.0012009615011215177
0.001400655839346825
0.001600961501121518
GEN 65 time 1581326583
0.001800845181243491
0.0012009615011215177
0.001400655839346825
0.001600961501121518
GEN 66 time 1581326590
0.001800845181243491
0.0012009615011215177
0.001400655839346825
0.001600961501121518
GEN 67 time 1581326597
0.001800845181243491
0.0012009615011215177
0.001400655839346825
0.001600961501121518
GEN 68 time 1581326604
0.001800845181243491
0.0012009615011215177
0.001400655839346825
0.001600961501121518
GEN 69 time 1581326612
0.001800845181243491
0.0012009615011215177
0.001400655839346825
0.001600961501121518
GEN 70 time 1581326619
0.001800845181243491
0.0012009615011215177
0.001400655839346825
0.001600961501121518
GEN 71 time 1581326626
0.001800845181243491
0.0012009615011215177
0.001400655839346825
0.001600961501121518
GEN 72 time 1581326633
0.001800845181243491
0.0012009615011215177
0.001400655839346825
0.001600961501121518
GEN 73 time 1581326640
0.001800845181243491
0.0012009615011215177
0.001400655839346825
0.001600961501121518
GEN 74 time 1581326647
0.001800845181243491
0.0012009615011215177
0.001400655839346825
0.001600961501121518
GEN 75 time 1581326654
0.001800845181243491
0.0012009615011215177
0.001400655839346825
0.001600961501121518
GEN 76 time 1581326661
0.001800845181243491
0.0012009615011215177
0.001400655839346825
0.001600961501121518
GEN 77 time 1581326668
0.001800845181243491
0.0012009615011215177
0.001400655839346825
0.001600961501121518
GEN 78 time 1581326675
0.001800845181243491
0.0012009615011215177
0.001400655839346825
0.001600961501121518
GEN 79 time 1581326682
0.001800845181243491
0.0012009615011215177
0.001400655839346825
0.001600961501121518
GEN 80 time 1581326689
0.001800845181243491
0.0012009615011215177
0.001400655839346825
0.001600961501121518
GEN 81 time 1581326697
0.001800845181243491
0.00100195773774855
0.001400655839346825
0.001600961501121518
GEN 82 time 1581326704
0.001800845181243491
0.00100195773774855
0.001400655839346825
0.001600961501121518
GEN 83 time 1581326711
0.001800845181243491
0.00100195773774855
0.001400655839346825
0.001600961501121518
GEN 84 time 1581326718
0.001800845181243491
0.00100195773774855
0.001400655839346825
0.001600961501121518
GEN 85 time 1581326726
0.001800845181243491
0.00100195773774855
0.001400655839346825
0.001600961501121518
GEN 86 time 1581326733
0.001800845181243491
0.00100195773774855
0.001400655839346825
0.001600961501121518
GEN 87 time 1581326740
0.001800845181243491
0.00100195773774855
0.001400655839346825
0.001600961501121518
GEN 88 time 1581326747
0.001800845181243491
0.00100195773774855
0.001400655839346825
0.001600961501121518
GEN 89 time 1581326755
0.001800845181243491
0.00100195773774855
0.001400655839346825
0.001600961501121518
GEN 90 time 1581326762
0.001800845181243491
0.00100195773774855
0.001400655839346825
0.001600961501121518
GEN 91 time 1581326770
0.001800845181243491
0.00100195773774855
0.001400655839346825
0.0014018942441363245
GEN 92 time 1581326777
0.001800845181243491
0.00100195773774855
0.001400655839346825
0.0014018942441363245
GEN 93 time 1581326784
0.001800845181243491
0.00100195773774855
0.001400655839346825
0.0014018942441363245
GEN 94 time 1581326792
0.001800845181243491
0.00100195773774855
0.001400655839346825
0.0014018942441363245
GEN 95 time 1581326799
0.001800845181243491
0.00100195773774855
0.001400655839346825
0.0014018942441363245
GEN 96 time 1581326807
0.001800845181243491
0.00100195773774855
0.001400655839346825
0.0014018942441363245
GEN 97 time 1581326814
0.001800845181243491
0.00100195773774855
0.001400655839346825
0.0014018942441363245
GEN 98 time 1581326821
0.001800845181243491
0.00100195773774855
0.001400655839346825
0.0014018942441363245
GEN 99 time 1581326829
0.001800845181243491
0.00100195773774855
0.001400655839346825
0.0014018942441363245
