['./data/small/layer/uu-dem1_r25_1.json', './data/small/layer/uu-dem4_r25_1.json', './data/small/layer/uu-dem5_r25_1.json', './data/small/hop/uu-dem1_r25_1_0.json', './data/small/hop/uu-dem10_r25_1_0.json', './data/small/hop/uu-dem2_r25_1_0.json']
GEN 0 time 1617238330
0.001255557676989396
0.0014584555404298799
0.002191164823506423
0.0012350779701986384
0.0016062407926693307
0.0012311414772159996
GEN 1 time 1617238332
0.001255557676989396
0.0014584555404298799
0.002191164823506423
0.0012350779701986384
0.0016062407926693307
0.0012311414772159996
GEN 2 time 1617238334
0.001255557676989396
0.0014584555404298799
0.002191164823506423
0.0012192997261674388
0.0016062407926693307
0.0012299041437582189
GEN 3 time 1617238335
0.001255557676989396
0.0014584555404298799
0.002191164823506423
0.0012192997261674388
0.0016062407926693307
0.001099533875556007
GEN 4 time 1617238337
0.001255557676989396
0.0014584555404298799
0.002191164823506423
0.0012192997261674388
0.0016062407926693307
0.0010822407443962247
GEN 5 time 1617238339
0.001255557676989396
0.0014584555404298799
0.002191164823506423
0.001188031059245777
0.0014230840399722807
0.0010822407443962247
GEN 6 time 1617238341
0.001242004591752547
0.0014584555404298799
0.002191164823506423
0.0011682848869347486
0.0014230840399722807
0.0010822407443962247
GEN 7 time 1617238343
0.001242004591752547
0.0014584555404298799
0.002191164823506423
0.0011682848869347486
0.0014230840399722807
0.0010822407443962247
GEN 8 time 1617238345
0.0012054274761236089
0.0014584555404298799
0.002191164823506423
0.0011682848869347486
0.0014230840399722807
0.00105137868836525
GEN 9 time 1617238347
0.0012054274761236089
0.0014584555404298799
0.002191164823506423
0.001098069900082297
0.0014230840399722807
0.0010368338574941684
GEN 10 time 1617238349
0.0012054274761236089
0.0014584555404298799
0.002191164823506423
0.0010656699637219213
0.0014230840399722807
0.0010210377553879668
GEN 11 time 1617238351
0.0011512795533306461
0.0014584555404298799
0.002191164823506423
0.0010656699637219213
0.0014230840399722807
0.0010210377553879668
GEN 12 time 1617238353
0.0011512795533306461
0.0014584555404298799
0.002191164823506423
0.0010656699637219213
0.0014230840399722807
0.0010210377553879668
GEN 13 time 1617238355
0.0011512795533306461
0.0014584555404298799
0.002191164823506423
0.0010656699637219213
0.0014230840399722807
0.0010210377553879668
GEN 14 time 1617238357
0.0011512795533306461
0.0014584555404298799
0.002191164823506423
0.0010656699637219213
0.0014230840399722807
0.0010210377553879668
GEN 15 time 1617238359
0.0011512795533306461
0.0014584555404298799
0.002191164823506423
0.0010656699637219213
0.0014230840399722807
0.0010210377553879668
GEN 16 time 1617238361
0.0011512795533306461
0.0014584555404298799
0.002191164823506423
0.0010656699637219213
0.0014230840399722807
0.0010210377553879668
GEN 17 time 1617238363
0.0011512795533306461
0.0014584555404298799
0.002191164823506423
0.0010656699637219213
0.0014230840399722807
0.0010210377553879668
GEN 18 time 1617238365
0.0011512795533306461
0.0014584555404298799
0.002191164823506423
0.0010656699637219213
0.0014230840399722807
0.0010210377553879668
GEN 19 time 1617238367
0.0011512795533306461
0.0014584555404298799
0.002191164823506423
0.0010656699637219213
0.0014104927326856257
0.0010065816330853768
GEN 20 time 1617238369
0.0011512795533306461
0.0014584555404298799
0.002191164823506423
0.0010656699637219213
0.0014104927326856257
0.0010065816330853768
GEN 21 time 1617238371
0.0011512795533306461
0.0014584555404298799
0.002191164823506423
0.0010656699637219213
0.0012948221746119305
0.0008970053089545661
GEN 22 time 1617238373
0.0011512795533306461
0.0014584555404298799
0.002191164823506423
0.0010656699637219213
0.0012948221746119305
0.0008970053089545661
GEN 23 time 1617238375
0.0011512795533306461
0.0014584555404298799
0.002191164823506423
0.0010431946167912829
0.0012948221746119305
0.0008970053089545661
GEN 24 time 1617238377
0.0011512795533306461
0.0014584555404298799
0.002191164823506423
0.0010243420734103615
0.0012948221746119305
0.0008970053089545661
GEN 25 time 1617238379
0.0011512795533306461
0.0014584555404298799
0.002191164823506423
0.0010243420734103615
0.0012948221746119305
0.0008970053089545661
GEN 26 time 1617238381
0.0011512795533306461
0.0014584555404298799
0.002191164823506423
0.0010243420734103615
0.0012948221746119305
0.0008970053089545661
GEN 27 time 1617238383
0.0011512795533306461
0.0014584555404298799
0.002191164823506423
0.0010243420734103615
0.0012948221746119305
0.0008970053089545661
GEN 28 time 1617238385
0.0011512795533306461
0.0014584555404298799
0.002191164823506423
0.0010243420734103615
0.0012948221746119305
0.0008970053089545661
GEN 29 time 1617238387
0.0011512795533306461
0.0014584555404298799
0.002191164823506423
0.0010243420734103615
0.0012663356199706629
0.0008970053089545661
GEN 30 time 1617238389
0.0011512795533306461
0.0014584555404298799
0.002191164823506423
0.0010243420734103615
0.0012607405226950931
0.0008970053089545661
GEN 31 time 1617238391
0.0011512795533306461
0.0014584555404298799
0.002191164823506423
0.0010243420734103615
0.0012607405226950931
0.0008970053089545661
GEN 32 time 1617238393
0.0011512795533306461
0.0014584555404298799
0.002191164823506423
0.0010243420734103615
0.0012607405226950931
0.0008970053089545661
GEN 33 time 1617238395
0.0011512795533306461
0.0014584555404298799
0.002191164823506423
0.0010243420734103615
0.0012607405226950931
0.0008970053089545661
GEN 34 time 1617238397
0.0011512795533306461
0.0014584555404298799
0.002191164823506423
0.0010243420734103615
0.0012607405226950931
0.0008970053089545661
GEN 35 time 1617238399
0.0011512795533306461
0.0014584555404298799
0.002191164823506423
0.0010243420734103615
0.0012607405226950931
0.0008970053089545661
GEN 36 time 1617238401
0.0011512795533306461
0.0014584555404298799
0.002191164823506423
0.0010243420734103615
0.0012607405226950931
0.0008970053089545661
GEN 37 time 1617238403
0.0011512795533306461
0.0014584555404298799
0.002191164823506423
0.0010243420734103615
0.0012230640399722805
0.0008970053089545661
GEN 38 time 1617238405
0.0011512795533306461
0.0014584555404298799
0.002191164823506423
0.0010243420734103615
0.0012230640399722805
0.0008970053089545661
GEN 39 time 1617238407
0.0011512795533306461
0.0014584555404298799
0.002191164823506423
0.0010243420734103615
0.0012230640399722805
0.0008970053089545661
GEN 40 time 1617238409
0.0011512795533306461
0.0014584555404298799
0.002191164823506423
0.0010243420734103615
0.0012230640399722805
0.0008970053089545661
GEN 41 time 1617238411
0.0011512795533306461
0.0014584555404298799
0.002191164823506423
0.0010243420734103615
0.0012230640399722805
0.0008970053089545661
GEN 42 time 1617238412
0.0011512795533306461
0.0014584555404298799
0.002191164823506423
0.0010112929471460654
0.0012230640399722805
0.0008970053089545661
GEN 43 time 1617238414
0.0011512795533306461
0.0014584555404298799
0.002191164823506423
0.0010112929471460654
0.0012230640399722805
0.0008970053089545661
GEN 44 time 1617238416
0.0011512795533306461
0.0014584555404298799
0.002191164823506423
0.0010112929471460654
0.0012230640399722805
0.0008970053089545661
GEN 45 time 1617238418
0.0011512795533306461
0.0014584555404298799
0.002191164823506423
0.0010112929471460654
0.0012230640399722805
0.0008970053089545661
GEN 46 time 1617238420
0.0011512795533306461
0.0014584555404298799
0.002191164823506423
0.0009880110592457771
0.0012230640399722805
0.0008970053089545661
GEN 47 time 1617238422
0.0011512795533306461
0.0014584555404298799
0.002191164823506423
0.0009880110592457771
0.0012230640399722805
0.0008970053089545661
GEN 48 time 1617238424
0.0011512795533306461
0.0014584555404298799
0.002191164823506423
0.0009880110592457771
0.0012230640399722805
0.0008970053089545661
GEN 49 time 1617238426
0.0011512795533306461
0.0014584555404298799
0.002191164823506423
0.0009880110592457771
0.0012230640399722805
0.0008970053089545661
GEN 50 time 1617238428
0.0011512795533306461
0.0014584555404298799
0.002191164823506423
0.0009709363290650128
0.0012230640399722805
0.0008970053089545661
GEN 51 time 1617238430
0.0011512795533306461
0.0014584555404298799
0.002191164823506423
0.0009709363290650128
0.0012230640399722805
0.0008970053089545661
GEN 52 time 1617238432
0.0011512795533306461
0.0014584555404298799
0.002191164823506423
0.0009709363290650128
0.0012230640399722805
0.0008970053089545661
GEN 53 time 1617238434
0.0011512795533306461
0.0014584555404298799
0.002191164823506423
0.0009709363290650128
0.0012230640399722805
0.0008970053089545661
GEN 54 time 1617238436
0.0011512795533306461
0.0014584555404298799
0.002191164823506423
0.0009709363290650128
0.0012230640399722805
0.0008970053089545661
GEN 55 time 1617238438
0.0011512795533306461
0.0014584555404298799
0.002191164823506423
0.0009709363290650128
0.0012230640399722805
0.0008927880858130958
GEN 56 time 1617238440
0.0011512795533306461
0.0014584555404298799
0.002191164823506423
0.0009709363290650128
0.0012230640399722805
0.0008927880858130958
GEN 57 time 1617238442
0.0011512795533306461
0.0014584555404298799
0.002191164823506423
0.0009709363290650128
0.0012230640399722805
0.0008927880858130958
GEN 58 time 1617238444
0.0011512795533306461
0.0014584555404298799
0.002191164823506423
0.0009709363290650128
0.0012230640399722805
0.0008927880858130958
GEN 59 time 1617238446
0.0011512795533306461
0.0014584555404298799
0.002191164823506423
0.0009709363290650128
0.0012230640399722805
0.0008927880858130958
GEN 60 time 1617238448
0.0011512795533306461
0.0014584555404298799
0.002191164823506423
0.0009709363290650128
0.0012230640399722805
0.0008927880858130958
GEN 61 time 1617238450
0.0011512795533306461
0.0014584555404298799
0.002191164823506423
0.0009709363290650128
0.0012230640399722805
0.0008927880858130958
GEN 62 time 1617238452
0.0011512795533306461
0.0014584555404298799
0.002191164823506423
0.0009709363290650128
0.0012230640399722805
0.0008891282210351063
GEN 63 time 1617238454
0.0011512795533306461
0.0014584555404298799
0.002191164823506423
0.0009709363290650128
0.0012230640399722805
0.0008891282210351063
GEN 64 time 1617238456
0.0011512795533306461
0.0014584555404298799
0.002191164823506423
0.0009709363290650128
0.0012230640399722805
0.0008402186920705157
GEN 65 time 1617238458
0.0011512795533306461
0.0014584555404298799
0.002191164823506423
0.0009709363290650128
0.0012230640399722805
0.0008402186920705157
GEN 66 time 1617238460
0.0011512795533306461
0.0014584555404298799
0.002191164823506423
0.0009709363290650128
0.0012230640399722805
0.0008402186920705157
GEN 67 time 1617238462
0.0011512795533306461
0.0014584555404298799
0.002191164823506423
0.0008740262746818491
0.0012230640399722805
0.0008402186920705157
GEN 68 time 1617238464
0.0011512795533306461
0.0014584555404298799
0.002191164823506423
0.0008740262746818491
0.0012230640399722805
0.0008402186920705157
GEN 69 time 1617238466
0.0011512795533306461
0.0014584555404298799
0.002191164823506423
0.0008740262746818491
0.0012230640399722805
0.0008402186920705157
GEN 70 time 1617238468
0.0011512795533306461
0.0014584555404298799
0.002191164823506423
0.0008740262746818491
0.0012230640399722805
0.0008402186920705157
GEN 71 time 1617238470
0.0011512795533306461
0.0014584555404298799
0.002191164823506423
0.0008740262746818491
0.0012230640399722805
0.0008402186920705157
GEN 72 time 1617238472
0.0011512795533306461
0.0014584555404298799
0.002191164823506423
0.0008740262746818491
0.0012230640399722805
0.0008402186920705157
GEN 73 time 1617238474
0.0011512795533306461
0.0014584555404298799
0.002191164823506423
0.0008740262746818491
0.0012230640399722805
0.0008402186920705157
GEN 74 time 1617238476
0.0011512795533306461
0.0014584555404298799
0.002191164823506423
0.0008740262746818491
0.0012230640399722805
0.0008402186920705157
GEN 75 time 1617238478
0.0011512795533306461
0.0014584555404298799
0.002191164823506423
0.0008740262746818491
0.0012230640399722805
0.0008402186920705157
GEN 76 time 1617238479
0.0011512795533306461
0.0014584555404298799
0.002191164823506423
0.0008740262746818491
0.0012230640399722805
0.0008402186920705157
GEN 77 time 1617238481
0.0011512795533306461
0.0014584555404298799
0.002191164823506423
0.0008740262746818491
0.0012230640399722805
0.0008402186920705157
GEN 78 time 1617238483
0.0011512795533306461
0.0014584555404298799
0.002191164823506423
0.0008740262746818491
0.0012230640399722805
0.0008402186920705157
GEN 79 time 1617238485
0.0011512795533306461
0.0014584555404298799
0.002191164823506423
0.0008740262746818491
0.0012230640399722805
0.0008402186920705157
GEN 80 time 1617238487
0.0011512795533306461
0.0014584555404298799
0.002191164823506423
0.0008740262746818491
0.0012230640399722805
0.0008402186920705157
GEN 81 time 1617238489
0.0011512795533306461
0.0014584555404298799
0.002191164823506423
0.0008740262746818491
0.0012230640399722805
0.0008402186920705157
GEN 82 time 1617238491
0.0011512795533306461
0.0014584555404298799
0.002191164823506423
0.0008740262746818491
0.0012230640399722805
0.0008402186920705157
GEN 83 time 1617238493
0.0011512795533306461
0.0014584555404298799
0.002191164823506423
0.0008740262746818491
0.0012230640399722805
0.0008402186920705157
GEN 84 time 1617238495
0.0011512795533306461
0.0014584555404298799
0.002191164823506423
0.0008740262746818491
0.0012230640399722805
0.0008323440943079441
GEN 85 time 1617238497
0.0011512795533306461
0.0014584555404298799
0.002191164823506423
0.0008740262746818491
0.0012230640399722805
0.0008323440943079441
GEN 86 time 1617238499
0.0011512795533306461
0.0014584555404298799
0.002191164823506423
0.0008740262746818491
0.0012230640399722805
0.0008323440943079441
GEN 87 time 1617238501
0.0011512795533306461
0.0014584555404298799
0.002191164823506423
0.0008740262746818491
0.0012230640399722805
0.0008323440943079441
GEN 88 time 1617238503
0.0011512795533306461
0.0014584555404298799
0.002191164823506423
0.0008740262746818491
0.0012230640399722805
0.0008323440943079441
GEN 89 time 1617238505
0.0011512795533306461
0.0014584555404298799
0.002191164823506423
0.0008700855299277395
0.0012230640399722805
0.0008323440943079441
GEN 90 time 1617238507
0.0011512795533306461
0.0014584555404298799
0.002191164823506423
0.0008700855299277395
0.0012230640399722805
0.0008323440943079441
GEN 91 time 1617238509
0.0011512795533306461
0.0014584555404298799
0.002191164823506423
0.0008700855299277395
0.0012230640399722805
0.0008323440943079441
GEN 92 time 1617238511
0.0011512795533306461
0.0014584555404298799
0.002191164823506423
0.0008700855299277395
0.0012230640399722805
0.0008323440943079441
GEN 93 time 1617238513
0.0011512795533306461
0.0014584555404298799
0.002191164823506423
0.0008700855299277395
0.0012230640399722805
0.0008323440943079441
GEN 94 time 1617238515
0.0011512795533306461
0.0014584555404298799
0.002191164823506423
0.0008700855299277395
0.0012230640399722805
0.0008210177553879669
GEN 95 time 1617238517
0.0011512795533306461
0.0014584555404298799
0.002191164823506423
0.0008700855299277395
0.0012167991657516853
0.0008210177553879669
GEN 96 time 1617238519
0.0011512795533306461
0.0014584555404298799
0.002191164823506423
0.0008700855299277395
0.0012167991657516853
0.0008210177553879669
GEN 97 time 1617238521
0.0011512795533306461
0.0014584555404298799
0.002191164823506423
0.0008551505976080603
0.0012167991657516853
0.0008210177553879669
GEN 98 time 1617238523
0.0011512795533306461
0.0014584555404298799
0.002191164823506423
0.0008551505976080603
0.0012167991657516853
0.0008210177553879669
GEN 99 time 1617238525
0.0011512795533306461
0.0014584555404298799
0.002191164823506423
0.0008551505976080603
0.0012167991657516853
0.0008210177553879669
GEN 100 time 1617238527
0.0011512795533306461
0.0014584555404298799
0.002191164823506423
0.0008551505976080603
0.0012167991657516853
0.0008210177553879669
GEN 101 time 1617238529
0.0011512795533306461
0.0014584555404298799
0.002191164823506423
0.0008551505976080603
0.0012167991657516853
0.0008210177553879669
GEN 102 time 1617238531
0.0011512795533306461
0.0014584555404298799
0.002191164823506423
0.0008551505976080603
0.0012167991657516853
0.0008210177553879669
GEN 103 time 1617238533
0.0011512795533306461
0.0014584555404298799
0.002191164823506423
0.0008551505976080603
0.0012167991657516853
0.0008210177553879669
GEN 104 time 1617238535
0.0011512795533306461
0.0014584555404298799
0.002191164823506423
0.0008551505976080603
0.0012167991657516853
0.0008210177553879669
GEN 105 time 1617238537
0.0011512795533306461
0.0014584555404298799
0.002191164823506423
0.0008551505976080603
0.0012167991657516853
0.0008210177553879669
GEN 106 time 1617238539
0.0011512795533306461
0.0014584555404298799
0.002191164823506423
0.0008551505976080603
0.0012167991657516853
0.0008210177553879669
GEN 107 time 1617238541
0.0011512795533306461
0.0014584555404298799
0.002191164823506423
0.0008551505976080603
0.0012167991657516853
0.0008210177553879669
GEN 108 time 1617238543
0.0011512795533306461
0.0014584555404298799
0.002191164823506423
0.0008551505976080603
0.0012167991657516853
0.0008210177553879669
GEN 109 time 1617238545
0.0011512795533306461
0.0014584555404298799
0.002191164823506423
0.0008551505976080603
0.0012167991657516853
0.0008210177553879669
GEN 110 time 1617238547
0.0011512795533306461
0.0014584555404298799
0.002191164823506423
0.0008551505976080603
0.0012167991657516853
0.0008210177553879669
GEN 111 time 1617238549
0.0011512795533306461
0.0014584555404298799
0.002191164823506423
0.0008551505976080603
0.0012167991657516853
0.0008210177553879669
GEN 112 time 1617238551
0.0011512795533306461
0.0014584555404298799
0.002191164823506423
0.0008551505976080603
0.0012167991657516853
0.0008210177553879669
GEN 113 time 1617238553
0.0011512795533306461
0.0014584555404298799
0.002191164823506423
0.0008551505976080603
0.0012167991657516853
0.0008210177553879669
GEN 114 time 1617238555
0.0011512795533306461
0.0014584555404298799
0.002191164823506423
0.0008551505976080603
0.0012167991657516853
0.0008210177553879669
GEN 115 time 1617238557
0.0011512795533306461
0.0014584555404298799
0.002191164823506423
0.0008551505976080603
0.0012167991657516853
0.0008210177553879669
GEN 116 time 1617238558
0.0011512795533306461
0.0014584555404298799
0.002191164823506423
0.0008551505976080603
0.0012167991657516853
0.0008210177553879669
GEN 117 time 1617238560
0.0011512795533306461
0.0014584555404298799
0.002191164823506423
0.0008551505976080603
0.0012167991657516853
0.0008210177553879669
GEN 118 time 1617238562
0.0011512795533306461
0.0014584555404298799
0.002191164823506423
0.0008551505976080603
0.0012167991657516853
0.0008210177553879669
GEN 119 time 1617238564
0.0011512795533306461
0.0014584555404298799
0.002191164823506423
0.0008551505976080603
0.0012167991657516853
0.0008210177553879669
GEN 120 time 1617238566
0.0011512795533306461
0.0014584555404298799
0.002191164823506423
0.0008551505976080603
0.0012167991657516853
0.0008210177553879669
GEN 121 time 1617238568
0.0011512795533306461
0.0014584555404298799
0.002191164823506423
0.0008243220734103615
0.0012167991657516853
0.0008210177553879669
GEN 122 time 1617238570
0.0011512795533306461
0.0014584555404298799
0.002191164823506423
0.0008243220734103615
0.0012167991657516853
0.0008210177553879669
GEN 123 time 1617238572
0.0011512795533306461
0.0014584555404298799
0.002191164823506423
0.0008243220734103615
0.0012167991657516853
0.0008210177553879669
GEN 124 time 1617238574
0.0011512795533306461
0.0014584555404298799
0.002191164823506423
0.0008243220734103615
0.0012167991657516853
0.0008210177553879669
GEN 125 time 1617238576
0.0011512795533306461
0.0014584555404298799
0.002191164823506423
0.0008243220734103615
0.0012167991657516853
0.0008210177553879669
GEN 126 time 1617238578
0.0011512795533306461
0.0014584555404298799
0.002191164823506423
0.0008243220734103615
0.0012167991657516853
0.0008210177553879669
GEN 127 time 1617238580
0.0011512795533306461
0.0014584555404298799
0.002191164823506423
0.0008243220734103615
0.0012167991657516853
0.0008210177553879669
GEN 128 time 1617238582
0.0011512795533306461
0.0014584555404298799
0.002191164823506423
0.0008243220734103615
0.0012167991657516853
0.0008210177553879669
GEN 129 time 1617238584
0.0011512795533306461
0.0014584555404298799
0.002191164823506423
0.0008243220734103615
0.0012167991657516853
0.0008210177553879669
GEN 130 time 1617238586
0.0011512795533306461
0.0014584555404298799
0.002191164823506423
0.0008243220734103615
0.0012167991657516853
0.0008210177553879669
GEN 131 time 1617238588
0.0011512795533306461
0.0014584555404298799
0.002191164823506423
0.0008243220734103615
0.0012167991657516853
0.0008210177553879669
GEN 132 time 1617238590
0.0011512795533306461
0.0014584555404298799
0.002191164823506423
0.0008243220734103615
0.0012167991657516853
0.0008210177553879669
GEN 133 time 1617238592
0.0011512795533306461
0.0014584555404298799
0.002191164823506423
0.0008243220734103615
0.0012167991657516853
0.0008210177553879669
GEN 134 time 1617238594
0.0011512795533306461
0.0014584555404298799
0.002191164823506423
0.0008243220734103615
0.0012167991657516853
0.0008210177553879669
GEN 135 time 1617238596
0.0011512795533306461
0.0014584555404298799
0.002191164823506423
0.0008243220734103615
0.0012167991657516853
0.0008199459959700857
GEN 136 time 1617238598
0.0011512795533306461
0.0014584555404298799
0.002191164823506423
0.0008243220734103615
0.0012167991657516853
0.0008199459959700857
GEN 137 time 1617238600
0.0011512795533306461
0.0014584555404298799
0.002191164823506423
0.0008243220734103615
0.0012167991657516853
0.0008199459959700857
GEN 138 time 1617238602
0.0011512795533306461
0.0014584555404298799
0.002191164823506423
0.0008243220734103615
0.0012167991657516853
0.0008199459959700857
GEN 139 time 1617238604
0.0011512795533306461
0.0014584555404298799
0.002191164823506423
0.0008243220734103615
0.0012167991657516853
0.0008199459959700857
GEN 140 time 1617238606
0.0011512795533306461
0.0014584555404298799
0.002191164823506423
0.0008243220734103615
0.0012167991657516853
0.0008199459959700857
GEN 141 time 1617238608
0.0011512795533306461
0.0014584555404298799
0.002191164823506423
0.0008243220734103615
0.0012167991657516853
0.0008199459959700857
GEN 142 time 1617238610
0.0011512795533306461
0.0014584555404298799
0.002191164823506423
0.0008243220734103615
0.0012167991657516853
0.0008199459959700857
GEN 143 time 1617238612
0.0011512795533306461
0.0014584555404298799
0.002191164823506423
0.0008243220734103615
0.0012167991657516853
0.0008199459959700857
GEN 144 time 1617238614
0.0011512795533306461
0.0014584555404298799
0.002191164823506423
0.0008183887669978242
0.0012167991657516853
0.0008199459959700857
GEN 145 time 1617238616
0.0011512795533306461
0.0014584555404298799
0.002191164823506423
0.0008183887669978242
0.0012167991657516853
0.0008199459959700857
GEN 146 time 1617238618
0.0011512795533306461
0.0014584555404298799
0.002191164823506423
0.0008183887669978242
0.0012167991657516853
0.0008199459959700857
GEN 147 time 1617238620
0.0011512795533306461
0.0014584555404298799
0.002191164823506423
0.0008183887669978242
0.0012167991657516853
0.0008199459959700857
GEN 148 time 1617238622
0.0011512795533306461
0.0014584555404298799
0.002191164823506423
0.0008183887669978242
0.0012167991657516853
0.0008199459959700857
GEN 149 time 1617238624
0.0011512795533306461
0.0014584555404298799
0.002191164823506423
0.0008183887669978242
0.0012167991657516853
0.0008199459959700857
GEN 150 time 1617238626
0.0011512795533306461
0.0014584555404298799
0.002191164823506423
0.0008183887669978242
0.0012167991657516853
0.0008199459959700857
GEN 151 time 1617238628
0.0011512795533306461
0.0014584555404298799
0.002191164823506423
0.0008183887669978242
0.0012167991657516853
0.0008199459959700857
GEN 152 time 1617238630
0.0011512795533306461
0.0014584555404298799
0.002191164823506423
0.0008183887669978242
0.0012167991657516853
0.0008199459959700857
GEN 153 time 1617238632
0.0011512795533306461
0.0014584555404298799
0.002191164823506423
0.0008183887669978242
0.0012167991657516853
0.0008199459959700857
GEN 154 time 1617238634
0.0011512795533306461
0.0014584555404298799
0.002191164823506423
0.0008183887669978242
0.0012167991657516853
0.0008199459959700857
GEN 155 time 1617238636
0.0011512795533306461
0.0014584555404298799
0.002191164823506423
0.0008183887669978242
0.0012167991657516853
0.0008199459959700857
GEN 156 time 1617238637
0.0011512795533306461
0.0014584555404298799
0.002191164823506423
0.0008183887669978242
0.0012167991657516853
0.0008199459959700857
GEN 157 time 1617238639
0.0011512795533306461
0.0014584555404298799
0.002191164823506423
0.0008183887669978242
0.0012167991657516853
0.0008199459959700857
GEN 158 time 1617238641
0.0011512795533306461
0.0014584555404298799
0.002191164823506423
0.0008183887669978242
0.0012167991657516853
0.0008199459959700857
GEN 159 time 1617238643
0.0011512795533306461
0.0014584555404298799
0.002191164823506423
0.0008183887669978242
0.0012167991657516853
0.0008199459959700857
GEN 160 time 1617238645
0.0011512795533306461
0.0014584555404298799
0.002191164823506423
0.0008183887669978242
0.0012167991657516853
0.0008199459959700857
GEN 161 time 1617238647
0.0011512795533306461
0.0014584555404298799
0.002191164823506423
0.0008183887669978242
0.0012167991657516853
0.0008199459959700857
GEN 162 time 1617238649
0.0011512795533306461
0.0014584555404298799
0.002191164823506423
0.0008183887669978242
0.0012167991657516853
0.0008199459959700857
GEN 163 time 1617238651
0.0011512795533306461
0.0014584555404298799
0.002191164823506423
0.0008183887669978242
0.0012167991657516853
0.0008199459959700857
GEN 164 time 1617238653
0.0011512795533306461
0.0014584555404298799
0.002191164823506423
0.0008183887669978242
0.0012167991657516853
0.0008199459959700857
GEN 165 time 1617238655
0.0011512795533306461
0.0014584555404298799
0.002191164823506423
0.0008183887669978242
0.0012167991657516853
0.0008199459959700857
GEN 166 time 1617238657
0.0011512795533306461
0.0014584555404298799
0.002191164823506423
0.0008183887669978242
0.0012167991657516853
0.0008199459959700857
GEN 167 time 1617238659
0.0011512795533306461
0.0014584555404298799
0.002191164823506423
0.0008183887669978242
0.0012167991657516853
0.0008199459959700857
GEN 168 time 1617238661
0.0011512795533306461
0.0014584555404298799
0.002191164823506423
0.0008183887669978242
0.0012167991657516853
0.0008199459959700857
GEN 169 time 1617238663
0.0011512795533306461
0.0014584555404298799
0.002191164823506423
0.0008183887669978242
0.0012167991657516853
0.0008199459959700857
GEN 170 time 1617238665
0.0011512795533306461
0.0014584555404298799
0.002191164823506423
0.0008183887669978242
0.0012167991657516853
0.0008199459959700857
GEN 171 time 1617238667
0.0011512795533306461
0.0014584555404298799
0.002191164823506423
0.0008183887669978242
0.0012167991657516853
0.0008199459959700857
GEN 172 time 1617238669
0.0011512795533306461
0.0014584555404298799
0.002191164823506423
0.0008183887669978242
0.0012167991657516853
0.0008199459959700857
GEN 173 time 1617238671
0.0011512795533306461
0.0014584555404298799
0.002191164823506423
0.0008183887669978242
0.0012167991657516853
0.0008199459959700857
GEN 174 time 1617238673
0.0011512795533306461
0.0014584555404298799
0.002191164823506423
0.0008183887669978242
0.0012167991657516853
0.0008199459959700857
GEN 175 time 1617238675
0.0011512795533306461
0.0014584555404298799
0.002191164823506423
0.0008183887669978242
0.0012167991657516853
0.0008199459959700857
GEN 176 time 1617238677
0.0011512795533306461
0.0014584555404298799
0.002191164823506423
0.0008183887669978242
0.0012167991657516853
0.0008199459959700857
GEN 177 time 1617238679
0.0011512795533306461
0.0014584555404298799
0.002191164823506423
0.0008183887669978242
0.0012167991657516853
0.0008199459959700857
GEN 178 time 1617238681
0.0011512795533306461
0.0014584555404298799
0.002191164823506423
0.0008183887669978242
0.0012167991657516853
0.0008111390725281931
GEN 179 time 1617238683
0.0011512795533306461
0.0014584555404298799
0.002191164823506423
0.0008183887669978242
0.0012167991657516853
0.0008111390725281931
GEN 180 time 1617238685
0.0011512795533306461
0.0014584555404298799
0.002191164823506423
0.0008183887669978242
0.0012167991657516853
0.0008111390725281931
GEN 181 time 1617238687
0.0011512795533306461
0.0014584555404298799
0.002191164823506423
0.0008183887669978242
0.0012167991657516853
0.0008111390725281931
GEN 182 time 1617238689
0.0011512795533306461
0.0014584555404298799
0.002191164823506423
0.0008183887669978242
0.0012167991657516853
0.0008111390725281931
GEN 183 time 1617238691
0.0011512795533306461
0.0014584555404298799
0.002191164823506423
0.0008183887669978242
0.0012167991657516853
0.0008111390725281931
GEN 184 time 1617238693
0.0011512795533306461
0.0014584555404298799
0.002191164823506423
0.0008183887669978242
0.0012167991657516853
0.0008111390725281931
GEN 185 time 1617238695
0.0011512795533306461
0.0014584555404298799
0.002191164823506423
0.0008183887669978242
0.0012167991657516853
0.0008111390725281931
GEN 186 time 1617238697
0.0011512795533306461
0.0014584555404298799
0.002191164823506423
0.0008183887669978242
0.0012167991657516853
0.0008111390725281931
GEN 187 time 1617238699
0.0011512795533306461
0.0014584555404298799
0.002191164823506423
0.0008183887669978242
0.0012167991657516853
0.0008111390725281931
GEN 188 time 1617238701
0.0011512795533306461
0.0014584555404298799
0.002191164823506423
0.0008183887669978242
0.0012167991657516853
0.0008111390725281931
GEN 189 time 1617238703
0.0011512795533306461
0.0014584555404298799
0.002191164823506423
0.0008183887669978242
0.0012167991657516853
0.0008111390725281931
GEN 190 time 1617238705
0.0011512795533306461
0.0014584555404298799
0.002191164823506423
0.0008183887669978242
0.0012167991657516853
0.0008111390725281931
GEN 191 time 1617238707
0.0011512795533306461
0.0014584555404298799
0.002191164823506423
0.0008183887669978242
0.0012167991657516853
0.0008111390725281931
GEN 192 time 1617238709
0.0011512795533306461
0.0014584555404298799
0.002191164823506423
0.0008183887669978242
0.0012167991657516853
0.0008111390725281931
GEN 193 time 1617238711
0.0011512795533306461
0.0014584555404298799
0.002191164823506423
0.0008183887669978242
0.0012167991657516853
0.0008111390725281931
GEN 194 time 1617238713
0.0011512795533306461
0.0014584555404298799
0.002191164823506423
0.0008183887669978242
0.0012167991657516853
0.0008111390725281931
GEN 195 time 1617238715
0.0011512795533306461
0.0014584555404298799
0.002191164823506423
0.0008183887669978242
0.0012167991657516853
0.0008111390725281931
GEN 196 time 1617238717
0.0011512795533306461
0.0014584555404298799
0.002191164823506423
0.0008183887669978242
0.0012167991657516853
0.0008111390725281931
GEN 197 time 1617238718
0.0011512795533306461
0.0014584555404298799
0.002191164823506423
0.0008183887669978242
0.0012167991657516853
0.0008069142151448266
GEN 198 time 1617238720
0.0011512795533306461
0.0014584555404298799
0.002191164823506423
0.0008183887669978242
0.0012167991657516853
0.0008069142151448266
GEN 199 time 1617238722
0.0011512795533306461
0.0014584555404298799
0.002191164823506423
0.0008183887669978242
0.0012167991657516853
0.0008069142151448266
