['./data/layer/uu-dem2_r25_1.json', './data/hop/uu-dem2_r25_1_40.json', './data/hop/uu-dem5_r25_1_40.json', './data/hop/uu-dem1_r25_1_40.json']
GEN 0 time 1590595439
0.0020010464479069327
0.005001081776843749
0.004600925628246259
0.007201570919287768
GEN 1 time 1590595444
0.0020010464479069327
0.005001081776843749
0.004600925628246259
0.007201570919287768
GEN 2 time 1590595448
0.0020010464479069327
0.005001081776843749
0.004600925628246259
0.007001598599352156
GEN 3 time 1590595453
0.0020010464479069327
0.004801326447906932
0.004600925628246259
0.005801361510580301
GEN 4 time 1590595458
0.0020010464479069327
0.004801326447906932
0.004600925628246259
0.005801361510580301
GEN 5 time 1590595462
0.0020010374850779216
0.004801326447906932
0.004600925628246259
0.005801361510580301
GEN 6 time 1590595467
0.0020010374850779216
0.004801326447906932
0.004600925628246259
0.005801361510580301
GEN 7 time 1590595472
0.0018011435114274703
0.004801326447906932
0.004600925628246259
0.005401330926316521
GEN 8 time 1590595477
0.0018011435114274703
0.00480118019832344
0.004600925628246259
0.005401330926316521
GEN 9 time 1590595482
0.0018011435114274703
0.00480118019832344
0.004600925628246259
0.005401330926316521
GEN 10 time 1590595487
0.0018010264479069323
0.004601162044502614
0.004600925628246259
0.005401330926316521
GEN 11 time 1590595492
0.0018010264479069323
0.004601162044502614
0.004401382548615641
0.005401330926316521
GEN 12 time 1590595498
0.0018010264479069323
0.004601162044502614
0.004401382548615641
0.005401330926316521
GEN 13 time 1590595504
0.0018010264479069323
0.004601162044502614
0.0038009987967745156
0.005401330926316521
GEN 14 time 1590595509
0.0018010264479069323
0.004601162044502614
0.0038009987967745156
0.0050014575887712305
GEN 15 time 1590595515
0.0018010264479069323
0.004601162044502614
0.0038009987967745156
0.0050009380908613375
GEN 16 time 1590595520
0.0018010264479069323
0.004601162044502614
0.0038009987967745156
0.0050009380908613375
GEN 17 time 1590595526
0.0018010264479069323
0.004601162044502614
0.0038009987967745156
0.0050009380908613375
GEN 18 time 1590595532
0.0018010264479069323
0.004601162044502614
0.0038009987967745156
0.004200946626471313
GEN 19 time 1590595538
0.0018010264479069323
0.004601162044502614
0.0038009987967745156
0.004200946626471313
GEN 20 time 1590595544
0.0018010264479069323
0.004601162044502614
0.0038009987967745156
0.004200946626471313
GEN 21 time 1590595550
0.0018010264479069323
0.0042013408364700265
0.0038009987967745156
0.004200946626471313
GEN 22 time 1590595555
0.0018010264479069323
0.0042013408364700265
0.0038009987967745156
0.004200946626471313
GEN 23 time 1590595561
0.0018010264479069323
0.0042013408364700265
0.0038009987967745156
0.004200946626471313
GEN 24 time 1590595567
0.0018010264479069323
0.0042013408364700265
0.0038009987967745156
0.004200946626471313
GEN 25 time 1590595573
0.0018010264479069323
0.0042013408364700265
0.0038009987967745156
0.004200946626471313
GEN 26 time 1590595579
0.0018010264479069323
0.0042013408364700265
0.0038009987967745156
0.004200946626471313
GEN 27 time 1590595585
0.0018010264479069323
0.0042013408364700265
0.0038009987967745156
0.004200946626471313
GEN 28 time 1590595591
0.0018010264479069323
0.0042013408364700265
0.0038009987967745156
0.004200946626471313
GEN 29 time 1590595597
0.0018010264479069323
0.0042013408364700265
0.0038009987967745156
0.004200946626471313
GEN 30 time 1590595603
0.0018010264479069323
0.0042013408364700265
0.0038009987967745156
0.004200946626471313
GEN 31 time 1590595609
0.0018010264479069323
0.0042013408364700265
0.0038009987967745156
0.004200946626471313
GEN 32 time 1590595616
0.0018010264479069323
0.0042013408364700265
0.0038009987967745156
0.004200946626471313
GEN 33 time 1590595622
0.0018010264479069323
0.0042013408364700265
0.0038009987967745156
0.004200946626471313
GEN 34 time 1590595629
0.0018010264479069323
0.004001363511427471
0.0038009987967745156
0.004200946626471313
GEN 35 time 1590595635
0.0018010264479069323
0.0038013435114274707
0.0038009987967745156
0.004200946626471313
GEN 36 time 1590595642
0.0018010264479069323
0.0038013435114274707
0.0038009987967745156
0.004200946626471313
GEN 37 time 1590595648
0.0018010264479069323
0.0038013008364700266
0.0038009987967745156
0.004200946626471313
GEN 38 time 1590595655
0.0016011235114274703
0.0038013008364700266
0.0038009987967745156
0.004200946626471313
GEN 39 time 1590595662
0.0016011235114274703
0.0038013008364700266
0.0038009761298314435
0.004200946626471313
GEN 40 time 1590595669
0.0016011235114274703
0.0038013008364700266
0.0038009761298314435
0.004200946626471313
GEN 41 time 1590595675
0.0016011235114274703
0.0038013008364700266
0.0038009761298314435
0.004200946626471313
GEN 42 time 1590595682
0.0016011235114274703
0.0038013008364700266
0.0038009761298314435
0.004200946626471313
GEN 43 time 1590595688
0.0016011235114274703
0.0038013008364700266
0.0038009761298314435
0.004200946626471313
GEN 44 time 1590595694
0.0016011235114274703
0.0038013008364700266
0.0038009761298314435
0.004200946626471313
GEN 45 time 1590595701
0.0016011235114274703
0.0038013008364700266
0.003601082873912638
0.004200946626471313
GEN 46 time 1590595708
0.0016011235114274703
0.0038013008364700266
0.003601082873912638
0.004200946626471313
GEN 47 time 1590595714
0.0016011235114274703
0.0038013008364700266
0.003601082873912638
0.004200946626471313
GEN 48 time 1590595721
0.0016011235114274703
0.0038013008364700266
0.003601082873912638
0.004200946626471313
GEN 49 time 1590595727
0.0016008620445026138
0.0036013235114274707
0.003601082873912638
0.004200946626471313
GEN 50 time 1590595734
0.0016008620445026138
0.0036013235114274707
0.003601082873912638
0.004200946626471313
GEN 51 time 1590595740
0.0014008420445026138
0.0036013235114274707
0.003601082873912638
0.004200946626471313
GEN 52 time 1590595747
0.0014008420445026138
0.0036013235114274707
0.003601082873912638
0.004200946626471313
GEN 53 time 1590595754
0.0014008420445026138
0.003600919682292987
0.003601082873912638
0.004200946626471313
GEN 54 time 1590595760
0.0012010835114274704
0.003600919682292987
0.003601082873912638
0.004200946626471313
GEN 55 time 1590595767
0.0012010835114274704
0.003600919682292987
0.003601082873912638
0.004200946626471313
GEN 56 time 1590595773
0.0012010835114274704
0.003600919682292987
0.003601082873912638
0.004200946626471313
GEN 57 time 1590595780
0.0012010835114274704
0.003600919682292987
0.003601082873912638
0.004200880618227883
GEN 58 time 1590595786
0.0012010835114274704
0.003600919682292987
0.003601082873912638
0.004200880618227883
GEN 59 time 1590595792
0.0012010835114274704
0.003600919682292987
0.003601082873912638
0.004200880618227883
GEN 60 time 1590595798
0.0012010835114274704
0.003600919682292987
0.003601082873912638
0.004200880618227883
GEN 61 time 1590595805
0.0012010835114274704
0.003600919682292987
0.003601082873912638
0.004200880618227883
GEN 62 time 1590595811
0.0012010835114274704
0.003600919682292987
0.003601082873912638
0.004200880618227883
GEN 63 time 1590595817
0.0012010835114274704
0.003401315917691744
0.003601082873912638
0.004200880618227883
GEN 64 time 1590595823
0.0012010835114274704
0.003401315917691744
0.003601082873912638
0.004200880618227883
GEN 65 time 1590595829
0.0012010835114274704
0.0034010749336917567
0.003601082873912638
0.004200880618227883
GEN 66 time 1590595835
0.0012010835114274704
0.0034010749336917567
0.003601082873912638
0.004200880618227883
GEN 67 time 1590595841
0.0012010835114274704
0.0034010749336917567
0.003601082873912638
0.004200880618227883
GEN 68 time 1590595847
0.0012010835114274704
0.0034010749336917567
0.003601082873912638
0.004200880618227883
GEN 69 time 1590595853
0.0012008220445026139
0.0034010749336917567
0.003601082873912638
0.004200880618227883
GEN 70 time 1590595859
0.0012008220445026139
0.0034010749336917567
0.003601082873912638
0.004200880618227883
GEN 71 time 1590595865
0.0012008220445026139
0.003201295917691744
0.003601082873912638
0.004200880618227883
GEN 72 time 1590595871
0.0012008220445026139
0.003201295917691744
0.003601082873912638
0.004200880618227883
GEN 73 time 1590595876
0.0012008220445026139
0.003201295917691744
0.003601082873912638
0.004200880618227883
GEN 74 time 1590595882
0.0012008220445026139
0.003201295917691744
0.003601082873912638
0.004200880618227883
GEN 75 time 1590595888
0.0012008220445026139
0.003201295917691744
0.003601082873912638
0.004200880618227883
GEN 76 time 1590595893
0.0012008220445026139
0.003201295917691744
0.003601082873912638
0.004200880618227883
GEN 77 time 1590595899
0.0012008220445026139
0.003201295917691744
0.003601082873912638
0.004200880618227883
GEN 78 time 1590595905
0.0012008220445026139
0.003201295917691744
0.003601082873912638
0.004200880618227883
GEN 79 time 1590595910
0.0012008220445026139
0.003201295917691744
0.003601082873912638
0.004200880618227883
GEN 80 time 1590595916
0.0012008220445026139
0.003201295917691744
0.003601082873912638
0.004200880618227883
GEN 81 time 1590595922
0.0012008220445026139
0.003201295917691744
0.003601082873912638
0.004200880618227883
GEN 82 time 1590595928
0.0012008220445026139
0.003201295917691744
0.003601082873912638
0.004200880618227883
GEN 83 time 1590595934
0.0012008220445026139
0.003201295917691744
0.003601082873912638
0.004200880618227883
GEN 84 time 1590595939
0.0012008220445026139
0.003201295917691744
0.003601082873912638
0.004001181510580301
GEN 85 time 1590595945
0.0012008220445026139
0.003201295917691744
0.003601082873912638
0.004001181510580301
GEN 86 time 1590595951
0.0012008220445026139
0.003201295917691744
0.003201226352543346
0.004001181510580301
GEN 87 time 1590595957
0.0012008220445026139
0.003201295917691744
0.003201226352543346
0.004001181510580301
GEN 88 time 1590595962
0.0012008220445026139
0.003201295917691744
0.003201226352543346
0.004001181510580301
GEN 89 time 1590595968
0.0012008220445026139
0.003201295917691744
0.003201226352543346
0.004001181510580301
GEN 90 time 1590595974
0.0012008220445026139
0.003201295917691744
0.003201226352543346
0.004001181510580301
GEN 91 time 1590595980
0.0012008220445026139
0.003201295917691744
0.003201226352543346
0.004001181510580301
GEN 92 time 1590595985
0.0012008220445026139
0.003201295917691744
0.003201226352543346
0.004001181510580301
GEN 93 time 1590595991
0.0012008220445026139
0.003201295917691744
0.003201226352543346
0.004001181510580301
GEN 94 time 1590595997
0.0012008220445026139
0.003201295917691744
0.003201226352543346
0.004001181510580301
GEN 95 time 1590596002
0.0012008220445026139
0.003201295917691744
0.003201226352543346
0.004001181510580301
GEN 96 time 1590596008
0.0012008220445026139
0.003201295917691744
0.003201226352543346
0.004001181510580301
GEN 97 time 1590596014
0.0012008220445026139
0.003201295917691744
0.003201226352543346
0.0038008406182278827
GEN 98 time 1590596019
0.0012008220445026139
0.003201295917691744
0.003201226352543346
0.0038008406182278827
GEN 99 time 1590596025
0.0012008220445026139
0.003201295917691744
0.003201226352543346
0.0038008406182278827
