['./data/small/layer/uu-dem4_r25_1.json', './data/small/hop/uu-dem8_r25_1_0.json', './data/small/hop/uu-dem2_r25_1_0.json', './data/small/hop/uu-dem1_r25_1_0.json']
GEN 0 time 1617233087
0.0014584555404298799
0.0012736748947253425
0.0012272903320658243
0.001288074300585161
GEN 1 time 1617233088
0.0014584555404298799
0.0012277642532083784
0.0010909817439226795
0.0012589387068789935
GEN 2 time 1617233089
0.0014584555404298799
0.0012270123054065132
0.0010909817439226795
0.001254753904960175
GEN 3 time 1617233091
0.0014584555404298799
0.0011780681140646295
0.0010807142924846992
0.0012322001778090914
GEN 4 time 1617233092
0.0014584555404298799
0.0010983628860748624
0.0010807142924846992
0.0011953469443472592
GEN 5 time 1617233094
0.0014584555404298799
0.0010554779999514213
0.0010575145105332607
0.0011953469443472592
GEN 6 time 1617233095
0.0014584555404298799
0.0010554779999514213
0.0010575145105332607
0.0011953469443472592
GEN 7 time 1617233096
0.0014584555404298799
0.0010554779999514213
0.0010575145105332607
0.0010728826201723508
GEN 8 time 1617233098
0.0014584555404298799
0.0010554779999514213
0.0010540201397715569
0.0010728826201723508
GEN 9 time 1617233099
0.0014584555404298799
0.0010554779999514213
0.0010499789902667853
0.0010728826201723508
GEN 10 time 1617233100
0.0014584555404298799
0.0010554779999514213
0.0010499789902667853
0.0010728826201723508
GEN 11 time 1617233102
0.0014584555404298799
0.0010554779999514213
0.0010234137671758657
0.0010728826201723508
GEN 12 time 1617233103
0.0014584555404298799
0.0010554779999514213
0.0010234137671758657
0.0010728826201723508
GEN 13 time 1617233105
0.0014584555404298799
0.0010471343497979028
0.0010234137671758657
0.0010404946673804158
GEN 14 time 1617233106
0.0014584555404298799
0.0010471343497979028
0.0010234137671758657
0.0010404946673804158
GEN 15 time 1617233107
0.0014584555404298799
0.0010471343497979028
0.0010116213363282405
0.0010404946673804158
GEN 16 time 1617233109
0.0014584555404298799
0.0010471343497979028
0.0010116213363282405
0.0010404946673804158
GEN 17 time 1617233110
0.0014584555404298799
0.001031009950076021
0.0010116213363282405
0.0010404946673804158
GEN 18 time 1617233111
0.0014584555404298799
0.001031009950076021
0.0010116213363282405
0.001017277263909838
GEN 19 time 1617233113
0.0014584555404298799
0.001031009950076021
0.0010116213363282405
0.001017277263909838
GEN 20 time 1617233114
0.0014584555404298799
0.001031009950076021
0.0010116213363282405
0.001017277263909838
GEN 21 time 1617233115
0.0014584555404298799
0.001031009950076021
0.0010051996157569901
0.001017277263909838
GEN 22 time 1617233117
0.0014584555404298799
0.001031009950076021
0.0010051996157569901
0.001017277263909838
GEN 23 time 1617233118
0.0014584555404298799
0.001031009950076021
0.0010051996157569901
0.001017277263909838
GEN 24 time 1617233120
0.0014584555404298799
0.0010269667991983362
0.0010051996157569901
0.001017277263909838
GEN 25 time 1617233121
0.0014584555404298799
0.0010269667991983362
0.0008997342043232971
0.001017277263909838
GEN 26 time 1617233122
0.0014584555404298799
0.0010043994557432493
0.0008997342043232971
0.001017277263909838
GEN 27 time 1617233124
0.0014584555404298799
0.0010043994557432493
0.000899299018515963
0.001017277263909838
GEN 28 time 1617233125
0.0014584555404298799
0.0010043994557432493
0.000899299018515963
0.001017277263909838
GEN 29 time 1617233127
0.0014584555404298799
0.0010043994557432493
0.000899299018515963
0.001017277263909838
GEN 30 time 1617233128
0.0014584555404298799
0.0010043994557432493
0.000899299018515963
0.001017277263909838
GEN 31 time 1617233129
0.0014584555404298799
0.0010043994557432493
0.000899299018515963
0.001017277263909838
GEN 32 time 1617233131
0.0014584555404298799
0.0010024843150509817
0.000899299018515963
0.001017277263909838
GEN 33 time 1617233132
0.0014584555404298799
0.0009712376007952087
0.000899299018515963
0.001017277263909838
GEN 34 time 1617233133
0.0014584555404298799
0.0009712376007952087
0.0008947756602355936
0.001017277263909838
GEN 35 time 1617233135
0.0014584555404298799
0.0009712376007952087
0.0008947756602355936
0.0010086372579955626
GEN 36 time 1617233136
0.0014584555404298799
0.0009712376007952087
0.0008921057811945354
0.0010086372579955626
GEN 37 time 1617233137
0.0014584555404298799
0.0009712376007952087
0.0008921057811945354
0.0010086372579955626
GEN 38 time 1617233139
0.0014584555404298799
0.0009712376007952087
0.0008921057811945354
0.0010086372579955626
GEN 39 time 1617233140
0.0014584555404298799
0.0009712376007952087
0.0008921057811945354
0.0010086372579955626
GEN 40 time 1617233142
0.0014584555404298799
0.0009712376007952087
0.0008921057811945354
0.0010086372579955626
GEN 41 time 1617233143
0.0014584555404298799
0.0009712376007952087
0.0008921057811945354
0.0010086372579955626
GEN 42 time 1617233144
0.0014584555404298799
0.0009712376007952087
0.0008861608129436694
0.0010086372579955626
GEN 43 time 1617233146
0.0014584555404298799
0.0009712376007952087
0.0008861608129436694
0.0010086372579955626
GEN 44 time 1617233147
0.0014584555404298799
0.0009712376007952087
0.0008861608129436694
0.0010086372579955626
GEN 45 time 1617233148
0.0014584555404298799
0.0009712376007952087
0.0008550078820866119
0.0010086372579955626
GEN 46 time 1617233150
0.0014584555404298799
0.0009712376007952087
0.0008550078820866119
0.0010086372579955626
GEN 47 time 1617233151
0.0014584555404298799
0.0009712376007952087
0.0008550078820866119
0.0010086372579955626
GEN 48 time 1617233153
0.0014584555404298799
0.0009712376007952087
0.0008550078820866119
0.0010086372579955626
GEN 49 time 1617233154
0.0014584555404298799
0.0009712376007952087
0.0008550078820866119
0.0010071859449325015
GEN 50 time 1617233155
0.0014584555404298799
0.0009712376007952087
0.0008550078820866119
0.0010071859449325015
GEN 51 time 1617233157
0.0014584555404298799
0.0009712376007952087
0.0008550078820866119
0.0010071859449325015
GEN 52 time 1617233158
0.0014584555404298799
0.0009712376007952087
0.0008356821363636514
0.0010071859449325015
GEN 53 time 1617233159
0.0014584555404298799
0.0009712376007952087
0.0008356821363636514
0.0010071859449325015
GEN 54 time 1617233161
0.0014584555404298799
0.0009712376007952087
0.0008356821363636514
0.0010071859449325015
GEN 55 time 1617233162
0.0014584555404298799
0.0009712376007952087
0.0008356821363636514
0.0010071859449325015
GEN 56 time 1617233164
0.0014584555404298799
0.0009712376007952087
0.0008356821363636514
0.0010071859449325015
GEN 57 time 1617233165
0.0014584555404298799
0.0009712376007952087
0.0008356821363636514
0.0010071859449325015
GEN 58 time 1617233166
0.0014584555404298799
0.0009712376007952087
0.0008356821363636514
0.0010071859449325015
GEN 59 time 1617233168
0.0014584555404298799
0.0009712376007952087
0.0008356821363636514
0.0010071859449325015
GEN 60 time 1617233169
0.0014584555404298799
0.0009712376007952087
0.0008207283469709009
0.0010071859449325015
GEN 61 time 1617233170
0.0014584555404298799
0.0009712376007952087
0.0008207283469709009
0.0010071859449325015
GEN 62 time 1617233172
0.0014584555404298799
0.0009712376007952087
0.0008207283469709009
0.000993016228763205
GEN 63 time 1617233173
0.0014584555404298799
0.0009712376007952087
0.0008207283469709009
0.000993016228763205
GEN 64 time 1617233174
0.0014584555404298799
0.0009712376007952087
0.0008207283469709009
0.000993016228763205
GEN 65 time 1617233176
0.0014584555404298799
0.0009712376007952087
0.0008207283469709009
0.000993016228763205
GEN 66 time 1617233177
0.0014584555404298799
0.0009712376007952087
0.0008207283469709009
0.000993016228763205
GEN 67 time 1617233178
0.0014584555404298799
0.0009712376007952087
0.0008207283469709009
0.000993016228763205
GEN 68 time 1617233180
0.0014584555404298799
0.0009712376007952087
0.0008207283469709009
0.000993016228763205
GEN 69 time 1617233181
0.0014584555404298799
0.0009712376007952087
0.0008207283469709009
0.000993016228763205
GEN 70 time 1617233183
0.0014584555404298799
0.0009712376007952087
0.0008207283469709009
0.000993016228763205
GEN 71 time 1617233184
0.0014584555404298799
0.0009712376007952087
0.0008207283469709009
0.000993016228763205
GEN 72 time 1617233185
0.0014584555404298799
0.0009712376007952087
0.0008207283469709009
0.000993016228763205
GEN 73 time 1617233187
0.0014584555404298799
0.0009712376007952087
0.0008207283469709009
0.000993016228763205
GEN 74 time 1617233188
0.0014584555404298799
0.0009712376007952087
0.0008207283469709009
0.000993016228763205
GEN 75 time 1617233189
0.0014584555404298799
0.0009712376007952087
0.0008207283469709009
0.0009709363290650128
GEN 76 time 1617233191
0.0014584555404298799
0.0009712376007952087
0.0008207283469709009
0.0009709363290650128
GEN 77 time 1617233192
0.0014584555404298799
0.0009712376007952087
0.0008207283469709009
0.0009709363290650128
GEN 78 time 1617233193
0.0014584555404298799
0.0009712376007952087
0.0008207283469709009
0.0009709363290650128
GEN 79 time 1617233195
0.0014584555404298799
0.0009712376007952087
0.0008207283469709009
0.0009709363290650128
GEN 80 time 1617233196
0.0014584555404298799
0.0009712376007952087
0.0008207283469709009
0.0009709363290650128
GEN 81 time 1617233198
0.0014584555404298799
0.0009712376007952087
0.0008207283469709009
0.0009709363290650128
GEN 82 time 1617233199
0.0014584555404298799
0.0009712376007952087
0.0008207283469709009
0.0009709363290650128
GEN 83 time 1617233200
0.0014584555404298799
0.0009712376007952087
0.0008207283469709009
0.0009709363290650128
GEN 84 time 1617233202
0.0014584555404298799
0.0009712376007952087
0.0008207283469709009
0.0009709363290650128
GEN 85 time 1617233203
0.0014584555404298799
0.0009712376007952087
0.0008207283469709009
0.0009709363290650128
GEN 86 time 1617233204
0.0014584555404298799
0.0009712376007952087
0.0008207283469709009
0.0009709363290650128
GEN 87 time 1617233206
0.0014584555404298799
0.0009712376007952087
0.0008207283469709009
0.0009709363290650128
GEN 88 time 1617233207
0.0014584555404298799
0.0009712376007952087
0.0008207283469709009
0.0009709363290650128
GEN 89 time 1617233208
0.0014584555404298799
0.0009712376007952087
0.0008207283469709009
0.0009709363290650128
GEN 90 time 1617233210
0.0014584555404298799
0.0009712376007952087
0.0008207283469709009
0.0009709363290650128
GEN 91 time 1617233211
0.0014584555404298799
0.0009712376007952087
0.0008207283469709009
0.0008865676058161143
GEN 92 time 1617233212
0.0014584555404298799
0.0009712376007952087
0.0008207283469709009
0.0008865676058161143
GEN 93 time 1617233214
0.0014584555404298799
0.0009712376007952087
0.0008207283469709009
0.0008865676058161143
GEN 94 time 1617233215
0.0014584555404298799
0.0009712376007952087
0.0008207283469709009
0.0008865676058161143
GEN 95 time 1617233216
0.0014584555404298799
0.0009712376007952087
0.0008207283469709009
0.0008865676058161143
GEN 96 time 1617233218
0.0014584555404298799
0.0009712376007952087
0.0008207283469709009
0.0008839415713729325
GEN 97 time 1617233219
0.0014584555404298799
0.0009712376007952087
0.0008207283469709009
0.0008839415713729325
GEN 98 time 1617233220
0.0014584555404298799
0.0009712376007952087
0.0008207283469709009
0.0008839415713729325
GEN 99 time 1617233222
0.0014584555404298799
0.0009712376007952087
0.0008207283469709009
0.0008839415713729325
GEN 100 time 1617233223
0.0014584555404298799
0.0009712376007952087
0.0008207283469709009
0.0008839415713729325
GEN 101 time 1617233225
0.0014584555404298799
0.0009712376007952087
0.0008207283469709009
0.0008839415713729325
GEN 102 time 1617233226
0.0014584555404298799
0.0009712376007952087
0.0008207283469709009
0.0008839415713729325
GEN 103 time 1617233227
0.0014584555404298799
0.0009712376007952087
0.0008207283469709009
0.0008839415713729325
GEN 104 time 1617233229
0.0014584555404298799
0.0009712376007952087
0.0008207283469709009
0.0008839415713729325
GEN 105 time 1617233230
0.0014584555404298799
0.0009712376007952087
0.0008207283469709009
0.0008839415713729325
GEN 106 time 1617233231
0.0014584555404298799
0.0009712376007952087
0.0008207283469709009
0.0008839415713729325
GEN 107 time 1617233233
0.0014584555404298799
0.0009712376007952087
0.0008207283469709009
0.0008839415713729325
GEN 108 time 1617233234
0.0014584555404298799
0.0009712376007952087
0.0008207283469709009
0.0008839415713729325
GEN 109 time 1617233235
0.0014584555404298799
0.0009712376007952087
0.0008207283469709009
0.0008839415713729325
GEN 110 time 1617233237
0.0014584555404298799
0.0009712376007952087
0.0008207283469709009
0.0008839415713729325
GEN 111 time 1617233238
0.0014584555404298799
0.0009712376007952087
0.0008207283469709009
0.0008839415713729325
GEN 112 time 1617233239
0.0014584555404298799
0.0009712376007952087
0.0008207283469709009
0.0008839415713729325
GEN 113 time 1617233241
0.0014584555404298799
0.0009712376007952087
0.0008207283469709009
0.0008839415713729325
GEN 114 time 1617233242
0.0014584555404298799
0.0009712376007952087
0.0008207283469709009
0.0008839415713729325
GEN 115 time 1617233243
0.0014584555404298799
0.0009712376007952087
0.0008207283469709009
0.0008839415713729325
GEN 116 time 1617233245
0.0014584555404298799
0.0009712376007952087
0.0008207283469709009
0.0008839415713729325
GEN 117 time 1617233246
0.0014584555404298799
0.0009712376007952087
0.0008207283469709009
0.0008839415713729325
GEN 118 time 1617233247
0.0014584555404298799
0.0009712376007952087
0.0008207283469709009
0.0008839415713729325
GEN 119 time 1617233249
0.0014584555404298799
0.0009712376007952087
0.0008207283469709009
0.0008839415713729325
GEN 120 time 1617233250
0.0014584555404298799
0.0009712376007952087
0.0008207283469709009
0.0008839415713729325
GEN 121 time 1617233251
0.0014584555404298799
0.0009712376007952087
0.0008207283469709009
0.0008839415713729325
GEN 122 time 1617233253
0.0014584555404298799
0.0009712376007952087
0.0008207283469709009
0.0008839415713729325
GEN 123 time 1617233254
0.0014584555404298799
0.0009712376007952087
0.0008207283469709009
0.0008839415713729325
GEN 124 time 1617233256
0.0014584555404298799
0.0009712376007952087
0.0008207283469709009
0.0008839415713729325
GEN 125 time 1617233257
0.0014584555404298799
0.0009712376007952087
0.0008207283469709009
0.0008839415713729325
GEN 126 time 1617233258
0.0014584555404298799
0.0009712376007952087
0.0008207283469709009
0.0008839415713729325
GEN 127 time 1617233260
0.0014584555404298799
0.0009712376007952087
0.0008207283469709009
0.0008839415713729325
GEN 128 time 1617233261
0.0014584555404298799
0.0009712376007952087
0.0008207283469709009
0.0008839415713729325
GEN 129 time 1617233262
0.0014584555404298799
0.0009712376007952087
0.0008207283469709009
0.0008839415713729325
GEN 130 time 1617233264
0.0014584555404298799
0.0009712376007952087
0.0008207283469709009
0.0008839415713729325
GEN 131 time 1617233265
0.0014584555404298799
0.0009712376007952087
0.0008095664135161082
0.0008839415713729325
GEN 132 time 1617233266
0.0014584555404298799
0.0009712376007952087
0.0008095664135161082
0.0008839415713729325
GEN 133 time 1617233268
0.0014584555404298799
0.0009712376007952087
0.0008095664135161082
0.0008839415713729325
GEN 134 time 1617233269
0.0014584555404298799
0.0009712376007952087
0.0008095664135161082
0.0008839415713729325
GEN 135 time 1617233271
0.0014584555404298799
0.0009712376007952087
0.0008095664135161082
0.0008839415713729325
GEN 136 time 1617233272
0.0014584555404298799
0.0009712376007952087
0.0008095664135161082
0.0008839415713729325
GEN 137 time 1617233273
0.0014584555404298799
0.0009712376007952087
0.0008095664135161082
0.0008839415713729325
GEN 138 time 1617233274
0.0014584555404298799
0.0009712376007952087
0.0008095664135161082
0.0008839415713729325
GEN 139 time 1617233276
0.0014584555404298799
0.0009712376007952087
0.0008095664135161082
0.0008839415713729325
GEN 140 time 1617233277
0.0014584555404298799
0.0009712376007952087
0.0008095664135161082
0.0008839415713729325
GEN 141 time 1617233279
0.0014584555404298799
0.0009712376007952087
0.0008095664135161082
0.0008839415713729325
GEN 142 time 1617233280
0.0014584555404298799
0.0009712376007952087
0.0008095664135161082
0.0008839415713729325
GEN 143 time 1617233281
0.0014584555404298799
0.0009712376007952087
0.0008095664135161082
0.0008839415713729325
GEN 144 time 1617233283
0.0014584555404298799
0.0009712376007952087
0.0008095664135161082
0.0008839415713729325
GEN 145 time 1617233284
0.0014584555404298799
0.0009712376007952087
0.0008095664135161082
0.0008839415713729325
GEN 146 time 1617233285
0.0014584555404298799
0.0009712376007952087
0.0008095664135161082
0.0008839415713729325
GEN 147 time 1617233287
0.0014584555404298799
0.0009712376007952087
0.0008095664135161082
0.0008839415713729325
GEN 148 time 1617233288
0.0014584555404298799
0.0009712376007952087
0.0008091843072473527
0.0008839415713729325
GEN 149 time 1617233289
0.0014584555404298799
0.0009712376007952087
0.0008091843072473527
0.0008839415713729325
GEN 150 time 1617233291
0.0014584555404298799
0.0009712376007952087
0.0008091843072473527
0.0008839415713729325
GEN 151 time 1617233292
0.0014584555404298799
0.0009712376007952087
0.0008091843072473527
0.0008839415713729325
GEN 152 time 1617233293
0.0014584555404298799
0.0009712376007952087
0.0008091843072473527
0.0008839415713729325
GEN 153 time 1617233295
0.0014584555404298799
0.0009712376007952087
0.0008091843072473527
0.0008839415713729325
GEN 154 time 1617233296
0.0014584555404298799
0.0009712376007952087
0.0008091843072473527
0.0008839415713729325
GEN 155 time 1617233297
0.0014584555404298799
0.0009712376007952087
0.0008091843072473527
0.0008839415713729325
GEN 156 time 1617233299
0.0014584555404298799
0.0009712376007952087
0.0008091843072473527
0.0008839415713729325
GEN 157 time 1617233300
0.0014584555404298799
0.0009712376007952087
0.0008091843072473527
0.0008839415713729325
GEN 158 time 1617233302
0.0014584555404298799
0.0009712376007952087
0.0008091843072473527
0.0008839415713729325
GEN 159 time 1617233303
0.0014584555404298799
0.0009712376007952087
0.0008091843072473527
0.0008839415713729325
GEN 160 time 1617233304
0.0014584555404298799
0.0009712376007952087
0.0008091843072473527
0.0008839415713729325
GEN 161 time 1617233306
0.0014584555404298799
0.0009712376007952087
0.0008091843072473527
0.0008839415713729325
GEN 162 time 1617233307
0.0014584555404298799
0.0009712376007952087
0.0008091843072473527
0.0008839415713729325
GEN 163 time 1617233308
0.0014584555404298799
0.0009712376007952087
0.0008091843072473527
0.0008839415713729325
GEN 164 time 1617233310
0.0014584555404298799
0.0009712376007952087
0.0008084902956444723
0.0008839415713729325
GEN 165 time 1617233311
0.0014584555404298799
0.0009712376007952087
0.0008084902956444723
0.0008839415713729325
GEN 166 time 1617233312
0.0014584555404298799
0.0009712376007952087
0.0008084902956444723
0.0008839415713729325
GEN 167 time 1617233314
0.0014584555404298799
0.0009712376007952087
0.0008084902956444723
0.0008839415713729325
GEN 168 time 1617233315
0.0014584555404298799
0.0009712376007952087
0.0008084902956444723
0.0008839415713729325
GEN 169 time 1617233316
0.0014584555404298799
0.0009712376007952087
0.0008084902956444723
0.0008839415713729325
GEN 170 time 1617233318
0.0014584555404298799
0.0009712376007952087
0.0008084902956444723
0.0008839415713729325
GEN 171 time 1617233319
0.0014584555404298799
0.0009712376007952087
0.0008084902956444723
0.0008839415713729325
GEN 172 time 1617233320
0.0014584555404298799
0.0009712376007952087
0.0008084902956444723
0.0008839415713729325
GEN 173 time 1617233322
0.0014584555404298799
0.0009712376007952087
0.0008084902956444723
0.0008839415713729325
GEN 174 time 1617233323
0.0014584555404298799
0.0009712376007952087
0.0008084902956444723
0.0008839415713729325
GEN 175 time 1617233324
0.0014584555404298799
0.0009712376007952087
0.0008084902956444723
0.0008839415713729325
GEN 176 time 1617233326
0.0014584555404298799
0.0009712376007952087
0.0008084902956444723
0.0008839415713729325
GEN 177 time 1617233327
0.0014584555404298799
0.0009712376007952087
0.0008084902956444723
0.0008839415713729325
GEN 178 time 1617233328
0.0014584555404298799
0.0009712376007952087
0.0008074100400047607
0.0008839415713729325
GEN 179 time 1617233330
0.0014584555404298799
0.0009712376007952087
0.000800367448847414
0.0008839415713729325
GEN 180 time 1617233331
0.0014584555404298799
0.0009712376007952087
0.000800367448847414
0.0008839415713729325
GEN 181 time 1617233332
0.0014584555404298799
0.0009712376007952087
0.000800367448847414
0.0008839415713729325
GEN 182 time 1617233334
0.0014584555404298799
0.0009712376007952087
0.000800367448847414
0.0008839415713729325
GEN 183 time 1617233335
0.0014584555404298799
0.0009712376007952087
0.000800367448847414
0.0008839415713729325
GEN 184 time 1617233337
0.0014584555404298799
0.0009712376007952087
0.000800367448847414
0.0008839415713729325
GEN 185 time 1617233338
0.0014584555404298799
0.0009712376007952087
0.000800367448847414
0.0008839415713729325
GEN 186 time 1617233339
0.0014584555404298799
0.0009712376007952087
0.000800367448847414
0.0008839415713729325
GEN 187 time 1617233341
0.0014584555404298799
0.0009712376007952087
0.000800367448847414
0.0008839415713729325
GEN 188 time 1617233342
0.0014584555404298799
0.0009712376007952087
0.000800367448847414
0.0008839415713729325
GEN 189 time 1617233343
0.0014584555404298799
0.0009712376007952087
0.000800367448847414
0.0008839415713729325
GEN 190 time 1617233345
0.0014584555404298799
0.0009712376007952087
0.000800367448847414
0.0008839415713729325
GEN 191 time 1617233346
0.0014584555404298799
0.0009712376007952087
0.000800367448847414
0.0008839415713729325
GEN 192 time 1617233347
0.0014584555404298799
0.0009712376007952087
0.000800367448847414
0.0008839415713729325
GEN 193 time 1617233349
0.0014584555404298799
0.0009712376007952087
0.000800367448847414
0.0008839415713729325
GEN 194 time 1617233350
0.0014584555404298799
0.0009712376007952087
0.000800367448847414
0.0008839415713729325
GEN 195 time 1617233351
0.0014584555404298799
0.0009712376007952087
0.000800367448847414
0.0008839415713729325
GEN 196 time 1617233353
0.0014584555404298799
0.0009712376007952087
0.000800367448847414
0.0008839415713729325
GEN 197 time 1617233354
0.0014584555404298799
0.0009712376007952087
0.000800367448847414
0.0008839415713729325
GEN 198 time 1617233355
0.0014584555404298799
0.0009712376007952087
0.000800367448847414
0.0008839415713729325
GEN 199 time 1617233357
0.0014584555404298799
0.0009712376007952087
0.000800367448847414
0.0008839415713729325
