['./data/layer/uu-dem1_r25_1.json', './data/hop/uu-dem9_r25_1_0.json', './data/hop/uu-dem1_r25_1_0.json', './data/hop/uu-dem3_r25_1_0.json']
GEN 0 time 1589745752
0.0026012142452145454
0.002201147640760425
0.002200835270634213
0.002001047357113418
GEN 1 time 1589745757
0.0018010551348379108
0.002200958100534695
0.002200835270634213
0.002001047357113418
GEN 2 time 1589745761
0.0016009958820264502
0.002200958100534695
0.002200835270634213
0.002001047357113418
GEN 3 time 1589745765
0.0016009958820264502
0.0020009111604475383
0.002200835270634213
0.002001047357113418
GEN 4 time 1589745770
0.0016009958820264502
0.0020009111604475383
0.002200835270634213
0.002001047357113418
GEN 5 time 1589745774
0.0016009958820264502
0.0020009111604475383
0.002200835270634213
0.002001047357113418
GEN 6 time 1589745779
0.0016009958820264502
0.0020009111604475383
0.002200835270634213
0.002001047357113418
GEN 7 time 1589745783
0.0016009958820264502
0.0020009111604475383
0.002200835270634213
0.002001047357113418
GEN 8 time 1589745788
0.0016009958820264502
0.001801148967059762
0.002001075134837911
0.002000956206470566
GEN 9 time 1589745794
0.0016009958820264502
0.001801148967059762
0.002001075134837911
0.002000956206470566
GEN 10 time 1589745799
0.0014010151348379108
0.001801148967059762
0.0020010569437622612
0.002000956206470566
GEN 11 time 1589745805
0.0014010151348379108
0.001801148967059762
0.0020010569437622612
0.002000956206470566
GEN 12 time 1589745810
0.0014010151348379108
0.001801148967059762
0.0020010569437622612
0.002000956206470566
GEN 13 time 1589745816
0.0014010151348379108
0.001801148967059762
0.0020010091212393135
0.002000956206470566
GEN 14 time 1589745821
0.0014009491212393134
0.001801148967059762
0.0020010091212393135
0.002000956206470566
GEN 15 time 1589745827
0.0014009491212393134
0.001801148967059762
0.002000809933549426
0.0018010502936006878
GEN 16 time 1589745832
0.0014009491212393134
0.001801148967059762
0.002000809933549426
0.0018010502936006878
GEN 17 time 1589745838
0.0014009491212393134
0.001801148967059762
0.002000809933549426
0.0018010502936006878
GEN 18 time 1589745843
0.0014008998320829025
0.001801148967059762
0.002000809933549426
0.0018010502936006878
GEN 19 time 1589745849
0.0014008998320829025
0.001801148967059762
0.002000809933549426
0.0018010502936006878
GEN 20 time 1589745854
0.0014008998320829025
0.001801148967059762
0.002000775604143619
0.0018010502936006878
GEN 21 time 1589745860
0.0014006563000782853
0.001801148967059762
0.002000775604143619
0.0018010502936006878
GEN 22 time 1589745865
0.001201008433687227
0.001801148967059762
0.002000775604143619
0.0018010502936006878
GEN 23 time 1589745871
0.001201008433687227
0.001801148967059762
0.002000775604143619
0.0018010502936006878
GEN 24 time 1589745876
0.001201008433687227
0.001601128967059762
0.002000775604143619
0.0018010502936006878
GEN 25 time 1589745882
0.001201008433687227
0.001601128967059762
0.002000775604143619
0.0018010502936006878
GEN 26 time 1589745887
0.001201008433687227
0.001601128967059762
0.002000775604143619
0.0018010502936006878
GEN 27 time 1589745893
0.001201008433687227
0.001601128967059762
0.002000775604143619
0.0018010502936006878
GEN 28 time 1589745899
0.001201008433687227
0.001601128967059762
0.0020006331051435097
0.0018010502936006878
GEN 29 time 1589745904
0.0010010542452145452
0.001601128967059762
0.0020006331051435097
0.0018010502936006878
GEN 30 time 1589745910
0.0010010542452145452
0.001601128967059762
0.0020006331051435097
0.0018010502936006878
GEN 31 time 1589745916
0.0010010542452145452
0.001601128967059762
0.0020006331051435097
0.0016011023689872508
GEN 32 time 1589745921
0.0010010542452145452
0.001601128967059762
0.0020006331051435097
0.0016011023689872508
GEN 33 time 1589745927
0.0010010542452145452
0.001601128967059762
0.0020006331051435097
0.0016011023689872508
GEN 34 time 1589745933
0.0010010542452145452
0.001601128967059762
0.0020006331051435097
0.0016011023689872508
GEN 35 time 1589745939
0.0010010542452145452
0.001601128967059762
0.0020006331051435097
0.0016011023689872508
GEN 36 time 1589745944
0.0010010542452145452
0.001601128967059762
0.0020006331051435097
0.0016011023689872508
GEN 37 time 1589745950
0.0010010542452145452
0.001601128967059762
0.0020006331051435097
0.0016011023689872508
GEN 38 time 1589745956
0.0010010542452145452
0.001601128967059762
0.0020006331051435097
0.0016008274106545039
GEN 39 time 1589745962
0.0010010542452145452
0.001601128967059762
0.0020006331051435097
0.0016008274106545039
GEN 40 time 1589745968
0.0010010542452145452
0.001601128967059762
0.0020006331051435097
0.0016008274106545039
GEN 41 time 1589745974
0.0010010542452145452
0.001601128967059762
0.0020006331051435097
0.0016008274106545039
GEN 42 time 1589745980
0.0010010542452145452
0.001601128967059762
0.0020006331051435097
0.0016008274106545039
GEN 43 time 1589745986
0.0010010542452145452
0.001601128967059762
0.0020006331051435097
0.0016008274106545039
GEN 44 time 1589745992
0.0010010542452145452
0.001601128967059762
0.0020006331051435097
0.0016008274106545039
GEN 45 time 1589745998
0.0010010542452145452
0.001601128967059762
0.0018010551348379108
0.0016008274106545039
GEN 46 time 1589746004
0.0010010542452145452
0.001601128967059762
0.0018010551348379108
0.0016008274106545039
GEN 47 time 1589746011
0.0010010542452145452
0.001601128967059762
0.0018010551348379108
0.0016008274106545039
GEN 48 time 1589746017
0.0010010542452145452
0.001601128967059762
0.0018010551348379108
0.0016008274106545039
GEN 49 time 1589746023
0.0010010542452145452
0.001601128967059762
0.0016009691212393133
0.0016008274106545039
GEN 50 time 1589746029
0.0010010542452145452
0.001601128967059762
0.0016009417976759269
0.0016008274106545039
GEN 51 time 1589746035
0.0010010542452145452
0.001601128967059762
0.0016009417976759269
0.0016008274106545039
GEN 52 time 1589746041
0.0010010542452145452
0.001601128967059762
0.0016009417976759269
0.0016008274106545039
GEN 53 time 1589746047
0.0010010542452145452
0.001601128967059762
0.0016009417976759269
0.0016008274106545039
GEN 54 time 1589746053
0.0010010542452145452
0.001601128967059762
0.0016009417976759269
0.0016008274106545039
GEN 55 time 1589746059
0.0010010542452145452
0.001601128967059762
0.0016009417976759269
0.0016008274106545039
GEN 56 time 1589746065
0.0010010542452145452
0.001601128967059762
0.0016009417976759269
0.0016008274106545039
GEN 57 time 1589746072
0.0010010542452145452
0.001601128967059762
0.0016009417976759269
0.0016008274106545039
GEN 58 time 1589746078
0.0010010542452145452
0.001601128967059762
0.0016009417976759269
0.0016008274106545039
GEN 59 time 1589746085
0.0010010542452145452
0.001601128967059762
0.0016009417976759269
0.0016008274106545039
GEN 60 time 1589746091
0.0010010542452145452
0.001601128967059762
0.0016009417976759269
0.0016008274106545039
GEN 61 time 1589746098
0.0010010542452145452
0.001601128967059762
0.0016009417976759269
0.0016008274106545039
GEN 62 time 1589746104
0.0010010542452145452
0.001601128967059762
0.0016009417976759269
0.0016008274106545039
GEN 63 time 1589746111
0.0010010542452145452
0.001601128967059762
0.0016009417976759269
0.0016008274106545039
GEN 64 time 1589746118
0.0010010542452145452
0.001601128967059762
0.0016007752706342128
0.0016008274106545039
GEN 65 time 1589746124
0.0010010542452145452
0.001601128967059762
0.0016007752706342128
0.0016008274106545039
GEN 66 time 1589746131
0.0010010542452145452
0.001601128967059762
0.0016007752706342128
0.0016008274106545039
GEN 67 time 1589746138
0.0010010542452145452
0.0016011110514460702
0.0016007752706342128
0.0016008274106545039
GEN 68 time 1589746144
0.0010010542452145452
0.0016011110514460702
0.0016007752706342128
0.0016008274106545039
GEN 69 time 1589746151
0.0010010542452145452
0.0016011110514460702
0.0016007752706342128
0.0016008274106545039
GEN 70 time 1589746158
0.0010010542452145452
0.0016011110514460702
0.0016007752706342128
0.0016008274106545039
GEN 71 time 1589746165
0.0010010542452145452
0.0016011110514460702
0.0016007752706342128
0.0016008274106545039
GEN 72 time 1589746171
0.0010010542452145452
0.0016011110514460702
0.0016007752706342128
0.0016008274106545039
GEN 73 time 1589746178
0.0010010542452145452
0.0016011110514460702
0.0016007752706342128
0.0016008274106545039
GEN 74 time 1589746184
0.0010010542452145452
0.0016011110514460702
0.0016007752706342128
0.0016008274106545039
GEN 75 time 1589746191
0.0010010542452145452
0.0016011110514460702
0.0016007752706342128
0.0016008274106545039
GEN 76 time 1589746197
0.0010010542452145452
0.0016011110514460702
0.0016007752706342128
0.0016008274106545039
GEN 77 time 1589746203
0.0010010542452145452
0.0016011110514460702
0.0016007752706342128
0.0016008274106545039
GEN 78 time 1589746210
0.0010010542452145452
0.0016011110514460702
0.0016007752706342128
0.0016008274106545039
GEN 79 time 1589746216
0.0010010542452145452
0.0016011110514460702
0.0016007752706342128
0.0016008274106545039
GEN 80 time 1589746223
0.0010010542452145452
0.0016011110514460702
0.0016007752706342128
0.0016008274106545039
GEN 81 time 1589746229
0.0010010542452145452
0.0016011110514460702
0.0016007752706342128
0.0016008274106545039
GEN 82 time 1589746236
0.0010010542452145452
0.0016011110514460702
0.0016007752706342128
0.0016008274106545039
GEN 83 time 1589746242
0.0010010542452145452
0.0016011110514460702
0.0016007752706342128
0.0016008274106545039
GEN 84 time 1589746248
0.0010010542452145452
0.0016011110514460702
0.0016007752706342128
0.0016008274106545039
GEN 85 time 1589746255
0.0010010542452145452
0.0016011110514460702
0.0016007752706342128
0.0016008274106545039
GEN 86 time 1589746261
0.0010010542452145452
0.0016011110514460702
0.0016007752706342128
0.0016008274106545039
GEN 87 time 1589746268
0.0010010542452145452
0.0016011110514460702
0.0016007752706342128
0.0016008274106545039
GEN 88 time 1589746274
0.0010010542452145452
0.0016011110514460702
0.0016007752706342128
0.0016008274106545039
GEN 89 time 1589746281
0.0010010542452145452
0.0016011110514460702
0.0016007752706342128
0.0016008274106545039
GEN 90 time 1589746287
0.0010010542452145452
0.0016011110514460702
0.0016007752706342128
0.0016008274106545039
GEN 91 time 1589746294
0.0010010542452145452
0.0016011110514460702
0.0016007752706342128
0.0016008274106545039
GEN 92 time 1589746300
0.0010010542452145452
0.0016011110514460702
0.0016007752706342128
0.0016008274106545039
GEN 93 time 1589746306
0.0010010542452145452
0.0016011110514460702
0.0014010942452145451
0.0016008274106545039
GEN 94 time 1589746313
0.0010010542452145452
0.0016011110514460702
0.0014010942452145451
0.0016008274106545039
GEN 95 time 1589746319
0.0010010542452145452
0.0016011110514460702
0.0014010942452145451
0.0016008274106545039
GEN 96 time 1589746325
0.0010010542452145452
0.0016011110514460702
0.0014010942452145451
0.0016008274106545039
GEN 97 time 1589746331
0.0010010542452145452
0.0016011110514460702
0.0014010942452145451
0.0016008274106545039
GEN 98 time 1589746338
0.0010010542452145452
0.0016011110514460702
0.0014010942452145451
0.0016008274106545039
GEN 99 time 1589746344
0.0010010542452145452
0.0016011110514460702
0.0014010942452145451
0.0016008274106545039
