['./data/layer/uu-dem9_r25_1.json', './data/hop/uu-dem9_r25_1_40.json', './data/hop/uu-dem9_r25_1_0.json', './data/hop/uu-dem9_r50_1_40.json']
GEN 0 time 1589472368
0.0024011673712231443
0.006601566038449643
0.002401163082912057
0.0050021245286252436
GEN 1 time 1589472374
0.001801107371223144
0.006601566038449643
0.0022009311604475382
0.0050021245286252436
GEN 2 time 1589472381
0.001801107371223144
0.004601235592566149
0.002200923295112033
0.0050021245286252436
GEN 3 time 1589472387
0.001801107371223144
0.004601235592566149
0.002200923295112033
0.0050021245286252436
GEN 4 time 1589472394
0.0016008492682414808
0.004601235592566149
0.002200923295112033
0.0050021245286252436
GEN 5 time 1589472401
0.0016008492682414808
0.004601235592566149
0.0020011095199743115
0.0050021245286252436
GEN 6 time 1589472408
0.0016008492682414808
0.004601235592566149
0.0020011095199743115
0.0050021245286252436
GEN 7 time 1589472415
0.0016008492682414808
0.004601235592566149
0.0020011095199743115
0.004802104528625243
GEN 8 time 1589472422
0.0016008492682414808
0.004601235592566149
0.0020011095199743115
0.004802104528625243
GEN 9 time 1589472430
0.0014010910514460702
0.004601235592566149
0.0020011095199743115
0.004802104528625243
GEN 10 time 1589472438
0.001401024112943644
0.004601235592566149
0.0020011095199743115
0.004802104528625243
GEN 11 time 1589472446
0.001401024112943644
0.004601235592566149
0.0020011095199743115
0.004802104528625243
GEN 12 time 1589472454
0.001401024112943644
0.0042013473712231445
0.0020011095199743115
0.004802104528625243
GEN 13 time 1589472462
0.001401024112943644
0.0042013473712231445
0.0020011095199743115
0.004802104528625243
GEN 14 time 1589472470
0.001400915592566149
0.0042013473712231445
0.0020011095199743115
0.0046019683448229876
GEN 15 time 1589472478
0.001400915592566149
0.0042013473712231445
0.0018010587222911556
0.0046019683448229876
GEN 16 time 1589472486
0.001400915592566149
0.0042013473712231445
0.0018010587222911556
0.0046019683448229876
GEN 17 time 1589472494
0.001400915592566149
0.0042013473712231445
0.0018010587222911556
0.0046019683448229876
GEN 18 time 1589472501
0.001400915592566149
0.0038013081998143324
0.0018010587222911556
0.0046019683448229876
GEN 19 time 1589472509
0.001400915592566149
0.0038013081998143324
0.0018010587222911556
0.0044021202063843625
GEN 20 time 1589472517
0.001400915592566149
0.0038013081998143324
0.0018010587222911556
0.0044021202063843625
GEN 21 time 1589472525
0.001400915592566149
0.003601328967059762
0.0018010587222911556
0.0044021202063843625
GEN 22 time 1589472532
0.001400915592566149
0.003601328967059762
0.0018010587222911556
0.0044021202063843625
GEN 23 time 1589472540
0.0012010710514460702
0.003601328967059762
0.0018010587222911556
0.0044021202063843625
GEN 24 time 1589472548
0.0012010710514460702
0.003601328967059762
0.0018010587222911556
0.0044021202063843625
GEN 25 time 1589472555
0.0012010710514460702
0.003601328967059762
0.0018010587222911556
0.0044021202063843625
GEN 26 time 1589472563
0.0012010710514460702
0.003601328967059762
0.0018010587222911556
0.0044021202063843625
GEN 27 time 1589472571
0.0012010710514460702
0.003601328967059762
0.0018010587222911556
0.0044021202063843625
GEN 28 time 1589472579
0.0012010710514460702
0.003601328967059762
0.0018010587222911556
0.004401697330897139
GEN 29 time 1589472586
0.0012010710514460702
0.003601328967059762
0.0018010587222911556
0.004401697330897139
GEN 30 time 1589472594
0.0012010710514460702
0.003601328967059762
0.0018010587222911556
0.004401697330897139
GEN 31 time 1589472602
0.0012010710514460702
0.003601328967059762
0.0018010587222911556
0.004401697330897139
GEN 32 time 1589472609
0.0012010710514460702
0.003601328967059762
0.0018010587222911556
0.004401697330897139
GEN 33 time 1589472617
0.0012010710514460702
0.003601328967059762
0.0018010587222911556
0.004202283066653286
GEN 34 time 1589472625
0.0012010710514460702
0.003601328967059762
0.0018010587222911556
0.004202283066653286
GEN 35 time 1589472632
0.0012010710514460702
0.003601328967059762
0.0018010587222911556
0.004202283066653286
GEN 36 time 1589472640
0.0012010710514460702
0.003601328967059762
0.0018010587222911556
0.004202283066653286
GEN 37 time 1589472648
0.0012010710514460702
0.003601328967059762
0.0018010587222911556
0.004202283066653286
GEN 38 time 1589472656
0.0012010710514460702
0.0036012881998143324
0.0018010587222911556
0.004202283066653286
GEN 39 time 1589472664
0.0012010710514460702
0.0036012881998143324
0.0018010587222911556
0.004202100206384362
GEN 40 time 1589472671
0.0012010710514460702
0.0036012873712231446
0.0018010587222911556
0.004202100206384362
GEN 41 time 1589472679
0.0012010710514460702
0.0036012873712231446
0.0018010587222911556
0.004202100206384362
GEN 42 time 1589472687
0.0012010710514460702
0.0036012873712231446
0.0018010587222911556
0.004202100206384362
GEN 43 time 1589472695
0.0012010710514460702
0.0036012873712231446
0.0018010587222911556
0.004202100206384362
GEN 44 time 1589472702
0.0012010708187443994
0.0036012873712231446
0.0018010587222911556
0.004202100206384362
GEN 45 time 1589472710
0.0012010708187443994
0.0036012873712231446
0.0018010587222911556
0.004202100206384362
GEN 46 time 1589472718
0.0012010708187443994
0.0036012873712231446
0.0018010587222911556
0.004201599703399812
GEN 47 time 1589472726
0.0012006733930087499
0.0036012873712231446
0.0018010587222911556
0.004201599703399812
GEN 48 time 1589472734
0.0012006733930087499
0.0036012873712231446
0.0018010587222911556
0.004201599703399812
GEN 49 time 1589472741
0.0012006733930087499
0.0036012873712231446
0.0018010587222911556
0.004201599703399812
GEN 50 time 1589472749
0.0012006733930087499
0.0036012873712231446
0.0018010587222911556
0.004201599703399812
GEN 51 time 1589472757
0.0012006733930087499
0.0036012873712231446
0.0018010587222911556
0.004201599703399812
GEN 52 time 1589472765
0.0012006733930087499
0.0036012873712231446
0.0018010587222911556
0.004201599703399812
GEN 53 time 1589472772
0.0012006733930087499
0.0036012873712231446
0.0018010587222911556
0.004201599703399812
GEN 54 time 1589472780
0.0012006733930087499
0.0036012873712231446
0.0018010587222911556
0.004201599703399812
GEN 55 time 1589472788
0.0012006733930087499
0.0036012873712231446
0.0018010587222911556
0.003801637330897139
GEN 56 time 1589472796
0.0012006733930087499
0.0036012873712231446
0.0018010587222911556
0.003801637330897139
GEN 57 time 1589472804
0.0012006733930087499
0.0036012873712231446
0.0018010587222911556
0.003801637330897139
GEN 58 time 1589472811
0.0012006733930087499
0.0036012873712231446
0.0018010587222911556
0.003801637330897139
GEN 59 time 1589472819
0.0012006733930087499
0.0036012873712231446
0.0018010587222911556
0.003801637330897139
GEN 60 time 1589472827
0.0012006733930087499
0.0036012873712231446
0.0018010587222911556
0.003801637330897139
GEN 61 time 1589472834
0.0012006733930087499
0.0036012873712231446
0.0018010587222911556
0.003801637330897139
GEN 62 time 1589472842
0.0012006733930087499
0.0036012873712231446
0.0018010587222911556
0.003801637330897139
GEN 63 time 1589472850
0.0012006733930087499
0.0036012873712231446
0.0018010587222911556
0.003801637330897139
GEN 64 time 1589472858
0.0012006733930087499
0.0036012873712231446
0.0018010587222911556
0.003801637330897139
GEN 65 time 1589472866
0.0012006733930087499
0.0036012873712231446
0.0018010587222911556
0.003801637330897139
GEN 66 time 1589472873
0.0012006733930087499
0.0036012873712231446
0.0018010587222911556
0.003801637330897139
GEN 67 time 1589472881
0.0012006733930087499
0.0036012873712231446
0.0018010587222911556
0.003801637330897139
GEN 68 time 1589472889
0.0012006733930087499
0.0036012873712231446
0.0018010587222911556
0.003801637330897139
GEN 69 time 1589472897
0.0012006733930087499
0.0036012873712231446
0.0018010587222911556
0.003801637330897139
GEN 70 time 1589472904
0.0012006733930087499
0.0036012873712231446
0.0018010587222911556
0.003801637330897139
GEN 71 time 1589472912
0.0012006733930087499
0.0036012873712231446
0.0018010587222911556
0.003801637330897139
GEN 72 time 1589472920
0.0012006733930087499
0.0036012873712231446
0.0018010587222911556
0.003801637330897139
GEN 73 time 1589472928
0.0012006733930087499
0.0036012873712231446
0.0018010587222911556
0.003801637330897139
GEN 74 time 1589472936
0.0012006733930087499
0.0036012873712231446
0.0018009555925661488
0.003801637330897139
GEN 75 time 1589472943
0.0012006733930087499
0.0036012873712231446
0.0018009555925661488
0.003801637330897139
GEN 76 time 1589472951
0.0012006733930087499
0.0036012873712231446
0.0018009555925661488
0.003801637330897139
GEN 77 time 1589472959
0.0012006733930087499
0.0036012873712231446
0.0018009555925661488
0.003801637330897139
GEN 78 time 1589472967
0.0012006733930087499
0.0036012873712231446
0.0018009555925661488
0.003801637330897139
GEN 79 time 1589472974
0.0012006733930087499
0.0036012873712231446
0.0018009555925661488
0.003801637330897139
GEN 80 time 1589472982
0.0012006733930087499
0.0036012873712231446
0.0018009555925661488
0.003801637330897139
GEN 81 time 1589472990
0.0012006733930087499
0.0036012873712231446
0.0018009555925661488
0.003801637330897139
GEN 82 time 1589472998
0.0012006733930087499
0.0036012873712231446
0.0018009555925661488
0.003801637330897139
GEN 83 time 1589473005
0.0012006733930087499
0.0036012873712231446
0.0018009555925661488
0.003801637330897139
GEN 84 time 1589473013
0.0012006733930087499
0.0036012873712231446
0.0018009555925661488
0.003801637330897139
GEN 85 time 1589473021
0.0012006733930087499
0.0036012441129436444
0.001800716703599925
0.003801637330897139
GEN 86 time 1589473029
0.0012006733930087499
0.0036012441129436444
0.001800716703599925
0.003801637330897139
GEN 87 time 1589473036
0.0012006733930087499
0.0036012441129436444
0.001800716703599925
0.003801637330897139
GEN 88 time 1589473044
0.0012006733930087499
0.0034013089670597617
0.001800716703599925
0.003801637330897139
GEN 89 time 1589473052
0.0012006733930087499
0.0034013089670597617
0.001800716703599925
0.003801637330897139
GEN 90 time 1589473060
0.0012006733930087499
0.0034013089670597617
0.001800716703599925
0.003801637330897139
GEN 91 time 1589473068
0.0012006733930087499
0.0034013089670597617
0.001800716703599925
0.003801637330897139
GEN 92 time 1589473075
0.0012006733930087499
0.0034013089670597617
0.001800716703599925
0.003801637330897139
GEN 93 time 1589473083
0.0012006733930087499
0.0034013089670597617
0.001800716703599925
0.003801637330897139
GEN 94 time 1589473091
0.0012006733930087499
0.0034013089670597617
0.001800716703599925
0.003801637330897139
GEN 95 time 1589473099
0.0012006733930087499
0.0034013089670597617
0.001800716703599925
0.003801637330897139
GEN 96 time 1589473107
0.0012006733930087499
0.0034013089670597617
0.001800716703599925
0.003801637330897139
GEN 97 time 1589473114
0.0012006733930087499
0.0034013089670597617
0.001800716703599925
0.003801637330897139
GEN 98 time 1589473122
0.0012006733930087499
0.003400876703599925
0.001800716703599925
0.003801637330897139
GEN 99 time 1589473130
0.0012006733930087499
0.003400876703599925
0.001800716703599925
0.003801637330897139
