['./data/small/layer/uu-dem2_r25_1.json', './data/small/hop/uu-dem4_r25_1_0.json', './data/small/hop/uu-dem5_r25_1_0.json', './data/small/hop/uu-dem7_r25_1_0.json']
GEN 0 time 1609923407
0.001594438966276067
0.001240385012092777
0.0011164854782080064
0.0010586390507143614
GEN 1 time 1609923409
0.001594438966276067
0.001240385012092777
0.0011164854782080064
0.0010586390507143614
GEN 2 time 1609923411
0.0012747744620447592
0.0012158082122632466
0.0011164854782080064
0.0010484987730958288
GEN 3 time 1609923413
0.0012747744620447592
0.0010737680351059473
0.0011164854782080064
0.0010484987730958288
GEN 4 time 1609923415
0.0012747744620447592
0.0010737680351059473
0.0011164854782080064
0.0010484987730958288
GEN 5 time 1609923417
0.0012747744620447592
0.0010737680351059473
0.0011164854782080064
0.0010484987730958288
GEN 6 time 1609923419
0.0012747744620447592
0.0010429289921498907
0.0011164854782080064
0.0010484987730958288
GEN 7 time 1609923421
0.0012747744620447592
0.0010429289921498907
0.0011164854782080064
0.0010171735275752451
GEN 8 time 1609923423
0.0012747744620447592
0.0010429289921498907
0.0011164854782080064
0.0010171735275752451
GEN 9 time 1609923426
0.0012747744620447592
0.0010429289921498907
0.001106900160619208
0.000852431895777189
GEN 10 time 1609923428
0.0012747744620447592
0.0010429289921498907
0.001106900160619208
0.000852431895777189
GEN 11 time 1609923430
0.0012747744620447592
0.0010429289921498907
0.001106900160619208
0.000852431895777189
GEN 12 time 1609923432
0.0012747744620447592
0.0010429289921498907
0.001106900160619208
0.000852431895777189
GEN 13 time 1609923434
0.0012747744620447592
0.0010429289921498907
0.001106900160619208
0.000852431895777189
GEN 14 time 1609923437
0.0012747744620447592
0.0010276166598665992
0.001106900160619208
0.000852431895777189
GEN 15 time 1609923439
0.0012747744620447592
0.001017613412686344
0.001106900160619208
0.000852431895777189
GEN 16 time 1609923441
0.0012747744620447592
0.001017613412686344
0.001106900160619208
0.000852431895777189
GEN 17 time 1609923443
0.0012747744620447592
0.001017613412686344
0.001106900160619208
0.000852431895777189
GEN 18 time 1609923445
0.0012747744620447592
0.001017613412686344
0.001106900160619208
0.000852431895777189
GEN 19 time 1609923447
0.0012747744620447592
0.001017613412686344
0.001106900160619208
0.000852431895777189
GEN 20 time 1609923449
0.0012747744620447592
0.001017613412686344
0.001106900160619208
0.000852431895777189
GEN 21 time 1609923452
0.0012747744620447592
0.001017613412686344
0.001106900160619208
0.000852431895777189
GEN 22 time 1609923454
0.0012747744620447592
0.001017613412686344
0.001052771686465652
0.000852431895777189
GEN 23 time 1609923456
0.0012747744620447592
0.001017613412686344
0.001052771686465652
0.000852431895777189
GEN 24 time 1609923458
0.0012747744620447592
0.001017613412686344
0.001052771686465652
0.000852431895777189
GEN 25 time 1609923460
0.0012747744620447592
0.001017613412686344
0.001052771686465652
0.000852431895777189
GEN 26 time 1609923462
0.0012747744620447592
0.001017613412686344
0.001052771686465652
0.000852431895777189
GEN 27 time 1609923464
0.0012747744620447592
0.001017613412686344
0.001052771686465652
0.000852431895777189
GEN 28 time 1609923466
0.0012747744620447592
0.0009822089556475791
0.001052771686465652
0.000852431895777189
GEN 29 time 1609923468
0.0012747744620447592
0.0009822089556475791
0.001052771686465652
0.000852431895777189
GEN 30 time 1609923470
0.0012293557333399282
0.0009822089556475791
0.001052771686465652
0.000852431895777189
GEN 31 time 1609923473
0.0012293557333399282
0.0009822089556475791
0.001052771686465652
0.0008520105072002979
GEN 32 time 1609923475
0.0012293557333399282
0.0009822089556475791
0.001052771686465652
0.0008520105072002979
GEN 33 time 1609923477
0.0012293557333399282
0.0009822089556475791
0.001052771686465652
0.0008520105072002979
GEN 34 time 1609923479
0.0012293557333399282
0.0009822089556475791
0.001052771686465652
0.0008520105072002979
GEN 35 time 1609923481
0.0012293557333399282
0.0009822089556475791
0.001052771686465652
0.0008520105072002979
GEN 36 time 1609923483
0.0012293557333399282
0.0009822089556475791
0.0010525159232308442
0.0008520105072002979
GEN 37 time 1609923485
0.0012293557333399282
0.0009822089556475791
0.0010525159232308442
0.0008520105072002979
GEN 38 time 1609923488
0.0012293557333399282
0.0009822089556475791
0.0010525159232308442
0.0008520105072002979
GEN 39 time 1609923490
0.0012293557333399282
0.0009822089556475791
0.0010525159232308442
0.0008520105072002979
GEN 40 time 1609923492
0.0012293557333399282
0.0009822089556475791
0.0010525159232308442
0.0008520105072002979
GEN 41 time 1609923494
0.0012293557333399282
0.0009822089556475791
0.0010525159232308442
0.0008520105072002979
GEN 42 time 1609923496
0.0012293557333399282
0.0009822089556475791
0.0010513544527705543
0.0008520105072002979
GEN 43 time 1609923498
0.0012293557333399282
0.0009822089556475791
0.0010513544527705543
0.0008520105072002979
GEN 44 time 1609923500
0.0012293557333399282
0.0009822089556475791
0.0010513544527705543
0.0008520105072002979
GEN 45 time 1609923503
0.0012293557333399282
0.0009822089556475791
0.0010513544527705543
0.0008520105072002979
GEN 46 time 1609923505
0.0012293557333399282
0.0009822089556475791
0.0010513544527705543
0.0008520105072002979
GEN 47 time 1609923507
0.0012293557333399282
0.0009822089556475791
0.0010482914239193569
0.0008520105072002979
GEN 48 time 1609923509
0.0012293557333399282
0.0009822089556475791
0.0010482914239193569
0.0008520105072002979
GEN 49 time 1609923512
0.0012047528586886414
0.0009822089556475791
0.0010482914239193569
0.0008520105072002979
GEN 50 time 1609923514
0.0012047528586886414
0.0009822089556475791
0.0010482914239193569
0.0008520105072002979
GEN 51 time 1609923516
0.0012047528586886414
0.0009822089556475791
0.0010482914239193569
0.0008520105072002979
GEN 52 time 1609923518
0.0012047528586886414
0.0009822089556475791
0.0010482914239193569
0.000838432076220995
GEN 53 time 1609923520
0.0012047528586886414
0.0008724262692405511
0.0010482914239193569
0.000838432076220995
GEN 54 time 1609923522
0.0012047528586886414
0.0008724262692405511
0.0010482914239193569
0.000838432076220995
GEN 55 time 1609923524
0.0012047528586886414
0.0008724262692405511
0.0010482914239193569
0.000838432076220995
GEN 56 time 1609923526
0.001201568645086438
0.0008724262692405511
0.0010482914239193569
0.000838432076220995
GEN 57 time 1609923528
0.001201568645086438
0.0008724262692405511
0.0010482914239193569
0.000838432076220995
GEN 58 time 1609923531
0.001201568645086438
0.0008724262692405511
0.0010482914239193569
0.000838432076220995
GEN 59 time 1609923533
0.001201568645086438
0.0008724262692405511
0.0010482914239193569
0.000838432076220995
GEN 60 time 1609923535
0.001201568645086438
0.0008724262692405511
0.0010482914239193569
0.000838432076220995
GEN 61 time 1609923537
0.001201568645086438
0.0008724262692405511
0.0010482914239193569
0.000838432076220995
GEN 62 time 1609923539
0.001201568645086438
0.0008724262692405511
0.0010482914239193569
0.000838432076220995
GEN 63 time 1609923541
0.001201568645086438
0.0008724262692405511
0.0010482914239193569
0.000838432076220995
GEN 64 time 1609923543
0.001201568645086438
0.0008724262692405511
0.0010482914239193569
0.000838432076220995
GEN 65 time 1609923545
0.001201568645086438
0.0008724262692405511
0.0010482914239193569
0.000838432076220995
GEN 66 time 1609923547
0.001201568645086438
0.0008724262692405511
0.0010482914239193569
0.000838432076220995
GEN 67 time 1609923549
0.001201568645086438
0.0008724262692405511
0.0010482914239193569
0.000838432076220995
GEN 68 time 1609923551
0.001201568645086438
0.0008724262692405511
0.0010482914239193569
0.000838432076220995
GEN 69 time 1609923554
0.001197283056485359
0.0008724262692405511
0.0010482914239193569
0.000838432076220995
GEN 70 time 1609923556
0.001197283056485359
0.0008713075998549021
0.0010482914239193569
0.000838432076220995
GEN 71 time 1609923558
0.001197283056485359
0.0008713075998549021
0.0010482914239193569
0.000838432076220995
GEN 72 time 1609923560
0.001197283056485359
0.0008713075998549021
0.0010482914239193569
0.000838432076220995
GEN 73 time 1609923562
0.001197283056485359
0.0008713075998549021
0.0010482914239193569
0.000838432076220995
GEN 74 time 1609923564
0.001197283056485359
0.0008713075998549021
0.0010482914239193569
0.000838432076220995
GEN 75 time 1609923566
0.001197283056485359
0.0008713075998549021
0.0010482914239193569
0.000838432076220995
GEN 76 time 1609923568
0.001197283056485359
0.0008713075998549021
0.0010482914239193569
0.000838432076220995
GEN 77 time 1609923570
0.001197283056485359
0.0008713075998549021
0.0010482914239193569
0.000838432076220995
GEN 78 time 1609923572
0.001197283056485359
0.0008713075998549021
0.0009589005782002115
0.000838432076220995
GEN 79 time 1609923575
0.001197283056485359
0.0008713075998549021
0.0009589005782002115
0.000838432076220995
GEN 80 time 1609923577
0.001197283056485359
0.0008713075998549021
0.0009589005782002115
0.000838432076220995
GEN 81 time 1609923579
0.001197283056485359
0.0008713075998549021
0.0009589005782002115
0.000838432076220995
GEN 82 time 1609923581
0.001197283056485359
0.0008713075998549021
0.0009589005782002115
0.000838432076220995
GEN 83 time 1609923584
0.001197283056485359
0.0008713075998549021
0.0009589005782002115
0.000838432076220995
GEN 84 time 1609923586
0.001197283056485359
0.0008713075998549021
0.0009589005782002115
0.000838432076220995
GEN 85 time 1609923588
0.0011805634533975833
0.0008713075998549021
0.0009589005782002115
0.000838432076220995
GEN 86 time 1609923590
0.0011805634533975833
0.0008713075998549021
0.0009589005782002115
0.000838432076220995
GEN 87 time 1609923592
0.0011714334893155446
0.0008713075998549021
0.0009589005782002115
0.000838432076220995
GEN 88 time 1609923594
0.0011714334893155446
0.0008713075998549021
0.0009589005782002115
0.000838432076220995
GEN 89 time 1609923597
0.0011714334893155446
0.0008713075998549021
0.0009589005782002115
0.000838432076220995
GEN 90 time 1609923599
0.0011714334893155446
0.0008713075998549021
0.0009589005782002115
0.000838432076220995
GEN 91 time 1609923601
0.0011714334893155446
0.0008713075998549021
0.0009589005782002115
0.000838432076220995
GEN 92 time 1609923603
0.0011714334893155446
0.0008713075998549021
0.0009589005782002115
0.000838432076220995
GEN 93 time 1609923605
0.0011714334893155446
0.0008713075998549021
0.0009589005782002115
0.000838432076220995
GEN 94 time 1609923607
0.0011714334893155446
0.0008713075998549021
0.0009589005782002115
0.000838432076220995
GEN 95 time 1609923609
0.0011714334893155446
0.0008713075998549021
0.0009589005782002115
0.000838432076220995
GEN 96 time 1609923611
0.0011714334893155446
0.0008713075998549021
0.0009589005782002115
0.000838432076220995
GEN 97 time 1609923614
0.0011714334893155446
0.0008713075998549021
0.0009589005782002115
0.000838432076220995
GEN 98 time 1609923616
0.0011714334893155446
0.0008713075998549021
0.0009589005782002115
0.000838432076220995
GEN 99 time 1609923618
0.0011714334893155446
0.0008713075998549021
0.0009589005782002115
0.000838432076220995
GEN 100 time 1609923620
0.0011714334893155446
0.0008713075998549021
0.000943468498866294
0.000838432076220995
GEN 101 time 1609923622
0.0011714334893155446
0.0008713075998549021
0.000943468498866294
0.000838432076220995
GEN 102 time 1609923624
0.0011714334893155446
0.0008713075998549021
0.000943468498866294
0.000838432076220995
GEN 103 time 1609923626
0.0011714334893155446
0.0008713075998549021
0.000943468498866294
0.000838432076220995
GEN 104 time 1609923628
0.0011714334893155446
0.0008713075998549021
0.000943468498866294
0.000838432076220995
GEN 105 time 1609923631
0.0011714334893155446
0.0008713075998549021
0.000943468498866294
0.000838432076220995
GEN 106 time 1609923633
0.0011714334893155446
0.0008713075998549021
0.000943468498866294
0.000838432076220995
GEN 107 time 1609923635
0.0011714334893155446
0.0008713075998549021
0.000943468498866294
0.000838432076220995
GEN 108 time 1609923637
0.0011714334893155446
0.0008713075998549021
0.000943468498866294
0.000838432076220995
GEN 109 time 1609923640
0.0011714334893155446
0.0008713075998549021
0.000943468498866294
0.000838432076220995
GEN 110 time 1609923642
0.0011714334893155446
0.0008713075998549021
0.000943468498866294
0.000838432076220995
GEN 111 time 1609923644
0.0011714334893155446
0.0008713075998549021
0.000943468498866294
0.000838432076220995
GEN 112 time 1609923646
0.0011714334893155446
0.0008713075998549021
0.000943468498866294
0.000838432076220995
GEN 113 time 1609923648
0.0011714334893155446
0.0008713075998549021
0.000943468498866294
0.000838432076220995
GEN 114 time 1609923650
0.0011714334893155446
0.0008713075998549021
0.000943468498866294
0.000838432076220995
GEN 115 time 1609923652
0.0011714334893155446
0.0008713075998549021
0.000943468498866294
0.000838432076220995
GEN 116 time 1609923655
0.0011714334893155446
0.0008713075998549021
0.000943468498866294
0.000838432076220995
GEN 117 time 1609923657
0.0011714334893155446
0.0008713075998549021
0.000943468498866294
0.000838432076220995
GEN 118 time 1609923659
0.0011714334893155446
0.0008713075998549021
0.000943468498866294
0.000838432076220995
GEN 119 time 1609923661
0.0011714334893155446
0.0008713075998549021
0.000943468498866294
0.000838432076220995
GEN 120 time 1609923664
0.0011714334893155446
0.0008713075998549021
0.000943468498866294
0.000838432076220995
GEN 121 time 1609923666
0.0011714334893155446
0.0008713075998549021
0.000943468498866294
0.000838432076220995
GEN 122 time 1609923668
0.0011714334893155446
0.0008713075998549021
0.000943468498866294
0.000838432076220995
GEN 123 time 1609923670
0.0011714334893155446
0.0008713075998549021
0.000943468498866294
0.000838432076220995
GEN 124 time 1609923672
0.0011714334893155446
0.0008713075998549021
0.000943468498866294
0.000838432076220995
GEN 125 time 1609923674
0.0011714334893155446
0.0008713075998549021
0.000943468498866294
0.000838432076220995
GEN 126 time 1609923677
0.0011714334893155446
0.0008713075998549021
0.000943468498866294
0.000838432076220995
GEN 127 time 1609923679
0.0011714334893155446
0.0008713075998549021
0.000943468498866294
0.000838432076220995
GEN 128 time 1609923681
0.0011714334893155446
0.0008713075998549021
0.000943468498866294
0.000838432076220995
GEN 129 time 1609923683
0.0011714334893155446
0.0008713075998549021
0.000943468498866294
0.000838432076220995
GEN 130 time 1609923685
0.0011714334893155446
0.0008713075998549021
0.000943468498866294
0.000838432076220995
GEN 131 time 1609923687
0.0011714334893155446
0.0008713075998549021
0.000943468498866294
0.000838432076220995
GEN 132 time 1609923689
0.0011714334893155446
0.0008713075998549021
0.000943468498866294
0.000838432076220995
GEN 133 time 1609923692
0.0011714334893155446
0.0008713075998549021
0.000943468498866294
0.000838432076220995
GEN 134 time 1609923694
0.0011714334893155446
0.0008713075998549021
0.000943468498866294
0.000838432076220995
GEN 135 time 1609923696
0.0011714334893155446
0.0008713075998549021
0.000943468498866294
0.000838432076220995
GEN 136 time 1609923698
0.0011714334893155446
0.0008713075998549021
0.000943468498866294
0.0008226293939662488
GEN 137 time 1609923700
0.0011714334893155446
0.0008713075998549021
0.000943468498866294
0.0008226293939662488
GEN 138 time 1609923702
0.0011714334893155446
0.0008713075998549021
0.000943468498866294
0.0008226293939662488
GEN 139 time 1609923705
0.0011714334893155446
0.0008713075998549021
0.000943468498866294
0.0008226293939662488
GEN 140 time 1609923707
0.0011714334893155446
0.0008713075998549021
0.000943468498866294
0.0008226293939662488
GEN 141 time 1609923709
0.0011714334893155446
0.0008713075998549021
0.000943468498866294
0.0008226293939662488
GEN 142 time 1609923711
0.0011714334893155446
0.0008713075998549021
0.000943468498866294
0.0008226293939662488
GEN 143 time 1609923713
0.0011714334893155446
0.0008713075998549021
0.000943468498866294
0.0008226293939662488
GEN 144 time 1609923715
0.0011714334893155446
0.0008713075998549021
0.000943468498866294
0.0008226293939662488
GEN 145 time 1609923717
0.0011714334893155446
0.0008713075998549021
0.000943468498866294
0.0008226293939662488
GEN 146 time 1609923719
0.0011714334893155446
0.0008713075998549021
0.000943468498866294
0.0008226293939662488
GEN 147 time 1609923722
0.0011714334893155446
0.0008713075998549021
0.000943468498866294
0.0008226293939662488
GEN 148 time 1609923724
0.0011714334893155446
0.0008713075998549021
0.000943468498866294
0.0008226293939662488
GEN 149 time 1609923726
0.0011714334893155446
0.0008713075998549021
0.000943468498866294
0.0008226293939662488
GEN 150 time 1609923728
0.0011714334893155446
0.0008713075998549021
0.000943468498866294
0.0008226293939662488
GEN 151 time 1609923730
0.0011714334893155446
0.0008713075998549021
0.000943468498866294
0.0008226293939662488
GEN 152 time 1609923732
0.0011714334893155446
0.0008713075998549021
0.000943468498866294
0.0008225989930909937
GEN 153 time 1609923735
0.0011714334893155446
0.0008713075998549021
0.000943468498866294
0.0008225989930909937
GEN 154 time 1609923737
0.0011714334893155446
0.0008713075998549021
0.000943468498866294
0.0008225989930909937
GEN 155 time 1609923739
0.0011714334893155446
0.0008713075998549021
0.000943468498866294
0.0008225989930909937
GEN 156 time 1609923741
0.0011714334893155446
0.0008713075998549021
0.000943468498866294
0.0008225989930909937
GEN 157 time 1609923743
0.0011714334893155446
0.0008713075998549021
0.000943468498866294
0.0008225989930909937
GEN 158 time 1609923745
0.0011714334893155446
0.0008713075998549021
0.000943468498866294
0.0008225989930909937
GEN 159 time 1609923747
0.0011714334893155446
0.0008713075998549021
0.000943468498866294
0.0008225989930909937
GEN 160 time 1609923749
0.0011714334893155446
0.0008713075998549021
0.000943468498866294
0.0008225989930909937
GEN 161 time 1609923752
0.0011714334893155446
0.0008713075998549021
0.000943468498866294
0.0008225989930909937
GEN 162 time 1609923754
0.0011714334893155446
0.0008713075998549021
0.000943468498866294
0.0008225989930909937
GEN 163 time 1609923756
0.0011714334893155446
0.0008713075998549021
0.000943468498866294
0.0008225989930909937
GEN 164 time 1609923759
0.0011714334893155446
0.0008713075998549021
0.000943468498866294
0.0008225989930909937
GEN 165 time 1609923761
0.0011714334893155446
0.0008713075998549021
0.000943468498866294
0.0008225989930909937
GEN 166 time 1609923763
0.0011714334893155446
0.0008713075998549021
0.000943468498866294
0.0008225989930909937
GEN 167 time 1609923765
0.0011714334893155446
0.0008713075998549021
0.000943468498866294
0.0008225989930909937
GEN 168 time 1609923767
0.0011714334893155446
0.0008713075998549021
0.000943468498866294
0.0008225989930909937
GEN 169 time 1609923770
0.0011714334893155446
0.0008713075998549021
0.000943468498866294
0.0008225989930909937
GEN 170 time 1609923772
0.0011714334893155446
0.0008713075998549021
0.000943468498866294
0.0008225989930909937
GEN 171 time 1609923774
0.0011714334893155446
0.0008713075998549021
0.000943468498866294
0.0008225989930909937
GEN 172 time 1609923776
0.0011714334893155446
0.0008713075998549021
0.000943468498866294
0.0008225989930909937
GEN 173 time 1609923778
0.0011714334893155446
0.0008713075998549021
0.000943468498866294
0.0008225989930909937
GEN 174 time 1609923780
0.0011714334893155446
0.0008713075998549021
0.000943468498866294
0.0008225989930909937
GEN 175 time 1609923782
0.0011714334893155446
0.0008713075998549021
0.000943468498866294
0.0008225989930909937
GEN 176 time 1609923785
0.0011714334893155446
0.0008713075998549021
0.000943468498866294
0.0008225989930909937
GEN 177 time 1609923787
0.0011714334893155446
0.0008713075998549021
0.000943468498866294
0.0008225989930909937
GEN 178 time 1609923789
0.0011714334893155446
0.0008713075998549021
0.000943468498866294
0.0008225989930909937
GEN 179 time 1609923791
0.0011714334893155446
0.0008713075998549021
0.000943468498866294
0.0008225989930909937
GEN 180 time 1609923793
0.0011714334893155446
0.0008713075998549021
0.000943468498866294
0.0008225989930909937
GEN 181 time 1609923795
0.0011714334893155446
0.0008713075998549021
0.000943468498866294
0.0008225989930909937
GEN 182 time 1609923798
0.0011714334893155446
0.0008713075998549021
0.000943468498866294
0.0008225989930909937
GEN 183 time 1609923800
0.0011714334893155446
0.0008713075998549021
0.000943468498866294
0.0008225989930909937
GEN 184 time 1609923802
0.0011714334893155446
0.0008713075998549021
0.000943468498866294
0.0008225989930909937
GEN 185 time 1609923804
0.0011714334893155446
0.0008713075998549021
0.000943468498866294
0.0008225989930909937
GEN 186 time 1609923806
0.0011714334893155446
0.0008713075998549021
0.000943468498866294
0.0008225989930909937
GEN 187 time 1609923808
0.0011714334893155446
0.0008713075998549021
0.000943468498866294
0.0008225989930909937
GEN 188 time 1609923811
0.0011714334893155446
0.0008713075998549021
0.000943468498866294
0.0008225989930909937
GEN 189 time 1609923813
0.0011714334893155446
0.0008713075998549021
0.000943468498866294
0.0008213302925705936
GEN 190 time 1609923815
0.0011714334893155446
0.0008713075998549021
0.000943468498866294
0.0008213302925705936
GEN 191 time 1609923817
0.0011714334893155446
0.0008713075998549021
0.000943468498866294
0.0008213302925705936
GEN 192 time 1609923819
0.0011714334893155446
0.0008713075998549021
0.000943468498866294
0.0008213302925705936
GEN 193 time 1609923822
0.0011714334893155446
0.0008713075998549021
0.000943468498866294
0.0008213302925705936
GEN 194 time 1609923824
0.0011714334893155446
0.0008713075998549021
0.000943468498866294
0.0008213302925705936
GEN 195 time 1609923826
0.0011714334893155446
0.0008713075998549021
0.000943468498866294
0.0008213302925705936
GEN 196 time 1609923828
0.0011714334893155446
0.0008713075998549021
0.000943468498866294
0.0008213302925705936
GEN 197 time 1609923831
0.0011714334893155446
0.0008713075998549021
0.000943468498866294
0.0008213302925705936
GEN 198 time 1609923833
0.0011714334893155446
0.0008713075998549021
0.000943468498866294
0.0008213302925705936
GEN 199 time 1609923835
0.0011714334893155446
0.0008713075998549021
0.000943468498866294
0.0008213302925705936
