['./data/small/layer/uu-dem6_r25_1.json', './data/small/hop/uu-dem5_r25_1_0.json', './data/small/hop/uu-dem4_r25_1_0.json', './data/small/hop/uu-dem3_r25_1_0.json']
GEN 0 time 1599135155
0.0017721808784815357
0.0021679627593701465
0.0019903393903369826
0.0023352374366499918
GEN 1 time 1599135157
0.001596963160098174
0.0021679627593701465
0.0019903393903369826
0.0023352374366499918
GEN 2 time 1599135159
0.001596963160098174
0.0021679627593701465
0.0019903393903369826
0.0023352374366499918
GEN 3 time 1599135161
0.001596963160098174
0.0021679627593701465
0.0018172061389345553
0.0022782742146588535
GEN 4 time 1599135163
0.001596963160098174
0.0021679627593701465
0.0018172061389345553
0.0022782742146588535
GEN 5 time 1599135166
0.001596963160098174
0.0021679627593701465
0.0018172061389345553
0.0022782742146588535
GEN 6 time 1599135168
0.001596963160098174
0.0021679627593701465
0.0018172061389345553
0.0022782742146588535
GEN 7 time 1599135170
0.001596963160098174
0.0021523869993034356
0.0018172061389345553
0.002135217436649992
GEN 8 time 1599135173
0.001596963160098174
0.0021523869993034356
0.0018172061389345553
0.002135217436649992
GEN 9 time 1599135175
0.001596963160098174
0.0021523869993034356
0.0018158682122632465
0.002135217436649992
GEN 10 time 1599135178
0.001596963160098174
0.0021523869993034356
0.0018158682122632465
0.002135217436649992
GEN 11 time 1599135180
0.001596963160098174
0.0021305033293745057
0.0018158682122632465
0.002135217436649992
GEN 12 time 1599135183
0.001596963160098174
0.0021305033293745057
0.0018158682122632465
0.0021257138472276756
GEN 13 time 1599135185
0.001596963160098174
0.0021305033293745057
0.0018158682122632465
0.0021219927830798137
GEN 14 time 1599135187
0.001596963160098174
0.0021305033293745057
0.0018158682122632465
0.0021219927830798137
GEN 15 time 1599135190
0.001596963160098174
0.0021305033293745057
0.0018158682122632465
0.0021219927830798137
GEN 16 time 1599135193
0.001596963160098174
0.0021305033293745057
0.0018158682122632465
0.0021219927830798137
GEN 17 time 1599135195
0.001596963160098174
0.001767922759370146
0.0018158682122632465
0.0021219927830798137
GEN 18 time 1599135198
0.001596963160098174
0.001767922759370146
0.0018158682122632465
0.0021219927830798137
GEN 19 time 1599135200
0.001596963160098174
0.001767922759370146
0.0018158682122632465
0.00211773678479055
GEN 20 time 1599135203
0.001596963160098174
0.001767922759370146
0.0018158682122632465
0.00211773678479055
GEN 21 time 1599135205
0.001596963160098174
0.001767922759370146
0.0018158682122632465
0.00211773678479055
GEN 22 time 1599135207
0.001596963160098174
0.001767922759370146
0.0016789890510554156
0.001961908395994954
GEN 23 time 1599135210
0.001596963160098174
0.001767922759370146
0.0016789890510554156
0.001961908395994954
GEN 24 time 1599135212
0.001596963160098174
0.001767922759370146
0.0016789890510554156
0.001961908395994954
GEN 25 time 1599135215
0.001596963160098174
0.001767922759370146
0.0016789890510554156
0.001961908395994954
GEN 26 time 1599135217
0.001596963160098174
0.001767922759370146
0.0016789890510554156
0.001961908395994954
GEN 27 time 1599135219
0.001596963160098174
0.001767922759370146
0.0016789890510554156
0.001961908395994954
GEN 28 time 1599135222
0.001596963160098174
0.001767922759370146
0.0016789890510554156
0.001961908395994954
GEN 29 time 1599135224
0.001596963160098174
0.001767922759370146
0.0016789890510554156
0.001961908395994954
GEN 30 time 1599135226
0.001596963160098174
0.001767922759370146
0.0016789890510554156
0.001961908395994954
GEN 31 time 1599135229
0.001596963160098174
0.001767922759370146
0.0016789890510554156
0.001961908395994954
GEN 32 time 1599135231
0.001596963160098174
0.001767922759370146
0.0016789890510554156
0.001961908395994954
GEN 33 time 1599135234
0.001596963160098174
0.001767922759370146
0.0016789890510554156
0.001961908395994954
GEN 34 time 1599135236
0.001596963160098174
0.001767922759370146
0.0016789890510554156
0.001871447085525784
GEN 35 time 1599135239
0.001596963160098174
0.001767922759370146
0.0016789890510554156
0.001774719298662805
GEN 36 time 1599135241
0.001596963160098174
0.001767922759370146
0.0016789890510554156
0.001774719298662805
GEN 37 time 1599135244
0.001596963160098174
0.0017523469993034355
0.0016789890510554156
0.001774719298662805
GEN 38 time 1599135246
0.001596963160098174
0.0017523469993034355
0.0016789890510554156
0.001774719298662805
GEN 39 time 1599135248
0.001596963160098174
0.0017523469993034355
0.0016789890510554156
0.001774719298662805
GEN 40 time 1599135251
0.001596963160098174
0.0017523469993034355
0.0016789890510554156
0.001774719298662805
GEN 41 time 1599135253
0.001596963160098174
0.0017523469993034355
0.0016789890510554156
0.001774719298662805
GEN 42 time 1599135255
0.001596963160098174
0.0017523469993034355
0.0016789890510554156
0.001774719298662805
GEN 43 time 1599135258
0.001596963160098174
0.0017523469993034355
0.0016789890510554156
0.001774719298662805
GEN 44 time 1599135260
0.001596963160098174
0.0017523469993034355
0.0016789890510554156
0.001774719298662805
GEN 45 time 1599135263
0.001596963160098174
0.0017523469993034355
0.0016789890510554156
0.001774719298662805
GEN 46 time 1599135265
0.001596963160098174
0.0017523469993034355
0.0016789890510554156
0.001774719298662805
GEN 47 time 1599135268
0.001596963160098174
0.0017322367372452352
0.0016789890510554156
0.0017351774366499914
GEN 48 time 1599135270
0.001596963160098174
0.0017092237061255052
0.0016789890510554156
0.0017351774366499914
GEN 49 time 1599135273
0.001596963160098174
0.0017092237061255052
0.0016789890510554156
0.0017351774366499914
GEN 50 time 1599135275
0.001596963160098174
0.0017092237061255052
0.0016789890510554156
0.0017351774366499914
GEN 51 time 1599135278
0.001596963160098174
0.0017092237061255052
0.0016789890510554156
0.0017351774366499914
GEN 52 time 1599135280
0.001596963160098174
0.0017027458444607668
0.0016789890510554156
0.0017351774366499914
GEN 53 time 1599135283
0.001596963160098174
0.0017027458444607668
0.0016699721934919838
0.0017351774366499914
GEN 54 time 1599135285
0.001596963160098174
0.0017027458444607668
0.0016699721934919838
0.0017351774366499914
GEN 55 time 1599135288
0.001596963160098174
0.0017027458444607668
0.0016699721934919838
0.0017351774366499914
GEN 56 time 1599135290
0.001596963160098174
0.0017027458444607668
0.0016699721934919838
0.0017351774366499914
GEN 57 time 1599135292
0.001596963160098174
0.0017027458444607668
0.0016699721934919838
0.0017351774366499914
GEN 58 time 1599135295
0.001596963160098174
0.0017027458444607668
0.0016699721934919838
0.0017351774366499914
GEN 59 time 1599135297
0.001596963160098174
0.0017027458444607668
0.0016699721934919838
0.0017351774366499914
GEN 60 time 1599135300
0.001596963160098174
0.0017027458444607668
0.0016699721934919838
0.0017351774366499914
GEN 61 time 1599135302
0.001596963160098174
0.0017027458444607668
0.0016699721934919838
0.0017351774366499914
GEN 62 time 1599135304
0.001596963160098174
0.0017027458444607668
0.0016171861389345553
0.0017351774366499914
GEN 63 time 1599135307
0.001596963160098174
0.0017027458444607668
0.0016171861389345553
0.0017351774366499914
GEN 64 time 1599135309
0.001596963160098174
0.0017027458444607668
0.0016171861389345553
0.0017351774366499914
GEN 65 time 1599135312
0.001596963160098174
0.0017027458444607668
0.0015822689556475793
0.0017351774366499914
GEN 66 time 1599135314
0.001596963160098174
0.0017027458444607668
0.0015822689556475793
0.0017351774366499914
GEN 67 time 1599135316
0.001596963160098174
0.0017027458444607668
0.0015822689556475793
0.0017351774366499914
GEN 68 time 1599135318
0.001596963160098174
0.0017027458444607668
0.0015822689556475793
0.0017351774366499914
GEN 69 time 1599135321
0.001596963160098174
0.0017027458444607668
0.0015822689556475793
0.0017351774366499914
GEN 70 time 1599135323
0.001596963160098174
0.0017027458444607668
0.0015822689556475793
0.0017351774366499914
GEN 71 time 1599135326
0.001596963160098174
0.0017027458444607668
0.0015822689556475793
0.0017351774366499914
GEN 72 time 1599135328
0.001596963160098174
0.0017027458444607668
0.0015822689556475793
0.0017351774366499914
GEN 73 time 1599135331
0.001596963160098174
0.0017027458444607668
0.0015822689556475793
0.0017256738472276752
GEN 74 time 1599135333
0.001596963160098174
0.0017027458444607668
0.0015822689556475793
0.0017256738472276752
GEN 75 time 1599135336
0.001596963160098174
0.0017027458444607668
0.0015822689556475793
0.0017256738472276752
GEN 76 time 1599135338
0.001596963160098174
0.0017027458444607668
0.0015822689556475793
0.0017256738472276752
GEN 77 time 1599135341
0.001596963160098174
0.0017027458444607668
0.0015822689556475793
0.0017256738472276752
GEN 78 time 1599135343
0.001596963160098174
0.0017027458444607668
0.0015822689556475793
0.0017256738472276752
GEN 79 time 1599135345
0.001596963160098174
0.0017027458444607668
0.0015409163148460238
0.0017256738472276752
GEN 80 time 1599135348
0.001596963160098174
0.0017027458444607668
0.0015409163148460238
0.0017256738472276752
GEN 81 time 1599135350
0.001596963160098174
0.0017027458444607668
0.0015409163148460238
0.0017256738472276752
GEN 82 time 1599135353
0.001596963160098174
0.0017027458444607668
0.0015409163148460238
0.0017256738472276752
GEN 83 time 1599135355
0.001596963160098174
0.0017027458444607668
0.0015409163148460238
0.0017256738472276752
GEN 84 time 1599135358
0.001596963160098174
0.0017027458444607668
0.0015409163148460238
0.0017256738472276752
GEN 85 time 1599135360
0.001596963160098174
0.0017027458444607668
0.0015409163148460238
0.0017256738472276752
GEN 86 time 1599135363
0.001596963160098174
0.0017027458444607668
0.0015409163148460238
0.0017256738472276752
GEN 87 time 1599135365
0.001596963160098174
0.0017027458444607668
0.0015409163148460238
0.0017256738472276752
GEN 88 time 1599135367
0.001596963160098174
0.0017027458444607668
0.0015409163148460238
0.0017256738472276752
GEN 89 time 1599135370
0.001596963160098174
0.0017027458444607668
0.0015075591021552212
0.0016069571340225092
GEN 90 time 1599135373
0.001596963160098174
0.0017027458444607668
0.0015075591021552212
0.0016069571340225092
GEN 91 time 1599135375
0.001596963160098174
0.0017027458444607668
0.0015075591021552212
0.0016069571340225092
GEN 92 time 1599135378
0.001596963160098174
0.0017027458444607668
0.0015075591021552212
0.0016069571340225092
GEN 93 time 1599135380
0.001596963160098174
0.0017027458444607668
0.0015075591021552212
0.0016069571340225092
GEN 94 time 1599135382
0.001596963160098174
0.0017027458444607668
0.0015075591021552212
0.0016069571340225092
GEN 95 time 1599135385
0.001596963160098174
0.0017027458444607668
0.0015075591021552212
0.0016069571340225092
GEN 96 time 1599135387
0.001596963160098174
0.0017027458444607668
0.0015075591021552212
0.0016069571340225092
GEN 97 time 1599135389
0.001596963160098174
0.0017027458444607668
0.0015075591021552212
0.0016069571340225092
GEN 98 time 1599135392
0.001596963160098174
0.0017027458444607668
0.0015075591021552212
0.0016069571340225092
GEN 99 time 1599135394
0.001596963160098174
0.0017027458444607668
0.0015075591021552212
0.0016069571340225092
GEN 100 time 1599135396
0.001596963160098174
0.0017027458444607668
0.0015075591021552212
0.0016069571340225092
GEN 101 time 1599135399
0.001596963160098174
0.0017027458444607668
0.0015075591021552212
0.0016069571340225092
GEN 102 time 1599135401
0.001596963160098174
0.0017027458444607668
0.0015075591021552212
0.0016069571340225092
GEN 103 time 1599135404
0.001596963160098174
0.0017027458444607668
0.0015075591021552212
0.0016069571340225092
GEN 104 time 1599135406
0.001596963160098174
0.0017027458444607668
0.0015075591021552212
0.0016069571340225092
GEN 105 time 1599135408
0.001596963160098174
0.0017027458444607668
0.0015075591021552212
0.0016069571340225092
GEN 106 time 1599135411
0.001596963160098174
0.0017027458444607668
0.0015075591021552212
0.0016069571340225092
GEN 107 time 1599135413
0.001596963160098174
0.0017027458444607668
0.0015075591021552212
0.0016069571340225092
GEN 108 time 1599135416
0.001596963160098174
0.0017027458444607668
0.0015075591021552212
0.0016069571340225092
GEN 109 time 1599135418
0.001596963160098174
0.0017027458444607668
0.0015075591021552212
0.0016069571340225092
GEN 110 time 1599135421
0.001596963160098174
0.0017027458444607668
0.0015075591021552212
0.0016069571340225092
GEN 111 time 1599135423
0.001596963160098174
0.0017027458444607668
0.0015075591021552212
0.0016069571340225092
GEN 112 time 1599135425
0.001596963160098174
0.0017027458444607668
0.0015075591021552212
0.0016069571340225092
GEN 113 time 1599135428
0.001596963160098174
0.0017027458444607668
0.0015075591021552212
0.0016069571340225092
GEN 114 time 1599135430
0.001596963160098174
0.0017027458444607668
0.0015075591021552212
0.0016069571340225092
GEN 115 time 1599135432
0.001596963160098174
0.0017027458444607668
0.0015075591021552212
0.0016069571340225092
GEN 116 time 1599135435
0.001596963160098174
0.0017027458444607668
0.0015075591021552212
0.0016069571340225092
GEN 117 time 1599135437
0.001596963160098174
0.0017027458444607668
0.0015075591021552212
0.0016069571340225092
GEN 118 time 1599135439
0.001596963160098174
0.0017027458444607668
0.0015075591021552212
0.0016069571340225092
GEN 119 time 1599135442
0.001596963160098174
0.0017027458444607668
0.0015075591021552212
0.0016069571340225092
GEN 120 time 1599135444
0.001596963160098174
0.0017027458444607668
0.0015075591021552212
0.0016069571340225092
GEN 121 time 1599135446
0.001596963160098174
0.0017027458444607668
0.0015075591021552212
0.0016069571340225092
GEN 122 time 1599135449
0.001596963160098174
0.0017027458444607668
0.0015075591021552212
0.0016069571340225092
GEN 123 time 1599135452
0.001596963160098174
0.0017027458444607668
0.0015075591021552212
0.0016069571340225092
GEN 124 time 1599135454
0.001596963160098174
0.0017027458444607668
0.0015075591021552212
0.0016069571340225092
GEN 125 time 1599135456
0.001596963160098174
0.0017027458444607668
0.0015075591021552212
0.0016069571340225092
GEN 126 time 1599135459
0.001596963160098174
0.0017027458444607668
0.0015075591021552212
0.0016069571340225092
GEN 127 time 1599135461
0.001596963160098174
0.0017027458444607668
0.0015075591021552212
0.0016069571340225092
GEN 128 time 1599135464
0.001596963160098174
0.0017027458444607668
0.0015075591021552212
0.0016069571340225092
GEN 129 time 1599135466
0.001596963160098174
0.0017027458444607668
0.0015075591021552212
0.0016069571340225092
GEN 130 time 1599135468
0.001596963160098174
0.0017027458444607668
0.0015075591021552212
0.0016069571340225092
GEN 131 time 1599135471
0.001596963160098174
0.0017027458444607668
0.0015075591021552212
0.0016069571340225092
GEN 132 time 1599135473
0.001596963160098174
0.0017027458444607668
0.0015075591021552212
0.0016069571340225092
GEN 133 time 1599135476
0.001596963160098174
0.0017027458444607668
0.0015075591021552212
0.0016069571340225092
GEN 134 time 1599135478
0.001596963160098174
0.0017027458444607668
0.0015075591021552212
0.0016069571340225092
GEN 135 time 1599135480
0.001596963160098174
0.0017027458444607668
0.0015075591021552212
0.0016069571340225092
GEN 136 time 1599135483
0.001596963160098174
0.0015930458416129685
0.0015075591021552212
0.0016069571340225092
GEN 137 time 1599135485
0.001596963160098174
0.0015930458416129685
0.0015075591021552212
0.0016069571340225092
GEN 138 time 1599135488
0.001596963160098174
0.0015930458416129685
0.0015075591021552212
0.0016069571340225092
GEN 139 time 1599135490
0.001596963160098174
0.0015930458416129685
0.0015075591021552212
0.0016069571340225092
GEN 140 time 1599135493
0.001596963160098174
0.0015930458416129685
0.0015075591021552212
0.0016069571340225092
GEN 141 time 1599135495
0.001596963160098174
0.0015930458416129685
0.0015075591021552212
0.0016069571340225092
GEN 142 time 1599135497
0.001596963160098174
0.0015930458416129685
0.0015075591021552212
0.0016069571340225092
GEN 143 time 1599135500
0.001596963160098174
0.0015930458416129685
0.0015075591021552212
0.0016069571340225092
GEN 144 time 1599135502
0.001596963160098174
0.0015930458416129685
0.0015075591021552212
0.0016069571340225092
GEN 145 time 1599135505
0.001596963160098174
0.0015930458416129685
0.0015075591021552212
0.0016069571340225092
GEN 146 time 1599135507
0.001596963160098174
0.0015930458416129685
0.0015075591021552212
0.0016069571340225092
GEN 147 time 1599135510
0.001596963160098174
0.0015930458416129685
0.0015075591021552212
0.0016069571340225092
GEN 148 time 1599135512
0.001596963160098174
0.0015930458416129685
0.0015075591021552212
0.0016069571340225092
GEN 149 time 1599135514
0.001596963160098174
0.0015930458416129685
0.0015075591021552212
0.0016069571340225092
GEN 150 time 1599135517
0.001596963160098174
0.0015930458416129685
0.0015075591021552212
0.0016069571340225092
GEN 151 time 1599135520
0.001596963160098174
0.0015930458416129685
0.0015075591021552212
0.0016069571340225092
GEN 152 time 1599135522
0.001596963160098174
0.0015930458416129685
0.0015075591021552212
0.0016069571340225092
GEN 153 time 1599135525
0.001596963160098174
0.0015930458416129685
0.0015075591021552212
0.0016069571340225092
GEN 154 time 1599135527
0.001596963160098174
0.0015930458416129685
0.0015075591021552212
0.0016069571340225092
GEN 155 time 1599135529
0.001596963160098174
0.0015930458416129685
0.0015075591021552212
0.0016069571340225092
GEN 156 time 1599135532
0.001596963160098174
0.0015930458416129685
0.0015075591021552212
0.0016069571340225092
GEN 157 time 1599135534
0.001596963160098174
0.0015930458416129685
0.0015075591021552212
0.0016069571340225092
GEN 158 time 1599135537
0.001596963160098174
0.0015930458416129685
0.0015075591021552212
0.0016069571340225092
GEN 159 time 1599135539
0.001596963160098174
0.0015930458416129685
0.0015075591021552212
0.0016069571340225092
GEN 160 time 1599135541
0.001596963160098174
0.0015930458416129685
0.0015075591021552212
0.0016069571340225092
GEN 161 time 1599135544
0.001596963160098174
0.0015930458416129685
0.0015075591021552212
0.0016069571340225092
GEN 162 time 1599135546
0.001596963160098174
0.0015930458416129685
0.0015075591021552212
0.0016069571340225092
GEN 163 time 1599135549
0.001596963160098174
0.0015930458416129685
0.0015075591021552212
0.0016069571340225092
GEN 164 time 1599135551
0.001596963160098174
0.0015930458416129685
0.0015075591021552212
0.0016069571340225092
GEN 165 time 1599135554
0.001596963160098174
0.0015930458416129685
0.0015075591021552212
0.0016069571340225092
GEN 166 time 1599135556
0.001596963160098174
0.0015930458416129685
0.0015075591021552212
0.0016069571340225092
GEN 167 time 1599135558
0.001596963160098174
0.0015930458416129685
0.0015075591021552212
0.0016069571340225092
GEN 168 time 1599135561
0.001596963160098174
0.0015930458416129685
0.0015075591021552212
0.0016069571340225092
GEN 169 time 1599135563
0.001596963160098174
0.0015930458416129685
0.0015075591021552212
0.0016069571340225092
GEN 170 time 1599135566
0.001596963160098174
0.0015930458416129685
0.0015075591021552212
0.0016069571340225092
GEN 171 time 1599135568
0.001596963160098174
0.0015930458416129685
0.0015075591021552212
0.0016069571340225092
GEN 172 time 1599135571
0.001596963160098174
0.0015930458416129685
0.0015075591021552212
0.0016069571340225092
GEN 173 time 1599135573
0.001596963160098174
0.0015930458416129685
0.0015075591021552212
0.0016069571340225092
GEN 174 time 1599135576
0.001596963160098174
0.0015930458416129685
0.0015075591021552212
0.0016069571340225092
GEN 175 time 1599135578
0.001596963160098174
0.0015930458416129685
0.0015075591021552212
0.0016069571340225092
GEN 176 time 1599135581
0.001596963160098174
0.0015930458416129685
0.0015075591021552212
0.0016069571340225092
GEN 177 time 1599135583
0.001596963160098174
0.0015930458416129685
0.0015075591021552212
0.0016069571340225092
GEN 178 time 1599135586
0.001596963160098174
0.0015930458416129685
0.0015075591021552212
0.0016069571340225092
GEN 179 time 1599135588
0.001596963160098174
0.0015930458416129685
0.0015075591021552212
0.0016069571340225092
GEN 180 time 1599135591
0.001596963160098174
0.0015930458416129685
0.0015075591021552212
0.0016069571340225092
GEN 181 time 1599135593
0.001596963160098174
0.0015930458416129685
0.0015075591021552212
0.0016069571340225092
GEN 182 time 1599135595
0.001596963160098174
0.0015930458416129685
0.0015075591021552212
0.0016069571340225092
GEN 183 time 1599135598
0.001596963160098174
0.0015930458416129685
0.0015075591021552212
0.0016069571340225092
GEN 184 time 1599135600
0.001596963160098174
0.0015930458416129685
0.0015075591021552212
0.0016069571340225092
GEN 185 time 1599135603
0.001596963160098174
0.0015930458416129685
0.0015075591021552212
0.0016069571340225092
GEN 186 time 1599135605
0.001596963160098174
0.0015930458416129685
0.0015075591021552212
0.0016069571340225092
GEN 187 time 1599135607
0.001596963160098174
0.0015930458416129685
0.0015075591021552212
0.0016069571340225092
GEN 188 time 1599135610
0.001596963160098174
0.0015930458416129685
0.0015075591021552212
0.0016069571340225092
GEN 189 time 1599135612
0.001596963160098174
0.0015930458416129685
0.0015075591021552212
0.0016069571340225092
GEN 190 time 1599135615
0.001596963160098174
0.0015930458416129685
0.0015075591021552212
0.0016069571340225092
GEN 191 time 1599135617
0.001596963160098174
0.0015930458416129685
0.0015075591021552212
0.0016069571340225092
GEN 192 time 1599135620
0.001596963160098174
0.0015930458416129685
0.0015075591021552212
0.0016069571340225092
GEN 193 time 1599135622
0.001596963160098174
0.0015930458416129685
0.0015075591021552212
0.0016069571340225092
GEN 194 time 1599135625
0.001596963160098174
0.0015930458416129685
0.0015075591021552212
0.0016069571340225092
GEN 195 time 1599135627
0.001596963160098174
0.0015930458416129685
0.0015075591021552212
0.0016069571340225092
GEN 196 time 1599135630
0.001596963160098174
0.0015930458416129685
0.0015075591021552212
0.0016069571340225092
GEN 197 time 1599135632
0.001596963160098174
0.0015930458416129685
0.0015075591021552212
0.0016069571340225092
GEN 198 time 1599135635
0.001596963160098174
0.0015930458416129685
0.0015075591021552212
0.0016069571340225092
GEN 199 time 1599135637
0.001596963160098174
0.0015930458416129685
0.0015075591021552212
0.0016069571340225092
