['./data/medium/layer/ga-dem4_r25_1.json', './data/medium/layer/ga-dem3_r25_1.json', './data/medium/layer/ga-dem8_r25_1.json', './data/medium/hop/ga-dem9_r25_1_0.json', './data/medium/hop/ga-dem1_r25_1_0.json', './data/medium/hop/ga-dem7_r25_1_0.json']
GEN 0 time 1592597646
inf
inf
inf
0.005601200111527992
0.005201075244169407
0.005801432029348757
GEN 1 time 1592597685
inf
inf
0.005401481385435184
0.004401147481306862
0.005201075244169407
0.005801432029348757
GEN 2 time 1592597725
inf
inf
0.005401481385435184
0.004401106559798458
0.005201075244169407
0.005801432029348757
GEN 3 time 1592597765
inf
inf
0.0038013213854351836
0.0040012208261330775
0.005201075244169407
0.0056013623372197325
GEN 4 time 1592597805
inf
inf
0.0038012704846503353
0.0040012208261330775
0.004401340000577394
0.00520141224191791
GEN 5 time 1592597845
inf
inf
0.0038012704846503353
0.0040012208261330775
0.004401340000577394
0.00520141224191791
GEN 6 time 1592597886
inf
inf
0.0038012704846503353
0.0040012208261330775
0.004401340000577394
0.00520141224191791
GEN 7 time 1592597926
inf
inf
0.003401175297008579
0.0040012208261330775
0.004401340000577394
0.00520141224191791
GEN 8 time 1592597967
inf
inf
0.003401175297008579
0.0040012208261330775
0.004401340000577394
0.004201236561060505
GEN 9 time 1592598008
inf
0.004201386824669044
0.0028011899590606507
0.004000847660422132
0.004401340000577394
0.004201236561060505
GEN 10 time 1592598049
inf
0.004001366824669043
0.0028011899590606507
0.004000847660422132
0.004401340000577394
0.004201236561060505
GEN 11 time 1592598092
inf
0.004001366824669043
0.0026011544007805403
0.004000847660422132
0.003801358264061779
0.004201236561060505
GEN 12 time 1592598135
inf
0.004001366824669043
0.0026011544007805403
0.004000847660422132
0.003801358264061779
0.004201236561060505
GEN 13 time 1592598178
inf
0.004001366824669043
0.0026011544007805403
0.003801046559798458
0.003801358264061779
0.004201236561060505
GEN 14 time 1592598221
0.005801503123967106
0.004001366824669043
0.0026011544007805403
0.003601066682141029
0.003801358264061779
0.0042010111858993
GEN 15 time 1592598264
0.005401463123967107
0.004001366824669043
0.00260100913592742
0.003601066682141029
0.003801358264061779
0.0042010111858993
GEN 16 time 1592598308
0.005401463123967107
0.0036012762458453155
0.00260100913592742
0.003601066682141029
0.003801358264061779
0.0042010111858993
GEN 17 time 1592598350
0.00400124209665936
0.0036012762458453155
0.00260100913592742
0.003601066682141029
0.003801358264061779
0.0038013069295643564
GEN 18 time 1592598394
0.00400124209665936
0.0036012762458453155
0.0022010146532063847
0.003601066682141029
0.003601338264061779
0.0038013069295643564
GEN 19 time 1592598437
0.00400124209665936
0.0036011489375584503
0.0022010146532063847
0.003601066682141029
0.003601338264061779
0.0038013069295643564
GEN 20 time 1592598482
0.00400124209665936
0.0036011489375584503
0.0022010146532063847
0.003601066682141029
0.003601338264061779
0.0038013069295643564
GEN 21 time 1592598526
0.00400124209665936
0.0028009450295561305
0.0022010146532063847
0.003401160826133077
0.003601338264061779
0.0038013069295643564
GEN 22 time 1592598571
0.00400124209665936
0.0028009450295561305
0.0022010146532063847
0.003401160826133077
0.003601338264061779
0.0038013069295643564
GEN 23 time 1592598617
0.00400124209665936
0.0028009450295561305
0.0022010146532063847
0.003401160826133077
0.003601338264061779
0.0038013069295643564
GEN 24 time 1592598662
0.0032012889334411
0.0028009450295561305
0.0022009464921878877
0.003401160826133077
0.003601338264061779
0.0038013069295643564
GEN 25 time 1592598708
0.003200866563345036
0.0026009555083244935
0.0022009464921878877
0.003401160826133077
0.003601338264061779
0.0038013069295643564
GEN 26 time 1592598754
0.003200866563345036
0.0026009555083244935
0.0022009464921878877
0.0028010330481953337
0.003601338264061779
0.0038013069295643564
GEN 27 time 1592598800
0.003200866563345036
0.0026009555083244935
0.0022009464921878877
0.0028010330481953337
0.003601338264061779
0.0038013069295643564
GEN 28 time 1592598848
0.003200866563345036
0.0026009555083244935
0.0022009464921878877
0.0028010330481953337
0.003601338264061779
0.0038013069295643564
GEN 29 time 1592598895
0.003200866563345036
0.0026009555083244935
0.0022009464921878877
0.0028010330481953337
0.003601338264061779
0.0038013069295643564
GEN 30 time 1592598943
0.003200866563345036
0.0026009555083244935
0.0022009464921878877
0.0028010330481953337
0.003601338264061779
0.0038013069295643564
GEN 31 time 1592598991
0.003200866563345036
0.0026009555083244935
0.0022009464921878877
0.0028010330481953337
0.003601338264061779
0.0038013069295643564
GEN 32 time 1592599039
0.003200866563345036
0.0026009555083244935
0.0022009464921878877
0.0028010330481953337
0.003601338264061779
0.0038013069295643564
GEN 33 time 1592599087
0.003200866563345036
0.0026009555083244935
0.0022009464921878877
0.0028010330481953337
0.003601338264061779
0.0038013069295643564
GEN 34 time 1592599135
0.003200866563345036
0.0026009555083244935
0.0022009461314641595
0.0028010330481953337
0.003601338264061779
0.0038013069295643564
GEN 35 time 1592599183
0.003200866563345036
0.0026009555083244935
0.0022009461314641595
0.0028010330481953337
0.003601338264061779
0.0038013069295643564
GEN 36 time 1592599231
0.003200866563345036
0.0026009555083244935
0.0022009461314641595
0.0028010330481953337
0.003601338264061779
0.0038013069295643564
GEN 37 time 1592599279
0.003200866563345036
0.0026009555083244935
0.0022008859452832463
0.0028010330481953337
0.003601338264061779
0.0038013069295643564
GEN 38 time 1592599326
0.003200866563345036
0.0026009555083244935
0.0022008859452832463
0.0028010330481953337
0.003601338264061779
0.003801238694196007
GEN 39 time 1592599374
0.003200866563345036
0.0026009555083244935
0.0022008859452832463
0.0028010330481953337
0.003601338264061779
0.003801238694196007
GEN 40 time 1592599422
0.003200866563345036
0.0026009555083244935
0.0022008859452832463
0.0028010330481953337
0.003601338264061779
0.003801238694196007
GEN 41 time 1592599470
0.003200866563345036
0.0024010701257048245
0.0022008859452832463
0.0028010330481953337
0.003601338264061779
0.003801238694196007
GEN 42 time 1592599518
0.003200866563345036
0.0024010701257048245
0.0022008859452832463
0.0028010330481953337
0.003601234842527514
0.003801238694196007
GEN 43 time 1592599565
0.003200866563345036
0.0024010701257048245
0.0022008859452832463
0.0028010330481953337
0.003601234842527514
0.003801238694196007
GEN 44 time 1592599613
0.003200866563345036
0.0024010701257048245
0.0022008859452832463
0.0028010330481953337
0.003601234842527514
0.003801238694196007
GEN 45 time 1592599662
0.003200866563345036
0.0024010701257048245
0.0022008859452832463
0.0028010330481953337
0.003601234842527514
0.003801238694196007
GEN 46 time 1592599710
0.003200866563345036
0.0024010701257048245
0.0022008859452832463
0.0028010330481953337
0.003601234842527514
0.003801238694196007
GEN 47 time 1592599758
0.003200866563345036
0.0024010701257048245
0.0022008859452832463
0.0028010330481953337
0.003601234842527514
0.003801238694196007
GEN 48 time 1592599807
0.003200866563345036
0.0024010701257048245
0.0022008859452832463
0.0028010330481953337
0.003601234842527514
0.003801238694196007
GEN 49 time 1592599855
0.003200866563345036
0.0024010701257048245
0.0022008859452832463
0.0026011228478706556
0.003601234842527514
0.003801238694196007
GEN 50 time 1592599905
0.003200866563345036
0.0024010701257048245
0.0022008859452832463
0.0026011228478706556
0.003601234842527514
0.003801238694196007
GEN 51 time 1592599954
0.003200866563345036
0.0024010701257048245
0.0022008859452832463
0.0026011228478706556
0.003601234842527514
0.003801238694196007
GEN 52 time 1592600003
0.003200866563345036
0.0024010701257048245
0.0022008859452832463
0.0026011228478706556
0.003601234842527514
0.003801033824480224
GEN 53 time 1592600051
0.003200866563345036
0.0024010701257048245
0.0022008859452832463
0.0026011228478706556
0.003601234842527514
0.003801033824480224
GEN 54 time 1592600100
0.003200866563345036
0.0024010701257048245
0.0022008859452832463
0.0026011228478706556
0.003601234842527514
0.003801033824480224
GEN 55 time 1592600148
0.003200866563345036
0.0024010701257048245
0.0022008859452832463
0.0026011228478706556
0.003601234842527514
0.003801033824480224
GEN 56 time 1592600196
0.003200866563345036
0.0024010701257048245
0.002001171383357826
0.0026011228478706556
0.003601234842527514
0.003801033824480224
GEN 57 time 1592600243
0.003200866563345036
0.0024010701257048245
0.002001171383357826
0.0026011228478706556
0.003601234842527514
0.003801033824480224
GEN 58 time 1592600291
0.003200866563345036
0.0024010701257048245
0.002001171383357826
0.0026011228478706556
0.003601234842527514
0.003801033824480224
GEN 59 time 1592600338
0.003200866563345036
0.0024010701257048245
0.002001171383357826
0.0026011228478706556
0.003601234842527514
0.003801033824480224
GEN 60 time 1592600384
0.003200866563345036
0.0024010701257048245
0.002001171383357826
0.0026011228478706556
0.003601234842527514
0.0034012863740635942
GEN 61 time 1592600432
0.003200866563345036
0.0024010701257048245
0.002001171383357826
0.0026011228478706556
0.003601234842527514
0.0034012863740635942
GEN 62 time 1592600479
0.003200866563345036
0.0024010701257048245
0.002001171383357826
0.0026011228478706556
0.003601234842527514
0.0034012863740635942
GEN 63 time 1592600527
0.003200866563345036
0.0024010701257048245
0.002001171383357826
0.0026011228478706556
0.003601234842527514
0.0034012863740635942
GEN 64 time 1592600574
0.003200866563345036
0.0024010701257048245
0.0020011238705280564
0.0026011228478706556
0.003601234842527514
0.0034012863740635942
GEN 65 time 1592600622
0.003200866563345036
0.0024010701257048245
0.002000875464345569
0.0026011228478706556
0.003601234842527514
0.0034012863740635942
GEN 66 time 1592600670
0.003200866563345036
0.0024010701257048245
0.002000875464345569
0.0026011228478706556
0.003601234842527514
0.0034012863740635942
GEN 67 time 1592600718
0.003200866563345036
0.0024010701257048245
0.002000875464345569
0.0026011228478706556
0.003601234842527514
0.0034012863740635942
GEN 68 time 1592600765
0.003200866563345036
0.0024010701257048245
0.002000875464345569
0.0026011228478706556
0.003601234842527514
0.0034012863740635942
GEN 69 time 1592600813
0.003200866563345036
0.0024010701257048245
0.002000875464345569
0.0026011228478706556
0.003601234842527514
0.0034012863740635942
GEN 70 time 1592600861
0.003200866563345036
0.0024010701257048245
0.002000875464345569
0.0026011228478706556
0.003601234842527514
0.0034012863740635942
GEN 71 time 1592600909
0.003200866563345036
0.0024010701257048245
0.002000875464345569
0.0026011228478706556
0.003601234842527514
0.0034012863740635942
GEN 72 time 1592600956
0.003200866563345036
0.0024010701257048245
0.002000875464345569
0.0026011228478706556
0.003601234842527514
0.0034012863740635942
GEN 73 time 1592601003
0.003200866563345036
0.0024010701257048245
0.002000875464345569
0.0026011228478706556
0.003601234842527514
0.0034012863740635942
GEN 74 time 1592601051
0.003200866563345036
0.0024010701257048245
0.002000875464345569
0.0026011228478706556
0.003601234842527514
0.0034012863740635942
GEN 75 time 1592601098
0.003200866563345036
0.0024010701257048245
0.002000875464345569
0.0026011228478706556
0.003601234842527514
0.0034012863740635942
GEN 76 time 1592601144
0.003200866563345036
0.0024010701257048245
0.002000875464345569
0.0026011228478706556
0.003601234842527514
0.0034012863740635942
GEN 77 time 1592601191
0.003200866563345036
0.0024010701257048245
0.002000875464345569
0.0026011228478706556
0.003601234842527514
0.0032012663740635943
GEN 78 time 1592601239
0.003200866563345036
0.0024010701257048245
0.002000875464345569
0.0026011228478706556
0.003601234842527514
0.0032012663740635943
GEN 79 time 1592601287
0.003200866563345036
0.0024010701257048245
0.002000875464345569
0.0026011228478706556
0.003601234842527514
0.0032012663740635943
GEN 80 time 1592601334
0.003200866563345036
0.0024010701257048245
0.002000875464345569
0.0026011228478706556
0.003601234842527514
0.0032012663740635943
GEN 81 time 1592601382
0.003200866563345036
0.0024010701257048245
0.002000875464345569
0.0026011228478706556
0.003601234842527514
0.0032012663740635943
GEN 82 time 1592601429
0.003200866563345036
0.0024010701257048245
0.002000875464345569
0.0026011228478706556
0.003601234842527514
0.0032012663740635943
GEN 83 time 1592601476
0.003200866563345036
0.0024010701257048245
0.002000875464345569
0.0026011228478706556
0.003601234842527514
0.0032012663740635943
GEN 84 time 1592601524
0.003200866563345036
0.0024010701257048245
0.002000875464345569
0.0026011228478706556
0.003601234842527514
0.0032012663740635943
GEN 85 time 1592601571
0.0030011579590864257
0.0024010701257048245
0.002000875464345569
0.0026011228478706556
0.003601234842527514
0.0032012663740635943
GEN 86 time 1592601618
0.0030011579590864257
0.0024010701257048245
0.002000875464345569
0.0026011228478706556
0.003601234842527514
0.0032012663740635943
GEN 87 time 1592601666
0.0030011579590864257
0.0024010701257048245
0.002000875464345569
0.0026011228478706556
0.003601234842527514
0.0032012663740635943
GEN 88 time 1592601713
0.0030011579590864257
0.0024010701257048245
0.002000875464345569
0.0026011228478706556
0.003601234842527514
0.0032012663740635943
GEN 89 time 1592601760
0.0030011579590864257
0.0024010701257048245
0.002000875464345569
0.0026011228478706556
0.003601234842527514
0.0032012663740635943
GEN 90 time 1592601807
0.0030011579590864257
0.0024010701257048245
0.002000875464345569
0.0026011228478706556
0.003601234842527514
0.0032012663740635943
GEN 91 time 1592601854
0.0030011579590864257
0.0024010701257048245
0.002000875464345569
0.0026011228478706556
0.003601234842527514
0.0032012663740635943
GEN 92 time 1592601901
0.0030011579590864257
0.0024010701257048245
0.002000875464345569
0.0026011228478706556
0.003601234842527514
0.0032012663740635943
GEN 93 time 1592601948
0.0030011579590864257
0.0024010701257048245
0.002000875464345569
0.0026011228478706556
0.003601234842527514
0.0032012663740635943
GEN 94 time 1592601995
0.0030011579590864257
0.0024010701257048245
0.002000875464345569
0.0026011228478706556
0.003601234842527514
0.0032012663740635943
GEN 95 time 1592602042
0.0030011579590864257
0.0024010701257048245
0.002000875464345569
0.0026011228478706556
0.003601234842527514
0.0032012663740635943
GEN 96 time 1592602089
0.0030011579590864257
0.0024010701257048245
0.002000875464345569
0.0026011228478706556
0.003601234842527514
0.0032012663740635943
GEN 97 time 1592602136
0.0030011579590864257
0.0024010701257048245
0.002000875464345569
0.0026011228478706556
0.0034011333417050833
0.0032012663740635943
GEN 98 time 1592602183
0.0030011579590864257
0.0024010701257048245
0.002000875464345569
0.0026011228478706556
0.0034011333417050833
0.0032012663740635943
GEN 99 time 1592602230
0.0030011579590864257
0.0024010701257048245
0.002000875464345569
0.0026011228478706556
0.0034011333417050833
0.0032012663740635943
