['./data/small/layer/uu-dem2_r25_1.json', './data/small/layer/uu-dem9_r25_1.json', './data/small/layer/uu-dem2_r50_1.json', './data/small/hop/uu-dem2_r25_1_0.json', './data/small/hop/uu-dem9_r50_1_0.json', './data/small/hop/uu-dem2_r50_1_0.json']
GEN 0 time 1602674152
0.001561085432213952
0.0020207091383460784
0.002666090116770952
0.002054063073143408
0.0026967780257823645
0.003638348914062663
GEN 1 time 1602674156
0.0014152176981619103
0.0020207091383460784
0.002666090116770952
0.0020464762797863813
0.0026967780257823645
0.003574397650922217
GEN 2 time 1602674160
0.001394418966276067
0.0020207091383460784
0.002666090116770952
0.0020464762797863813
0.0026967780257823645
0.002639628332871598
GEN 3 time 1602674164
0.001394418966276067
0.002000369797209615
0.002666090116770952
0.0019909707244228523
0.0026967780257823645
0.002639628332871598
GEN 4 time 1602674169
0.001394418966276067
0.002000369797209615
0.002666090116770952
0.0018928880858130957
0.0026967780257823645
0.002639628332871598
GEN 5 time 1602674173
0.001394418966276067
0.002000369797209615
0.002666090116770952
0.0018928880858130957
0.0026967780257823645
0.002639628332871598
GEN 6 time 1602674177
0.001394418966276067
0.002000369797209615
0.002666090116770952
0.0018928880858130957
0.0026967780257823645
0.002639628332871598
GEN 7 time 1602674182
0.001394418966276067
0.002000369797209615
0.002666090116770952
0.0018928880858130957
0.0026967780257823645
0.002639628332871598
GEN 8 time 1602674186
0.001394418966276067
0.002000369797209615
0.002666090116770952
0.0017822977524599131
0.0026967780257823645
0.002639628332871598
GEN 9 time 1602674190
0.001394418966276067
0.0018283188035092825
0.002666090116770952
0.0017822977524599131
0.0026967780257823645
0.002639628332871598
GEN 10 time 1602674195
0.001394418966276067
0.0018283188035092825
0.002666090116770952
0.0017822977524599131
0.0026967780257823645
0.002639628332871598
GEN 11 time 1602674199
0.001394418966276067
0.0018266509095459789
0.002666090116770952
0.0017822977524599131
0.0026967780257823645
0.002639628332871598
GEN 12 time 1602674203
0.001394418966276067
0.0018266509095459789
0.002666090116770952
0.0017822977524599131
0.0026967780257823645
0.002639628332871598
GEN 13 time 1602674208
0.001394418966276067
0.0018266509095459789
0.002666090116770952
0.0017822977524599131
0.0026967780257823645
0.002639628332871598
GEN 14 time 1602674212
0.0013921767546161415
0.0018266509095459789
0.002666090116770952
0.0017822977524599131
0.0026967780257823645
0.002639628332871598
GEN 15 time 1602674217
0.0013921767546161415
0.0018266509095459789
0.002666090116770952
0.0017822977524599131
0.0026967780257823645
0.002639628332871598
GEN 16 time 1602674221
0.0013159515896146933
0.0018266509095459789
0.002666090116770952
0.0017822977524599131
0.0026967780257823645
0.002639628332871598
GEN 17 time 1602674226
0.0013159515896146933
0.0018266509095459789
0.002666090116770952
0.0017822977524599131
0.0026967780257823645
0.002639628332871598
GEN 18 time 1602674230
0.0013159515896146933
0.0018266509095459789
0.002666090116770952
0.0017822977524599131
0.0026967780257823645
0.002639628332871598
GEN 19 time 1602674234
0.0013159515896146933
0.0018266509095459789
0.002666090116770952
0.0017822977524599131
0.0026967780257823645
0.0025992368991907193
GEN 20 time 1602674239
0.0013159515896146933
0.0018266509095459789
0.002666090116770952
0.0017822977524599131
0.0026967780257823645
0.0025992368991907193
GEN 21 time 1602674243
0.0012560922036427829
0.0018266509095459789
0.002666090116770952
0.0017467321377349428
0.0024714125005064935
0.002522530773613063
GEN 22 time 1602674247
0.0012560922036427829
0.0018266509095459789
0.002666090116770952
0.0017097859370101697
0.0024714125005064935
0.002522530773613063
GEN 23 time 1602674252
0.0012560922036427829
0.0018266509095459789
0.002666090116770952
0.0017097859370101697
0.0024714125005064935
0.002522530773613063
GEN 24 time 1602674256
0.0012293557333399282
0.0018266509095459789
0.002666090116770952
0.0017097859370101697
0.0024714125005064935
0.002522530773613063
GEN 25 time 1602674261
0.0012293557333399282
0.0018266509095459789
0.002666090116770952
0.0017097859370101697
0.0024714125005064935
0.002522530773613063
GEN 26 time 1602674265
0.0012293557333399282
0.0018266509095459789
0.002666090116770952
0.0016944866335870733
0.0024714125005064935
0.002522530773613063
GEN 27 time 1602674269
0.0012293557333399282
0.0018266509095459789
0.002666090116770952
0.0016944866335870733
0.0024714125005064935
0.002522530773613063
GEN 28 time 1602674274
0.0012293557333399282
0.0018266509095459789
0.002666090116770952
0.0016944866335870733
0.0024714125005064935
0.002522530773613063
GEN 29 time 1602674278
0.0012293557333399282
0.0018266509095459789
0.002666090116770952
0.0016944866335870733
0.0024714125005064935
0.002522530773613063
GEN 30 time 1602674283
0.0012293557333399282
0.0018266509095459789
0.002666090116770952
0.0016944866335870733
0.0024714125005064935
0.002522530773613063
GEN 31 time 1602674287
0.0012293557333399282
0.0018266509095459789
0.002666090116770952
0.0016510584593196823
0.0024714125005064935
0.002522530773613063
GEN 32 time 1602674292
0.0012293557333399282
0.0018266509095459789
0.002666090116770952
0.0016510584593196823
0.0024714125005064935
0.002522530773613063
GEN 33 time 1602674296
0.0012293557333399282
0.0018266509095459789
0.002666090116770952
0.0016510584593196823
0.0024714125005064935
0.002522530773613063
GEN 34 time 1602674301
0.0012293557333399282
0.0018266509095459789
0.002666090116770952
0.0016510584593196823
0.0024714125005064935
0.002522530773613063
GEN 35 time 1602674305
0.0012293557333399282
0.0018266509095459789
0.002666090116770952
0.0016510584593196823
0.0024714125005064935
0.002522530773613063
GEN 36 time 1602674310
0.0012293557333399282
0.0018266509095459789
0.002666090116770952
0.0016510584593196823
0.0024714125005064935
0.002522530773613063
GEN 37 time 1602674314
0.0012293557333399282
0.0018266509095459789
0.002666090116770952
0.0016510584593196823
0.0024714125005064935
0.002522530773613063
GEN 38 time 1602674319
0.0012293557333399282
0.0018266509095459789
0.002666090116770952
0.0016510584593196823
0.0024714125005064935
0.002522530773613063
GEN 39 time 1602674323
0.0012293557333399282
0.0018266509095459789
0.002666090116770952
0.0016510584593196823
0.0024714125005064935
0.002522530773613063
GEN 40 time 1602674327
0.0012293557333399282
0.0018266509095459789
0.002666090116770952
0.0016510584593196823
0.002455173853351001
0.002522530773613063
GEN 41 time 1602674332
0.0012293557333399282
0.0018266509095459789
0.002666090116770952
0.0016510584593196823
0.002455173853351001
0.002522530773613063
GEN 42 time 1602674336
0.0011921567546161413
0.0018266509095459789
0.002666090116770952
0.0016510584593196823
0.002455173853351001
0.002501588150270873
GEN 43 time 1602674341
0.0011921567546161413
0.0018266509095459789
0.002666090116770952
0.0016510584593196823
0.002455173853351001
0.002501588150270873
GEN 44 time 1602674345
0.0011921567546161413
0.0018266509095459789
0.002666090116770952
0.0016510584593196823
0.002409995150588467
0.002501588150270873
GEN 45 time 1602674350
0.0011921567546161413
0.0018266509095459789
0.002666090116770952
0.0016510584593196823
0.002409995150588467
0.002501588150270873
GEN 46 time 1602674354
0.0011921567546161413
0.0018266509095459789
0.002666090116770952
0.0016510584593196823
0.002409995150588467
0.002501588150270873
GEN 47 time 1602674359
0.0011921567546161413
0.0018266509095459789
0.002666090116770952
0.0016510584593196823
0.002409995150588467
0.002501588150270873
GEN 48 time 1602674363
0.0011921567546161413
0.0018266509095459789
0.002666090116770952
0.0016510584593196823
0.002409995150588467
0.002501588150270873
GEN 49 time 1602674367
0.0011921567546161413
0.0018266509095459789
0.002666090116770952
0.0016510584593196823
0.002409995150588467
0.002501588150270873
GEN 50 time 1602674372
0.0011921567546161413
0.0018266509095459789
0.002666090116770952
0.0016510584593196823
0.002409995150588467
0.002501588150270873
GEN 51 time 1602674376
0.0011921567546161413
0.0018266509095459789
0.002666090116770952
0.0016510584593196823
0.002409995150588467
0.002501588150270873
GEN 52 time 1602674381
0.0011921567546161413
0.0018266509095459789
0.002666090116770952
0.0016510584593196823
0.002409995150588467
0.002501588150270873
GEN 53 time 1602674385
0.0011921567546161413
0.0018266509095459789
0.002666090116770952
0.0016464362797863814
0.002409995150588467
0.002501588150270873
GEN 54 time 1602674390
0.0011921567546161413
0.0018266509095459789
0.002666090116770952
0.0016464362797863814
0.002409995150588467
0.002501588150270873
GEN 55 time 1602674394
0.0011921567546161413
0.0018266509095459789
0.002666090116770952
0.0016464362797863814
0.002409995150588467
0.002501588150270873
GEN 56 time 1602674398
0.0011921567546161413
0.0018266509095459789
0.002666090116770952
0.0016464362797863814
0.002409995150588467
0.002501588150270873
GEN 57 time 1602674403
0.0011921567546161413
0.0018266509095459789
0.002666090116770952
0.0016357621363636515
0.002409995150588467
0.002501588150270873
GEN 58 time 1602674407
0.0011921567546161413
0.0018266509095459789
0.002666090116770952
0.0016357621363636515
0.002409995150588467
0.002501588150270873
GEN 59 time 1602674411
0.0011921567546161413
0.0018266509095459789
0.002666090116770952
0.0016357621363636515
0.002409995150588467
0.002501588150270873
GEN 60 time 1602674416
0.0011921567546161413
0.0018266509095459789
0.002666090116770952
0.0016357621363636515
0.002409995150588467
0.002501588150270873
GEN 61 time 1602674420
0.0011921567546161413
0.0018266509095459789
0.002666090116770952
0.0016357621363636515
0.002409995150588467
0.002501588150270873
GEN 62 time 1602674424
0.0011921567546161413
0.0018266509095459789
0.002666090116770952
0.0016357621363636515
0.002409995150588467
0.002501588150270873
GEN 63 time 1602674429
0.0011921567546161413
0.0018266509095459789
0.002666090116770952
0.0016357621363636515
0.002409995150588467
0.002501588150270873
GEN 64 time 1602674433
0.0011921567546161413
0.0018266509095459789
0.002666090116770952
0.0016357621363636515
0.002409995150588467
0.002501588150270873
GEN 65 time 1602674438
0.0011921567546161413
0.0018266509095459789
0.002666090116770952
0.0016357621363636515
0.002409995150588467
0.002501588150270873
GEN 66 time 1602674442
0.0011921567546161413
0.0018266509095459789
0.002666090116770952
0.0016357621363636515
0.002409995150588467
0.002501588150270873
GEN 67 time 1602674446
0.0011921567546161413
0.0018266509095459789
0.002666090116770952
0.0016357621363636515
0.002409995150588467
0.002501588150270873
GEN 68 time 1602674451
0.0011921567546161413
0.0018266509095459789
0.002666090116770952
0.0016064231509845175
0.002409995150588467
0.002501588150270873
GEN 69 time 1602674455
0.0011921567546161413
0.0018266509095459789
0.002666090116770952
0.0015333660901367886
0.002409995150588467
0.002501588150270873
GEN 70 time 1602674459
0.0011921567546161413
0.0018266509095459789
0.002666090116770952
0.0015333660901367886
0.002409995150588467
0.002501588150270873
GEN 71 time 1602674464
0.0011921567546161413
0.0018266509095459789
0.002666090116770952
0.0015333660901367886
0.002409995150588467
0.002501588150270873
GEN 72 time 1602674468
0.0011921567546161413
0.0018266509095459789
0.002666090116770952
0.0015333660901367886
0.002409995150588467
0.002501588150270873
GEN 73 time 1602674472
0.0011921567546161413
0.0018266509095459789
0.002666090116770952
0.0015333660901367886
0.002409995150588467
0.002501588150270873
GEN 74 time 1602674477
0.0011921567546161413
0.0018266509095459789
0.002666090116770952
0.0015333660901367886
0.002409995150588467
0.002501588150270873
GEN 75 time 1602674481
0.0011921567546161413
0.0018266509095459789
0.002666090116770952
0.0015333660901367886
0.002409995150588467
0.002501588150270873
GEN 76 time 1602674486
0.0011921567546161413
0.0018266509095459789
0.002666090116770952
0.0015333660901367886
0.002409995150588467
0.002501588150270873
GEN 77 time 1602674490
0.0011921567546161413
0.0018266509095459789
0.002666090116770952
0.0015333660901367886
0.002409995150588467
0.002501588150270873
GEN 78 time 1602674494
0.0011921567546161413
0.0018266509095459789
0.002666090116770952
0.0015333660901367886
0.0023342523120821732
0.002501588150270873
GEN 79 time 1602674499
0.0011921567546161413
0.0018266509095459789
0.002666090116770952
0.0014807542924846991
0.0023342523120821732
0.002501588150270873
GEN 80 time 1602674503
0.0011921567546161413
0.0018266509095459789
0.002666090116770952
0.0014807542924846991
0.0023342523120821732
0.002501588150270873
GEN 81 time 1602674507
0.0011921567546161413
0.0018266509095459789
0.002666090116770952
0.0014807542924846991
0.0023342523120821732
0.002501588150270873
GEN 82 time 1602674512
0.0011921567546161413
0.0018266509095459789
0.002666090116770952
0.0014807542924846991
0.0021562035993190885
0.002501588150270873
GEN 83 time 1602674516
0.0011921567546161413
0.0018266509095459789
0.002666090116770952
0.0014807542924846991
0.0021562035993190885
0.002501588150270873
GEN 84 time 1602674521
0.0011921567546161413
0.0018266509095459789
0.002666090116770952
0.0014807542924846991
0.0021562035993190885
0.002501588150270873
GEN 85 time 1602674525
0.0011921567546161413
0.0018266509095459789
0.002666090116770952
0.0014807542924846991
0.0021562035993190885
0.002501588150270873
GEN 86 time 1602674529
0.0011921567546161413
0.0018266509095459789
0.002666090116770952
0.0014807542924846991
0.0021562035993190885
0.002501588150270873
GEN 87 time 1602674534
0.0011921567546161413
0.0018266509095459789
0.002666090116770952
0.0014807542924846991
0.0021562035993190885
0.002501588150270873
GEN 88 time 1602674538
0.0011921567546161413
0.0018266509095459789
0.002666090116770952
0.0014807542924846991
0.0021562035993190885
0.002501588150270873
GEN 89 time 1602674542
0.0011921567546161413
0.0018266509095459789
0.002666090116770952
0.0014807542924846991
0.0021562035993190885
0.002501588150270873
GEN 90 time 1602674547
0.0011921567546161413
0.0018266509095459789
0.002666090116770952
0.0014807542924846991
0.0021562035993190885
0.002501588150270873
GEN 91 time 1602674551
0.0011921567546161413
0.0018266509095459789
0.002666090116770952
0.0014464162797863814
0.0021562035993190885
0.002501588150270873
GEN 92 time 1602674556
0.0011921567546161413
0.0018266509095459789
0.002666090116770952
0.0014464162797863814
0.0021562035993190885
0.002501588150270873
GEN 93 time 1602674560
0.0011921567546161413
0.0018266509095459789
0.002666090116770952
0.0014464162797863814
0.0021562035993190885
0.002501588150270873
GEN 94 time 1602674564
0.0011921567546161413
0.0018266509095459789
0.002666090116770952
0.0014464162797863814
0.0021562035993190885
0.002501588150270873
GEN 95 time 1602674569
0.0011921567546161413
0.0018266509095459789
0.002666090116770952
0.0014464162797863814
0.0021562035993190885
0.002501588150270873
GEN 96 time 1602674573
0.0011921567546161413
0.0018266509095459789
0.002666090116770952
0.0014464162797863814
0.0021562035993190885
0.002501588150270873
GEN 97 time 1602674577
0.0011921567546161413
0.0018266509095459789
0.002666090116770952
0.0014464162797863814
0.0021562035993190885
0.002501588150270873
GEN 98 time 1602674582
0.0011921567546161413
0.0018266509095459789
0.002666090116770952
0.0014464162797863814
0.0021562035993190885
0.002501588150270873
GEN 99 time 1602674586
0.0011921567546161413
0.0018266509095459789
0.002666090116770952
0.0014464162797863814
0.0021562035993190885
0.002501588150270873
GEN 100 time 1602674591
0.0011921567546161413
0.0018266509095459789
0.002666090116770952
0.0014464162797863814
0.0021342323120821733
0.002501588150270873
GEN 101 time 1602674595
0.0011921567546161413
0.0018266509095459789
0.002666090116770952
0.0014464162797863814
0.0021342323120821733
0.002501588150270873
GEN 102 time 1602674599
0.0011921567546161413
0.0018266509095459789
0.002666090116770952
0.0014464162797863814
0.0021342323120821733
0.002501588150270873
GEN 103 time 1602674604
0.0011921567546161413
0.0018266509095459789
0.002666090116770952
0.0014464162797863814
0.0021342323120821733
0.002501588150270873
GEN 104 time 1602674608
0.0011921567546161413
0.0018266509095459789
0.002666090116770952
0.0014464162797863814
0.0021342323120821733
0.002501588150270873
GEN 105 time 1602674613
0.0011921567546161413
0.0018266509095459789
0.002666090116770952
0.0014464162797863814
0.0021342323120821733
0.002501588150270873
GEN 106 time 1602674617
0.0011921567546161413
0.0018266509095459789
0.002666090116770952
0.0014464162797863814
0.0021342323120821733
0.002501588150270873
GEN 107 time 1602674622
0.0011921567546161413
0.0018266509095459789
0.002666090116770952
0.0014464162797863814
0.0021342323120821733
0.002501588150270873
GEN 108 time 1602674626
0.0011921567546161413
0.0018266509095459789
0.002666090116770952
0.0014464162797863814
0.0021342323120821733
0.002501588150270873
GEN 109 time 1602674630
0.0011921567546161413
0.0018266509095459789
0.002666090116770952
0.0014464162797863814
0.0021342323120821733
0.002501588150270873
GEN 110 time 1602674635
0.0011921567546161413
0.0018266509095459789
0.002666090116770952
0.0014464162797863814
0.0021342323120821733
0.002501588150270873
GEN 111 time 1602674639
0.0011921567546161413
0.0018266509095459789
0.002666090116770952
0.0014464162797863814
0.0021342323120821733
0.002501588150270873
GEN 112 time 1602674643
0.0011921567546161413
0.0018266509095459789
0.002666090116770952
0.0014357421363636515
0.0021342323120821733
0.002501588150270873
GEN 113 time 1602674648
0.0011921567546161413
0.0018266509095459789
0.002666090116770952
0.0014357421363636515
0.0021342323120821733
0.002501588150270873
GEN 114 time 1602674652
0.0011921567546161413
0.0018266509095459789
0.002666090116770952
0.0013648757845663869
0.0021342323120821733
0.002501588150270873
GEN 115 time 1602674656
0.0011921567546161413
0.0018266509095459789
0.002666090116770952
0.0013648757845663869
0.0021342323120821733
0.002501588150270873
GEN 116 time 1602674661
0.0011921567546161413
0.0018266509095459789
0.002666090116770952
0.0013648757845663869
0.0021342323120821733
0.002501588150270873
GEN 117 time 1602674665
0.0011714334893155446
0.0018266509095459789
0.002666090116770952
0.0013648757845663869
0.0021342323120821733
0.002501588150270873
GEN 118 time 1602674669
0.0011714334893155446
0.0018266509095459789
0.002666090116770952
0.0013648757845663869
0.0021342323120821733
0.002501588150270873
GEN 119 time 1602674674
0.0011714334893155446
0.0018266509095459789
0.002666090116770952
0.0013648757845663869
0.0021342323120821733
0.002501588150270873
GEN 120 time 1602674678
0.0011714334893155446
0.0018266509095459789
0.002666090116770952
0.0013648757845663869
0.0021342323120821733
0.002501588150270873
GEN 121 time 1602674682
0.0011714334893155446
0.0018266509095459789
0.002666090116770952
0.0013648757845663869
0.0021342323120821733
0.002501588150270873
GEN 122 time 1602674687
0.0011714334893155446
0.0018266509095459789
0.002666090116770952
0.0013648757845663869
0.0021342323120821733
0.002501588150270873
GEN 123 time 1602674691
0.0011714334893155446
0.0018266509095459789
0.002666090116770952
0.0013648757845663869
0.0021342323120821733
0.002501588150270873
GEN 124 time 1602674695
0.0011714334893155446
0.0018266509095459789
0.002666090116770952
0.0013648757845663869
0.0021342323120821733
0.002501588150270873
GEN 125 time 1602674700
0.0011714334893155446
0.0018266509095459789
0.002666090116770952
0.0013648757845663869
0.0021342323120821733
0.002501588150270873
GEN 126 time 1602674704
0.0011714334893155446
0.0018266509095459789
0.002666090116770952
0.0013648757845663869
0.0021342323120821733
0.002501588150270873
GEN 127 time 1602674708
0.0011714334893155446
0.0018266509095459789
0.002666090116770952
0.0013648757845663869
0.0021342323120821733
0.002501588150270873
GEN 128 time 1602674713
0.0011714334893155446
0.0018266509095459789
0.002666090116770952
0.0013648757845663869
0.0021342323120821733
0.002501588150270873
GEN 129 time 1602674717
0.0011714334893155446
0.0018266509095459789
0.002666090116770952
0.0013648757845663869
0.0021342323120821733
0.002501588150270873
GEN 130 time 1602674721
0.0011714334893155446
0.0018266509095459789
0.002666090116770952
0.0013648757845663869
0.0021342323120821733
0.002501588150270873
GEN 131 time 1602674725
0.0011714334893155446
0.0018266509095459789
0.002666090116770952
0.0013648757845663869
0.0021342323120821733
0.002501588150270873
GEN 132 time 1602674730
0.0011714334893155446
0.0018266509095459789
0.002666090116770952
0.0013648757845663869
0.0021342323120821733
0.002501588150270873
GEN 133 time 1602674734
0.0011714334893155446
0.0018266509095459789
0.002666090116770952
0.0013648757845663869
0.0021342323120821733
0.002501588150270873
GEN 134 time 1602674738
0.0011714334893155446
0.0018266509095459789
0.002666090116770952
0.0013648757845663869
0.0021342323120821733
0.002501588150270873
GEN 135 time 1602674743
0.0011714334893155446
0.0018266509095459789
0.002666090116770952
0.0013648757845663869
0.0021342323120821733
0.002501588150270873
GEN 136 time 1602674747
0.0011714334893155446
0.0018266509095459789
0.002666090116770952
0.0013648757845663869
0.0021342323120821733
0.002501588150270873
GEN 137 time 1602674751
0.0011714334893155446
0.0018266509095459789
0.002666090116770952
0.0013648757845663869
0.0021342323120821733
0.002501588150270873
GEN 138 time 1602674755
0.0011714334893155446
0.0018266509095459789
0.002666090116770952
0.0013540742467454125
0.0021342323120821733
0.002501588150270873
GEN 139 time 1602674760
0.0011714334893155446
0.0018266509095459789
0.002666090116770952
0.0013540742467454125
0.0021342323120821733
0.002501588150270873
GEN 140 time 1602674764
0.0011714334893155446
0.0018266509095459789
0.002666090116770952
0.0013540742467454125
0.0021342323120821733
0.002501588150270873
GEN 141 time 1602674768
0.0011714334893155446
0.0018266509095459789
0.002666090116770952
0.0013540742467454125
0.0021342323120821733
0.002501588150270873
GEN 142 time 1602674772
0.0011714334893155446
0.0018266509095459789
0.002666090116770952
0.0013540742467454125
0.0021342323120821733
0.002501588150270873
GEN 143 time 1602674777
0.0011714334893155446
0.0018266509095459789
0.002666090116770952
0.0013540742467454125
0.0021342323120821733
0.002501588150270873
GEN 144 time 1602674781
0.0011714334893155446
0.0018266509095459789
0.002666090116770952
0.0013540742467454125
0.0021342323120821733
0.002501588150270873
GEN 145 time 1602674785
0.0011714334893155446
0.0018266509095459789
0.002666090116770952
0.0013540742467454125
0.0021342323120821733
0.002501588150270873
GEN 146 time 1602674790
0.0011714334893155446
0.0018266509095459789
0.002666090116770952
0.0013540742467454125
0.0021342323120821733
0.002501588150270873
GEN 147 time 1602674794
0.0011714334893155446
0.0018266509095459789
0.002666090116770952
0.0013540742467454125
0.0021342323120821733
0.002501588150270873
GEN 148 time 1602674798
0.0011714334893155446
0.0018266509095459789
0.002666090116770952
0.0013540742467454125
0.0021342323120821733
0.002501588150270873
GEN 149 time 1602674802
0.0011714334893155446
0.0018266509095459789
0.002666090116770952
0.0013540742467454125
0.0021342323120821733
0.002501588150270873
GEN 150 time 1602674807
0.0011714334893155446
0.0018266509095459789
0.002666090116770952
0.0013540742467454125
0.0021342323120821733
0.002501588150270873
GEN 151 time 1602674811
0.0011714334893155446
0.0018266509095459789
0.002666090116770952
0.0013540742467454125
0.0021342323120821733
0.002501588150270873
GEN 152 time 1602674815
0.0011714334893155446
0.0018266509095459789
0.002666090116770952
0.0013540742467454125
0.0021342323120821733
0.002501588150270873
GEN 153 time 1602674819
0.0011714334893155446
0.0018266509095459789
0.002666090116770952
0.0013540742467454125
0.0021342323120821733
0.002501588150270873
GEN 154 time 1602674823
0.0011714334893155446
0.0018266509095459789
0.002666090116770952
0.0013540742467454125
0.0021342323120821733
0.002501588150270873
GEN 155 time 1602674828
0.0011714334893155446
0.0018266509095459789
0.002666090116770952
0.0013540742467454125
0.0021342323120821733
0.002501588150270873
GEN 156 time 1602674832
0.0011714334893155446
0.0018266509095459789
0.002666090116770952
0.0013540742467454125
0.0021342323120821733
0.002501588150270873
GEN 157 time 1602674836
0.0011714334893155446
0.0018266509095459789
0.002666090116770952
0.0013540742467454125
0.0021342323120821733
0.002501588150270873
GEN 158 time 1602674840
0.0011714334893155446
0.0018266509095459789
0.002666090116770952
0.0013540742467454125
0.0021342323120821733
0.002501588150270873
GEN 159 time 1602674845
0.0011714334893155446
0.0018266509095459789
0.002666090116770952
0.0013540742467454125
0.0021342323120821733
0.002501588150270873
GEN 160 time 1602674849
0.0011714334893155446
0.0018266509095459789
0.002666090116770952
0.0013540742467454125
0.0021342323120821733
0.002501588150270873
GEN 161 time 1602674853
0.0011714334893155446
0.0018266509095459789
0.002666090116770952
0.0013540742467454125
0.0021342323120821733
0.002501588150270873
GEN 162 time 1602674858
0.0011714334893155446
0.0018266509095459789
0.002666090116770952
0.0013540742467454125
0.0021342323120821733
0.002501588150270873
GEN 163 time 1602674862
0.0011714334893155446
0.0018266509095459789
0.002666090116770952
0.0013540742467454125
0.0021342323120821733
0.002501588150270873
GEN 164 time 1602674866
0.0011714334893155446
0.0018266509095459789
0.002666090116770952
0.0013540742467454125
0.0021342323120821733
0.002501588150270873
GEN 165 time 1602674871
0.0011714334893155446
0.0018266509095459789
0.002666090116770952
0.0013540742467454125
0.0021342323120821733
0.002501588150270873
GEN 166 time 1602674875
0.0011714334893155446
0.0018266509095459789
0.002666090116770952
0.0013540742467454125
0.0021342323120821733
0.002501588150270873
GEN 167 time 1602674879
0.0011714334893155446
0.0018266509095459789
0.002666090116770952
0.0013540742467454125
0.00206070786485923
0.002501588150270873
GEN 168 time 1602674883
0.0011714334893155446
0.0018266509095459789
0.002666090116770952
0.0013540742467454125
0.00206070786485923
0.002501588150270873
GEN 169 time 1602674888
0.0011714334893155446
0.0018266509095459789
0.002666090116770952
0.0013540742467454125
0.00206070786485923
0.002501588150270873
GEN 170 time 1602674892
0.0011714334893155446
0.0018266509095459789
0.002666090116770952
0.0013540742467454125
0.00206070786485923
0.002501588150270873
GEN 171 time 1602674896
0.0011714334893155446
0.0018266509095459789
0.002666090116770952
0.0013540742467454125
0.00206070786485923
0.002501588150270873
GEN 172 time 1602674900
0.0011714334893155446
0.0018266509095459789
0.002666090116770952
0.0013540742467454125
0.00206070786485923
0.002501588150270873
GEN 173 time 1602674905
0.0011714334893155446
0.0018266509095459789
0.002666090116770952
0.0013540742467454125
0.00206070786485923
0.002501588150270873
GEN 174 time 1602674909
0.0011714334893155446
0.0018266509095459789
0.002666090116770952
0.0013540742467454125
0.0020376144550202486
0.002501588150270873
GEN 175 time 1602674913
0.0011714334893155446
0.0018266509095459789
0.002666090116770952
0.0013540742467454125
0.0020376144550202486
0.002501588150270873
GEN 176 time 1602674918
0.0011714334893155446
0.0018266509095459789
0.002666090116770952
0.0013540742467454125
0.0020376144550202486
0.002501588150270873
GEN 177 time 1602674922
0.0011714334893155446
0.0018266509095459789
0.002666090116770952
0.0013540742467454125
0.0020376144550202486
0.002501588150270873
GEN 178 time 1602674926
0.0011714334893155446
0.0018266509095459789
0.002666090116770952
0.0013540742467454125
0.0020376144550202486
0.002501588150270873
GEN 179 time 1602674930
0.0011714334893155446
0.0018266509095459789
0.002666090116770952
0.0013540742467454125
0.0020376144550202486
0.002501588150270873
GEN 180 time 1602674935
0.0011714334893155446
0.0018266509095459789
0.002666090116770952
0.0013540742467454125
0.0020376144550202486
0.002501588150270873
GEN 181 time 1602674939
0.0011714334893155446
0.0018266509095459789
0.002666090116770952
0.0013540742467454125
0.0020376144550202486
0.002501588150270873
GEN 182 time 1602674943
0.0011714334893155446
0.0018266509095459789
0.002666090116770952
0.0013540742467454125
0.0020376144550202486
0.002501588150270873
GEN 183 time 1602674947
0.0011714334893155446
0.0018266509095459789
0.002666090116770952
0.0013540742467454125
0.0020376144550202486
0.002501588150270873
GEN 184 time 1602674951
0.0011714334893155446
0.0018266509095459789
0.002666090116770952
0.0013540742467454125
0.0020376144550202486
0.002501588150270873
GEN 185 time 1602674956
0.0011714334893155446
0.0018266509095459789
0.002666090116770952
0.0013540742467454125
0.0020376144550202486
0.002501588150270873
GEN 186 time 1602674960
0.0011714334893155446
0.0018266509095459789
0.002666090116770952
0.0013540742467454125
0.0020376144550202486
0.002501588150270873
GEN 187 time 1602674964
0.0011714334893155446
0.0018266509095459789
0.002666090116770952
0.0013540742467454125
0.0020376144550202486
0.002501588150270873
GEN 188 time 1602674968
0.0011714334893155446
0.0018266509095459789
0.002666090116770952
0.0013540742467454125
0.0020376144550202486
0.002501588150270873
GEN 189 time 1602674973
0.0011714334893155446
0.0018266509095459789
0.002666090116770952
0.0013540742467454125
0.0020376144550202486
0.002501588150270873
GEN 190 time 1602674977
0.0011714334893155446
0.0018266509095459789
0.002666090116770952
0.0013540742467454125
0.0020376144550202486
0.002501588150270873
GEN 191 time 1602674981
0.0011714334893155446
0.0018266509095459789
0.002666090116770952
0.0013540742467454125
0.0020376144550202486
0.002501588150270873
GEN 192 time 1602674985
0.0011714334893155446
0.0018266509095459789
0.002666090116770952
0.0013540742467454125
0.0020376144550202486
0.002501588150270873
GEN 193 time 1602674990
0.0011714334893155446
0.0018266509095459789
0.002666090116770952
0.0013540742467454125
0.0020376144550202486
0.002501588150270873
GEN 194 time 1602674994
0.0011714334893155446
0.0018266509095459789
0.002666090116770952
0.0013540742467454125
0.0020376144550202486
0.002501588150270873
GEN 195 time 1602674998
0.0011714334893155446
0.0018266509095459789
0.002666090116770952
0.0013540742467454125
0.0020376144550202486
0.002501588150270873
GEN 196 time 1602675002
0.0011714334893155446
0.0018266509095459789
0.002666090116770952
0.0013540742467454125
0.0020376144550202486
0.002501588150270873
GEN 197 time 1602675007
0.0011714334893155446
0.0018266509095459789
0.002666090116770952
0.0013540742467454125
0.0020376144550202486
0.002501588150270873
GEN 198 time 1602675011
0.0011714334893155446
0.0018266509095459789
0.002666090116770952
0.0013540742467454125
0.0020376144550202486
0.002501588150270873
GEN 199 time 1602675015
0.0011714334893155446
0.0018266509095459789
0.002666090116770952
0.0013540742467454125
0.0020376144550202486
0.002501588150270873
