['./data/small/layer/uu-dem8_r25_1.json', './data/small/layer/uu-dem3_r25_1.json', './data/small/layer/uu-dem8_r50_1.json', './data/small/hop/uu-dem8_r25_1_0.json', './data/small/hop/uu-dem3_r50_1_0.json', './data/small/hop/uu-dem8_r50_1_0.json']
GEN 0 time 1602242810
0.0019331241698611365
0.0017058410808370235
0.003074454008574254
0.002012311573771233
0.0032401586196671044
0.003557764995635205
GEN 1 time 1602242823
0.0019331241698611365
0.0017058410808370235
0.0030269426232689646
0.0019143937055491362
0.0032401586196671044
0.003476037023880457
GEN 2 time 1602242837
0.0019331241698611365
0.0017058410808370235
0.0030269426232689646
0.0019143937055491362
0.0032401586196671044
0.002910086446123083
GEN 3 time 1602242851
0.0019331241698611365
0.0017058410808370235
0.0030269426232689646
0.0019143937055491362
0.0032401586196671044
0.002910086446123083
GEN 4 time 1602242865
0.0019331241698611365
0.0017058410808370235
0.0030269426232689646
0.0019143937055491362
0.0032401586196671044
0.002910086446123083
GEN 5 time 1602242879
0.0019331241698611365
0.0017058410808370235
0.0030269426232689646
0.0019143937055491362
0.003003648043134688
0.002910086446123083
GEN 6 time 1602242894
0.0019331241698611365
0.0017058410808370235
0.0030269426232689646
0.0019143937055491362
0.003003648043134688
0.002910086446123083
GEN 7 time 1602242908
0.0019331241698611365
0.0017058410808370235
0.0030269426232689646
0.0019143937055491362
0.003003648043134688
0.002910086446123083
GEN 8 time 1602242922
0.0019331241698611365
0.0017058410808370235
0.0030269426232689646
0.0019143937055491362
0.003003648043134688
0.002910086446123083
GEN 9 time 1602242937
0.0019331241698611365
0.0017058410808370235
0.0030269426232689646
0.0019143937055491362
0.002921378014766881
0.002910086446123083
GEN 10 time 1602242952
0.0019331241698611365
0.0017058410808370235
0.0030269426232689646
0.0019143937055491362
0.002921378014766881
0.002910086446123083
GEN 11 time 1602242966
0.0019331241698611365
0.0017058410808370235
0.0030269426232689646
0.0019010816407604699
0.002921378014766881
0.002910086446123083
GEN 12 time 1602242981
0.0019331241698611365
0.0017058410808370235
0.0030269426232689646
0.0019010816407604699
0.002921378014766881
0.002910086446123083
GEN 13 time 1602242996
0.0019331241698611365
0.0017058410808370235
0.0030269426232689646
0.0018224952854204233
0.002921378014766881
0.002910086446123083
GEN 14 time 1602243011
0.0019331241698611365
0.0017058410808370235
0.0030269426232689646
0.0018224952854204233
0.002921378014766881
0.00280565241672272
GEN 15 time 1602243025
0.0019331241698611365
0.0017058410808370235
0.0030269426232689646
0.0018224952854204233
0.002921378014766881
0.00280565241672272
GEN 16 time 1602243040
0.0019331241698611365
0.0017058410808370235
0.0030269426232689646
0.0018224952854204233
0.002921378014766881
0.00280565241672272
GEN 17 time 1602243054
0.0019331241698611365
0.0017058410808370235
0.0030269426232689646
0.0018224952854204233
0.002921378014766881
0.00280565241672272
GEN 18 time 1602243069
0.0019331241698611365
0.0017058410808370235
0.0030269426232689646
0.0017898784638624877
0.0028284458368488382
0.00280565241672272
GEN 19 time 1602243083
0.0019331241698611365
0.0017058410808370235
0.0030269426232689646
0.0017898784638624877
0.0028284458368488382
0.00280565241672272
GEN 20 time 1602243098
0.0019331241698611365
0.0017058410808370235
0.0030269426232689646
0.0017898784638624877
0.0028284458368488382
0.00280565241672272
GEN 21 time 1602243113
0.0019331241698611365
0.0017058410808370235
0.0030269426232689646
0.0017898784638624877
0.0028284458368488382
0.00280565241672272
GEN 22 time 1602243127
0.0019331241698611365
0.0017058410808370235
0.0030269426232689646
0.0016257467948499298
0.0028284458368488382
0.00280565241672272
GEN 23 time 1602243142
0.0019331241698611365
0.0017058410808370235
0.0030269426232689646
0.0016257467948499298
0.0028284458368488382
0.00280565241672272
GEN 24 time 1602243157
0.0019331241698611365
0.0017058410808370235
0.0030269426232689646
0.0016257467948499298
0.0028284458368488382
0.00280565241672272
GEN 25 time 1602243172
0.0019331241698611365
0.0017058410808370235
0.0030269426232689646
0.0016257467948499298
0.0028284458368488382
0.00280565241672272
GEN 26 time 1602243186
0.0019331241698611365
0.0017058410808370235
0.0030269426232689646
0.0016257467948499298
0.0028284458368488382
0.00280565241672272
GEN 27 time 1602243201
0.0019331241698611365
0.0017058410808370235
0.0030269426232689646
0.0016257467948499298
0.0028284458368488382
0.00280565241672272
GEN 28 time 1602243216
0.0019331241698611365
0.0017058410808370235
0.0030269426232689646
0.0016257467948499298
0.0028284458368488382
0.00280565241672272
GEN 29 time 1602243231
0.0019331241698611365
0.0017058410808370235
0.0030269426232689646
0.0016257467948499298
0.0028284458368488382
0.00280565241672272
GEN 30 time 1602243245
0.0019331241698611365
0.0017058410808370235
0.0030269426232689646
0.0016257467948499298
0.0028284458368488382
0.00280565241672272
GEN 31 time 1602243260
0.0019331241698611365
0.0017058410808370235
0.0030269426232689646
0.0016257467948499298
0.0028284458368488382
0.00280565241672272
GEN 32 time 1602243275
0.0019331241698611365
0.0017058410808370235
0.0030269426232689646
0.0016257467948499298
0.0028284458368488382
0.00280565241672272
GEN 33 time 1602243289
0.0019331241698611365
0.0017058410808370235
0.0030269426232689646
0.0016257467948499298
0.0028284458368488382
0.00280565241672272
GEN 34 time 1602243304
0.0019331241698611365
0.0017058410808370235
0.0030269426232689646
0.0016257467948499298
0.0028284458368488382
0.00280565241672272
GEN 35 time 1602243319
0.0019331241698611365
0.0017058410808370235
0.0030269426232689646
0.0016257467948499298
0.0028284458368488382
0.00280565241672272
GEN 36 time 1602243334
0.0019331241698611365
0.0017058410808370235
0.0030269426232689646
0.0016257467948499298
0.0028284458368488382
0.00280565241672272
GEN 37 time 1602243348
0.0019331241698611365
0.0017058410808370235
0.0030269426232689646
0.00147622455487767
0.0028284458368488382
0.00280565241672272
GEN 38 time 1602243364
0.0019331241698611365
0.0017058410808370235
0.0030269426232689646
0.00147622455487767
0.0028284458368488382
0.00280565241672272
GEN 39 time 1602243379
0.0019331241698611365
0.0017058410808370235
0.0030269426232689646
0.00147622455487767
0.0028284458368488382
0.00280565241672272
GEN 40 time 1602243394
0.0019331241698611365
0.0017058410808370235
0.0030269426232689646
0.00147622455487767
0.0028284458368488382
0.00280565241672272
GEN 41 time 1602243409
0.0019331241698611365
0.0017058410808370235
0.0030269426232689646
0.00147622455487767
0.0028284458368488382
0.00280565241672272
GEN 42 time 1602243424
0.0019331241698611365
0.0017058410808370235
0.0030269426232689646
0.00147622455487767
0.0028284458368488382
0.00280565241672272
GEN 43 time 1602243440
0.0019331241698611365
0.0017058410808370235
0.0030269426232689646
0.00147622455487767
0.0028284458368488382
0.00280565241672272
GEN 44 time 1602243455
0.0019331241698611365
0.0017058410808370235
0.0030269426232689646
0.00147622455487767
0.0028284458368488382
0.00280565241672272
GEN 45 time 1602243470
0.0019331241698611365
0.0017058410808370235
0.0030269426232689646
0.00147622455487767
0.0028284458368488382
0.00280565241672272
GEN 46 time 1602243486
0.0019331241698611365
0.0017058410808370235
0.0030269426232689646
0.00147622455487767
0.0028284458368488382
0.00280565241672272
GEN 47 time 1602243501
0.0019331241698611365
0.0017058410808370235
0.0030269426232689646
0.00147622455487767
0.0028284458368488382
0.00280565241672272
GEN 48 time 1602243517
0.0019331241698611365
0.0017058410808370235
0.0030269426232689646
0.00147622455487767
0.0028284458368488382
0.00280565241672272
GEN 49 time 1602243532
0.0019331241698611365
0.0017058410808370235
0.0030269426232689646
0.00147622455487767
0.0028284458368488382
0.00280565241672272
GEN 50 time 1602243548
0.0019331241698611365
0.0017058410808370235
0.0030269426232689646
0.00147622455487767
0.0028284458368488382
0.00280565241672272
GEN 51 time 1602243563
0.0019331241698611365
0.0017058410808370235
0.0030269426232689646
0.00147622455487767
0.0028284458368488382
0.00280565241672272
GEN 52 time 1602243579
0.0019331241698611365
0.0017058410808370235
0.0030269426232689646
0.00147622455487767
0.0028284458368488382
0.00280565241672272
GEN 53 time 1602243594
0.0019331241698611365
0.0017058410808370235
0.0030269426232689646
0.00147622455487767
0.0028284458368488382
0.00280565241672272
GEN 54 time 1602243609
0.0019331241698611365
0.0017058410808370235
0.0030269426232689646
0.00147622455487767
0.0028284458368488382
0.00280565241672272
GEN 55 time 1602243624
0.0019331241698611365
0.0017058410808370235
0.0030269426232689646
0.00147622455487767
0.0028284458368488382
0.00280565241672272
GEN 56 time 1602243640
0.0019331241698611365
0.0017058410808370235
0.0030269426232689646
0.00147622455487767
0.0028284458368488382
0.00280565241672272
GEN 57 time 1602243655
0.0019331241698611365
0.0017058410808370235
0.0030269426232689646
0.00147622455487767
0.0028284458368488382
0.00280565241672272
GEN 58 time 1602243670
0.0019331241698611365
0.0017058410808370235
0.0030269426232689646
0.00147622455487767
0.0028284458368488382
0.00280565241672272
GEN 59 time 1602243686
0.0019331241698611365
0.0017058410808370235
0.0030269426232689646
0.00147622455487767
0.0028284458368488382
0.00280565241672272
GEN 60 time 1602243700
0.0019331241698611365
0.0017058410808370235
0.0030269426232689646
0.00147622455487767
0.0028284458368488382
0.00280565241672272
GEN 61 time 1602243716
0.0019331241698611365
0.0017058410808370235
0.0030269426232689646
0.00147622455487767
0.0028284458368488382
0.00280565241672272
GEN 62 time 1602243731
0.0019331241698611365
0.0017058410808370235
0.0030269426232689646
0.00147622455487767
0.0028284458368488382
0.00280565241672272
GEN 63 time 1602243746
0.0019331241698611365
0.0017058410808370235
0.0030269426232689646
0.00147622455487767
0.0028284458368488382
0.00280565241672272
GEN 64 time 1602243761
0.0019331241698611365
0.0017058410808370235
0.0030269426232689646
0.00147622455487767
0.0028284458368488382
0.002427672124930492
GEN 65 time 1602243776
0.0019331241698611365
0.0017058410808370235
0.0030269426232689646
0.00147622455487767
0.0028284458368488382
0.002427672124930492
GEN 66 time 1602243791
0.0019331241698611365
0.0017058410808370235
0.0030269426232689646
0.00147622455487767
0.0028284458368488382
0.002427672124930492
GEN 67 time 1602243807
0.0019331241698611365
0.0017058410808370235
0.0030269426232689646
0.00147622455487767
0.0028284458368488382
0.002427672124930492
GEN 68 time 1602243821
0.0019331241698611365
0.0017058410808370235
0.0030269426232689646
0.00147622455487767
0.0028284458368488382
0.002427672124930492
GEN 69 time 1602243837
0.0019331241698611365
0.0017058410808370235
0.0030269426232689646
0.00147622455487767
0.0028284458368488382
0.002427672124930492
GEN 70 time 1602243851
0.0019331241698611365
0.0017058410808370235
0.0030269426232689646
0.00147622455487767
0.0028284458368488382
0.002427672124930492
GEN 71 time 1602243867
0.0019331241698611365
0.0017058410808370235
0.0030269426232689646
0.00147622455487767
0.0028284458368488382
0.002427672124930492
GEN 72 time 1602243882
0.0019331241698611365
0.0017058410808370235
0.0030269426232689646
0.00147622455487767
0.0028284458368488382
0.002427672124930492
GEN 73 time 1602243897
0.0019331241698611365
0.0017058410808370235
0.0030269426232689646
0.00147622455487767
0.0028284458368488382
0.002427672124930492
GEN 74 time 1602243912
0.0019331241698611365
0.0017058410808370235
0.0030269426232689646
0.00147622455487767
0.0028284458368488382
0.002427672124930492
GEN 75 time 1602243927
0.0019331241698611365
0.0017058410808370235
0.0030269426232689646
0.00147622455487767
0.0028284458368488382
0.002427672124930492
GEN 76 time 1602243942
0.0019331241698611365
0.0017058410808370235
0.0030269426232689646
0.00147622455487767
0.0028284458368488382
0.002427672124930492
GEN 77 time 1602243958
0.0019331241698611365
0.0017058410808370235
0.0030269426232689646
0.00147622455487767
0.0028284458368488382
0.002427672124930492
GEN 78 time 1602243973
0.0019331241698611365
0.0017058410808370235
0.0030269426232689646
0.0014067637116744682
0.0028284458368488382
0.002427672124930492
GEN 79 time 1602243988
0.0019331241698611365
0.0017058410808370235
0.0030269426232689646
0.0014067637116744682
0.0028284458368488382
0.002427672124930492
GEN 80 time 1602244003
0.0019331241698611365
0.0017058410808370235
0.0030269426232689646
0.0014067637116744682
0.0028284458368488382
0.002427672124930492
GEN 81 time 1602244018
0.0019331241698611365
0.0017058410808370235
0.0030269426232689646
0.0014067637116744682
0.0028284458368488382
0.002427672124930492
GEN 82 time 1602244033
0.0019331241698611365
0.0017058410808370235
0.0030269426232689646
0.0014067637116744682
0.0028284458368488382
0.002427672124930492
GEN 83 time 1602244048
0.0019331241698611365
0.0017058410808370235
0.0030269426232689646
0.0014067637116744682
0.0028284458368488382
0.002427672124930492
GEN 84 time 1602244063
0.0019331241698611365
0.0017058410808370235
0.0030269426232689646
0.0014067637116744682
0.0028284458368488382
0.002427672124930492
GEN 85 time 1602244078
0.0019331241698611365
0.0017058410808370235
0.0030269426232689646
0.0014067637116744682
0.0028284458368488382
0.002427672124930492
GEN 86 time 1602244093
0.0019331241698611365
0.0017058410808370235
0.0030269426232689646
0.0014067637116744682
0.0028284458368488382
0.002427672124930492
GEN 87 time 1602244108
0.0019331241698611365
0.0017058410808370235
0.0030269426232689646
0.0014067637116744682
0.0028284458368488382
0.002427672124930492
GEN 88 time 1602244123
0.0019331241698611365
0.0017058410808370235
0.0030269426232689646
0.0014067637116744682
0.0028284458368488382
0.002427672124930492
GEN 89 time 1602244138
0.0019331241698611365
0.0017058410808370235
0.0030269426232689646
0.0014067637116744682
0.0028284458368488382
0.002427672124930492
GEN 90 time 1602244153
0.0019331241698611365
0.0017058410808370235
0.0030269426232689646
0.0014067637116744682
0.0028284458368488382
0.002427672124930492
GEN 91 time 1602244168
0.0019331241698611365
0.0017058410808370235
0.0030269426232689646
0.0014067637116744682
0.0028284458368488382
0.002427672124930492
GEN 92 time 1602244183
0.0019331241698611365
0.0017058410808370235
0.0030269426232689646
0.0014067637116744682
0.0028284458368488382
0.002427672124930492
GEN 93 time 1602244199
0.0019331241698611365
0.0017058410808370235
0.0030269426232689646
0.0014067637116744682
0.0028284458368488382
0.002427672124930492
GEN 94 time 1602244214
0.0019331241698611365
0.0017058410808370235
0.0030269426232689646
0.0014067637116744682
0.0028284458368488382
0.002427672124930492
GEN 95 time 1602244229
0.0019331241698611365
0.0017058410808370235
0.0030269426232689646
0.0014067637116744682
0.0028284458368488382
0.002427672124930492
GEN 96 time 1602244244
0.0019331241698611365
0.0017058410808370235
0.0030269426232689646
0.0014067637116744682
0.0028284458368488382
0.002427672124930492
GEN 97 time 1602244259
0.0019331241698611365
0.0017058410808370235
0.0030269426232689646
0.0014067637116744682
0.0028284458368488382
0.002427672124930492
GEN 98 time 1602244274
0.0019331241698611365
0.0017058410808370235
0.0030269426232689646
0.0014067637116744682
0.0028284458368488382
0.002427672124930492
GEN 99 time 1602244290
0.0019331241698611365
0.0017058410808370235
0.0030269426232689646
0.0014067637116744682
0.0028284458368488382
0.002427672124930492
GEN 100 time 1602244305
0.0019331241698611365
0.0017058410808370235
0.0030269426232689646
0.0014067637116744682
0.0028284458368488382
0.002427672124930492
GEN 101 time 1602244320
0.0019331241698611365
0.0017058410808370235
0.0030269426232689646
0.0014067637116744682
0.0028284458368488382
0.002427672124930492
GEN 102 time 1602244335
0.0019331241698611365
0.0017058410808370235
0.0030269426232689646
0.0014067637116744682
0.0028284458368488382
0.002427672124930492
GEN 103 time 1602244351
0.0019331241698611365
0.0017058410808370235
0.0030269426232689646
0.0014067637116744682
0.0028284458368488382
0.002427672124930492
GEN 104 time 1602244366
0.0019331241698611365
0.0017058410808370235
0.0030269426232689646
0.0014067637116744682
0.0028284458368488382
0.0024056124167227202
GEN 105 time 1602244381
0.0019331241698611365
0.0017058410808370235
0.0030269426232689646
0.0014067637116744682
0.0028284458368488382
0.0024056124167227202
GEN 106 time 1602244396
0.0019331241698611365
0.0017058410808370235
0.0030269426232689646
0.0014067637116744682
0.0028284458368488382
0.0024056124167227202
GEN 107 time 1602244411
0.0019331241698611365
0.0017058410808370235
0.0030269426232689646
0.0014067637116744682
0.0028284458368488382
0.0024056124167227202
GEN 108 time 1602244426
0.0019331241698611365
0.0017058410808370235
0.0030269426232689646
0.0014067637116744682
0.0028284458368488382
0.0024056124167227202
GEN 109 time 1602244441
0.0019331241698611365
0.0017058410808370235
0.0030269426232689646
0.0014067637116744682
0.0028284458368488382
0.0024056124167227202
GEN 110 time 1602244456
0.0019331241698611365
0.0017058410808370235
0.0030269426232689646
0.0014067637116744682
0.0028284458368488382
0.0024056124167227202
GEN 111 time 1602244472
0.0019331241698611365
0.0017058410808370235
0.0030269426232689646
0.0014067637116744682
0.0028284458368488382
0.0024056124167227202
GEN 112 time 1602244487
0.0019331241698611365
0.0017058410808370235
0.0030269426232689646
0.0014067637116744682
0.0028284458368488382
0.0024056124167227202
GEN 113 time 1602244502
0.0019331241698611365
0.0017058410808370235
0.0030269426232689646
0.0014067637116744682
0.0028284458368488382
0.0024056124167227202
GEN 114 time 1602244517
0.0019331241698611365
0.0017058410808370235
0.0030269426232689646
0.0014067637116744682
0.0028284458368488382
0.0024056124167227202
GEN 115 time 1602244533
0.0019331241698611365
0.0017058410808370235
0.0030269426232689646
0.0014067637116744682
0.0028284458368488382
0.0024056124167227202
GEN 116 time 1602244548
0.0019331241698611365
0.0017058410808370235
0.0030269426232689646
0.0014067637116744682
0.0028284458368488382
0.0024056124167227202
GEN 117 time 1602244563
0.0019331241698611365
0.0017058410808370235
0.0030269426232689646
0.0014067637116744682
0.0028284458368488382
0.0024056124167227202
GEN 118 time 1602244578
0.0019331241698611365
0.0017058410808370235
0.0030269426232689646
0.0014067637116744682
0.0028284458368488382
0.0024056124167227202
GEN 119 time 1602244594
0.0019331241698611365
0.0017058410808370235
0.0030269426232689646
0.0014067637116744682
0.0028284458368488382
0.0024056124167227202
GEN 120 time 1602244609
0.0019331241698611365
0.0017058410808370235
0.0030269426232689646
0.0014067637116744682
0.0028284458368488382
0.0024056124167227202
GEN 121 time 1602244624
0.0019331241698611365
0.0017058410808370235
0.0030269426232689646
0.0014067637116744682
0.0028284458368488382
0.0024056124167227202
GEN 122 time 1602244640
0.0019331241698611365
0.0017058410808370235
0.0030269426232689646
0.0014067637116744682
0.0028284458368488382
0.0024056124167227202
GEN 123 time 1602244655
0.0019331241698611365
0.0017058410808370235
0.0030269426232689646
0.0014067637116744682
0.0028284458368488382
0.0024056124167227202
GEN 124 time 1602244670
0.0019331241698611365
0.0017058410808370235
0.0030269426232689646
0.0014067637116744682
0.0028284458368488382
0.0024056124167227202
GEN 125 time 1602244685
0.0019331241698611365
0.0017058410808370235
0.0030269426232689646
0.0014067637116744682
0.0028284458368488382
0.0024056124167227202
GEN 126 time 1602244700
0.0019331241698611365
0.0017058410808370235
0.0030269426232689646
0.0014067637116744682
0.0028284458368488382
0.0024056124167227202
GEN 127 time 1602244716
0.0019331241698611365
0.0017058410808370235
0.0030269426232689646
0.0014067637116744682
0.0028284458368488382
0.0024056124167227202
GEN 128 time 1602244731
0.0019331241698611365
0.0017058410808370235
0.0030269426232689646
0.0014067637116744682
0.0028284458368488382
0.0024056124167227202
GEN 129 time 1602244747
0.0019331241698611365
0.0017058410808370235
0.0030269426232689646
0.0014067637116744682
0.0028284458368488382
0.0024056124167227202
GEN 130 time 1602244762
0.0019331241698611365
0.0017058410808370235
0.0030269426232689646
0.0014067637116744682
0.0028284458368488382
0.0024056124167227202
GEN 131 time 1602244777
0.0019331241698611365
0.0017058410808370235
0.0030269426232689646
0.0014067637116744682
0.0028284458368488382
0.0024056124167227202
GEN 132 time 1602244792
0.0019331241698611365
0.0017058410808370235
0.0030269426232689646
0.0014067637116744682
0.0028284458368488382
0.0024056124167227202
GEN 133 time 1602244808
0.0019331241698611365
0.0017058410808370235
0.0030269426232689646
0.0014067637116744682
0.0028284458368488382
0.0024056124167227202
GEN 134 time 1602244822
0.0019331241698611365
0.0017058410808370235
0.0030269426232689646
0.0014067637116744682
0.0028284458368488382
0.0024056124167227202
GEN 135 time 1602244838
0.0019331241698611365
0.0017058410808370235
0.0030269426232689646
0.0014067637116744682
0.0028284458368488382
0.0024056124167227202
GEN 136 time 1602244853
0.0019331241698611365
0.0017058410808370235
0.0030269426232689646
0.0014067637116744682
0.0028284458368488382
0.0024056124167227202
GEN 137 time 1602244868
0.0019331241698611365
0.0017058410808370235
0.0030269426232689646
0.0014067637116744682
0.0028284458368488382
0.0024056124167227202
GEN 138 time 1602244883
0.0019331241698611365
0.0017058410808370235
0.0030269426232689646
0.0014067637116744682
0.0028284458368488382
0.0024056124167227202
GEN 139 time 1602244898
0.0019331241698611365
0.0017058410808370235
0.0030269426232689646
0.0014067637116744682
0.0028284458368488382
0.0024056124167227202
GEN 140 time 1602244913
0.0019331241698611365
0.0017058410808370235
0.0030269426232689646
0.0014067637116744682
0.0028284458368488382
0.0024056124167227202
GEN 141 time 1602244929
0.0019331241698611365
0.0017058410808370235
0.0030269426232689646
0.0014067637116744682
0.0028284458368488382
0.0024056124167227202
GEN 142 time 1602244943
0.0019331241698611365
0.0017058410808370235
0.0030269426232689646
0.0014067637116744682
0.0028284458368488382
0.0024056124167227202
GEN 143 time 1602244958
0.0019331241698611365
0.0017058410808370235
0.0030269426232689646
0.0014067637116744682
0.0028284458368488382
0.0024056124167227202
GEN 144 time 1602244974
0.0019331241698611365
0.0017058410808370235
0.0030269426232689646
0.0014067637116744682
0.0028284458368488382
0.0024056124167227202
GEN 145 time 1602244989
0.0019331241698611365
0.0017058410808370235
0.0030269426232689646
0.0014067637116744682
0.0028284458368488382
0.0024056124167227202
GEN 146 time 1602245004
0.0019331241698611365
0.0017058410808370235
0.0030269426232689646
0.0014067637116744682
0.0028284458368488382
0.0024056124167227202
GEN 147 time 1602245019
0.0019331241698611365
0.0017058410808370235
0.0030269426232689646
0.0014067637116744682
0.0028284458368488382
0.0024056124167227202
GEN 148 time 1602245034
0.0019331241698611365
0.0017058410808370235
0.0030269426232689646
0.0014067637116744682
0.0028284458368488382
0.0024056124167227202
GEN 149 time 1602245049
0.0019331241698611365
0.0017058410808370235
0.0030269426232689646
0.0014067637116744682
0.0028284458368488382
0.0024056124167227202
GEN 150 time 1602245065
0.0019331241698611365
0.0017058410808370235
0.0030269426232689646
0.0014067637116744682
0.0028284458368488382
0.0024056124167227202
GEN 151 time 1602245080
0.0019331241698611365
0.0017058410808370235
0.0030269426232689646
0.0014067637116744682
0.0028284458368488382
0.0024056124167227202
GEN 152 time 1602245095
0.0019331241698611365
0.0017058410808370235
0.0030269426232689646
0.0014067637116744682
0.0028284458368488382
0.0024056124167227202
GEN 153 time 1602245110
0.0019331241698611365
0.0017058410808370235
0.0030269426232689646
0.0014067637116744682
0.0028284458368488382
0.0024056124167227202
GEN 154 time 1602245125
0.0019331241698611365
0.0017058410808370235
0.0030269426232689646
0.0014067637116744682
0.0028284458368488382
0.0024056124167227202
GEN 155 time 1602245140
0.0019331241698611365
0.0017058410808370235
0.0030269426232689646
0.0014067637116744682
0.0028284458368488382
0.0024056124167227202
GEN 156 time 1602245156
0.0019331241698611365
0.0017058410808370235
0.0030269426232689646
0.0014067637116744682
0.0028284458368488382
0.0024056124167227202
GEN 157 time 1602245171
0.0019331241698611365
0.0017058410808370235
0.0030269426232689646
0.0014067637116744682
0.0028284458368488382
0.0024056124167227202
GEN 158 time 1602245187
0.0019331241698611365
0.0017058410808370235
0.0030269426232689646
0.0014067637116744682
0.0028284458368488382
0.0024056124167227202
GEN 159 time 1602245202
0.0019331241698611365
0.0017058410808370235
0.0030269426232689646
0.0014067637116744682
0.0028284458368488382
0.0024056124167227202
GEN 160 time 1602245217
0.0019331241698611365
0.0017058410808370235
0.0030269426232689646
0.0014067637116744682
0.0028284458368488382
0.0024056124167227202
GEN 161 time 1602245233
0.0019331241698611365
0.0017058410808370235
0.0030269426232689646
0.0014067637116744682
0.0028284458368488382
0.0024056124167227202
GEN 162 time 1602245248
0.0019331241698611365
0.0017058410808370235
0.0030269426232689646
0.0014067637116744682
0.0028284458368488382
0.0024056124167227202
GEN 163 time 1602245263
0.0019331241698611365
0.0017058410808370235
0.0030269426232689646
0.0014067637116744682
0.0028284458368488382
0.0024056124167227202
GEN 164 time 1602245278
0.0019331241698611365
0.0017058410808370235
0.0030269426232689646
0.0014067637116744682
0.0028284458368488382
0.0024056124167227202
GEN 165 time 1602245294
0.0019331241698611365
0.0017058410808370235
0.0030269426232689646
0.0014067637116744682
0.0028284458368488382
0.0024056124167227202
GEN 166 time 1602245308
0.0019331241698611365
0.0017058410808370235
0.0030269426232689646
0.0014067637116744682
0.0028284458368488382
0.0024056124167227202
GEN 167 time 1602245324
0.0019331241698611365
0.0017058410808370235
0.0030269426232689646
0.0014067637116744682
0.0028284458368488382
0.0024056124167227202
GEN 168 time 1602245339
0.0019331241698611365
0.0017058410808370235
0.0030269426232689646
0.0014067637116744682
0.0028284458368488382
0.0024056124167227202
GEN 169 time 1602245354
0.0019331241698611365
0.0017058410808370235
0.0030269426232689646
0.0014067637116744682
0.0028284458368488382
0.0024056124167227202
GEN 170 time 1602245369
0.0019331241698611365
0.0017058410808370235
0.0030269426232689646
0.0014067637116744682
0.0028284458368488382
0.0024056124167227202
GEN 171 time 1602245385
0.0019331241698611365
0.0017058410808370235
0.0030269426232689646
0.0014067637116744682
0.0028284458368488382
0.0024056124167227202
GEN 172 time 1602245400
0.0019331241698611365
0.0017058410808370235
0.0030269426232689646
0.0014067637116744682
0.0028284458368488382
0.0024056124167227202
GEN 173 time 1602245416
0.0019331241698611365
0.0017058410808370235
0.0030269426232689646
0.0014067637116744682
0.0028284458368488382
0.0024056124167227202
GEN 174 time 1602245431
0.0019331241698611365
0.0017058410808370235
0.0030269426232689646
0.0014067637116744682
0.0028284458368488382
0.0024056124167227202
GEN 175 time 1602245446
0.0019331241698611365
0.0017058410808370235
0.0030269426232689646
0.0014067637116744682
0.0028284458368488382
0.0024056124167227202
GEN 176 time 1602245461
0.0019331241698611365
0.0017058410808370235
0.0030269426232689646
0.0014067637116744682
0.0028284458368488382
0.0023821562411355953
GEN 177 time 1602245476
0.0019331241698611365
0.0017058410808370235
0.0030269426232689646
0.0014067637116744682
0.0028284458368488382
0.0023821562411355953
GEN 178 time 1602245491
0.0019331241698611365
0.0017058410808370235
0.0030269426232689646
0.0014067637116744682
0.0028284458368488382
0.0023821562411355953
GEN 179 time 1602245506
0.0019331241698611365
0.0017058410808370235
0.0030269426232689646
0.0014067637116744682
0.0028284458368488382
0.0023821562411355953
GEN 180 time 1602245522
0.0019331241698611365
0.0017058410808370235
0.0030269426232689646
0.0014067637116744682
0.0028284458368488382
0.0023821562411355953
GEN 181 time 1602245537
0.0019331241698611365
0.0017058410808370235
0.0030269426232689646
0.0014067637116744682
0.0028284458368488382
0.0023821562411355953
GEN 182 time 1602245552
0.0019331241698611365
0.0017058410808370235
0.0030269426232689646
0.0014067637116744682
0.0028284458368488382
0.0023821562411355953
GEN 183 time 1602245567
0.0019331241698611365
0.0017058410808370235
0.0030269426232689646
0.0014067637116744682
0.0028284458368488382
0.0023821562411355953
GEN 184 time 1602245582
0.0019331241698611365
0.0017058410808370235
0.0030269426232689646
0.0014067637116744682
0.0028284458368488382
0.0023821562411355953
GEN 185 time 1602245597
0.0019331241698611365
0.0017058410808370235
0.0030269426232689646
0.0014067637116744682
0.0028284458368488382
0.0023821562411355953
GEN 186 time 1602245613
0.0019331241698611365
0.0017058410808370235
0.0030269426232689646
0.0014067637116744682
0.0028284458368488382
0.0023821562411355953
GEN 187 time 1602245628
0.0019331241698611365
0.0017058410808370235
0.0030269426232689646
0.0014067637116744682
0.0028284458368488382
0.0023821562411355953
GEN 188 time 1602245643
0.0019331241698611365
0.0017058410808370235
0.0030269426232689646
0.0014067637116744682
0.0028284458368488382
0.0023821562411355953
GEN 189 time 1602245658
0.0019331241698611365
0.0017058410808370235
0.0030269426232689646
0.0014067637116744682
0.0028284458368488382
0.0023821562411355953
GEN 190 time 1602245673
0.0019331241698611365
0.0017058410808370235
0.0030269426232689646
0.0014067637116744682
0.0028284458368488382
0.0023821562411355953
GEN 191 time 1602245688
0.0019331241698611365
0.0017058410808370235
0.0030269426232689646
0.0014067637116744682
0.0028284458368488382
0.0023821562411355953
GEN 192 time 1602245703
0.0019331241698611365
0.0017058410808370235
0.0030269426232689646
0.0014067637116744682
0.0028284458368488382
0.0023821562411355953
GEN 193 time 1602245719
0.0019331241698611365
0.0017058410808370235
0.0030269426232689646
0.0014067637116744682
0.0028284458368488382
0.0023821562411355953
GEN 194 time 1602245734
0.0019331241698611365
0.0017058410808370235
0.0030269426232689646
0.0014067637116744682
0.0028284458368488382
0.0023821562411355953
GEN 195 time 1602245749
0.0019331241698611365
0.0017058410808370235
0.0030269426232689646
0.0014067637116744682
0.0028284458368488382
0.0023821562411355953
GEN 196 time 1602245764
0.0019331241698611365
0.0017058410808370235
0.0030269426232689646
0.0014067637116744682
0.0028284458368488382
0.0023821562411355953
GEN 197 time 1602245779
0.0019331241698611365
0.0017058410808370235
0.0030269426232689646
0.0014067637116744682
0.0028284458368488382
0.0023821562411355953
GEN 198 time 1602245794
0.0019331241698611365
0.0017058410808370235
0.0030269426232689646
0.0014067637116744682
0.0028284458368488382
0.0023821562411355953
GEN 199 time 1602245810
0.0019331241698611365
0.0017058410808370235
0.0030269426232689646
0.0014067637116744682
0.0028284458368488382
0.0023821562411355953
