['./data/small/layer/uu-dem3_r25_1.json', './data/small/layer/uu-dem8_r25_1.json', './data/small/layer/uu-dem3_r50_1.json', './data/small/hop/uu-dem3_r25_1_0.json', './data/small/hop/uu-dem8_r50_1_0.json', './data/small/hop/uu-dem3_r50_1_0.json']
GEN 0 time 1602410184
0.0017924369095355932
0.0019331241698611365
0.0029563221065951784
0.0022498545550902116
0.003572828933704091
0.0030559476314352117
GEN 1 time 1602410198
0.0017924369095355932
0.0019331241698611365
0.0029563221065951784
0.0022498545550902116
0.0032202935644005124
0.0027429875307719113
GEN 2 time 1602410212
0.0017058410808370235
0.0019331241698611365
0.0029563221065951784
0.0022498545550902116
0.0032202935644005124
0.0027429875307719113
GEN 3 time 1602410226
0.0017058410808370235
0.0019331241698611365
0.0029563221065951784
0.00211773678479055
0.003162595426098299
0.0027429875307719113
GEN 4 time 1602410240
0.0017058410808370235
0.0019331241698611365
0.0029563221065951784
0.00211773678479055
0.003162595426098299
0.0027429875307719113
GEN 5 time 1602410255
0.0017058410808370235
0.0019331241698611365
0.0029563221065951784
0.00211773678479055
0.003162595426098299
0.0027429875307719113
GEN 6 time 1602410269
0.0017058410808370235
0.0019331241698611365
0.0029563221065951784
0.00211773678479055
0.003162595426098299
0.0027429875307719113
GEN 7 time 1602410284
0.0017058410808370235
0.0019331241698611365
0.0029563221065951784
0.00211773678479055
0.003162595426098299
0.0027429875307719113
GEN 8 time 1602410299
0.0017058410808370235
0.0019331241698611365
0.0029563221065951784
0.00211773678479055
0.003162595426098299
0.0027429875307719113
GEN 9 time 1602410313
0.0017058410808370235
0.0019331241698611365
0.0029563221065951784
0.00211773678479055
0.003162595426098299
0.0027429875307719113
GEN 10 time 1602410328
0.0017058410808370235
0.0019331241698611365
0.0029563221065951784
0.00211773678479055
0.003162595426098299
0.0027429875307719113
GEN 11 time 1602410343
0.0017058410808370235
0.0019331241698611365
0.0029563221065951784
0.00211773678479055
0.003162595426098299
0.0027429875307719113
GEN 12 time 1602410358
0.0017058410808370235
0.0019331241698611365
0.0029563221065951784
0.00211773678479055
0.003162595426098299
0.0027429875307719113
GEN 13 time 1602410373
0.0017058410808370235
0.0019331241698611365
0.0029563221065951784
0.00211773678479055
0.003162595426098299
0.0027429875307719113
GEN 14 time 1602410388
0.0017058410808370235
0.0019331241698611365
0.0029563221065951784
0.0021119229158815594
0.003015537685281693
0.0027429875307719113
GEN 15 time 1602410403
0.0017058410808370235
0.0019331241698611365
0.0029563221065951784
0.0021119229158815594
0.003015537685281693
0.0027429875307719113
GEN 16 time 1602410418
0.0017058410808370235
0.0019331241698611365
0.0029563221065951784
0.0021119229158815594
0.003015537685281693
0.0024167572538978184
GEN 17 time 1602410433
0.0017058410808370235
0.0019331241698611365
0.0029563221065951784
0.0021119229158815594
0.003015537685281693
0.0024167572538978184
GEN 18 time 1602410448
0.0017058410808370235
0.0019331241698611365
0.0029563221065951784
0.0021119229158815594
0.003015537685281693
0.0024167572538978184
GEN 19 time 1602410463
0.0017058410808370235
0.0019331241698611365
0.0029563221065951784
0.0021119229158815594
0.003015537685281693
0.0024167572538978184
GEN 20 time 1602410477
0.0017058410808370235
0.0019331241698611365
0.0029563221065951784
0.0021119229158815594
0.003015537685281693
0.0024167572538978184
GEN 21 time 1602410492
0.0017058410808370235
0.0019331241698611365
0.0029563221065951784
0.0021119229158815594
0.003015537685281693
0.0024167572538978184
GEN 22 time 1602410507
0.0017058410808370235
0.0019331241698611365
0.0029563221065951784
0.0021119229158815594
0.003015537685281693
0.0024167572538978184
GEN 23 time 1602410522
0.0017058410808370235
0.0019331241698611365
0.0029563221065951784
0.001871447085525784
0.003015537685281693
0.0024167572538978184
GEN 24 time 1602410537
0.0017058410808370235
0.0019331241698611365
0.0029563221065951784
0.001871447085525784
0.003015537685281693
0.0024167572538978184
GEN 25 time 1602410552
0.0017058410808370235
0.0019331241698611365
0.0029563221065951784
0.001871447085525784
0.003015537685281693
0.0024167572538978184
GEN 26 time 1602410567
0.0017058410808370235
0.0019331241698611365
0.0029563221065951784
0.001871447085525784
0.003015537685281693
0.0024167572538978184
GEN 27 time 1602410582
0.0017058410808370235
0.0019331241698611365
0.0029563221065951784
0.001871447085525784
0.003015537685281693
0.0024167572538978184
GEN 28 time 1602410597
0.0017058410808370235
0.0019331241698611365
0.0029563221065951784
0.001871447085525784
0.003015537685281693
0.0024167572538978184
GEN 29 time 1602410612
0.0017058410808370235
0.0019331241698611365
0.0029563221065951784
0.001871447085525784
0.003015537685281693
0.0024167572538978184
GEN 30 time 1602410627
0.0017058410808370235
0.0019331241698611365
0.0029563221065951784
0.001871447085525784
0.003015537685281693
0.0024167572538978184
GEN 31 time 1602410642
0.0017058410808370235
0.0019331241698611365
0.0029563221065951784
0.001871447085525784
0.003015537685281693
0.0024167572538978184
GEN 32 time 1602410657
0.0017058410808370235
0.0019331241698611365
0.0029563221065951784
0.001871447085525784
0.003015537685281693
0.0024167572538978184
GEN 33 time 1602410672
0.0017058410808370235
0.0019331241698611365
0.0029563221065951784
0.001871447085525784
0.003015537685281693
0.0024167572538978184
GEN 34 time 1602410687
0.0017058410808370235
0.0019331241698611365
0.0029563221065951784
0.001871447085525784
0.002362515426098298
0.0024167572538978184
GEN 35 time 1602410702
0.0017058410808370235
0.0019331241698611365
0.0029563221065951784
0.001871447085525784
0.002362515426098298
0.0024167572538978184
GEN 36 time 1602410717
0.0017058410808370235
0.0019331241698611365
0.0029563221065951784
0.001871447085525784
0.002362515426098298
0.0024167572538978184
GEN 37 time 1602410733
0.0017058410808370235
0.0019331241698611365
0.0029563221065951784
0.001871447085525784
0.002362515426098298
0.0024167572538978184
GEN 38 time 1602410748
0.0017058410808370235
0.0019331241698611365
0.0029563221065951784
0.001871447085525784
0.002362515426098298
0.0024167572538978184
GEN 39 time 1602410763
0.0017058410808370235
0.0019331241698611365
0.0029563221065951784
0.001871447085525784
0.002362515426098298
0.0024167572538978184
GEN 40 time 1602410778
0.0017058410808370235
0.0019331241698611365
0.0029563221065951784
0.001871447085525784
0.002362515426098298
0.0024167572538978184
GEN 41 time 1602410793
0.0017058410808370235
0.0019331241698611365
0.0029563221065951784
0.001871447085525784
0.002362515426098298
0.0024167572538978184
GEN 42 time 1602410808
0.0017058410808370235
0.0019331241698611365
0.0029563221065951784
0.001871447085525784
0.002362515426098298
0.0024167572538978184
GEN 43 time 1602410823
0.0017058410808370235
0.0019331241698611365
0.0029563221065951784
0.001871447085525784
0.002362515426098298
0.0024167572538978184
GEN 44 time 1602410838
0.0017058410808370235
0.0019331241698611365
0.0029563221065951784
0.001871447085525784
0.002362515426098298
0.0021429275307719114
GEN 45 time 1602410853
0.0017058410808370235
0.0019331241698611365
0.0029563221065951784
0.001871447085525784
0.002362515426098298
0.0021429275307719114
GEN 46 time 1602410867
0.0017058410808370235
0.0019331241698611365
0.0029563221065951784
0.001871447085525784
0.002362515426098298
0.0021429275307719114
GEN 47 time 1602410883
0.0017058410808370235
0.0019331241698611365
0.0029563221065951784
0.001871447085525784
0.002362515426098298
0.0021429275307719114
GEN 48 time 1602410898
0.0017058410808370235
0.0019331241698611365
0.0029563221065951784
0.001871447085525784
0.002362515426098298
0.0021429275307719114
GEN 49 time 1602410912
0.0017058410808370235
0.0019331241698611365
0.0029563221065951784
0.001871447085525784
0.002362515426098298
0.0021429275307719114
GEN 50 time 1602410928
0.0017058410808370235
0.0019331241698611365
0.0029563221065951784
0.001871447085525784
0.002362515426098298
0.0021429275307719114
GEN 51 time 1602410943
0.0017058410808370235
0.0019331241698611365
0.0029563221065951784
0.001871447085525784
0.002362515426098298
0.0021429275307719114
GEN 52 time 1602410958
0.0017058410808370235
0.0019331241698611365
0.0029563221065951784
0.001871447085525784
0.002362515426098298
0.0021429275307719114
GEN 53 time 1602410973
0.0017058410808370235
0.0019331241698611365
0.0029563221065951784
0.001871447085525784
0.002362515426098298
0.0021429275307719114
GEN 54 time 1602410989
0.0017058410808370235
0.0019331241698611365
0.0029563221065951784
0.001871447085525784
0.002362515426098298
0.0021429275307719114
GEN 55 time 1602411004
0.0017058410808370235
0.0019331241698611365
0.0029563221065951784
0.001871447085525784
0.002362515426098298
0.0021429275307719114
GEN 56 time 1602411019
0.0017058410808370235
0.0019331241698611365
0.0029563221065951784
0.001871447085525784
0.002362515426098298
0.0021429275307719114
GEN 57 time 1602411034
0.0017058410808370235
0.0019331241698611365
0.0029563221065951784
0.001871447085525784
0.002362515426098298
0.0021429275307719114
GEN 58 time 1602411050
0.0017058410808370235
0.0019331241698611365
0.0029563221065951784
0.001871447085525784
0.002245821611898047
0.0021429275307719114
GEN 59 time 1602411065
0.0017058410808370235
0.0019331241698611365
0.0029563221065951784
0.001871447085525784
0.002245821611898047
0.0021429275307719114
GEN 60 time 1602411081
0.0017058410808370235
0.0019331241698611365
0.0029563221065951784
0.001871447085525784
0.002245821611898047
0.0021429275307719114
GEN 61 time 1602411096
0.0017058410808370235
0.0019331241698611365
0.0029563221065951784
0.001871447085525784
0.002245821611898047
0.0021429275307719114
GEN 62 time 1602411111
0.0017058410808370235
0.0019331241698611365
0.0029563221065951784
0.001871447085525784
0.002245821611898047
0.0021429275307719114
GEN 63 time 1602411127
0.0017058410808370235
0.0019331241698611365
0.0029563221065951784
0.001871447085525784
0.002245821611898047
0.0021429275307719114
GEN 64 time 1602411143
0.0017058410808370235
0.0019331241698611365
0.0029563221065951784
0.001871447085525784
0.002245821611898047
0.0021429275307719114
GEN 65 time 1602411159
0.0017058410808370235
0.0019331241698611365
0.0029563221065951784
0.001871447085525784
0.002245821611898047
0.0021429275307719114
GEN 66 time 1602411174
0.0017058410808370235
0.0019331241698611365
0.0029563221065951784
0.001871447085525784
0.002245821611898047
0.0021429275307719114
GEN 67 time 1602411190
0.0017058410808370235
0.0019331241698611365
0.0029563221065951784
0.001871447085525784
0.002245821611898047
0.0021429275307719114
GEN 68 time 1602411206
0.0017058410808370235
0.0019331241698611365
0.0029563221065951784
0.001871447085525784
0.002245821611898047
0.0021429275307719114
GEN 69 time 1602411222
0.0017058410808370235
0.0019331241698611365
0.0029563221065951784
0.001871447085525784
0.002245821611898047
0.0021429275307719114
GEN 70 time 1602411237
0.0017058410808370235
0.0019331241698611365
0.0029563221065951784
0.001871447085525784
0.002245821611898047
0.0021429275307719114
GEN 71 time 1602411253
0.0017058410808370235
0.0019331241698611365
0.0029563221065951784
0.001871447085525784
0.002227652124930492
0.0021429275307719114
GEN 72 time 1602411269
0.0017058410808370235
0.0019331241698611365
0.0029563221065951784
0.001871447085525784
0.002227652124930492
0.0021429275307719114
GEN 73 time 1602411284
0.0017058410808370235
0.0019331241698611365
0.0029563221065951784
0.001871447085525784
0.002227652124930492
0.0021429275307719114
GEN 74 time 1602411300
0.0017058410808370235
0.0019331241698611365
0.0029563221065951784
0.001871447085525784
0.002227652124930492
0.0021429275307719114
GEN 75 time 1602411315
0.0017058410808370235
0.0019331241698611365
0.0029563221065951784
0.001871447085525784
0.002155203090361231
0.0021429275307719114
GEN 76 time 1602411331
0.0017058410808370235
0.0019331241698611365
0.0029563221065951784
0.001871447085525784
0.002155203090361231
0.0021429275307719114
GEN 77 time 1602411346
0.0017058410808370235
0.0019331241698611365
0.0029563221065951784
0.001871447085525784
0.002155203090361231
0.0021429275307719114
GEN 78 time 1602411362
0.0017058410808370235
0.0019331241698611365
0.0029563221065951784
0.001871447085525784
0.002155203090361231
0.0021429275307719114
GEN 79 time 1602411378
0.0017058410808370235
0.0019331241698611365
0.0029563221065951784
0.001871447085525784
0.002155203090361231
0.0021429275307719114
GEN 80 time 1602411393
0.0017058410808370235
0.0019331241698611365
0.0029563221065951784
0.001871447085525784
0.002155203090361231
0.0021429275307719114
GEN 81 time 1602411409
0.0017058410808370235
0.0019331241698611365
0.0029563221065951784
0.001871447085525784
0.002155203090361231
0.0021429275307719114
GEN 82 time 1602411424
0.0017058410808370235
0.0019331241698611365
0.0029563221065951784
0.0017958220934890137
0.002155203090361231
0.0021429275307719114
GEN 83 time 1602411440
0.0017058410808370235
0.0019331241698611365
0.0029563221065951784
0.0017958220934890137
0.002155203090361231
0.0021429275307719114
GEN 84 time 1602411456
0.0017058410808370235
0.0019331241698611365
0.0029563221065951784
0.0017958220934890137
0.002155203090361231
0.0021429275307719114
GEN 85 time 1602411471
0.0017058410808370235
0.0019331241698611365
0.0029563221065951784
0.0017958220934890137
0.002155203090361231
0.0021429275307719114
GEN 86 time 1602411487
0.0017058410808370235
0.0019331241698611365
0.0029563221065951784
0.0017958220934890137
0.002155203090361231
0.0021429275307719114
GEN 87 time 1602411503
0.0017058410808370235
0.0019331241698611365
0.0029563221065951784
0.0017958220934890137
0.002155203090361231
0.0021429275307719114
GEN 88 time 1602411519
0.0017058410808370235
0.0019331241698611365
0.0029563221065951784
0.0017958220934890137
0.002155203090361231
0.0021429275307719114
GEN 89 time 1602411534
0.0017058410808370235
0.0019331241698611365
0.0029563221065951784
0.0017958220934890137
0.002155203090361231
0.0021429275307719114
GEN 90 time 1602411550
0.0017058410808370235
0.0019331241698611365
0.0029563221065951784
0.0017958220934890137
0.002155203090361231
0.0021429275307719114
GEN 91 time 1602411566
0.0017058410808370235
0.0019331241698611365
0.0029563221065951784
0.0017958220934890137
0.002155203090361231
0.0021429275307719114
GEN 92 time 1602411582
0.0017058410808370235
0.0019331241698611365
0.0029563221065951784
0.0017958220934890137
0.002155203090361231
0.0021429275307719114
GEN 93 time 1602411598
0.0017058410808370235
0.0019331241698611365
0.0029563221065951784
0.0017958220934890137
0.002155203090361231
0.0021429275307719114
GEN 94 time 1602411614
0.0017058410808370235
0.0019331241698611365
0.0029563221065951784
0.0017958220934890137
0.002155203090361231
0.0021429275307719114
GEN 95 time 1602411629
0.0017058410808370235
0.0019331241698611365
0.0029563221065951784
0.0017958220934890137
0.002155203090361231
0.0021429275307719114
GEN 96 time 1602411645
0.0017058410808370235
0.0019331241698611365
0.0029563221065951784
0.0017958220934890137
0.002155203090361231
0.0021429275307719114
GEN 97 time 1602411660
0.0017058410808370235
0.0019331241698611365
0.0029563221065951784
0.0017958220934890137
0.002155203090361231
0.0021429275307719114
GEN 98 time 1602411675
0.0017058410808370235
0.0019331241698611365
0.0029563221065951784
0.0017958220934890137
0.002155203090361231
0.0021429275307719114
GEN 99 time 1602411691
0.0017058410808370235
0.0019331241698611365
0.0029563221065951784
0.0017958220934890137
0.002155203090361231
0.0021429275307719114
GEN 100 time 1602411706
0.0017058410808370235
0.0019331241698611365
0.0029563221065951784
0.0017958220934890137
0.002155203090361231
0.0021429275307719114
GEN 101 time 1602411721
0.0017058410808370235
0.0019331241698611365
0.0029563221065951784
0.001732993339553175
0.002155203090361231
0.0021429275307719114
GEN 102 time 1602411736
0.0017058410808370235
0.0019331241698611365
0.0029563221065951784
0.001732993339553175
0.002155203090361231
0.0021429275307719114
GEN 103 time 1602411752
0.0017058410808370235
0.0019331241698611365
0.0029563221065951784
0.001732993339553175
0.002155203090361231
0.0021429275307719114
GEN 104 time 1602411768
0.0017058410808370235
0.0019331241698611365
0.0029563221065951784
0.001732993339553175
0.002155203090361231
0.0021429275307719114
GEN 105 time 1602411783
0.0017058410808370235
0.0019331241698611365
0.0029563221065951784
0.001732993339553175
0.002155203090361231
0.0021429275307719114
GEN 106 time 1602411799
0.0017058410808370235
0.0019331241698611365
0.0029563221065951784
0.001732993339553175
0.002155203090361231
0.0021429275307719114
GEN 107 time 1602411815
0.0017058410808370235
0.0019331241698611365
0.0029563221065951784
0.001732993339553175
0.002155203090361231
0.0021429275307719114
GEN 108 time 1602411831
0.0017058410808370235
0.0019331241698611365
0.0029563221065951784
0.001732993339553175
0.002155203090361231
0.0021429275307719114
GEN 109 time 1602411847
0.0017058410808370235
0.0019331241698611365
0.0029563221065951784
0.001732993339553175
0.002155203090361231
0.0021429275307719114
GEN 110 time 1602411863
0.0017058410808370235
0.0019331241698611365
0.0029563221065951784
0.001732993339553175
0.002155203090361231
0.0021429275307719114
GEN 111 time 1602411879
0.0017058410808370235
0.0019331241698611365
0.0029563221065951784
0.001732993339553175
0.002155203090361231
0.0021429275307719114
GEN 112 time 1602411895
0.0017058410808370235
0.0019331241698611365
0.0029563221065951784
0.001732993339553175
0.002155203090361231
0.0021429275307719114
GEN 113 time 1602411911
0.0017058410808370235
0.0019331241698611365
0.0029563221065951784
0.001732993339553175
0.002155203090361231
0.0021429275307719114
GEN 114 time 1602411927
0.0017058410808370235
0.0019331241698611365
0.0029563221065951784
0.001732993339553175
0.002155203090361231
0.0021429275307719114
GEN 115 time 1602411943
0.0017058410808370235
0.0019331241698611365
0.0029563221065951784
0.001732993339553175
0.002155203090361231
0.0021429275307719114
GEN 116 time 1602411959
0.0017058410808370235
0.0019331241698611365
0.0029563221065951784
0.001732993339553175
0.002058758018801467
0.0021429275307719114
GEN 117 time 1602411975
0.0017058410808370235
0.0019331241698611365
0.0029563221065951784
0.001732993339553175
0.002058758018801467
0.0021429275307719114
GEN 118 time 1602411991
0.0017058410808370235
0.0019331241698611365
0.0029563221065951784
0.001732993339553175
0.002058758018801467
0.0021429275307719114
GEN 119 time 1602412007
0.0017058410808370235
0.0019331241698611365
0.0029563221065951784
0.0015958020934890137
0.002058758018801467
0.0021429275307719114
GEN 120 time 1602412023
0.0017058410808370235
0.0019331241698611365
0.0029563221065951784
0.0015958020934890137
0.002058758018801467
0.0021429275307719114
GEN 121 time 1602412039
0.0017058410808370235
0.0019331241698611365
0.0029563221065951784
0.0015958020934890137
0.002058758018801467
0.0021429275307719114
GEN 122 time 1602412055
0.0017058410808370235
0.0019331241698611365
0.0029563221065951784
0.0015958020934890137
0.002058758018801467
0.0021429275307719114
GEN 123 time 1602412071
0.0017058410808370235
0.0019331241698611365
0.0029563221065951784
0.0015958020934890137
0.002058758018801467
0.0021429275307719114
GEN 124 time 1602412087
0.0017058410808370235
0.0019331241698611365
0.0029563221065951784
0.0015958020934890137
0.002007983498239389
0.0021429275307719114
GEN 125 time 1602412103
0.0017058410808370235
0.0019331241698611365
0.0029563221065951784
0.0015958020934890137
0.002007983498239389
0.0021429275307719114
GEN 126 time 1602412119
0.0017058410808370235
0.0019331241698611365
0.0029563221065951784
0.0015958020934890137
0.002007983498239389
0.0021429275307719114
GEN 127 time 1602412135
0.0017058410808370235
0.0019331241698611365
0.0029563221065951784
0.0015958020934890137
0.002007983498239389
0.0021429275307719114
GEN 128 time 1602412151
0.0017058410808370235
0.0019331241698611365
0.0029563221065951784
0.0015958020934890137
0.002007983498239389
0.0021429275307719114
GEN 129 time 1602412167
0.0017058410808370235
0.0019331241698611365
0.0029563221065951784
0.0015958020934890137
0.002007983498239389
0.0021429275307719114
GEN 130 time 1602412183
0.0017058410808370235
0.0019331241698611365
0.0029563221065951784
0.0015958020934890137
0.002007983498239389
0.0021429275307719114
GEN 131 time 1602412199
0.0017058410808370235
0.0019331241698611365
0.0029563221065951784
0.0015958020934890137
0.002007983498239389
0.0021429275307719114
GEN 132 time 1602412215
0.0017058410808370235
0.0019331241698611365
0.0029563221065951784
0.0015958020934890137
0.002007983498239389
0.0021429275307719114
GEN 133 time 1602412231
0.0017058410808370235
0.0019331241698611365
0.0029563221065951784
0.0015958020934890137
0.002007983498239389
0.0021429275307719114
GEN 134 time 1602412247
0.0017058410808370235
0.0019331241698611365
0.0029563221065951784
0.0015958020934890137
0.002007983498239389
0.0021429275307719114
GEN 135 time 1602412263
0.0017058410808370235
0.0019331241698611365
0.0029563221065951784
0.0015958020934890137
0.002007983498239389
0.0021429275307719114
GEN 136 time 1602412280
0.0017058410808370235
0.0019331241698611365
0.0029563221065951784
0.0015958020934890137
0.002007983498239389
0.0021429275307719114
GEN 137 time 1602412296
0.0017058410808370235
0.0019331241698611365
0.0029563221065951784
0.0015958020934890137
0.002007983498239389
0.0021429275307719114
GEN 138 time 1602412312
0.0017058410808370235
0.0019331241698611365
0.0029563221065951784
0.0015958020934890137
0.002007983498239389
0.0021429275307719114
GEN 139 time 1602412328
0.0017058410808370235
0.0019331241698611365
0.0029563221065951784
0.0015958020934890137
0.002007983498239389
0.0021429275307719114
GEN 140 time 1602412344
0.0017058410808370235
0.0019331241698611365
0.0029563221065951784
0.0015958020934890137
0.002007983498239389
0.0021429275307719114
GEN 141 time 1602412360
0.0017058410808370235
0.0019331241698611365
0.0029563221065951784
0.0015958020934890137
0.002007983498239389
0.0021429275307719114
GEN 142 time 1602412376
0.0017058410808370235
0.0019331241698611365
0.0029563221065951784
0.0015958020934890137
0.002007983498239389
0.0021429275307719114
GEN 143 time 1602412391
0.0017058410808370235
0.0019331241698611365
0.0029563221065951784
0.0015958020934890137
0.002007983498239389
0.0021429275307719114
GEN 144 time 1602412407
0.0017058410808370235
0.0019331241698611365
0.0029563221065951784
0.0015958020934890137
0.002007983498239389
0.0021429275307719114
GEN 145 time 1602412423
0.0017058410808370235
0.0019331241698611365
0.0029563221065951784
0.0015958020934890137
0.002007983498239389
0.0021429275307719114
GEN 146 time 1602412438
0.0017058410808370235
0.0019331241698611365
0.0029563221065951784
0.0015958020934890137
0.002007983498239389
0.0021429275307719114
GEN 147 time 1602412454
0.0017058410808370235
0.0019331241698611365
0.0029563221065951784
0.0015958020934890137
0.002007983498239389
0.0021429275307719114
GEN 148 time 1602412469
0.0017058410808370235
0.0019331241698611365
0.0029563221065951784
0.0015958020934890137
0.002007983498239389
0.0021429275307719114
GEN 149 time 1602412485
0.0017058410808370235
0.0019331241698611365
0.0029563221065951784
0.0015958020934890137
0.002007983498239389
0.0021429275307719114
GEN 150 time 1602412501
0.0017058410808370235
0.0019331241698611365
0.0029563221065951784
0.0015958020934890137
0.002007983498239389
0.0021429275307719114
GEN 151 time 1602412516
0.0017058410808370235
0.0019331241698611365
0.0029563221065951784
0.0015958020934890137
0.002007983498239389
0.0021429275307719114
GEN 152 time 1602412532
0.0017058410808370235
0.0019331241698611365
0.0029563221065951784
0.0015958020934890137
0.002007983498239389
0.0021429275307719114
GEN 153 time 1602412547
0.0017058410808370235
0.0019331241698611365
0.0029563221065951784
0.0015958020934890137
0.002007983498239389
0.0021429275307719114
GEN 154 time 1602412563
0.0017058410808370235
0.0019331241698611365
0.0029563221065951784
0.0015958020934890137
0.002007983498239389
0.0021429275307719114
GEN 155 time 1602412578
0.0017058410808370235
0.0019331241698611365
0.0029563221065951784
0.0015958020934890137
0.002007983498239389
0.0021429275307719114
GEN 156 time 1602412594
0.0017058410808370235
0.0019331241698611365
0.0029563221065951784
0.0015958020934890137
0.002007983498239389
0.0021429275307719114
GEN 157 time 1602412609
0.0017058410808370235
0.0019331241698611365
0.0029563221065951784
0.0015958020934890137
0.002007983498239389
0.0021429275307719114
GEN 158 time 1602412625
0.0017058410808370235
0.0019331241698611365
0.0029563221065951784
0.0015958020934890137
0.002007983498239389
0.0021429275307719114
GEN 159 time 1602412641
0.0017058410808370235
0.0019331241698611365
0.0029563221065951784
0.0015958020934890137
0.002007983498239389
0.0021429275307719114
GEN 160 time 1602412656
0.0017058410808370235
0.0019331241698611365
0.0029563221065951784
0.0015958020934890137
0.002007983498239389
0.0021429275307719114
GEN 161 time 1602412672
0.0017058410808370235
0.0019331241698611365
0.0029563221065951784
0.0015958020934890137
0.002007983498239389
0.0021429275307719114
GEN 162 time 1602412688
0.0017058410808370235
0.0019331241698611365
0.0029563221065951784
0.0015958020934890137
0.002007983498239389
0.0021429275307719114
GEN 163 time 1602412704
0.0017058410808370235
0.0019331241698611365
0.0029563221065951784
0.0015958020934890137
0.002007983498239389
0.0021166122079588397
GEN 164 time 1602412720
0.0017058410808370235
0.0019331241698611365
0.0029563221065951784
0.0015958020934890137
0.002007983498239389
0.0021166122079588397
GEN 165 time 1602412736
0.0017058410808370235
0.0019331241698611365
0.0029563221065951784
0.0015958020934890137
0.002007983498239389
0.0021166122079588397
GEN 166 time 1602412751
0.0017058410808370235
0.0019331241698611365
0.0029563221065951784
0.0015958020934890137
0.002007983498239389
0.0021166122079588397
GEN 167 time 1602412767
0.0017058410808370235
0.0019331241698611365
0.0029563221065951784
0.0015958020934890137
0.002007983498239389
0.0021166122079588397
GEN 168 time 1602412783
0.0017058410808370235
0.0019331241698611365
0.0029563221065951784
0.0015958020934890137
0.002007983498239389
0.0021166122079588397
GEN 169 time 1602412799
0.0017058410808370235
0.0019331241698611365
0.0029563221065951784
0.0015958020934890137
0.002007983498239389
0.0021166122079588397
GEN 170 time 1602412815
0.0017058410808370235
0.0019331241698611365
0.0029563221065951784
0.0015958020934890137
0.002007983498239389
0.0021166122079588397
GEN 171 time 1602412832
0.0017058410808370235
0.0019331241698611365
0.0029563221065951784
0.0015958020934890137
0.002007983498239389
0.0021166122079588397
GEN 172 time 1602412848
0.0017058410808370235
0.0019331241698611365
0.0029563221065951784
0.0015958020934890137
0.002007983498239389
0.0021166122079588397
GEN 173 time 1602412865
0.0017058410808370235
0.0019331241698611365
0.0029563221065951784
0.0015958020934890137
0.002007983498239389
0.0021166122079588397
GEN 174 time 1602412881
0.0017058410808370235
0.0019331241698611365
0.0029563221065951784
0.0015958020934890137
0.002007983498239389
0.0021166122079588397
GEN 175 time 1602412897
0.0017058410808370235
0.0019331241698611365
0.0029563221065951784
0.0015958020934890137
0.002007983498239389
0.0021166122079588397
GEN 176 time 1602412914
0.0017058410808370235
0.0019331241698611365
0.0029563221065951784
0.0015958020934890137
0.002007983498239389
0.0021166122079588397
GEN 177 time 1602412930
0.0017058410808370235
0.0019331241698611365
0.0029563221065951784
0.0015958020934890137
0.002007983498239389
0.0021166122079588397
GEN 178 time 1602412946
0.0017058410808370235
0.0019331241698611365
0.0029563221065951784
0.0015958020934890137
0.002007983498239389
0.0021166122079588397
GEN 179 time 1602412963
0.0017058410808370235
0.0019331241698611365
0.0029563221065951784
0.0015958020934890137
0.002007983498239389
0.0021166122079588397
GEN 180 time 1602412979
0.0017058410808370235
0.0019331241698611365
0.0029563221065951784
0.0015958020934890137
0.002007983498239389
0.0021166122079588397
GEN 181 time 1602412995
0.0017058410808370235
0.0019331241698611365
0.0029563221065951784
0.0015958020934890137
0.002007983498239389
0.0021166122079588397
GEN 182 time 1602413011
0.0017058410808370235
0.0019331241698611365
0.0029563221065951784
0.0015958020934890137
0.002007983498239389
0.0021166122079588397
GEN 183 time 1602413028
0.0017058410808370235
0.0019331241698611365
0.0029563221065951784
0.0015958020934890137
0.002007983498239389
0.0021166122079588397
GEN 184 time 1602413044
0.0017058410808370235
0.0019331241698611365
0.0029563221065951784
0.0015958020934890137
0.002007983498239389
0.0021166122079588397
GEN 185 time 1602413060
0.0017058410808370235
0.0019331241698611365
0.0029563221065951784
0.0015958020934890137
0.002007983498239389
0.0021166122079588397
GEN 186 time 1602413077
0.0017058410808370235
0.0019331241698611365
0.0029563221065951784
0.0015958020934890137
0.002007983498239389
0.0021166122079588397
GEN 187 time 1602413093
0.0017058410808370235
0.0019331241698611365
0.0029563221065951784
0.0015958020934890137
0.002007983498239389
0.0021166122079588397
GEN 188 time 1602413110
0.0017058410808370235
0.0019331241698611365
0.0029563221065951784
0.0015958020934890137
0.002007983498239389
0.0019740917728268805
GEN 189 time 1602413126
0.0017058410808370235
0.0019331241698611365
0.0029563221065951784
0.0015958020934890137
0.002007983498239389
0.0019740917728268805
GEN 190 time 1602413143
0.0017058410808370235
0.0019331241698611365
0.0029563221065951784
0.0015958020934890137
0.002007983498239389
0.0019740917728268805
GEN 191 time 1602413159
0.0017058410808370235
0.0019331241698611365
0.0029563221065951784
0.0015958020934890137
0.002007983498239389
0.0019740917728268805
GEN 192 time 1602413176
0.0017058410808370235
0.0019331241698611365
0.0029563221065951784
0.0015958020934890137
0.002007983498239389
0.0019740917728268805
GEN 193 time 1602413192
0.0017058410808370235
0.0019331241698611365
0.0029563221065951784
0.0015958020934890137
0.002007983498239389
0.0019740917728268805
GEN 194 time 1602413209
0.0017058410808370235
0.0019331241698611365
0.0029563221065951784
0.0015958020934890137
0.002007983498239389
0.0019740917728268805
GEN 195 time 1602413225
0.0017058410808370235
0.0019331241698611365
0.0029563221065951784
0.0015958020934890137
0.002007983498239389
0.0019740917728268805
GEN 196 time 1602413242
0.0017058410808370235
0.0019331241698611365
0.0029563221065951784
0.0015958020934890137
0.002007983498239389
0.0019740917728268805
GEN 197 time 1602413259
0.0017058410808370235
0.0019331241698611365
0.0029563221065951784
0.0015958020934890137
0.002007983498239389
0.0019740917728268805
GEN 198 time 1602413275
0.0017058410808370235
0.0019331241698611365
0.0029563221065951784
0.0015958020934890137
0.002007983498239389
0.0019740917728268805
GEN 199 time 1602413292
0.0017058410808370235
0.0019331241698611365
0.0029563221065951784
0.0015958020934890137
0.002007983498239389
0.0019740917728268805
