['./data/small/layer/uu-dem1_r25_1.json', './data/small/layer/uu-dem10_r25_1.json', './data/small/layer/uu-dem1_r50_1.json', './data/small/hop/uu-dem1_r25_1_0.json', './data/small/hop/uu-dem10_r50_1_0.json', './data/small/hop/uu-dem1_r50_1_0.json']
GEN 0 time 1609744623
0.0016571391963555908
0.001415016387548214
0.0023602007240784914
0.0012351018217463523
0.0019891343016091184
0.0023474771401230665
GEN 1 time 1609744626
0.0016571391963555908
0.001415016387548214
0.0023602007240784914
0.0012351018217463523
0.0018548183746753266
0.0022583844275089124
GEN 2 time 1609744629
0.0016571391963555908
0.001415016387548214
0.0022233037108143373
0.0012351018217463523
0.0018447850804473678
0.0022583844275089124
GEN 3 time 1609744632
0.0016253133020812068
0.001415016387548214
0.0022233037108143373
0.0012351018217463523
0.0018447850804473678
0.002141694692517866
GEN 4 time 1609744635
0.0014868598269226704
0.001415016387548214
0.0022233037108143373
0.0012147387007439888
0.0018447850804473678
0.002141694692517866
GEN 5 time 1609744638
0.0014868598269226704
0.001415016387548214
0.0021962484649853753
0.0010378359896328225
0.0018447850804473678
0.0019300318021035772
GEN 6 time 1609744641
0.0014868598269226704
0.001415016387548214
0.0021962484649853753
0.0010378359896328225
0.0018447850804473678
0.0019300318021035772
GEN 7 time 1609744644
0.0014868598269226704
0.001415016387548214
0.0021962484649853753
0.0010378359896328225
0.0018447850804473678
0.0019300318021035772
GEN 8 time 1609744647
0.0014868598269226704
0.001415016387548214
0.0021962484649853753
0.0010378359896328225
0.0018447850804473678
0.0019300318021035772
GEN 9 time 1609744650
0.0014868598269226704
0.001415016387548214
0.001844088759504834
0.0010378359896328225
0.0018447850804473678
0.0019300318021035772
GEN 10 time 1609744652
0.0014868598269226704
0.001415016387548214
0.001844088759504834
0.0010378359896328225
0.0018447850804473678
0.0018229751700499942
GEN 11 time 1609744655
0.0014868598269226704
0.001415016387548214
0.001844088759504834
0.0010378359896328225
0.0018170369311521358
0.0018229751700499942
GEN 12 time 1609744658
0.0014868598269226704
0.001415016387548214
0.001844088759504834
0.0010378359896328225
0.0018170369311521358
0.0018229751700499942
GEN 13 time 1609744661
0.0014868598269226704
0.001415016387548214
0.001844088759504834
0.0010378359896328225
0.0016980933278273953
0.0018080851181365126
GEN 14 time 1609744664
0.0014868598269226704
0.001415016387548214
0.001844088759504834
0.0010378359896328225
0.0016980933278273953
0.0018080851181365126
GEN 15 time 1609744666
0.0014571191963555909
0.0014011074214502351
0.001844088759504834
0.0010378359896328225
0.0016100451075906185
0.0018080851181365126
GEN 16 time 1609744669
0.0014571191963555909
0.0014011074214502351
0.001844088759504834
0.0010378359896328225
0.0016100451075906185
0.0018080851181365126
GEN 17 time 1609744672
0.0014571191963555909
0.0014011074214502351
0.001844088759504834
0.0010378359896328225
0.0016100451075906185
0.0018080851181365126
GEN 18 time 1609744675
0.0014571191963555909
0.0014011074214502351
0.001844088759504834
0.0010378359896328225
0.0016100451075906185
0.0018080851181365126
GEN 19 time 1609744678
0.0014571191963555909
0.0014011074214502351
0.001844088759504834
0.0010378359896328225
0.0016100451075906185
0.0018080851181365126
GEN 20 time 1609744681
0.0014571191963555909
0.0014010603749703904
0.001844088759504834
0.0010378359896328225
0.0016100451075906185
0.0018080851181365126
GEN 21 time 1609744683
0.0014571191963555909
0.0014010603749703904
0.001844088759504834
0.0010378359896328225
0.0016100451075906185
0.0018080851181365126
GEN 22 time 1609744686
0.0012805345824464724
0.0014010603749703904
0.001844088759504834
0.0010378359896328225
0.0016100451075906185
0.0018080851181365126
GEN 23 time 1609744689
0.0012805345824464724
0.0014010603749703904
0.001844088759504834
0.0010378359896328225
0.0015788693662846113
0.0018080851181365126
GEN 24 time 1609744692
0.0012805345824464724
0.0014010463019446075
0.001844088759504834
0.0010378359896328225
0.0015788693662846113
0.0018080851181365126
GEN 25 time 1609744694
0.0012805345824464724
0.0014010463019446075
0.001844088759504834
0.0010378359896328225
0.0015788693662846113
0.0018080851181365126
GEN 26 time 1609744697
0.0012805345824464724
0.0014010463019446075
0.001844088759504834
0.0010378359896328225
0.0015788693662846113
0.0018080851181365126
GEN 27 time 1609744699
0.0012805345824464724
0.0014010463019446075
0.001844088759504834
0.0010378359896328225
0.0015788693662846113
0.0018080851181365126
GEN 28 time 1609744702
0.0012805345824464724
0.0014010463019446075
0.001844088759504834
0.0010378359896328225
0.0015788693662846113
0.0018080851181365126
GEN 29 time 1609744705
0.0012805345824464724
0.0014010463019446075
0.001844088759504834
0.0010378359896328225
0.0015788693662846113
0.0018080851181365126
GEN 30 time 1609744708
0.0012805345824464724
0.0014010463019446075
0.001844088759504834
0.0010378359896328225
0.0015788693662846113
0.001653815844110001
GEN 31 time 1609744711
0.0012805345824464724
0.0014010463019446075
0.001844088759504834
0.0010378359896328225
0.0015788693662846113
0.001653815844110001
GEN 32 time 1609744714
0.0012805345824464724
0.0014010463019446075
0.001844088759504834
0.0010378359896328225
0.0015788693662846113
0.001653815844110001
GEN 33 time 1609744716
0.0012805345824464724
0.0014010463019446075
0.001844088759504834
0.0010378359896328225
0.0015788693662846113
0.001653815844110001
GEN 34 time 1609744720
0.0012805345824464724
0.0014010463019446075
0.001844088759504834
0.0010378359896328225
0.0015788693662846113
0.001653815844110001
GEN 35 time 1609744723
0.0012805345824464724
0.0014010463019446075
0.001844088759504834
0.0010378359896328225
0.0015788693662846113
0.001653815844110001
GEN 36 time 1609744726
0.0012805345824464724
0.0014010463019446075
0.001844088759504834
0.0010378359896328225
0.0015788693662846113
0.001653815844110001
GEN 37 time 1609744729
0.0012805345824464724
0.0014010463019446075
0.001844088759504834
0.0010378359896328225
0.0015788693662846113
0.0016235797291228266
GEN 38 time 1609744732
0.0012805345824464724
0.0014010463019446075
0.001844088759504834
0.0010378359896328225
0.0015788693662846113
0.0016235797291228266
GEN 39 time 1609744735
0.0012805345824464724
0.0014010463019446075
0.001844088759504834
0.0010378359896328225
0.0015788693662846113
0.0016235797291228266
GEN 40 time 1609744738
0.0012805345824464724
0.0014010463019446075
0.001844088759504834
0.0010378359896328225
0.0015788693662846113
0.0016235797291228266
GEN 41 time 1609744741
0.0012805345824464724
0.0014010463019446075
0.001844088759504834
0.0010378359896328225
0.0015644982262570874
0.0016235797291228266
GEN 42 time 1609744745
0.0012805345824464724
0.0014010463019446075
0.001844088759504834
0.0010378359896328225
0.0015644982262570874
0.0016235797291228266
GEN 43 time 1609744747
0.0012805345824464724
0.0014010463019446075
0.001844088759504834
0.0010378359896328225
0.0015644982262570874
0.0016235797291228266
GEN 44 time 1609744750
0.0012805345824464724
0.0014010463019446075
0.001844088759504834
0.0010378359896328225
0.0014910311115674353
0.0016235797291228266
GEN 45 time 1609744753
0.0012805345824464724
0.0014010463019446075
0.001844088759504834
0.0010378359896328225
0.0014910311115674353
0.0016164828333774224
GEN 46 time 1609744756
0.0012805345824464724
0.0014010463019446075
0.001844088759504834
0.0010378359896328225
0.0014910311115674353
0.0016164828333774224
GEN 47 time 1609744759
0.0012805345824464724
0.0014010463019446075
0.001844088759504834
0.0010378359896328225
0.001485274296981243
0.0016164828333774224
GEN 48 time 1609744762
0.0012805345824464724
0.0014010463019446075
0.001844088759504834
0.0010378359896328225
0.001485274296981243
0.0016164828333774224
GEN 49 time 1609744765
0.0012805345824464724
0.0014010463019446075
0.001844088759504834
0.0010378359896328225
0.001485274296981243
0.0016164828333774224
GEN 50 time 1609744768
0.0012805345824464724
0.0014010463019446075
0.001844088759504834
0.0010378359896328225
0.001485274296981243
0.0016164828333774224
GEN 51 time 1609744771
0.0012805345824464724
0.0014010463019446075
0.001844088759504834
0.0010378359896328225
0.001485274296981243
0.0015809958378340287
GEN 52 time 1609744775
0.0012805345824464724
0.0014010463019446075
0.001844088759504834
0.0010378359896328225
0.001485274296981243
0.0015809958378340287
GEN 53 time 1609744777
0.0012805345824464724
0.0014010463019446075
0.001844088759504834
0.0010378359896328225
0.001485274296981243
0.0015809958378340287
GEN 54 time 1609744780
0.0012805345824464724
0.0014010463019446075
0.001844088759504834
0.0010378359896328225
0.001485274296981243
0.0015809958378340287
GEN 55 time 1609744783
0.0012802546683374258
0.0014010463019446075
0.001844088759504834
0.0010378359896328225
0.001485274296981243
0.0015809958378340287
GEN 56 time 1609744786
0.0012802546683374258
0.0014010463019446075
0.001844088759504834
0.0010378359896328225
0.0014547783746753267
0.0015809958378340287
GEN 57 time 1609744789
0.0012802546683374258
0.0014010463019446075
0.001844088759504834
0.0010378359896328225
0.0014547783746753267
0.0014872574054162204
GEN 58 time 1609744792
0.0012802546683374258
0.0014010463019446075
0.001844088759504834
0.0010378359896328225
0.0014547783746753267
0.0014872574054162204
GEN 59 time 1609744794
0.0012802546683374258
0.0014010463019446075
0.001844088759504834
0.0010378359896328225
0.0014547783746753267
0.0014872574054162204
GEN 60 time 1609744797
0.0012802546683374258
0.0014010463019446075
0.001844088759504834
0.0010378359896328225
0.0014547783746753267
0.0014872574054162204
GEN 61 time 1609744800
0.0012802546683374258
0.0014010463019446075
0.001844088759504834
0.0010378359896328225
0.0014547783746753267
0.0014872574054162204
GEN 62 time 1609744803
0.0012802546683374258
0.0014010463019446075
0.001844088759504834
0.0010378359896328225
0.0014547783746753267
0.0014872574054162204
GEN 63 time 1609744806
0.001242004591752547
0.0014010463019446075
0.001844088759504834
0.0010378359896328225
0.0014547783746753267
0.0014872574054162204
GEN 64 time 1609744808
0.001242004591752547
0.0014010463019446075
0.001844088759504834
0.0010378359896328225
0.0014378526980863553
0.0014872574054162204
GEN 65 time 1609744811
0.001242004591752547
0.0014010463019446075
0.001844088759504834
0.0010378359896328225
0.0014378526980863553
0.0014872574054162204
GEN 66 time 1609744814
0.001242004591752547
0.0014010463019446075
0.001844088759504834
0.0010378359896328225
0.0014378526980863553
0.0014872574054162204
GEN 67 time 1609744817
0.001242004591752547
0.0014010463019446075
0.001844088759504834
0.0010378359896328225
0.0014378526980863553
0.0014872574054162204
GEN 68 time 1609744819
0.001242004591752547
0.0014010463019446075
0.001844088759504834
0.0010378359896328225
0.0014378526980863553
0.0014872574054162204
GEN 69 time 1609744822
0.001242004591752547
0.0014010463019446075
0.001844088759504834
0.001027951209522928
0.0014378526980863553
0.0014872574054162204
GEN 70 time 1609744825
0.001242004591752547
0.0014010463019446075
0.001844088759504834
0.001027951209522928
0.0014378526980863553
0.0014872574054162204
GEN 71 time 1609744828
0.001242004591752547
0.0014010463019446075
0.001844088759504834
0.001027951209522928
0.0014378526980863553
0.0014872574054162204
GEN 72 time 1609744831
0.001242004591752547
0.0014010463019446075
0.001844088759504834
0.001027951209522928
0.0014378526980863553
0.0014872574054162204
GEN 73 time 1609744834
0.001242004591752547
0.0014010463019446075
0.001844088759504834
0.001027951209522928
0.0014378526980863553
0.0014872574054162204
GEN 74 time 1609744837
0.001242004591752547
0.0014010463019446075
0.001844088759504834
0.001027951209522928
0.0014378526980863553
0.0014872574054162204
GEN 75 time 1609744840
0.001242004591752547
0.0014010463019446075
0.001844088759504834
0.001027951209522928
0.0014378526980863553
0.0014872574054162204
GEN 76 time 1609744843
0.001242004591752547
0.0014010463019446075
0.001844088759504834
0.001027951209522928
0.0014378526980863553
0.0014872574054162204
GEN 77 time 1609744846
0.001242004591752547
0.0014010463019446075
0.001844088759504834
0.001027951209522928
0.0014378526980863553
0.0014872574054162204
GEN 78 time 1609744849
0.001242004591752547
0.0014010463019446075
0.001844088759504834
0.001027951209522928
0.0014378526980863553
0.0014872574054162204
GEN 79 time 1609744852
0.001242004591752547
0.0014010463019446075
0.001844088759504834
0.001027951209522928
0.0014378526980863553
0.0014872574054162204
GEN 80 time 1609744855
0.001242004591752547
0.0014010463019446075
0.001844088759504834
0.001027951209522928
0.0014378526980863553
0.0014872574054162204
GEN 81 time 1609744858
0.001242004591752547
0.0014010463019446075
0.001844088759504834
0.001027951209522928
0.0013405723106050533
0.0014872574054162204
GEN 82 time 1609744861
0.001242004591752547
0.0014010463019446075
0.001844088759504834
0.001027951209522928
0.0013405723106050533
0.0014872574054162204
GEN 83 time 1609744864
0.001242004591752547
0.0014010463019446075
0.001844088759504834
0.001027951209522928
0.0013405723106050533
0.0014872574054162204
GEN 84 time 1609744867
0.001242004591752547
0.0014010463019446075
0.001844088759504834
0.001027951209522928
0.0013405723106050533
0.0014872574054162204
GEN 85 time 1609744871
0.001242004591752547
0.0014010463019446075
0.001844088759504834
0.001027951209522928
0.0013405723106050533
0.0014872574054162204
GEN 86 time 1609744874
0.001242004591752547
0.0014010463019446075
0.001844088759504834
0.001027951209522928
0.0013405723106050533
0.0014872574054162204
GEN 87 time 1609744877
0.001242004591752547
0.0014010463019446075
0.001844088759504834
0.001027951209522928
0.0013405723106050533
0.0014872574054162204
GEN 88 time 1609744880
0.001242004591752547
0.0014010463019446075
0.001844088759504834
0.001027951209522928
0.0013405723106050533
0.0014872574054162204
GEN 89 time 1609744883
0.001242004591752547
0.0014010463019446075
0.001844088759504834
0.001027951209522928
0.0012817373682471257
0.0014872574054162204
GEN 90 time 1609744886
0.001242004591752547
0.0014010463019446075
0.001844088759504834
0.001027951209522928
0.0012817373682471257
0.0014872574054162204
GEN 91 time 1609744889
0.001242004591752547
0.0014010463019446075
0.001844088759504834
0.001027951209522928
0.0012817373682471257
0.0014872574054162204
GEN 92 time 1609744892
0.001242004591752547
0.0014010463019446075
0.001844088759504834
0.001027951209522928
0.0012817373682471257
0.0014872574054162204
GEN 93 time 1609744894
0.001242004591752547
0.0014010463019446075
0.001844088759504834
0.001027951209522928
0.0012817373682471257
0.0014872574054162204
GEN 94 time 1609744897
0.001242004591752547
0.0014010463019446075
0.001844088759504834
0.001027951209522928
0.0012817373682471257
0.0014872574054162204
GEN 95 time 1609744900
0.001242004591752547
0.0014010463019446075
0.001844088759504834
0.001027951209522928
0.0012817373682471257
0.0014872574054162204
GEN 96 time 1609744903
0.001242004591752547
0.0014010463019446075
0.001844088759504834
0.001027951209522928
0.0012817373682471257
0.0014872574054162204
GEN 97 time 1609744906
0.001242004591752547
0.0014010463019446075
0.001844088759504834
0.001027951209522928
0.0012817373682471257
0.0014872574054162204
GEN 98 time 1609744909
0.001242004591752547
0.0014010463019446075
0.001844088759504834
0.001027951209522928
0.0012817373682471257
0.0014872574054162204
GEN 99 time 1609744912
0.001242004591752547
0.0014010463019446075
0.001844088759504834
0.001027951209522928
0.0012817373682471257
0.0014872574054162204
GEN 100 time 1609744915
0.001242004591752547
0.0014010463019446075
0.001844088759504834
0.001027951209522928
0.0012817373682471257
0.0014872574054162204
GEN 101 time 1609744918
0.001242004591752547
0.0014010463019446075
0.001844088759504834
0.001027951209522928
0.0012817373682471257
0.0014872574054162204
GEN 102 time 1609744920
0.001242004591752547
0.0014010463019446075
0.001844088759504834
0.001027951209522928
0.0012817373682471257
0.0014872574054162204
GEN 103 time 1609744923
0.001242004591752547
0.0014010463019446075
0.001844088759504834
0.001027951209522928
0.0012817373682471257
0.0014872574054162204
GEN 104 time 1609744926
0.001242004591752547
0.0014010463019446075
0.001844088759504834
0.001027951209522928
0.0012817373682471257
0.0014872574054162204
GEN 105 time 1609744929
0.001242004591752547
0.0014010463019446075
0.001844088759504834
0.001027951209522928
0.0012817373682471257
0.0014872574054162204
GEN 106 time 1609744932
0.001242004591752547
0.0014010463019446075
0.001844088759504834
0.001027951209522928
0.0012817373682471257
0.0014872574054162204
GEN 107 time 1609744935
0.001242004591752547
0.0014010463019446075
0.001844088759504834
0.001027951209522928
0.0012817373682471257
0.0014872574054162204
GEN 108 time 1609744937
0.001242004591752547
0.0014010463019446075
0.001844088759504834
0.001027951209522928
0.0012817373682471257
0.0014872574054162204
GEN 109 time 1609744940
0.001242004591752547
0.0014010463019446075
0.001844088759504834
0.001027951209522928
0.0012234086632289883
0.0014872574054162204
GEN 110 time 1609744943
0.001242004591752547
0.0014010463019446075
0.001844088759504834
0.001027951209522928
0.0012234086632289883
0.0014872574054162204
GEN 111 time 1609744946
0.001242004591752547
0.0014010463019446075
0.001844088759504834
0.001027951209522928
0.0012234086632289883
0.0014872574054162204
GEN 112 time 1609744948
0.001242004591752547
0.0014010463019446075
0.001844088759504834
0.001027951209522928
0.0012040507495327626
0.0014872574054162204
GEN 113 time 1609744951
0.001242004591752547
0.0014010463019446075
0.001844088759504834
0.001027951209522928
0.0012040507495327626
0.0014872574054162204
GEN 114 time 1609744954
0.001242004591752547
0.0014010463019446075
0.001844088759504834
0.001027951209522928
0.0012040507495327626
0.0014872574054162204
GEN 115 time 1609744957
0.001242004591752547
0.0014010463019446075
0.001844088759504834
0.001027951209522928
0.0012040507495327626
0.0014872574054162204
GEN 116 time 1609744960
0.001242004591752547
0.0014010463019446075
0.001844088759504834
0.001027951209522928
0.0012040507495327626
0.0014872574054162204
GEN 117 time 1609744963
0.001242004591752547
0.0014010463019446075
0.001844088759504834
0.001027951209522928
0.0012040507495327626
0.0014872574054162204
GEN 118 time 1609744965
0.001242004591752547
0.0014010463019446075
0.001844088759504834
0.001027951209522928
0.0012040507495327626
0.0014872574054162204
GEN 119 time 1609744968
0.001242004591752547
0.0014010463019446075
0.001844088759504834
0.001027951209522928
0.0012040507495327626
0.0014872574054162204
GEN 120 time 1609744971
0.001242004591752547
0.0014010463019446075
0.0017967688307879495
0.001027951209522928
0.0012040507495327626
0.0014872574054162204
GEN 121 time 1609744974
0.001242004591752547
0.0014010463019446075
0.0017967688307879495
0.001027951209522928
0.0011098635598939884
0.0014872574054162204
GEN 122 time 1609744977
0.001242004591752547
0.0014010463019446075
0.0017967688307879495
0.001027951209522928
0.0011098635598939884
0.0014872574054162204
GEN 123 time 1609744980
0.001242004591752547
0.0014010463019446075
0.0017967688307879495
0.001027951209522928
0.0011098635598939884
0.0014872574054162204
GEN 124 time 1609744983
0.001242004591752547
0.0014010463019446075
0.0017967688307879495
0.001027951209522928
0.0011026158762190018
0.0013420711715828007
GEN 125 time 1609744986
0.001242004591752547
0.0014010463019446075
0.0017967688307879495
0.001027951209522928
0.0011026158762190018
0.0013420711715828007
GEN 126 time 1609744988
0.001242004591752547
0.0014010463019446075
0.0017967688307879495
0.001027951209522928
0.0011026158762190018
0.0013420711715828007
GEN 127 time 1609744991
0.001242004591752547
0.0014010463019446075
0.0017967688307879495
0.001027951209522928
0.0011026158762190018
0.0013420711715828007
GEN 128 time 1609744994
0.001242004591752547
0.0014010463019446075
0.0017967688307879495
0.001027951209522928
0.0011026158762190018
0.0013420711715828007
GEN 129 time 1609744997
0.001242004591752547
0.0014010463019446075
0.0017661292896930202
0.001027951209522928
0.0011026158762190018
0.0013420711715828007
GEN 130 time 1609745000
0.001242004591752547
0.0014010463019446075
0.0017661292896930202
0.001027951209522928
0.0011026158762190018
0.0013420711715828007
GEN 131 time 1609745003
0.001242004591752547
0.0014010463019446075
0.0017661292896930202
0.001027951209522928
0.0011026158762190018
0.0013420711715828007
GEN 132 time 1609745006
0.001242004591752547
0.0014010463019446075
0.0017661292896930202
0.001027951209522928
0.0011026158762190018
0.0013420711715828007
GEN 133 time 1609745009
0.001242004591752547
0.0014010463019446075
0.0017661292896930202
0.001027951209522928
0.0011026158762190018
0.0013420711715828007
GEN 134 time 1609745012
0.001242004591752547
0.0014010463019446075
0.0017661292896930202
0.001027951209522928
0.0011026158762190018
0.0013420711715828007
GEN 135 time 1609745015
0.001242004591752547
0.0014010463019446075
0.0017661292896930202
0.001027951209522928
0.0011026158762190018
0.0013420711715828007
GEN 136 time 1609745018
0.001242004591752547
0.0014010463019446075
0.0017661292896930202
0.001027951209522928
0.0011026158762190018
0.0013420711715828007
GEN 137 time 1609745021
0.001242004591752547
0.0014010463019446075
0.0017661292896930202
0.001027951209522928
0.0011026158762190018
0.0013420711715828007
GEN 138 time 1609745024
0.001242004591752547
0.0014010463019446075
0.0017661292896930202
0.001027951209522928
0.0011026158762190018
0.0013420711715828007
GEN 139 time 1609745027
0.001242004591752547
0.0014010463019446075
0.0017661292896930202
0.001027951209522928
0.0011026158762190018
0.0013420711715828007
GEN 140 time 1609745030
0.001242004591752547
0.0014010463019446075
0.0017661292896930202
0.001027951209522928
0.0011026158762190018
0.0013420711715828007
GEN 141 time 1609745032
0.001242004591752547
0.0014010463019446075
0.0017661292896930202
0.001027951209522928
0.0011026158762190018
0.0013420711715828007
GEN 142 time 1609745035
0.001242004591752547
0.0014010463019446075
0.0017661292896930202
0.001027951209522928
0.0011026158762190018
0.0013420711715828007
GEN 143 time 1609745038
0.001242004591752547
0.0014010463019446075
0.0017661292896930202
0.001027951209522928
0.0011026158762190018
0.0013420711715828007
GEN 144 time 1609745041
0.001242004591752547
0.0014010463019446075
0.0017661292896930202
0.001027951209522928
0.0011026158762190018
0.0013420711715828007
GEN 145 time 1609745044
0.001242004591752547
0.0014010463019446075
0.0017661292896930202
0.001027951209522928
0.0011026158762190018
0.0013420711715828007
GEN 146 time 1609745047
0.001242004591752547
0.0014010463019446075
0.0017661292896930202
0.001027951209522928
0.0011026158762190018
0.0013420711715828007
GEN 147 time 1609745050
0.001242004591752547
0.0014010463019446075
0.0017661292896930202
0.001027951209522928
0.0011026158762190018
0.0013420711715828007
GEN 148 time 1609745053
0.001242004591752547
0.0014010463019446075
0.0017661292896930202
0.001027951209522928
0.0011026158762190018
0.0013420711715828007
GEN 149 time 1609745056
0.001242004591752547
0.0014010463019446075
0.0017661292896930202
0.001027951209522928
0.0011026158762190018
0.0013420711715828007
GEN 150 time 1609745059
0.001242004591752547
0.0014010463019446075
0.0017661292896930202
0.001027951209522928
0.0011026158762190018
0.0013420711715828007
GEN 151 time 1609745062
0.001242004591752547
0.0014010463019446075
0.0017661292896930202
0.001027951209522928
0.0011026158762190018
0.0013420711715828007
GEN 152 time 1609745065
0.001242004591752547
0.0014010463019446075
0.0017661292896930202
0.001027951209522928
0.0011026158762190018
0.0013420711715828007
GEN 153 time 1609745068
0.001242004591752547
0.0014010463019446075
0.0017661292896930202
0.001027951209522928
0.0011026158762190018
0.0013420711715828007
GEN 154 time 1609745071
0.001242004591752547
0.0014010463019446075
0.0017661292896930202
0.001027951209522928
0.0011026158762190018
0.0013420711715828007
GEN 155 time 1609745074
0.001242004591752547
0.0014010463019446075
0.0017661292896930202
0.001027951209522928
0.0011026158762190018
0.0013420711715828007
GEN 156 time 1609745076
0.001242004591752547
0.0014010463019446075
0.0017661292896930202
0.001027951209522928
0.0011026158762190018
0.0013420711715828007
GEN 157 time 1609745079
0.001242004591752547
0.0014010463019446075
0.0017661292896930202
0.001027951209522928
0.0011026158762190018
0.0013420711715828007
GEN 158 time 1609745082
0.001242004591752547
0.0014010463019446075
0.0017661292896930202
0.001027951209522928
0.0011026158762190018
0.0013420711715828007
GEN 159 time 1609745086
0.001242004591752547
0.0014010463019446075
0.0017661292896930202
0.001027951209522928
0.0011026158762190018
0.0013420711715828007
GEN 160 time 1609745088
0.001242004591752547
0.0014010463019446075
0.0017661292896930202
0.001027951209522928
0.0011026158762190018
0.0013420711715828007
GEN 161 time 1609745091
0.001242004591752547
0.0014010463019446075
0.0017661292896930202
0.001027951209522928
0.0011026158762190018
0.0013420711715828007
GEN 162 time 1609745094
0.001242004591752547
0.0014010463019446075
0.0017661292896930202
0.001027951209522928
0.0011026158762190018
0.0013420711715828007
GEN 163 time 1609745097
0.001242004591752547
0.0014010463019446075
0.0017661292896930202
0.001027951209522928
0.0011026158762190018
0.0013420711715828007
GEN 164 time 1609745100
0.001242004591752547
0.0014010463019446075
0.0017661292896930202
0.001027951209522928
0.0011026158762190018
0.0013420711715828007
GEN 165 time 1609745103
0.001242004591752547
0.0014010463019446075
0.0017661292896930202
0.001027951209522928
0.0011026158762190018
0.0013420711715828007
GEN 166 time 1609745106
0.001242004591752547
0.0014010463019446075
0.0017661292896930202
0.001027951209522928
0.0011026158762190018
0.0013420711715828007
GEN 167 time 1609745109
0.001242004591752547
0.0014010463019446075
0.0017661292896930202
0.001027951209522928
0.0011026158762190018
0.0013420711715828007
GEN 168 time 1609745111
0.001242004591752547
0.0014010463019446075
0.0017661292896930202
0.001027951209522928
0.0011026158762190018
0.0013420711715828007
GEN 169 time 1609745115
0.001242004591752547
0.0014010463019446075
0.0017661292896930202
0.001027951209522928
0.0011026158762190018
0.0013420711715828007
GEN 170 time 1609745118
0.001242004591752547
0.0014010463019446075
0.0017661292896930202
0.001027951209522928
0.0011026158762190018
0.0013420711715828007
GEN 171 time 1609745120
0.001242004591752547
0.0014010463019446075
0.0017661292896930202
0.001027951209522928
0.0011026158762190018
0.0013420711715828007
GEN 172 time 1609745123
0.001242004591752547
0.0014010463019446075
0.0017661292896930202
0.001027951209522928
0.0011026158762190018
0.0013420711715828007
GEN 173 time 1609745126
0.001242004591752547
0.0014010463019446075
0.0017661292896930202
0.001027951209522928
0.0011026158762190018
0.0013420711715828007
GEN 174 time 1609745129
0.001242004591752547
0.0014010463019446075
0.0017661292896930202
0.001027951209522928
0.0011026158762190018
0.0013420711715828007
GEN 175 time 1609745132
0.001242004591752547
0.0014010463019446075
0.0017661292896930202
0.001027951209522928
0.0011026158762190018
0.0013420711715828007
GEN 176 time 1609745135
0.001242004591752547
0.0014010463019446075
0.0017661292896930202
0.001027951209522928
0.0011026158762190018
0.0013420711715828007
GEN 177 time 1609745138
0.001242004591752547
0.0014010463019446075
0.0017661292896930202
0.001027951209522928
0.0011026158762190018
0.0013420711715828007
GEN 178 time 1609745141
0.001242004591752547
0.0014010463019446075
0.0017661292896930202
0.001027951209522928
0.0011026158762190018
0.0013420711715828007
GEN 179 time 1609745144
0.001242004591752547
0.0014010463019446075
0.0017661292896930202
0.001027951209522928
0.0011026158762190018
0.0013420711715828007
GEN 180 time 1609745147
0.001242004591752547
0.0014010463019446075
0.0017661292896930202
0.001027951209522928
0.0011026158762190018
0.0013420711715828007
GEN 181 time 1609745150
0.001242004591752547
0.0014010463019446075
0.0017661292896930202
0.001027951209522928
0.0011026158762190018
0.0013420711715828007
GEN 182 time 1609745153
0.001242004591752547
0.0014010463019446075
0.0017661292896930202
0.001027951209522928
0.0011026158762190018
0.0013420711715828007
GEN 183 time 1609745156
0.001242004591752547
0.0014010463019446075
0.0017661292896930202
0.001027951209522928
0.0011026158762190018
0.0013420711715828007
GEN 184 time 1609745159
0.001242004591752547
0.0014010463019446075
0.0017661292896930202
0.001027951209522928
0.0011026158762190018
0.0013420711715828007
GEN 185 time 1609745162
0.001242004591752547
0.0014010463019446075
0.0017661292896930202
0.001027951209522928
0.0011026158762190018
0.0013420711715828007
GEN 186 time 1609745165
0.001242004591752547
0.0014010463019446075
0.0017661292896930202
0.001027951209522928
0.0011026158762190018
0.0013420711715828007
GEN 187 time 1609745168
0.001242004591752547
0.0014010463019446075
0.0017661292896930202
0.001027951209522928
0.0011026158762190018
0.0013420711715828007
GEN 188 time 1609745171
0.001242004591752547
0.0014010463019446075
0.0017661292896930202
0.001027951209522928
0.0011026158762190018
0.0013420711715828007
GEN 189 time 1609745174
0.001242004591752547
0.0014010463019446075
0.0017661292896930202
0.001027951209522928
0.0011026158762190018
0.0013420711715828007
GEN 190 time 1609745177
0.001242004591752547
0.0014010463019446075
0.0017661292896930202
0.001027951209522928
0.0011026158762190018
0.0013420711715828007
GEN 191 time 1609745180
0.001242004591752547
0.0014010463019446075
0.0017661292896930202
0.001027951209522928
0.0011026158762190018
0.0013420711715828007
GEN 192 time 1609745183
0.001242004591752547
0.0014010463019446075
0.0017661292896930202
0.001027951209522928
0.0011026158762190018
0.0013420711715828007
GEN 193 time 1609745186
0.001242004591752547
0.0014010463019446075
0.0017661292896930202
0.001027951209522928
0.0011026158762190018
0.0013420711715828007
GEN 194 time 1609745189
0.001242004591752547
0.0014010463019446075
0.0017661292896930202
0.001027951209522928
0.0011026158762190018
0.0013420711715828007
GEN 195 time 1609745192
0.001242004591752547
0.0014010463019446075
0.0017661292896930202
0.001027951209522928
0.0011026158762190018
0.0013420711715828007
GEN 196 time 1609745195
0.001242004591752547
0.0014010463019446075
0.0017661292896930202
0.001027951209522928
0.0011026158762190018
0.0013420711715828007
GEN 197 time 1609745198
0.001242004591752547
0.0014010463019446075
0.0017661292896930202
0.001027951209522928
0.0011026158762190018
0.0013420711715828007
GEN 198 time 1609745201
0.001242004591752547
0.0014010463019446075
0.0017661292896930202
0.001027951209522928
0.0011026158762190018
0.0013420711715828007
GEN 199 time 1609745204
0.001242004591752547
0.0014010463019446075
0.0017661292896930202
0.001027951209522928
0.0011026158762190018
0.0013420711715828007
