['./data/small/layer/uu-dem4_r25_1.json', './data/small/layer/uu-dem7_r25_1.json', './data/small/layer/uu-dem4_r50_1.json', './data/small/hop/uu-dem4_r25_1_0.json', './data/small/hop/uu-dem7_r50_1_0.json', './data/small/hop/uu-dem4_r50_1_0.json']
GEN 0 time 1602475953
0.0014584555404298799
0.0023368348238357903
0.0023881709723581114
0.001986997549154619
0.003867465305135745
0.002710949522825745
GEN 1 time 1602475966
0.0014584555404298799
0.0023368348238357903
0.0023881709723581114
0.0018172061389345553
0.002903081203990302
0.002710949522825745
GEN 2 time 1602475980
0.0014584555404298799
0.0023368348238357903
0.0023881709723581114
0.001986997549154619
0.002903081203990302
0.002710949522825745
GEN 3 time 1602475994
0.0014584555404298799
0.0023368348238357903
0.0023881709723581114
0.0019262660673751001
0.002641880981325301
0.002710949522825745
GEN 4 time 1602476008
0.0014584555404298799
0.0023368348238357903
0.0023881709723581114
0.0018172061389345553
0.002641880981325301
0.002710949522825745
GEN 5 time 1602476022
0.0014584555404298799
0.0023368348238357903
0.0023881709723581114
0.0018172061389345553
0.002641880981325301
0.002710949522825745
GEN 6 time 1602476036
0.0014584555404298799
0.0023368348238357903
0.0023881709723581114
0.0018642821461643659
0.002641880981325301
0.002710949522825745
GEN 7 time 1602476051
0.0014584555404298799
0.0023368348238357903
0.0023881709723581114
0.0018172061389345553
0.002641880981325301
0.002710949522825745
GEN 8 time 1602476066
0.0014584555404298799
0.0023368348238357903
0.0023881709723581114
0.0018172061389345553
0.002641880981325301
0.002710949522825745
GEN 9 time 1602476081
0.0014584555404298799
0.0023368348238357903
0.0023881709723581114
0.0018172061389345553
0.002641880981325301
0.002710949522825745
GEN 10 time 1602476096
0.0014584555404298799
0.0023368348238357903
0.0023881709723581114
0.0018172061389345553
0.002641880981325301
0.002710949522825745
GEN 11 time 1602476111
0.0014584555404298799
0.0023368348238357903
0.0023881709723581114
0.0018158682122632465
0.002641880981325301
0.002710949522825745
GEN 12 time 1602476125
0.0014584555404298799
0.0023368348238357903
0.0023881709723581114
0.0018061177234175625
0.002641880981325301
0.002710949522825745
GEN 13 time 1602476140
0.0014584555404298799
0.0023368348238357903
0.0023881709723581114
0.0018061177234175625
0.002641880981325301
0.0025225010478060004
GEN 14 time 1602476155
0.0014584555404298799
0.0023368348238357903
0.0023881709723581114
0.0018061177234175625
0.002641880981325301
0.0025225010478060004
GEN 15 time 1602476170
0.0014584555404298799
0.0023368348238357903
0.0023881709723581114
0.0018061177234175625
0.002641880981325301
0.0025225010478060004
GEN 16 time 1602476185
0.0014584555404298799
0.0023368348238357903
0.0023881709723581114
0.0017728788496444831
0.002641880981325301
0.0025225010478060004
GEN 17 time 1602476200
0.0014584555404298799
0.0023368348238357903
0.0023881709723581114
0.0017728788496444831
0.002641880981325301
0.0025225010478060004
GEN 18 time 1602476215
0.0014584555404298799
0.0023368348238357903
0.0023881709723581114
0.0017605678364032097
0.002641880981325301
0.0025225010478060004
GEN 19 time 1602476230
0.0014584555404298799
0.0023368348238357903
0.0023881709723581114
0.0017605678364032097
0.002641880981325301
0.0025225010478060004
GEN 20 time 1602476244
0.0014584555404298799
0.0023368348238357903
0.0023881709723581114
0.0017605678364032097
0.002641880981325301
0.0025225010478060004
GEN 21 time 1602476259
0.0014584555404298799
0.0023368348238357903
0.0023881709723581114
0.0017605678364032097
0.002641880981325301
0.0025225010478060004
GEN 22 time 1602476274
0.0014584555404298799
0.0023368348238357903
0.0023881709723581114
0.0017605678364032097
0.002630821292865238
0.0025225010478060004
GEN 23 time 1602476288
0.0014584555404298799
0.0023368348238357903
0.0023881709723581114
0.0017152662785722824
0.002630821292865238
0.0025225010478060004
GEN 24 time 1602476303
0.0014584555404298799
0.0023368348238357903
0.0023881709723581114
0.0016615887985145072
0.002630821292865238
0.0025225010478060004
GEN 25 time 1602476318
0.0014584555404298799
0.0023368348238357903
0.0023881709723581114
0.0016615887985145072
0.002630821292865238
0.0025225010478060004
GEN 26 time 1602476333
0.0014584555404298799
0.0023368348238357903
0.0023881709723581114
0.0016615887985145072
0.002620525909466262
0.0025225010478060004
GEN 27 time 1602476348
0.0014584555404298799
0.0023368348238357903
0.0023881709723581114
0.0016615887985145072
0.002620525909466262
0.0025225010478060004
GEN 28 time 1602476362
0.0014584555404298799
0.0023368348238357903
0.0023881709723581114
0.0016615887985145072
0.002620525909466262
0.0025225010478060004
GEN 29 time 1602476377
0.0014584555404298799
0.0023368348238357903
0.0023881709723581114
0.0016615887985145072
0.002620525909466262
0.0025225010478060004
GEN 30 time 1602476392
0.0014584555404298799
0.0023368348238357903
0.0023881709723581114
0.0016615887985145072
0.002620525909466262
0.0025225010478060004
GEN 31 time 1602476407
0.0014584555404298799
0.0023368348238357903
0.0023881709723581114
0.0016615887985145072
0.002620525909466262
0.0025225010478060004
GEN 32 time 1602476422
0.0014584555404298799
0.0023368348238357903
0.0023881709723581114
0.0016615887985145072
0.002620525909466262
0.0025225010478060004
GEN 33 time 1602476437
0.0014584555404298799
0.0023368348238357903
0.0023881709723581114
0.0016615887985145072
0.002620525909466262
0.0025225010478060004
GEN 34 time 1602476452
0.0014584555404298799
0.0023368348238357903
0.0023881709723581114
0.0016615887985145072
0.002620525909466262
0.0025225010478060004
GEN 35 time 1602476467
0.0014584555404298799
0.0023368348238357903
0.0023881709723581114
0.0016615887985145072
0.002620525909466262
0.0025225010478060004
GEN 36 time 1602476482
0.0014584555404298799
0.0023368348238357903
0.0023881709723581114
0.0016615887985145072
0.002620525909466262
0.0025225010478060004
GEN 37 time 1602476497
0.0014584555404298799
0.0023368348238357903
0.0023881709723581114
0.0016615887985145072
0.002620525909466262
0.0025225010478060004
GEN 38 time 1602476512
0.0014584555404298799
0.0023368348238357903
0.0023881709723581114
0.0016615887985145072
0.002620525909466262
0.0025225010478060004
GEN 39 time 1602476527
0.0014584555404298799
0.0023368348238357903
0.0023881709723581114
0.0016615887985145072
0.002620525909466262
0.0025225010478060004
GEN 40 time 1602476542
0.0014584555404298799
0.0023368348238357903
0.0023881709723581114
0.0016615887985145072
0.002620525909466262
0.0025225010478060004
GEN 41 time 1602476558
0.0014584555404298799
0.0023368348238357903
0.0023881709723581114
0.0016615887985145072
0.002620525909466262
0.0025225010478060004
GEN 42 time 1602476573
0.0014584555404298799
0.0023368348238357903
0.0023881709723581114
0.0016615887985145072
0.002620525909466262
0.0025225010478060004
GEN 43 time 1602476588
0.0014584555404298799
0.0023368348238357903
0.0023881709723581114
0.0016615887985145072
0.002620525909466262
0.0025225010478060004
GEN 44 time 1602476603
0.0014584555404298799
0.0023368348238357903
0.0023881709723581114
0.0016615887985145072
0.002620525909466262
0.0025225010478060004
GEN 45 time 1602476619
0.0014584555404298799
0.0023368348238357903
0.0023881709723581114
0.0016615887985145072
0.002620525909466262
0.0025225010478060004
GEN 46 time 1602476634
0.0014584555404298799
0.0023368348238357903
0.0023881709723581114
0.0016615887985145072
0.002620525909466262
0.0025225010478060004
GEN 47 time 1602476650
0.0014584555404298799
0.0023368348238357903
0.0023881709723581114
0.0016615887985145072
0.002620525909466262
0.0025225010478060004
GEN 48 time 1602476665
0.0014584555404298799
0.0023368348238357903
0.0023881709723581114
0.0016615887985145072
0.002620525909466262
0.0025225010478060004
GEN 49 time 1602476680
0.0014584555404298799
0.0023368348238357903
0.0023881709723581114
0.0016615887985145072
0.00261443117700316
0.0025225010478060004
GEN 50 time 1602476696
0.0014584555404298799
0.0023368348238357903
0.0023881709723581114
0.0016615887985145072
0.00261443117700316
0.0025225010478060004
GEN 51 time 1602476711
0.0014584555404298799
0.0023368348238357903
0.0023881709723581114
0.0016615887985145072
0.00261443117700316
0.0025225010478060004
GEN 52 time 1602476727
0.0014584555404298799
0.0023368348238357903
0.0023881709723581114
0.0016615887985145072
0.00261443117700316
0.0025225010478060004
GEN 53 time 1602476742
0.0014584555404298799
0.0023368348238357903
0.0023881709723581114
0.0016615887985145072
0.00261443117700316
0.0025225010478060004
GEN 54 time 1602476758
0.0014584555404298799
0.0023368348238357903
0.0023881709723581114
0.0016615887985145072
0.0024969708684107203
0.0025225010478060004
GEN 55 time 1602476773
0.0014584555404298799
0.0023368348238357903
0.0023881709723581114
0.0016615887985145072
0.0024969708684107203
0.0025225010478060004
GEN 56 time 1602476788
0.0014584555404298799
0.0023368348238357903
0.0023881709723581114
0.0016615887985145072
0.0024969708684107203
0.0025225010478060004
GEN 57 time 1602476804
0.0014584555404298799
0.0023368348238357903
0.0023881709723581114
0.0016615887985145072
0.0024969708684107203
0.0025225010478060004
GEN 58 time 1602476819
0.0014584555404298799
0.0023368348238357903
0.0023881709723581114
0.0016615887985145072
0.0024969708684107203
0.0025225010478060004
GEN 59 time 1602476835
0.0014584555404298799
0.0023368348238357903
0.0023881709723581114
0.0016615887985145072
0.0024969708684107203
0.0025225010478060004
GEN 60 time 1602476850
0.0014584555404298799
0.0023368348238357903
0.0023881709723581114
0.0016615887985145072
0.0024969708684107203
0.0025225010478060004
GEN 61 time 1602476865
0.0014584555404298799
0.0023368348238357903
0.0023881709723581114
0.0016615887985145072
0.0024969708684107203
0.0025225010478060004
GEN 62 time 1602476881
0.0014584555404298799
0.0023368348238357903
0.0023881709723581114
0.0016615887985145072
0.0024969708684107203
0.0025225010478060004
GEN 63 time 1602476897
0.0014584555404298799
0.0023368348238357903
0.0023881709723581114
0.0016615887985145072
0.0024969708684107203
0.0025225010478060004
GEN 64 time 1602476913
0.0014584555404298799
0.0023368348238357903
0.0023881709723581114
0.0016268975860854527
0.0024969708684107203
0.0025225010478060004
GEN 65 time 1602476929
0.0014584555404298799
0.0023368348238357903
0.0023881709723581114
0.0016268975860854527
0.0024969708684107203
0.0025225010478060004
GEN 66 time 1602476944
0.0014584555404298799
0.0023368348238357903
0.0023881709723581114
0.0016268975860854527
0.0024969708684107203
0.0025225010478060004
GEN 67 time 1602476960
0.0014584555404298799
0.0023368348238357903
0.0023881709723581114
0.0016268975860854527
0.0024969708684107203
0.0025225010478060004
GEN 68 time 1602476976
0.0014584555404298799
0.0023368348238357903
0.0023881709723581114
0.0016268975860854527
0.0024969708684107203
0.0025225010478060004
GEN 69 time 1602476992
0.0014584555404298799
0.0023368348238357903
0.0023881709723581114
0.0016268975860854527
0.0024969708684107203
0.0025225010478060004
GEN 70 time 1602477008
0.0014584555404298799
0.0023368348238357903
0.0023881709723581114
0.0016268975860854527
0.0024969708684107203
0.0025225010478060004
GEN 71 time 1602477024
0.0014584555404298799
0.0023368348238357903
0.0023881709723581114
0.0016268975860854527
0.0024969708684107203
0.0025225010478060004
GEN 72 time 1602477040
0.0014584555404298799
0.0023368348238357903
0.0023881709723581114
0.0016268975860854527
0.0024969708684107203
0.0025225010478060004
GEN 73 time 1602477056
0.0014584555404298799
0.0023368348238357903
0.0023881709723581114
0.0016268975860854527
0.0024969708684107203
0.0025225010478060004
GEN 74 time 1602477072
0.0014584555404298799
0.0023368348238357903
0.0023881709723581114
0.0016268975860854527
0.0024969708684107203
0.0025225010478060004
GEN 75 time 1602477088
0.0014584555404298799
0.0023368348238357903
0.0023881709723581114
0.0016268975860854527
0.0024969708684107203
0.0025225010478060004
GEN 76 time 1602477104
0.0014584555404298799
0.0023368348238357903
0.0023881709723581114
0.0016268975860854527
0.0024969708684107203
0.0025225010478060004
GEN 77 time 1602477120
0.0014584555404298799
0.0023368348238357903
0.0023881709723581114
0.0016268975860854527
0.0024969708684107203
0.0025225010478060004
GEN 78 time 1602477136
0.0014584555404298799
0.0023368348238357903
0.0023881709723581114
0.0016268975860854527
0.0024969708684107203
0.0025225010478060004
GEN 79 time 1602477151
0.0014584555404298799
0.0023368348238357903
0.0023881709723581114
0.0016268975860854527
0.0024969708684107203
0.0025225010478060004
GEN 80 time 1602477167
0.0014584555404298799
0.0023368348238357903
0.0023881709723581114
0.0016268975860854527
0.0024969708684107203
0.0025225010478060004
GEN 81 time 1602477183
0.0014584555404298799
0.0023368348238357903
0.0023881709723581114
0.0016268975860854527
0.0024969708684107203
0.0024739154274453353
GEN 82 time 1602477199
0.0014584555404298799
0.0023368348238357903
0.0023881709723581114
0.0016268975860854527
0.0024969708684107203
0.0024739154274453353
GEN 83 time 1602477215
0.0014584555404298799
0.0023368348238357903
0.0023881709723581114
0.0016268975860854527
0.0024969708684107203
0.0024739154274453353
GEN 84 time 1602477231
0.0014584555404298799
0.0023368348238357903
0.0023881709723581114
0.0016268975860854527
0.0024465076199608384
0.0024739154274453353
GEN 85 time 1602477246
0.0014584555404298799
0.0023368348238357903
0.0023881709723581114
0.0016268975860854527
0.0024465076199608384
0.0024739154274453353
GEN 86 time 1602477262
0.0014584555404298799
0.0023368348238357903
0.0023881709723581114
0.0016268975860854527
0.0024465076199608384
0.0024739154274453353
GEN 87 time 1602477278
0.0014584555404298799
0.0023368348238357903
0.0023881709723581114
0.0016268975860854527
0.0024465076199608384
0.0024739154274453353
GEN 88 time 1602477294
0.0014584555404298799
0.0023368348238357903
0.0023881709723581114
0.0016268975860854527
0.0024465076199608384
0.0024739154274453353
GEN 89 time 1602477310
0.0014584555404298799
0.0023368348238357903
0.0023881709723581114
0.0016268975860854527
0.0024465076199608384
0.0024739154274453353
GEN 90 time 1602477325
0.0014584555404298799
0.0023368348238357903
0.0023881709723581114
0.0016268975860854527
0.0024465076199608384
0.0024739154274453353
GEN 91 time 1602477341
0.0014584555404298799
0.0023368348238357903
0.0023881709723581114
0.0016268975860854527
0.0024465076199608384
0.0024739154274453353
GEN 92 time 1602477357
0.0014584555404298799
0.0023368348238357903
0.0023881709723581114
0.0016268975860854527
0.0024453562111154846
0.002366535009421632
GEN 93 time 1602477372
0.0014584555404298799
0.0023368348238357903
0.0023881709723581114
0.0016268975860854527
0.0024453562111154846
0.002366535009421632
GEN 94 time 1602477388
0.0014584555404298799
0.0023368348238357903
0.0023881709723581114
0.0016268975860854527
0.0024453562111154846
0.002366535009421632
GEN 95 time 1602477403
0.0014584555404298799
0.0023368348238357903
0.0023881709723581114
0.0016268975860854527
0.0024453562111154846
0.002366535009421632
GEN 96 time 1602477418
0.0014584555404298799
0.0023368348238357903
0.0023881709723581114
0.0016268975860854527
0.0024453562111154846
0.002366535009421632
GEN 97 time 1602477434
0.0014584555404298799
0.0023368348238357903
0.0023881709723581114
0.0016268975860854527
0.0024453562111154846
0.002366535009421632
GEN 98 time 1602477449
0.0014584555404298799
0.0023368348238357903
0.0023881709723581114
0.0016268975860854527
0.0024453562111154846
0.002366535009421632
GEN 99 time 1602477464
0.0014584555404298799
0.0023368348238357903
0.0023881709723581114
0.0016268975860854527
0.0024453562111154846
0.002366535009421632
GEN 100 time 1602477479
0.0014584555404298799
0.0023368348238357903
0.0023881709723581114
0.0016268975860854527
0.0024453562111154846
0.002366535009421632
GEN 101 time 1602477495
0.0014584555404298799
0.0023368348238357903
0.0023881709723581114
0.0016268975860854527
0.0024453562111154846
0.002366535009421632
GEN 102 time 1602477510
0.0014584555404298799
0.0023368348238357903
0.0023881709723581114
0.0016268975860854527
0.0024453562111154846
0.002366535009421632
GEN 103 time 1602477526
0.0014584555404298799
0.0023368348238357903
0.0023881709723581114
0.0016268975860854527
0.0024453562111154846
0.002366535009421632
GEN 104 time 1602477541
0.0014584555404298799
0.0023368348238357903
0.0023881709723581114
0.0016268975860854527
0.0024453562111154846
0.002366535009421632
GEN 105 time 1602477556
0.0014584555404298799
0.0023368348238357903
0.0023881709723581114
0.0016268975860854527
0.0024453562111154846
0.002366535009421632
GEN 106 time 1602477572
0.0014584555404298799
0.0023368348238357903
0.0023881709723581114
0.0016268975860854527
0.0024453562111154846
0.002366535009421632
GEN 107 time 1602477587
0.0014584555404298799
0.0023368348238357903
0.0023881709723581114
0.0016268975860854527
0.0024453562111154846
0.002366535009421632
GEN 108 time 1602477603
0.0014584555404298799
0.0023368348238357903
0.0023881709723581114
0.0016268975860854527
0.0024453562111154846
0.002366535009421632
GEN 109 time 1602477618
0.0014584555404298799
0.0023368348238357903
0.0023881709723581114
0.0016268975860854527
0.0024453562111154846
0.002366535009421632
GEN 110 time 1602477633
0.0014584555404298799
0.0023368348238357903
0.0023881709723581114
0.0016268975860854527
0.0024453562111154846
0.002366535009421632
GEN 111 time 1602477649
0.0014584555404298799
0.0023368348238357903
0.0023881709723581114
0.0016268975860854527
0.0024453562111154846
0.002366535009421632
GEN 112 time 1602477664
0.0014584555404298799
0.0023368348238357903
0.0023881709723581114
0.0016268975860854527
0.0024453562111154846
0.002366535009421632
GEN 113 time 1602477680
0.0014584555404298799
0.0023368348238357903
0.0023881709723581114
0.0016268975860854527
0.0024453562111154846
0.002366535009421632
GEN 114 time 1602477695
0.0014584555404298799
0.0023368348238357903
0.0023881709723581114
0.0016268975860854527
0.0024453562111154846
0.002366535009421632
GEN 115 time 1602477710
0.0014584555404298799
0.0023368348238357903
0.0023881709723581114
0.0016268975860854527
0.0024453562111154846
0.002366535009421632
GEN 116 time 1602477725
0.0014584555404298799
0.0023368348238357903
0.0023881709723581114
0.0016268975860854527
0.0024453562111154846
0.002366535009421632
GEN 117 time 1602477740
0.0014584555404298799
0.0023368348238357903
0.0023881709723581114
0.0016268975860854527
0.0024453562111154846
0.002366535009421632
GEN 118 time 1602477755
0.0014584555404298799
0.0023368348238357903
0.0023881709723581114
0.0016268975860854527
0.0024453562111154846
0.002366535009421632
GEN 119 time 1602477771
0.0014584555404298799
0.0023368348238357903
0.0023881709723581114
0.0016268975860854527
0.0024453562111154846
0.002366535009421632
GEN 120 time 1602477785
0.0014584555404298799
0.0023368348238357903
0.0023881709723581114
0.0016268975860854527
0.0024453562111154846
0.002366535009421632
GEN 121 time 1602477800
0.0014584555404298799
0.0023368348238357903
0.0023881709723581114
0.0016268975860854527
0.0024453562111154846
0.002366535009421632
GEN 122 time 1602477815
0.0014584555404298799
0.0023368348238357903
0.0023881709723581114
0.0016268975860854527
0.0024453562111154846
0.002366535009421632
GEN 123 time 1602477830
0.0014584555404298799
0.0023368348238357903
0.0023881709723581114
0.0016268975860854527
0.0024453562111154846
0.002366535009421632
GEN 124 time 1602477845
0.0014584555404298799
0.0023368348238357903
0.0023881709723581114
0.0016268975860854527
0.0024453562111154846
0.002366535009421632
GEN 125 time 1602477860
0.0014584555404298799
0.0023368348238357903
0.0023881709723581114
0.0016268975860854527
0.0024453562111154846
0.002366535009421632
GEN 126 time 1602477875
0.0014584555404298799
0.0023368348238357903
0.0023881709723581114
0.0016268975860854527
0.0024453562111154846
0.002366535009421632
GEN 127 time 1602477890
0.0014584555404298799
0.0023368348238357903
0.0023881709723581114
0.0016268975860854527
0.0024453562111154846
0.002366535009421632
GEN 128 time 1602477905
0.0014584555404298799
0.0023368348238357903
0.0023881709723581114
0.0016268975860854527
0.0024453562111154846
0.002366535009421632
GEN 129 time 1602477919
0.0014584555404298799
0.0023368348238357903
0.0023881709723581114
0.0016268975860854527
0.0024453562111154846
0.002366535009421632
GEN 130 time 1602477935
0.0014584555404298799
0.0023368348238357903
0.0023881709723581114
0.0016268975860854527
0.0024453562111154846
0.002366535009421632
GEN 131 time 1602477950
0.0014584555404298799
0.0023368348238357903
0.0023881709723581114
0.0016268975860854527
0.0024453562111154846
0.002366535009421632
GEN 132 time 1602477965
0.0014584555404298799
0.0023368348238357903
0.0023881709723581114
0.0016268975860854527
0.0024453562111154846
0.002366535009421632
GEN 133 time 1602477979
0.0014584555404298799
0.0023368348238357903
0.0023881709723581114
0.0016268975860854527
0.0024453562111154846
0.002366535009421632
GEN 134 time 1602477994
0.0014584555404298799
0.0023368348238357903
0.0023881709723581114
0.0016268975860854527
0.0024453562111154846
0.002366535009421632
GEN 135 time 1602478009
0.0014584555404298799
0.0023368348238357903
0.0023881709723581114
0.0016268975860854527
0.0024453562111154846
0.002366535009421632
GEN 136 time 1602478025
0.0014584555404298799
0.0023368348238357903
0.0023881709723581114
0.0016268975860854527
0.0024453562111154846
0.002366535009421632
GEN 137 time 1602478040
0.0014584555404298799
0.0023368348238357903
0.0023881709723581114
0.0015605478364032097
0.0024453562111154846
0.0023081586832587
GEN 138 time 1602478055
0.0014584555404298799
0.0023368348238357903
0.0023881709723581114
0.0015605478364032097
0.0024453562111154846
0.0023081586832587
GEN 139 time 1602478070
0.0014584555404298799
0.0023368348238357903
0.0023881709723581114
0.0015605478364032097
0.0024453562111154846
0.0023081586832587
GEN 140 time 1602478085
0.0014584555404298799
0.0023368348238357903
0.0023881709723581114
0.0015605478364032097
0.0024453562111154846
0.0023081586832587
GEN 141 time 1602478100
0.0014584555404298799
0.0023368348238357903
0.0023881709723581114
0.0015605478364032097
0.0024453562111154846
0.0023081586832587
GEN 142 time 1602478115
0.0014584555404298799
0.0023368348238357903
0.0023881709723581114
0.0015605478364032097
0.0024453562111154846
0.0023081586832587
GEN 143 time 1602478130
0.0014584555404298799
0.0023368348238357903
0.0023881709723581114
0.0015605478364032097
0.0024453562111154846
0.0023081586832587
GEN 144 time 1602478145
0.0014584555404298799
0.0023368348238357903
0.0023881709723581114
0.0015605478364032097
0.0024453562111154846
0.0023081586832587
GEN 145 time 1602478160
0.0014584555404298799
0.0023368348238357903
0.0023881709723581114
0.0015605478364032097
0.0024453562111154846
0.0023081586832587
GEN 146 time 1602478176
0.0014584555404298799
0.0023368348238357903
0.0023881709723581114
0.0015605478364032097
0.0024453562111154846
0.0023081586832587
GEN 147 time 1602478191
0.0014584555404298799
0.0023368348238357903
0.0023881709723581114
0.0015605478364032097
0.0024453562111154846
0.0023081586832587
GEN 148 time 1602478206
0.0014584555404298799
0.0023368348238357903
0.0023881709723581114
0.0015605478364032097
0.0024453562111154846
0.0023081586832587
GEN 149 time 1602478221
0.0014584555404298799
0.0023368348238357903
0.0023881709723581114
0.0015605478364032097
0.0024453562111154846
0.0023081586832587
GEN 150 time 1602478236
0.0014584555404298799
0.0023368348238357903
0.0023881709723581114
0.0015605478364032097
0.0024453562111154846
0.0023081586832587
GEN 151 time 1602478252
0.0014584555404298799
0.0023368348238357903
0.0023881709723581114
0.0015605478364032097
0.0024453562111154846
0.0023081586832587
GEN 152 time 1602478267
0.0014584555404298799
0.0023368348238357903
0.0023881709723581114
0.0015605478364032097
0.0024453562111154846
0.0023081586832587
GEN 153 time 1602478283
0.0014584555404298799
0.0023368348238357903
0.0023881709723581114
0.0015605478364032097
0.0024453562111154846
0.0023081586832587
GEN 154 time 1602478298
0.0014584555404298799
0.0023368348238357903
0.0023881709723581114
0.0015605478364032097
0.0024453562111154846
0.0023081586832587
GEN 155 time 1602478313
0.0014584555404298799
0.0023368348238357903
0.0023881709723581114
0.0015605478364032097
0.0024453562111154846
0.0023081586832587
GEN 156 time 1602478328
0.0014584555404298799
0.0023368348238357903
0.0023881709723581114
0.0015605478364032097
0.0024453562111154846
0.0023081586832587
GEN 157 time 1602478344
0.0014584555404298799
0.0023368348238357903
0.0023881709723581114
0.0015605478364032097
0.0024453562111154846
0.0023081586832587
GEN 158 time 1602478359
0.0014584555404298799
0.0023368348238357903
0.0023881709723581114
0.0015605478364032097
0.0024453562111154846
0.0023081586832587
GEN 159 time 1602478374
0.0014584555404298799
0.0023368348238357903
0.0023881709723581114
0.0015605478364032097
0.0024453562111154846
0.0023081586832587
GEN 160 time 1602478389
0.0014584555404298799
0.0023368348238357903
0.0023881709723581114
0.0015605478364032097
0.0024453562111154846
0.0023081586832587
GEN 161 time 1602478405
0.0014584555404298799
0.0023368348238357903
0.0023881709723581114
0.0015605478364032097
0.0024453562111154846
0.0023081586832587
GEN 162 time 1602478420
0.0014584555404298799
0.0023368348238357903
0.0023881709723581114
0.0015605478364032097
0.0024453562111154846
0.0023081586832587
GEN 163 time 1602478436
0.0014584555404298799
0.0023368348238357903
0.0023881709723581114
0.0015605478364032097
0.0024453562111154846
0.0023081586832587
GEN 164 time 1602478451
0.0014584555404298799
0.0023368348238357903
0.0023881709723581114
0.0015605478364032097
0.0024453562111154846
0.0023081586832587
GEN 165 time 1602478466
0.0014584555404298799
0.0023368348238357903
0.0023881709723581114
0.0015605478364032097
0.0024453562111154846
0.0023081586832587
GEN 166 time 1602478481
0.0014584555404298799
0.0023368348238357903
0.0023881709723581114
0.0015605478364032097
0.0024453562111154846
0.0023081586832587
GEN 167 time 1602478497
0.0014584555404298799
0.0023368348238357903
0.0023881709723581114
0.0015262260673751002
0.0024453562111154846
0.0023081586832587
GEN 168 time 1602478512
0.0014584555404298799
0.0023368348238357903
0.0023881709723581114
0.0015262260673751002
0.0024453562111154846
0.0023081586832587
GEN 169 time 1602478528
0.0014584555404298799
0.0023368348238357903
0.0023881709723581114
0.0015262260673751002
0.0024453562111154846
0.0023081586832587
GEN 170 time 1602478543
0.0014584555404298799
0.0023368348238357903
0.0023881709723581114
0.0015262260673751002
0.0024453562111154846
0.0023081586832587
GEN 171 time 1602478558
0.0014584555404298799
0.0023368348238357903
0.0023881709723581114
0.0015262260673751002
0.0024453562111154846
0.0023081586832587
GEN 172 time 1602478574
0.0014584555404298799
0.0023368348238357903
0.0023881709723581114
0.0015262260673751002
0.0024453562111154846
0.0023081586832587
GEN 173 time 1602478589
0.0014584555404298799
0.0023368348238357903
0.0023881709723581114
0.0015262260673751002
0.0024453562111154846
0.0023081586832587
GEN 174 time 1602478605
0.0014584555404298799
0.0023368348238357903
0.0023881709723581114
0.0015262260673751002
0.0024453562111154846
0.0023081586832587
GEN 175 time 1602478620
0.0014584555404298799
0.0023368348238357903
0.0023881709723581114
0.0015262260673751002
0.0024453562111154846
0.0023081586832587
GEN 176 time 1602478635
0.0014584555404298799
0.0023368348238357903
0.0023881709723581114
0.0015262260673751002
0.0024453562111154846
0.0023081586832587
GEN 177 time 1602478651
0.0014584555404298799
0.0023368348238357903
0.0023881709723581114
0.0015262260673751002
0.0024453562111154846
0.0023081586832587
GEN 178 time 1602478667
0.0014584555404298799
0.0023368348238357903
0.0023881709723581114
0.0015262260673751002
0.0024453562111154846
0.0023081586832587
GEN 179 time 1602478683
0.0014584555404298799
0.0023368348238357903
0.0023881709723581114
0.0015262260673751002
0.0024453562111154846
0.0023081586832587
GEN 180 time 1602478698
0.0014584555404298799
0.0023368348238357903
0.0023881709723581114
0.0015262260673751002
0.0024453562111154846
0.0023081586832587
GEN 181 time 1602478714
0.0014584555404298799
0.0023368348238357903
0.0023881709723581114
0.0015262260673751002
0.0024453562111154846
0.0023081586832587
GEN 182 time 1602478730
0.0014584555404298799
0.0023368348238357903
0.0023881709723581114
0.0015262260673751002
0.0024453562111154846
0.0023081586832587
GEN 183 time 1602478746
0.0014584555404298799
0.0023368348238357903
0.0023881709723581114
0.0015262260673751002
0.0024453562111154846
0.0023081586832587
GEN 184 time 1602478762
0.0014584555404298799
0.0023368348238357903
0.0023881709723581114
0.0015075591021552212
0.0024453562111154846
0.0023081586832587
GEN 185 time 1602478777
0.0014584555404298799
0.0023368348238357903
0.0023881709723581114
0.0015075591021552212
0.0024453562111154846
0.0023081586832587
GEN 186 time 1602478793
0.0014584555404298799
0.0023368348238357903
0.0023881709723581114
0.0015075591021552212
0.0024453562111154846
0.0023081586832587
GEN 187 time 1602478808
0.0014584555404298799
0.0023368348238357903
0.0023881709723581114
0.0015075591021552212
0.0024453562111154846
0.0023081586832587
GEN 188 time 1602478824
0.0014584555404298799
0.0023368348238357903
0.0023881709723581114
0.0015075591021552212
0.0024453562111154846
0.0023081586832587
GEN 189 time 1602478840
0.0014584555404298799
0.0023368348238357903
0.0023881709723581114
0.0015075591021552212
0.0024453562111154846
0.0023081586832587
GEN 190 time 1602478855
0.0014584555404298799
0.0023368348238357903
0.0023881709723581114
0.0015075591021552212
0.0024453562111154846
0.0023081586832587
GEN 191 time 1602478871
0.0014584555404298799
0.0023368348238357903
0.0023881709723581114
0.001487323801009771
0.0024453562111154846
0.0023081586832587
GEN 192 time 1602478887
0.0014584555404298799
0.0023368348238357903
0.0023881709723581114
0.001487323801009771
0.0024453562111154846
0.0023081586832587
GEN 193 time 1602478902
0.0014584555404298799
0.0023368348238357903
0.0023881709723581114
0.001487323801009771
0.0024453562111154846
0.0023081586832587
GEN 194 time 1602478918
0.0014584555404298799
0.0023368348238357903
0.0023881709723581114
0.001487323801009771
0.0024453562111154846
0.0023081586832587
GEN 195 time 1602478934
0.0014584555404298799
0.0023368348238357903
0.0023881709723581114
0.001487323801009771
0.0024453562111154846
0.0023081586832587
GEN 196 time 1602478949
0.0014584555404298799
0.0023368348238357903
0.0023881709723581114
0.001487323801009771
0.0024453562111154846
0.0023081586832587
GEN 197 time 1602478965
0.0014584555404298799
0.0023368348238357903
0.0023881709723581114
0.001487323801009771
0.0024453562111154846
0.0023081586832587
GEN 198 time 1602478981
0.0014584555404298799
0.0023368348238357903
0.0023881709723581114
0.001487323801009771
0.0024453562111154846
0.0023081586832587
GEN 199 time 1602478997
0.0014584555404298799
0.0023368348238357903
0.0023881709723581114
0.001487323801009771
0.0024453562111154846
0.0023081586832587
