['./data/small/layer/uu-dem4_r25_1.json', './data/small/layer/uu-dem3_r25_1.json', './data/small/layer/uu-dem5_r25_1.json', './data/small/hop/uu-dem5_r25_1_40.json', './data/small/hop/uu-dem10_r25_1_40.json', './data/small/hop/uu-dem9_r25_1_40.json']
GEN 0 time 1599751818
0.0017532925531838558
0.0017058410808370235
inf
0.005783668941153384
0.007040814920433747
0.005899221455347885
GEN 1 time 1599751828
0.0015532725531838558
0.0017058410808370235
inf
0.005783668941153384
0.007040814920433747
0.005899221455347885
GEN 2 time 1599751839
0.0015532725531838558
0.0017058410808370235
inf
0.005783668941153384
0.005694692756505321
0.005094926354466548
GEN 3 time 1599751851
0.0015532725531838558
0.0017058410808370235
inf
0.005783668941153384
0.005694692756505321
0.005094926354466548
GEN 4 time 1599751863
0.0014747726096474745
0.0017058410808370235
inf
0.005783668941153384
0.005694692756505321
0.005094926354466548
GEN 5 time 1599751875
0.0014747726096474745
0.0017058410808370235
inf
0.0033680827593701463
0.005694692756505321
0.005094926354466548
GEN 6 time 1599751888
0.0014747726096474745
0.0017058410808370235
0.0024212817460994513
0.0033680827593701463
0.005694692756505321
0.005094926354466548
GEN 7 time 1599751901
0.0014747726096474745
0.0017058410808370235
0.0024212817460994513
0.0033680827593701463
0.005694692756505321
0.005017110995367165
GEN 8 time 1599751913
0.0014747726096474745
0.0017058410808370235
0.0024212817460994513
0.0033680827593701463
0.005694692756505321
0.005017110995367165
GEN 9 time 1599751924
0.0014747726096474745
0.0017058410808370235
0.0024212817460994513
0.0033680827593701463
0.005694692756505321
0.00465916353609556
GEN 10 time 1599751936
0.0014747726096474745
0.0017058410808370235
0.0024212817460994513
0.0033680827593701463
0.004840594920433746
0.00465916353609556
GEN 11 time 1599751948
0.0014747726096474745
0.0017058410808370235
0.0022212617460994517
0.0033680827593701463
0.004840594920433746
0.00465916353609556
GEN 12 time 1599751961
0.0014584555404298799
0.0017058410808370235
0.0022212617460994517
0.0033680827593701463
0.004840594920433746
0.0046170709953671655
GEN 13 time 1599751973
0.0014584555404298799
0.0017058410808370235
0.0022212617460994517
0.0033680827593701463
0.004840594920433746
0.0046170709953671655
GEN 14 time 1599751986
0.0014584555404298799
0.0017058410808370235
0.002191164823506423
0.0033680827593701463
0.004840594920433746
0.0046170709953671655
GEN 15 time 1599751998
0.0014584555404298799
0.0017058410808370235
0.002191164823506423
0.0033680827593701463
0.004840594920433746
0.0046170709953671655
GEN 16 time 1599752011
0.0014584555404298799
0.0017058410808370235
0.002191164823506423
0.0033680827593701463
0.004840594920433746
0.0044745288898285236
GEN 17 time 1599752024
0.0014584555404298799
0.0017058410808370235
0.002191164823506423
0.0033680827593701463
0.004840594920433746
0.0044745288898285236
GEN 18 time 1599752036
0.0014584555404298799
0.0017058410808370235
0.002191164823506423
0.0033680827593701463
0.004840594920433746
0.0044745288898285236
GEN 19 time 1599752049
0.0014584555404298799
0.0017058410808370235
0.002191164823506423
0.0033680827593701463
0.004840594920433746
0.0044745288898285236
GEN 20 time 1599752062
0.0014584555404298799
0.0017058410808370235
0.002191164823506423
0.0033680827593701463
0.004840594920433746
0.004282504216584285
GEN 21 time 1599752075
0.0014584555404298799
0.0017058410808370235
0.002191164823506423
0.0033680827593701463
0.004840594920433746
0.004282504216584285
GEN 22 time 1599752088
0.0014584555404298799
0.0017058410808370235
0.002191164823506423
0.0033680827593701463
0.004840594920433746
0.004282504216584285
GEN 23 time 1599752101
0.0014584555404298799
0.0017058410808370235
0.002191164823506423
0.0033680827593701463
0.004840594920433746
0.004282504216584285
GEN 24 time 1599752114
0.0014584555404298799
0.0017058410808370235
0.002191164823506423
0.0033680827593701463
0.004840594920433746
0.004274508889828523
GEN 25 time 1599752127
0.0014584555404298799
0.0017058410808370235
0.002191164823506423
0.0033680827593701463
0.004840594920433746
0.004274508889828523
GEN 26 time 1599752140
0.0014584555404298799
0.0017058410808370235
0.002191164823506423
0.0033680827593701463
0.004840594920433746
0.004274508889828523
GEN 27 time 1599752154
0.0014584555404298799
0.0017058410808370235
0.002191164823506423
0.0033680827593701463
0.004840594920433746
0.004274508889828523
GEN 28 time 1599752168
0.0014584555404298799
0.0017058410808370235
0.002191164823506423
0.0033680827593701463
0.004261226061268598
0.004274508889828523
GEN 29 time 1599752182
0.0014584555404298799
0.0017058410808370235
0.002191164823506423
0.0033680827593701463
0.004261226061268598
0.004274508889828523
GEN 30 time 1599752195
0.0014584555404298799
0.0017058410808370235
0.002191164823506423
0.0033680827593701463
0.004261226061268598
0.004274508889828523
GEN 31 time 1599752209
0.0014584555404298799
0.0017058410808370235
0.002191164823506423
0.0033680827593701463
0.004261226061268598
0.004093428876336427
GEN 32 time 1599752222
0.0014584555404298799
0.0017058410808370235
0.002191164823506423
0.0033680827593701463
0.004261226061268598
0.004093428876336427
GEN 33 time 1599752235
0.0014584555404298799
0.0017058410808370235
0.002191164823506423
0.0033680827593701463
0.004261226061268598
0.004093428876336427
GEN 34 time 1599752249
0.0014584555404298799
0.0017058410808370235
0.002191164823506423
0.0033680827593701463
0.004261226061268598
0.004093428876336427
GEN 35 time 1599752262
0.0014584555404298799
0.0017058410808370235
0.002191164823506423
0.0033680827593701463
0.004261226061268598
0.004093428876336427
GEN 36 time 1599752275
0.0014584555404298799
0.0017058410808370235
0.002191164823506423
0.0033680827593701463
0.004261226061268598
0.004093428876336427
GEN 37 time 1599752288
0.0014584555404298799
0.0017058410808370235
0.002191164823506423
0.0033680827593701463
0.004261226061268598
0.004093428876336427
GEN 38 time 1599752301
0.0014584555404298799
0.0017058410808370235
0.002191164823506423
0.0033680827593701463
0.004261226061268598
0.004093428876336427
GEN 39 time 1599752315
0.0014584555404298799
0.0017058410808370235
0.002191164823506423
0.0033680827593701463
0.004261226061268598
0.004093428876336427
GEN 40 time 1599752329
0.0014584555404298799
0.0017058410808370235
0.002191164823506423
0.0033680827593701463
0.004261226061268598
0.004093428876336427
GEN 41 time 1599752343
0.0014584555404298799
0.0017058410808370235
0.002191164823506423
0.0033680827593701463
0.004261226061268598
0.004093428876336427
GEN 42 time 1599752357
0.0014584555404298799
0.0017058410808370235
0.002191164823506423
0.0033680827593701463
0.004261226061268598
0.003884629068138918
GEN 43 time 1599752371
0.0014584555404298799
0.0017058410808370235
0.002191164823506423
0.0033680827593701463
0.004261226061268598
0.003884629068138918
GEN 44 time 1599752384
0.0014584555404298799
0.0017058410808370235
0.002191164823506423
0.0033680827593701463
0.004261226061268598
0.003884629068138918
GEN 45 time 1599752398
0.0014584555404298799
0.0017058410808370235
0.002191164823506423
0.0033680827593701463
0.004261226061268598
0.003884629068138918
GEN 46 time 1599752412
0.0014584555404298799
0.0017058410808370235
0.002191164823506423
0.0033680827593701463
0.004261226061268598
0.003884629068138918
GEN 47 time 1599752427
0.0014584555404298799
0.0017058410808370235
0.002191164823506423
0.0033680827593701463
0.004261226061268598
0.003884629068138918
GEN 48 time 1599752441
0.0014584555404298799
0.0017058410808370235
0.002191164823506423
0.0033680827593701463
0.004261226061268598
0.003884629068138918
GEN 49 time 1599752455
0.0014584555404298799
0.0017058410808370235
0.002191164823506423
0.0033680827593701463
0.004261226061268598
0.003884629068138918
GEN 50 time 1599752468
0.0014584555404298799
0.0017058410808370235
0.002191164823506423
0.0033680827593701463
0.004261226061268598
0.003884629068138918
GEN 51 time 1599752482
0.0014584555404298799
0.0017058410808370235
0.002191164823506423
0.0033680827593701463
0.004244796540661685
0.003884629068138918
GEN 52 time 1599752496
0.0014584555404298799
0.0017058410808370235
0.002191164823506423
0.0033680827593701463
0.004244796540661685
0.003884629068138918
GEN 53 time 1599752510
0.0014584555404298799
0.0017058410808370235
0.002191164823506423
0.0033680827593701463
0.004244796540661685
0.003884629068138918
GEN 54 time 1599752524
0.0014584555404298799
0.0017058410808370235
0.002191164823506423
0.0033680827593701463
0.004244796540661685
0.003884629068138918
GEN 55 time 1599752537
0.0014584555404298799
0.0017058410808370235
0.002191164823506423
0.0029752474200755337
0.004244796540661685
0.0038824642165842848
GEN 56 time 1599752551
0.0014584555404298799
0.0017058410808370235
0.002191164823506423
0.0029752474200755337
0.004222132431233713
0.0038824642165842848
GEN 57 time 1599752564
0.0014584555404298799
0.0017058410808370235
0.002191164823506423
0.0029752474200755337
0.004222132431233713
0.0038824642165842848
GEN 58 time 1599752578
0.0014584555404298799
0.0017058410808370235
0.002191164823506423
0.0029752474200755337
0.004222132431233713
0.0038824642165842848
GEN 59 time 1599752592
0.0014584555404298799
0.0017058410808370235
0.002191164823506423
0.0029752474200755337
0.004222132431233713
0.0038824642165842848
GEN 60 time 1599752606
0.0014584555404298799
0.0017058410808370235
0.002191164823506423
0.0029752474200755337
0.004222132431233713
0.0038824642165842848
GEN 61 time 1599752619
0.0014584555404298799
0.0017058410808370235
0.002191164823506423
0.0029752474200755337
0.004222132431233713
0.0038824642165842848
GEN 62 time 1599752633
0.0014584555404298799
0.0017058410808370235
0.002191164823506423
0.0029752474200755337
0.004222132431233713
0.0038824642165842848
GEN 63 time 1599752647
0.0014584555404298799
0.0017058410808370235
0.002191164823506423
0.0029752474200755337
0.004222132431233713
0.0038824642165842848
GEN 64 time 1599752661
0.0014584555404298799
0.0017058410808370235
0.002191164823506423
0.0029752474200755337
0.004222132431233713
0.0038824642165842848
GEN 65 time 1599752676
0.0014584555404298799
0.0017058410808370235
0.002191164823506423
0.0029752474200755337
0.004222132431233713
0.0038824642165842848
GEN 66 time 1599752690
0.0014584555404298799
0.0017058410808370235
0.002191164823506423
0.0029752474200755337
0.004222132431233713
0.0038169909953671656
GEN 67 time 1599752704
0.0014584555404298799
0.0017058410808370235
0.002191164823506423
0.0029752474200755337
0.004222132431233713
0.0038169909953671656
GEN 68 time 1599752718
0.0014584555404298799
0.0017058410808370235
0.002191164823506423
0.0029752474200755337
0.004222132431233713
0.0038169909953671656
GEN 69 time 1599752732
0.0014584555404298799
0.0017058410808370235
0.002191164823506423
0.0029752474200755337
0.004222132431233713
0.0038169909953671656
GEN 70 time 1599752745
0.0014584555404298799
0.0017058410808370235
0.002191164823506423
0.0029752474200755337
0.004222132431233713
0.0038169909953671656
GEN 71 time 1599752759
0.0014584555404298799
0.0017058410808370235
0.002191164823506423
0.0029752474200755337
0.004222132431233713
0.0038169909953671656
GEN 72 time 1599752772
0.0014584555404298799
0.0017058410808370235
0.002191164823506423
0.0029680427593701464
0.004222132431233713
0.0038169909953671656
GEN 73 time 1599752787
0.0014584555404298799
0.0017058410808370235
0.002191164823506423
0.0029680427593701464
0.004222132431233713
0.0038169909953671656
GEN 74 time 1599752801
0.0014584555404298799
0.0017058410808370235
0.002191164823506423
0.0029680427593701464
0.004222132431233713
0.0036744488898285237
GEN 75 time 1599752815
0.0014584555404298799
0.0017058410808370235
0.002191164823506423
0.0029680427593701464
0.004222132431233713
0.0036744488898285237
GEN 76 time 1599752828
0.0014584555404298799
0.0017058410808370235
0.002191164823506423
0.0029680427593701464
0.004222132431233713
0.0036744488898285237
GEN 77 time 1599752842
0.0014584555404298799
0.0017058410808370235
0.002191164823506423
0.0029680427593701464
0.004222132431233713
0.0036744488898285237
GEN 78 time 1599752856
0.0014584555404298799
0.0017058410808370235
0.002191164823506423
0.0029680427593701464
0.004222132431233713
0.0036744488898285237
GEN 79 time 1599752869
0.0014584555404298799
0.0017058410808370235
0.002191164823506423
0.0029680427593701464
0.004222132431233713
0.0036744488898285237
GEN 80 time 1599752884
0.0014584555404298799
0.0017058410808370235
0.002191164823506423
0.0029680427593701464
0.004222132431233713
0.0036744488898285237
GEN 81 time 1599752897
0.0014584555404298799
0.0017058410808370235
0.002191164823506423
0.0029680427593701464
0.004222132431233713
0.0036744488898285237
GEN 82 time 1599752911
0.0014584555404298799
0.0017058410808370235
0.002191164823506423
0.002768022759370146
0.004222132431233713
0.0036744488898285237
GEN 83 time 1599752925
0.0014584555404298799
0.0017058410808370235
0.002191164823506423
0.002768022759370146
0.004222132431233713
0.0036744488898285237
GEN 84 time 1599752939
0.0014584555404298799
0.0017058410808370235
0.002191164823506423
0.002768022759370146
0.004222132431233713
0.0036744488898285237
GEN 85 time 1599752952
0.0014584555404298799
0.0017058410808370235
0.002191164823506423
0.002768022759370146
0.004222132431233713
0.0036744488898285237
GEN 86 time 1599752966
0.0014584555404298799
0.0017058410808370235
0.002191164823506423
0.002768022759370146
0.004222132431233713
0.0036744488898285237
GEN 87 time 1599752980
0.0014584555404298799
0.0017058410808370235
0.002191164823506423
0.002768022759370146
0.004222132431233713
0.0036744488898285237
GEN 88 time 1599752993
0.0014584555404298799
0.0017058410808370235
0.002191164823506423
0.002768022759370146
0.004222132431233713
0.0036744488898285237
GEN 89 time 1599753007
0.0014584555404298799
0.0017058410808370235
0.002191164823506423
0.002768022759370146
0.004222132431233713
0.0036744488898285237
GEN 90 time 1599753020
0.0014584555404298799
0.0017058410808370235
0.002191164823506423
0.002768022759370146
0.004222132431233713
0.0036744488898285237
GEN 91 time 1599753034
0.0014584555404298799
0.0017058410808370235
0.002191164823506423
0.002768022759370146
0.004222132431233713
0.0036744488898285237
GEN 92 time 1599753047
0.0014584555404298799
0.0017058410808370235
0.002191164823506423
0.002768022759370146
0.004222132431233713
0.0036744488898285237
GEN 93 time 1599753060
0.0014584555404298799
0.0017058410808370235
0.002191164823506423
0.002768022759370146
0.004222132431233713
0.0036744488898285237
GEN 94 time 1599753073
0.0014584555404298799
0.0017058410808370235
0.002191164823506423
0.002768022759370146
0.004222132431233713
0.0036744488898285237
GEN 95 time 1599753087
0.0014584555404298799
0.0017058410808370235
0.002191164823506423
0.002768022759370146
0.004022112431233712
0.0036744488898285237
GEN 96 time 1599753101
0.0014584555404298799
0.0017058410808370235
0.002191164823506423
0.002768022759370146
0.004022112431233712
0.0036744488898285237
GEN 97 time 1599753114
0.0014584555404298799
0.0017058410808370235
0.002191164823506423
0.002768022759370146
0.004022112431233712
0.0036744488898285237
GEN 98 time 1599753128
0.0014584555404298799
0.0017058410808370235
0.002191164823506423
0.002768022759370146
0.004022112431233712
0.0036744488898285237
GEN 99 time 1599753142
0.0014584555404298799
0.0017058410808370235
0.002191164823506423
0.002768022759370146
0.004022112431233712
0.00365906353609556
GEN 100 time 1599753155
0.0014584555404298799
0.0017058410808370235
0.002191164823506423
0.002768022759370146
0.004022112431233712
0.00365906353609556
GEN 101 time 1599753169
0.0014584555404298799
0.0017058410808370235
0.002191164823506423
0.002768022759370146
0.004022112431233712
0.00365906353609556
GEN 102 time 1599753183
0.0014584555404298799
0.0017058410808370235
0.002191164823506423
0.002768022759370146
0.004022112431233712
0.00365906353609556
GEN 103 time 1599753197
0.0014584555404298799
0.0017058410808370235
0.002191164823506423
0.002768022759370146
0.0036911927595727166
0.00365906353609556
GEN 104 time 1599753210
0.0014584555404298799
0.0017058410808370235
0.002191164823506423
0.002768022759370146
0.0036911927595727166
0.00365906353609556
GEN 105 time 1599753223
0.0014584555404298799
0.0017058410808370235
0.002191164823506423
0.002768022759370146
0.0036911927595727166
0.00365906353609556
GEN 106 time 1599753236
0.0014584555404298799
0.0017058410808370235
0.002191164823506423
0.002768022759370146
0.0036911927595727166
0.00365906353609556
GEN 107 time 1599753250
0.0014584555404298799
0.0017058410808370235
0.002191164823506423
0.002768022759370146
0.0036911927595727166
0.00365906353609556
GEN 108 time 1599753263
0.0014584555404298799
0.0017058410808370235
0.002191164823506423
0.002768022759370146
0.0036911927595727166
0.003498412355935419
GEN 109 time 1599753277
0.0014584555404298799
0.0017058410808370235
0.002191164823506423
0.002768022759370146
0.003622072431233713
0.003498412355935419
GEN 110 time 1599753291
0.0014584555404298799
0.0017058410808370235
0.002191164823506423
0.002768022759370146
0.003622072431233713
0.003498412355935419
GEN 111 time 1599753304
0.0014584555404298799
0.0017058410808370235
0.002191164823506423
0.002768022759370146
0.003622072431233713
0.003498412355935419
GEN 112 time 1599753317
0.0014584555404298799
0.0017058410808370235
0.002191164823506423
0.002768022759370146
0.003622072431233713
0.003498412355935419
GEN 113 time 1599753331
0.0014584555404298799
0.0017058410808370235
0.002191164823506423
0.002768022759370146
0.003622072431233713
0.003498412355935419
GEN 114 time 1599753344
0.0014584555404298799
0.0017058410808370235
0.002191164823506423
0.002768022759370146
0.003622072431233713
0.003498412355935419
GEN 115 time 1599753357
0.0014584555404298799
0.0017058410808370235
0.002191164823506423
0.002768022759370146
0.003622072431233713
0.003498412355935419
GEN 116 time 1599753370
0.0014584555404298799
0.0017058410808370235
0.002191164823506423
0.002768022759370146
0.003622072431233713
0.003498412355935419
GEN 117 time 1599753383
0.0014584555404298799
0.0017058410808370235
0.002191164823506423
0.002768022759370146
0.003622072431233713
0.003498412355935419
GEN 118 time 1599753396
0.0014584555404298799
0.0017058410808370235
0.002191164823506423
0.002768022759370146
0.003622072431233713
0.003498412355935419
GEN 119 time 1599753409
0.0014584555404298799
0.0017058410808370235
0.002191164823506423
0.002768022759370146
0.003622072431233713
0.003498412355935419
GEN 120 time 1599753422
0.0014584555404298799
0.0017058410808370235
0.002191164823506423
0.002768022759370146
0.003622072431233713
0.003498412355935419
GEN 121 time 1599753435
0.0014584555404298799
0.0017058410808370235
0.002191164823506423
0.002768022759370146
0.003622072431233713
0.003498412355935419
GEN 122 time 1599753448
0.0014584555404298799
0.0017058410808370235
0.002191164823506423
0.002768022759370146
0.003622072431233713
0.003498412355935419
GEN 123 time 1599753462
0.0014584555404298799
0.0017058410808370235
0.002191164823506423
0.002768022759370146
0.003622072431233713
0.003498412355935419
GEN 124 time 1599753475
0.0014584555404298799
0.0017058410808370235
0.002191164823506423
0.002768022759370146
0.003622072431233713
0.003498412355935419
GEN 125 time 1599753489
0.0014584555404298799
0.0017058410808370235
0.002191164823506423
0.002768022759370146
0.003622072431233713
0.003498412355935419
GEN 126 time 1599753502
0.0014584555404298799
0.0017058410808370235
0.002191164823506423
0.002768022759370146
0.003622072431233713
0.003498412355935419
GEN 127 time 1599753515
0.0014584555404298799
0.0017058410808370235
0.002191164823506423
0.002768022759370146
0.003622072431233713
0.003498412355935419
GEN 128 time 1599753528
0.0014584555404298799
0.0017058410808370235
0.002191164823506423
0.002768022759370146
0.003622072431233713
0.003498412355935419
GEN 129 time 1599753542
0.0014584555404298799
0.0017058410808370235
0.002191164823506423
0.002768022759370146
0.003622072431233713
0.003498412355935419
GEN 130 time 1599753555
0.0014584555404298799
0.0017058410808370235
0.002191164823506423
0.002768022759370146
0.003622072431233713
0.003498412355935419
GEN 131 time 1599753570
0.0014584555404298799
0.0017058410808370235
0.002191164823506423
0.002768022759370146
0.003622072431233713
0.003498412355935419
GEN 132 time 1599753583
0.0014584555404298799
0.0017058410808370235
0.002191164823506423
0.002768022759370146
0.003622072431233713
0.003498412355935419
GEN 133 time 1599753597
0.0014584555404298799
0.0017058410808370235
0.002191164823506423
0.002768022759370146
0.003622072431233713
0.003498412355935419
GEN 134 time 1599753610
0.0014584555404298799
0.0017058410808370235
0.002191164823506423
0.002768022759370146
0.003622072431233713
0.003498412355935419
GEN 135 time 1599753624
0.0014584555404298799
0.0017058410808370235
0.002191164823506423
0.002768022759370146
0.003622072431233713
0.003498412355935419
GEN 136 time 1599753638
0.0014584555404298799
0.0017058410808370235
0.002191164823506423
0.002768022759370146
0.003622072431233713
0.003498412355935419
GEN 137 time 1599753652
0.0014584555404298799
0.0017058410808370235
0.002191164823506423
0.002768022759370146
0.003622072431233713
0.0034933688763364263
GEN 138 time 1599753665
0.0014584555404298799
0.0017058410808370235
0.002191164823506423
0.002768022759370146
0.003622072431233713
0.0034933688763364263
GEN 139 time 1599753678
0.0014584555404298799
0.0017058410808370235
0.002191164823506423
0.002768022759370146
0.003622072431233713
0.0034933688763364263
GEN 140 time 1599753692
0.0014584555404298799
0.0017058410808370235
0.002191164823506423
0.002768022759370146
0.003622072431233713
0.0034933688763364263
GEN 141 time 1599753706
0.0014584555404298799
0.0017058410808370235
0.002191164823506423
0.002768022759370146
0.003622072431233713
0.0034933688763364263
GEN 142 time 1599753720
0.0014584555404298799
0.0017058410808370235
0.002191164823506423
0.002768022759370146
0.003622072431233713
0.0034933688763364263
GEN 143 time 1599753735
0.0014584555404298799
0.0017058410808370235
0.002191164823506423
0.002768022759370146
0.003622072431233713
0.0034933688763364263
GEN 144 time 1599753748
0.0014584555404298799
0.0017058410808370235
0.002191164823506423
0.002768022759370146
0.003622072431233713
0.0034933688763364263
GEN 145 time 1599753763
0.0014584555404298799
0.0017058410808370235
0.002191164823506423
0.002768022759370146
0.003622072431233713
0.0034933688763364263
GEN 146 time 1599753778
0.0014584555404298799
0.0017058410808370235
0.002191164823506423
0.002768022759370146
0.003622072431233713
0.0034933688763364263
GEN 147 time 1599753793
0.0014584555404298799
0.0017058410808370235
0.002191164823506423
0.002768022759370146
0.003622072431233713
0.0034933688763364263
GEN 148 time 1599753807
0.0014584555404298799
0.0017058410808370235
0.002191164823506423
0.002768022759370146
0.003622072431233713
0.0034933688763364263
GEN 149 time 1599753822
0.0014584555404298799
0.0017058410808370235
0.002191164823506423
0.0027305633293745056
0.003622072431233713
0.0034933688763364263
GEN 150 time 1599753836
0.0014584555404298799
0.0017058410808370235
0.002191164823506423
0.0027305633293745056
0.003622072431233713
0.0034933688763364263
GEN 151 time 1599753851
0.0014584555404298799
0.0017058410808370235
0.002191164823506423
0.0027305633293745056
0.003622072431233713
0.0034933688763364263
GEN 152 time 1599753866
0.0014584555404298799
0.0017058410808370235
0.002191164823506423
0.0026241187850739815
0.003622072431233713
0.0034933688763364263
GEN 153 time 1599753881
0.0014584555404298799
0.0017058410808370235
0.002191164823506423
0.0026241187850739815
0.003622072431233713
0.0034933688763364263
GEN 154 time 1599753895
0.0014584555404298799
0.0017058410808370235
0.002191164823506423
0.0026241187850739815
0.003622072431233713
0.0034933688763364263
GEN 155 time 1599753910
0.0014584555404298799
0.0017058410808370235
0.002191164823506423
0.0026241187850739815
0.003622072431233713
0.0034933688763364263
GEN 156 time 1599753924
0.0014584555404298799
0.0017058410808370235
0.002191164823506423
0.0026241187850739815
0.003622072431233713
0.0034933688763364263
GEN 157 time 1599753939
0.0014584555404298799
0.0017058410808370235
0.002191164823506423
0.0026241187850739815
0.003622072431233713
0.0034933688763364263
GEN 158 time 1599753955
0.0014584555404298799
0.0017058410808370235
0.002191164823506423
0.0026241187850739815
0.003622072431233713
0.0034933688763364263
GEN 159 time 1599753969
0.0014584555404298799
0.0017058410808370235
0.002191164823506423
0.0026241187850739815
0.003622072431233713
0.0034933688763364263
GEN 160 time 1599753984
0.0014584555404298799
0.0017058410808370235
0.002191164823506423
0.0026241187850739815
0.003622072431233713
0.0034933688763364263
GEN 161 time 1599753999
0.0014584555404298799
0.0017058410808370235
0.002191164823506423
0.0026241187850739815
0.003622072431233713
0.0034933688763364263
GEN 162 time 1599754014
0.0014584555404298799
0.0017058410808370235
0.002191164823506423
0.0026241187850739815
0.003622072431233713
0.0034933688763364263
GEN 163 time 1599754028
0.0014584555404298799
0.0017058410808370235
0.002191164823506423
0.0026241187850739815
0.003622072431233713
0.0034933688763364263
GEN 164 time 1599754043
0.0014584555404298799
0.0017058410808370235
0.002191164823506423
0.0026241187850739815
0.003622072431233713
0.0034933688763364263
GEN 165 time 1599754058
0.0014584555404298799
0.0017058410808370235
0.002191164823506423
0.0026241187850739815
0.003622072431233713
0.0034933688763364263
GEN 166 time 1599754072
0.0014584555404298799
0.0017058410808370235
0.002191164823506423
0.0026241187850739815
0.003622072431233713
0.0034933688763364263
GEN 167 time 1599754087
0.0014584555404298799
0.0017058410808370235
0.002191164823506423
0.0026241187850739815
0.003622072431233713
0.0034933688763364263
GEN 168 time 1599754102
0.0014584555404298799
0.0017058410808370235
0.002191164823506423
0.0026241187850739815
0.003622072431233713
0.0034933688763364263
GEN 169 time 1599754117
0.0014584555404298799
0.0017058410808370235
0.002191164823506423
0.0026241187850739815
0.003622072431233713
0.0034933688763364263
GEN 170 time 1599754132
0.0014584555404298799
0.0017058410808370235
0.002191164823506423
0.0026241187850739815
0.003622072431233713
0.0034933688763364263
GEN 171 time 1599754147
0.0014584555404298799
0.0017058410808370235
0.002191164823506423
0.0026241187850739815
0.003622072431233713
0.0034933688763364263
GEN 172 time 1599754162
0.0014584555404298799
0.0017058410808370235
0.002191164823506423
0.0026241187850739815
0.003622072431233713
0.0034933688763364263
GEN 173 time 1599754177
0.0014584555404298799
0.0017058410808370235
0.002191164823506423
0.0026241187850739815
0.003622072431233713
0.0034933688763364263
GEN 174 time 1599754193
0.0014584555404298799
0.0017058410808370235
0.002191164823506423
0.0026241187850739815
0.003622072431233713
0.0034933688763364263
GEN 175 time 1599754208
0.0014584555404298799
0.0017058410808370235
0.002191164823506423
0.0026241187850739815
0.003622072431233713
0.0034933688763364263
GEN 176 time 1599754224
0.0014584555404298799
0.0017058410808370235
0.002191164823506423
0.0026241187850739815
0.003622072431233713
0.0034933688763364263
GEN 177 time 1599754239
0.0014584555404298799
0.0017058410808370235
0.002191164823506423
0.0026241187850739815
0.0034220524312337124
0.0034933688763364263
GEN 178 time 1599754254
0.0014584555404298799
0.0017058410808370235
0.002191164823506423
0.0026241187850739815
0.0034220524312337124
0.0034933688763364263
GEN 179 time 1599754270
0.0014584555404298799
0.0017058410808370235
0.002191164823506423
0.0026241187850739815
0.0034220524312337124
0.0034933688763364263
GEN 180 time 1599754285
0.0014584555404298799
0.0017058410808370235
0.002191164823506423
0.0026241187850739815
0.0034220524312337124
0.0034933688763364263
GEN 181 time 1599754301
0.0014584555404298799
0.0017058410808370235
0.002191164823506423
0.0026241187850739815
0.0034220524312337124
0.0034933688763364263
GEN 182 time 1599754316
0.0014584555404298799
0.0017058410808370235
0.002191164823506423
0.0026241187850739815
0.0034220524312337124
0.0034933688763364263
GEN 183 time 1599754332
0.0014584555404298799
0.0017058410808370235
0.002191164823506423
0.0026241187850739815
0.0034220524312337124
0.0034933688763364263
GEN 184 time 1599754346
0.0014584555404298799
0.0017058410808370235
0.002191164823506423
0.0026241187850739815
0.0034220524312337124
0.0034933688763364263
GEN 185 time 1599754361
0.0014584555404298799
0.0017058410808370235
0.002191164823506423
0.0026241187850739815
0.0034220524312337124
0.0034933688763364263
GEN 186 time 1599754375
0.0014584555404298799
0.0017058410808370235
0.002191164823506423
0.0026241187850739815
0.0034220524312337124
0.0034933688763364263
GEN 187 time 1599754390
0.0014584555404298799
0.0017058410808370235
0.002191164823506423
0.0026241187850739815
0.0034220524312337124
0.0034933688763364263
GEN 188 time 1599754405
0.0014584555404298799
0.0017058410808370235
0.002191164823506423
0.0026241187850739815
0.0034220524312337124
0.0034933688763364263
GEN 189 time 1599754420
0.0014584555404298799
0.0017058410808370235
0.002191164823506423
0.0026241187850739815
0.0034220524312337124
0.0034933688763364263
GEN 190 time 1599754435
0.0014584555404298799
0.0017058410808370235
0.002191164823506423
0.0026241187850739815
0.0034220524312337124
0.0034933688763364263
GEN 191 time 1599754450
0.0014584555404298799
0.0017058410808370235
0.002191164823506423
0.0026241187850739815
0.0034220524312337124
0.0034933688763364263
GEN 192 time 1599754465
0.0014584555404298799
0.0017058410808370235
0.002191164823506423
0.0026241187850739815
0.0034220524312337124
0.0034933688763364263
GEN 193 time 1599754480
0.0014584555404298799
0.0017058410808370235
0.002191164823506423
0.0026241187850739815
0.0034220524312337124
0.0034933688763364263
GEN 194 time 1599754495
0.0014584555404298799
0.0017058410808370235
0.002191164823506423
0.0026241187850739815
0.0034220524312337124
0.0034933688763364263
GEN 195 time 1599754510
0.0014584555404298799
0.0017058410808370235
0.002191164823506423
0.0026241187850739815
0.0034220524312337124
0.0034933688763364263
GEN 196 time 1599754525
0.0014584555404298799
0.0017058410808370235
0.002191164823506423
0.0026241187850739815
0.0034220524312337124
0.0034933688763364263
GEN 197 time 1599754540
0.0014584555404298799
0.0017058410808370235
0.002191164823506423
0.0026241187850739815
0.0034220524312337124
0.0034933688763364263
GEN 198 time 1599754555
0.0014584555404298799
0.0017058410808370235
0.002191164823506423
0.0026241187850739815
0.0034220524312337124
0.0034933688763364263
GEN 199 time 1599754571
0.0014584555404298799
0.0017058410808370235
0.002191164823506423
0.0026241187850739815
0.0034220524312337124
0.0034933688763364263
