['./data/small/layer/uu-dem8_r25_1.json', './data/small/layer/uu-dem3_r25_1.json', './data/small/layer/uu-dem8_r50_1.json', './data/small/hop/uu-dem8_r25_1_0.json', './data/small/hop/uu-dem3_r50_1_0.json', './data/small/hop/uu-dem8_r50_1_0.json']
GEN 0 time 1602259420
0.0019331241698611365
0.0017058410808370235
0.003074454008574254
0.0018697390428799514
0.003432256164865679
0.003582276241135595
GEN 1 time 1602259433
0.0019331241698611365
0.0017058410808370235
0.0030269426232689646
0.0018697390428799514
0.0032708212548830215
0.0031960812237277246
GEN 2 time 1602259447
0.0019331241698611365
0.0017058410808370235
0.0030269426232689646
0.0018697390428799514
0.0029218611328671843
0.0030995652750599317
GEN 3 time 1602259461
0.0019331241698611365
0.0017058410808370235
0.0030269426232689646
0.0018697390428799514
0.0029218611328671843
0.0030995652750599317
GEN 4 time 1602259475
0.0019331241698611365
0.0017058410808370235
0.0030269426232689646
0.0018697390428799514
0.0029218611328671843
0.0030995652750599317
GEN 5 time 1602259489
0.0019331241698611365
0.0017058410808370235
0.0030269426232689646
0.0018697390428799514
0.0029218611328671843
0.0030995652750599317
GEN 6 time 1602259504
0.0019331241698611365
0.0017058410808370235
0.0030269426232689646
0.0018697390428799514
0.0029218611328671843
0.0030995652750599317
GEN 7 time 1602259519
0.0019331241698611365
0.0017058410808370235
0.0030269426232689646
0.0018697390428799514
0.0029218611328671843
0.0030995652750599317
GEN 8 time 1602259533
0.0019331241698611365
0.0017058410808370235
0.0030269426232689646
0.0018697390428799514
0.0029218611328671843
0.0030995652750599317
GEN 9 time 1602259548
0.0019331241698611365
0.0017058410808370235
0.0030269426232689646
0.0018697390428799514
0.0029218611328671843
0.0030995652750599317
GEN 10 time 1602259563
0.0019331241698611365
0.0017058410808370235
0.0030269426232689646
0.0018697390428799514
0.0029218611328671843
0.0030995652750599317
GEN 11 time 1602259578
0.0019331241698611365
0.0017058410808370235
0.0030269426232689646
0.0018257667948499297
0.0029218611328671843
0.0030995652750599317
GEN 12 time 1602259592
0.0019331241698611365
0.0017058410808370235
0.0030269426232689646
0.0018257667948499297
0.0029218611328671843
0.0030995652750599317
GEN 13 time 1602259607
0.0019331241698611365
0.0017058410808370235
0.0030269426232689646
0.0018025643150509818
0.0029218611328671843
0.0030995652750599317
GEN 14 time 1602259621
0.0019331241698611365
0.0017058410808370235
0.0030269426232689646
0.0018025643150509818
0.0029218611328671843
0.0030995652750599317
GEN 15 time 1602259636
0.0019331241698611365
0.0017058410808370235
0.0030269426232689646
0.0018025643150509818
0.0029218611328671843
0.0030995652750599317
GEN 16 time 1602259650
0.0019331241698611365
0.0017058410808370235
0.0030269426232689646
0.0018025643150509818
0.0025112668981940637
0.0030995652750599317
GEN 17 time 1602259665
0.0019331241698611365
0.0017058410808370235
0.0030269426232689646
0.0018257667948499297
0.0025112668981940637
0.0030995652750599317
GEN 18 time 1602259679
0.0019331241698611365
0.0017058410808370235
0.0030269426232689646
0.0018257667948499297
0.0025112668981940637
0.0030995652750599317
GEN 19 time 1602259694
0.0019331241698611365
0.0017058410808370235
0.0030269426232689646
0.0018025643150509818
0.0025112668981940637
0.0030995652750599317
GEN 20 time 1602259708
0.0019331241698611365
0.0017058410808370235
0.0030269426232689646
0.0018025643150509818
0.0025112668981940637
0.0030995652750599317
GEN 21 time 1602259722
0.0019331241698611365
0.0017058410808370235
0.0030269426232689646
0.0018025643150509818
0.0025112668981940637
0.0030995652750599317
GEN 22 time 1602259737
0.0019331241698611365
0.0017058410808370235
0.0030269426232689646
0.0018025643150509818
0.0025112668981940637
0.0030995652750599317
GEN 23 time 1602259751
0.0019331241698611365
0.0017058410808370235
0.0030269426232689646
0.0018025643150509818
0.0025112668981940637
0.0030995652750599317
GEN 24 time 1602259766
0.0019331241698611365
0.0017058410808370235
0.0030269426232689646
0.0018025643150509818
0.0025112668981940637
0.0030995652750599317
GEN 25 time 1602259780
0.0019331241698611365
0.0017058410808370235
0.0030269426232689646
0.0018025643150509818
0.0025112668981940637
0.0030995652750599317
GEN 26 time 1602259795
0.0019331241698611365
0.0017058410808370235
0.0030269426232689646
0.0018025643150509818
0.0025112668981940637
0.0030995652750599317
GEN 27 time 1602259809
0.0019331241698611365
0.0017058410808370235
0.0030269426232689646
0.0018025643150509818
0.0025112668981940637
0.0030995652750599317
GEN 28 time 1602259824
0.0019331241698611365
0.0017058410808370235
0.0030269426232689646
0.0018025643150509818
0.0025112668981940637
0.0030995652750599317
GEN 29 time 1602259838
0.0019331241698611365
0.0017058410808370235
0.0030269426232689646
0.0018025643150509818
0.0025112668981940637
0.0029727689337040912
GEN 30 time 1602259853
0.0019331241698611365
0.0017058410808370235
0.0030269426232689646
0.0016622793058036374
0.0025112668981940637
0.0029727689337040912
GEN 31 time 1602259867
0.0019331241698611365
0.0017058410808370235
0.0030269426232689646
0.0016622793058036374
0.0025112668981940637
0.0029727689337040912
GEN 32 time 1602259882
0.0019331241698611365
0.0017058410808370235
0.0030269426232689646
0.0016622793058036374
0.0025112668981940637
0.0028458816118980467
GEN 33 time 1602259896
0.0019331241698611365
0.0017058410808370235
0.0030269426232689646
0.0016622793058036374
0.0025112668981940637
0.0028458816118980467
GEN 34 time 1602259910
0.0019331241698611365
0.0017058410808370235
0.0030269426232689646
0.0016622793058036374
0.0025112668981940637
0.0028458816118980467
GEN 35 time 1602259924
0.0019331241698611365
0.0017058410808370235
0.0030269426232689646
0.0016622793058036374
0.0025112668981940637
0.0028458816118980467
GEN 36 time 1602259939
0.0019331241698611365
0.0017058410808370235
0.0030269426232689646
0.0016622793058036374
0.0025112668981940637
0.0028458816118980467
GEN 37 time 1602259953
0.0019331241698611365
0.0017058410808370235
0.0030269426232689646
0.0016622793058036374
0.0025112668981940637
0.0028458816118980467
GEN 38 time 1602259967
0.0019331241698611365
0.0017058410808370235
0.0030269426232689646
0.0016622793058036374
0.0025112668981940637
0.0028458816118980467
GEN 39 time 1602259981
0.0019331241698611365
0.0017058410808370235
0.0030269426232689646
0.0016622793058036374
0.0025112668981940637
0.0028458816118980467
GEN 40 time 1602259995
0.0019331241698611365
0.0017058410808370235
0.0030269426232689646
0.0016622793058036374
0.0025112668981940637
0.0028458816118980467
GEN 41 time 1602260010
0.0019331241698611365
0.0017058410808370235
0.0030269426232689646
0.0016622793058036374
0.0025112668981940637
0.0028131384658328174
GEN 42 time 1602260024
0.0019331241698611365
0.0017058410808370235
0.0030269426232689646
0.0016622793058036374
0.0025112668981940637
0.0028131384658328174
GEN 43 time 1602260038
0.0019331241698611365
0.0017058410808370235
0.0030269426232689646
0.0016622793058036374
0.0025112668981940637
0.0028131384658328174
GEN 44 time 1602260053
0.0019331241698611365
0.0017058410808370235
0.0030269426232689646
0.0016622793058036374
0.0025112668981940637
0.0028131384658328174
GEN 45 time 1602260067
0.0019331241698611365
0.0017058410808370235
0.0030269426232689646
0.0016622793058036374
0.0025112668981940637
0.00280565241672272
GEN 46 time 1602260082
0.0019331241698611365
0.0017058410808370235
0.0030269426232689646
0.0016622793058036374
0.0025112668981940637
0.00280565241672272
GEN 47 time 1602260096
0.0019331241698611365
0.0017058410808370235
0.0030269426232689646
0.0016622793058036374
0.0021112268981940637
0.00280565241672272
GEN 48 time 1602260111
0.0019331241698611365
0.0017058410808370235
0.0030269426232689646
0.0016622793058036374
0.0021112268981940637
0.00280565241672272
GEN 49 time 1602260126
0.0019331241698611365
0.0017058410808370235
0.0030269426232689646
0.0016622793058036374
0.0021112268981940637
0.00280565241672272
GEN 50 time 1602260141
0.0019331241698611365
0.0017058410808370235
0.0030269426232689646
0.0016622793058036374
0.0021112268981940637
0.00280565241672272
GEN 51 time 1602260156
0.0019331241698611365
0.0017058410808370235
0.0030269426232689646
0.0016622793058036374
0.0021112268981940637
0.00280565241672272
GEN 52 time 1602260171
0.0019331241698611365
0.0017058410808370235
0.0030269426232689646
0.0016622793058036374
0.0021112268981940637
0.00280565241672272
GEN 53 time 1602260185
0.0019331241698611365
0.0017058410808370235
0.0030269426232689646
0.0016622793058036374
0.0021112268981940637
0.00280565241672272
GEN 54 time 1602260200
0.0019331241698611365
0.0017058410808370235
0.0030269426232689646
0.0016622793058036374
0.0021112268981940637
0.0026458616118980468
GEN 55 time 1602260215
0.0019331241698611365
0.0017058410808370235
0.0030269426232689646
0.0016622793058036374
0.0021112268981940637
0.0026458616118980468
GEN 56 time 1602260231
0.0019331241698611365
0.0017058410808370235
0.0030269426232689646
0.0016622793058036374
0.0021112268981940637
0.0026458616118980468
GEN 57 time 1602260246
0.0019331241698611365
0.0017058410808370235
0.0030269426232689646
0.0016622793058036374
0.0021112268981940637
0.0026458616118980468
GEN 58 time 1602260261
0.0019331241698611365
0.0017058410808370235
0.0030269426232689646
0.0016622793058036374
0.0021112268981940637
0.0026458616118980468
GEN 59 time 1602260276
0.0019331241698611365
0.0017058410808370235
0.0030269426232689646
0.0016622793058036374
0.0021112268981940637
0.0026458616118980468
GEN 60 time 1602260291
0.0019331241698611365
0.0017058410808370235
0.0030269426232689646
0.0016622793058036374
0.0021112268981940637
0.0026458616118980468
GEN 61 time 1602260306
0.0019331241698611365
0.0017058410808370235
0.0030269426232689646
0.0016224752854204234
0.0021112268981940637
0.0026458616118980468
GEN 62 time 1602260321
0.0019331241698611365
0.0017058410808370235
0.0030269426232689646
0.0016224752854204234
0.0021112268981940637
0.0026458616118980468
GEN 63 time 1602260337
0.0019331241698611365
0.0017058410808370235
0.0030269426232689646
0.0016224752854204234
0.0021112268981940637
0.0026458616118980468
GEN 64 time 1602260352
0.0019331241698611365
0.0017058410808370235
0.0030269426232689646
0.0016224752854204234
0.0021112268981940637
0.0026458616118980468
GEN 65 time 1602260366
0.0019331241698611365
0.0017058410808370235
0.0030269426232689646
0.0016224752854204234
0.0021112268981940637
0.0026458616118980468
GEN 66 time 1602260382
0.0019331241698611365
0.0017058410808370235
0.0030269426232689646
0.0016224752854204234
0.0021112268981940637
0.0026458616118980468
GEN 67 time 1602260397
0.0019331241698611365
0.0017058410808370235
0.0030269426232689646
0.0016224752854204234
0.0021112268981940637
0.0026458616118980468
GEN 68 time 1602260412
0.0019331241698611365
0.0017058410808370235
0.0030269426232689646
0.0016224752854204234
0.0021112268981940637
0.0026458616118980468
GEN 69 time 1602260427
0.0019331241698611365
0.0017058410808370235
0.0030269426232689646
0.0016224752854204234
0.0021112268981940637
0.0026458616118980468
GEN 70 time 1602260442
0.0019331241698611365
0.0017058410808370235
0.0030269426232689646
0.0016224752854204234
0.0021112268981940637
0.0026458616118980468
GEN 71 time 1602260457
0.0019331241698611365
0.0017058410808370235
0.0030269426232689646
0.0016224752854204234
0.0021112268981940637
0.0026458616118980468
GEN 72 time 1602260472
0.0019331241698611365
0.0017058410808370235
0.0030269426232689646
0.0016224752854204234
0.0021112268981940637
0.0026458616118980468
GEN 73 time 1602260487
0.0019331241698611365
0.0017058410808370235
0.0030269426232689646
0.0016224752854204234
0.0021112268981940637
0.0026458616118980468
GEN 74 time 1602260502
0.0019331241698611365
0.0017058410808370235
0.0030269426232689646
0.0016224752854204234
0.0021112268981940637
0.0026458616118980468
GEN 75 time 1602260517
0.0019331241698611365
0.0017058410808370235
0.0030269426232689646
0.0016224752854204234
0.0021112268981940637
0.0026458616118980468
GEN 76 time 1602260533
0.0019331241698611365
0.0017058410808370235
0.0030269426232689646
0.0016224752854204234
0.0021112268981940637
0.0026458616118980468
GEN 77 time 1602260548
0.0019331241698611365
0.0017058410808370235
0.0030269426232689646
0.0016224752854204234
0.0021112268981940637
0.0026458616118980468
GEN 78 time 1602260563
0.0019331241698611365
0.0017058410808370235
0.0030269426232689646
0.0016224752854204234
0.0021112268981940637
0.0026458616118980468
GEN 79 time 1602260578
0.0019331241698611365
0.0017058410808370235
0.0030269426232689646
0.0016224752854204234
0.0021112268981940637
0.0026458616118980468
GEN 80 time 1602260593
0.0019331241698611365
0.0017058410808370235
0.0030269426232689646
0.0016224752854204234
0.0021112268981940637
0.0026458616118980468
GEN 81 time 1602260608
0.0019331241698611365
0.0017058410808370235
0.0030269426232689646
0.0016224752854204234
0.0021112268981940637
0.0026458616118980468
GEN 82 time 1602260623
0.0019331241698611365
0.0017058410808370235
0.0030269426232689646
0.0016224752854204234
0.0021112268981940637
0.0026458616118980468
GEN 83 time 1602260637
0.0019331241698611365
0.0017058410808370235
0.0030269426232689646
0.0016224752854204234
0.0021112268981940637
0.0026458616118980468
GEN 84 time 1602260652
0.0019331241698611365
0.0017058410808370235
0.0030269426232689646
0.0016224752854204234
0.0021112268981940637
0.0026458616118980468
GEN 85 time 1602260667
0.0019331241698611365
0.0017058410808370235
0.0030269426232689646
0.0015143537055491362
0.0021112268981940637
0.0026458616118980468
GEN 86 time 1602260682
0.0019331241698611365
0.0017058410808370235
0.0030269426232689646
0.0015143537055491362
0.0021112268981940637
0.0026458616118980468
GEN 87 time 1602260697
0.0019331241698611365
0.0017058410808370235
0.0030269426232689646
0.0015143537055491362
0.0021112268981940637
0.0026458616118980468
GEN 88 time 1602260712
0.0019331241698611365
0.0017058410808370235
0.0030269426232689646
0.0015143537055491362
0.0021112268981940637
0.0026458616118980468
GEN 89 time 1602260727
0.0019331241698611365
0.0017058410808370235
0.0030269426232689646
0.0015143537055491362
0.0021112268981940637
0.0026458616118980468
GEN 90 time 1602260743
0.0019331241698611365
0.0017058410808370235
0.0030269426232689646
0.0015143537055491362
0.0021112268981940637
0.0026458616118980468
GEN 91 time 1602260758
0.0019331241698611365
0.0017058410808370235
0.0030269426232689646
0.0015143537055491362
0.0021112268981940637
0.0026458616118980468
GEN 92 time 1602260773
0.0019331241698611365
0.0017058410808370235
0.0030269426232689646
0.0015143537055491362
0.0021112268981940637
0.0026458616118980468
GEN 93 time 1602260789
0.0019331241698611365
0.0017058410808370235
0.0030269426232689646
0.0015143537055491362
0.0021112268981940637
0.0026458616118980468
GEN 94 time 1602260804
0.0019331241698611365
0.0017058410808370235
0.0030269426232689646
0.0015143537055491362
0.0021112268981940637
0.0026458616118980468
GEN 95 time 1602260819
0.0019331241698611365
0.0017058410808370235
0.0030269426232689646
0.0015143537055491362
0.0021112268981940637
0.0026458616118980468
GEN 96 time 1602260834
0.0019331241698611365
0.0017058410808370235
0.0030269426232689646
0.0015143537055491362
0.0021112268981940637
0.0026458616118980468
GEN 97 time 1602260849
0.0019331241698611365
0.0017058410808370235
0.0030269426232689646
0.0015143537055491362
0.0021112268981940637
0.0026458616118980468
GEN 98 time 1602260864
0.0019331241698611365
0.0017058410808370235
0.0030269426232689646
0.0015143537055491362
0.0021112268981940637
0.0026458616118980468
GEN 99 time 1602260880
0.0019331241698611365
0.0017058410808370235
0.0030269426232689646
0.0015143537055491362
0.0021112268981940637
0.0026458616118980468
GEN 100 time 1602260895
0.0019331241698611365
0.0017058410808370235
0.0030269426232689646
0.0015143537055491362
0.0021112268981940637
0.0026458616118980468
GEN 101 time 1602260910
0.0019331241698611365
0.0017058410808370235
0.0030269426232689646
0.0015143537055491362
0.0021112268981940637
0.0026458616118980468
GEN 102 time 1602260925
0.0019331241698611365
0.0017058410808370235
0.0030269426232689646
0.0015143537055491362
0.0021112268981940637
0.0026458616118980468
GEN 103 time 1602260940
0.0019331241698611365
0.0017058410808370235
0.0030269426232689646
0.0015143537055491362
0.0021112268981940637
0.0026458616118980468
GEN 104 time 1602260955
0.0019331241698611365
0.0017058410808370235
0.0030269426232689646
0.0015143537055491362
0.0021112268981940637
0.0026458616118980468
GEN 105 time 1602260970
0.0019331241698611365
0.0017058410808370235
0.0030269426232689646
0.0015143537055491362
0.0021112268981940637
0.0026458616118980468
GEN 106 time 1602260985
0.0019331241698611365
0.0017058410808370235
0.0030269426232689646
0.0015143537055491362
0.0021112268981940637
0.0026458616118980468
GEN 107 time 1602261001
0.0019331241698611365
0.0017058410808370235
0.0030269426232689646
0.0015143537055491362
0.0021112268981940637
0.0026458616118980468
GEN 108 time 1602261016
0.0019331241698611365
0.0017058410808370235
0.0030269426232689646
0.0015143537055491362
0.0021112268981940637
0.0026458616118980468
GEN 109 time 1602261031
0.0019331241698611365
0.0017058410808370235
0.0030269426232689646
0.0015143537055491362
0.0021112268981940637
0.0026458616118980468
GEN 110 time 1602261046
0.0019331241698611365
0.0017058410808370235
0.0030269426232689646
0.0015143537055491362
0.0021112268981940637
0.002445841611898047
GEN 111 time 1602261062
0.0019331241698611365
0.0017058410808370235
0.0030269426232689646
0.0015143537055491362
0.0021112268981940637
0.002445841611898047
GEN 112 time 1602261077
0.0019331241698611365
0.0017058410808370235
0.0030269426232689646
0.0015143537055491362
0.0021112268981940637
0.002445841611898047
GEN 113 time 1602261093
0.0019331241698611365
0.0017058410808370235
0.0030269426232689646
0.0015143537055491362
0.0021112268981940637
0.002445841611898047
GEN 114 time 1602261108
0.0019331241698611365
0.0017058410808370235
0.0030269426232689646
0.0015143537055491362
0.0021112268981940637
0.002445841611898047
GEN 115 time 1602261123
0.0019331241698611365
0.0017058410808370235
0.0030269426232689646
0.0015143537055491362
0.0021112268981940637
0.002445841611898047
GEN 116 time 1602261139
0.0019331241698611365
0.0017058410808370235
0.0030269426232689646
0.0015143537055491362
0.0021112268981940637
0.002445841611898047
GEN 117 time 1602261154
0.0019331241698611365
0.0017058410808370235
0.0030269426232689646
0.0015143537055491362
0.0021112268981940637
0.002445841611898047
GEN 118 time 1602261170
0.0019331241698611365
0.0017058410808370235
0.0030269426232689646
0.0015143537055491362
0.0021112268981940637
0.002445841611898047
GEN 119 time 1602261185
0.0019331241698611365
0.0017058410808370235
0.0030269426232689646
0.0015143537055491362
0.0021112268981940637
0.002445841611898047
GEN 120 time 1602261201
0.0019331241698611365
0.0017058410808370235
0.0030269426232689646
0.0014798162267159677
0.0021112268981940637
0.002445841611898047
GEN 121 time 1602261216
0.0019331241698611365
0.0017058410808370235
0.0030269426232689646
0.0014798162267159677
0.0021112268981940637
0.002445841611898047
GEN 122 time 1602261232
0.0019331241698611365
0.0017058410808370235
0.0030269426232689646
0.0014798162267159677
0.0021112268981940637
0.002445841611898047
GEN 123 time 1602261247
0.0019331241698611365
0.0017058410808370235
0.0030269426232689646
0.0014798162267159677
0.0021112268981940637
0.002445841611898047
GEN 124 time 1602261262
0.0019331241698611365
0.0017058410808370235
0.0030269426232689646
0.0014798162267159677
0.0021112268981940637
0.002445841611898047
GEN 125 time 1602261278
0.0019331241698611365
0.0017058410808370235
0.0030269426232689646
0.0014798162267159677
0.0021112268981940637
0.002445841611898047
GEN 126 time 1602261293
0.0019331241698611365
0.0017058410808370235
0.0030269426232689646
0.0014798162267159677
0.0021112268981940637
0.002445841611898047
GEN 127 time 1602261309
0.0019331241698611365
0.0017058410808370235
0.0030269426232689646
0.0014798162267159677
0.0021112268981940637
0.002445841611898047
GEN 128 time 1602261324
0.0019331241698611365
0.0017058410808370235
0.0030269426232689646
0.0014798162267159677
0.0021112268981940637
0.002445841611898047
GEN 129 time 1602261340
0.0019331241698611365
0.0017058410808370235
0.0030269426232689646
0.0014798162267159677
0.0021112268981940637
0.002445841611898047
GEN 130 time 1602261355
0.0019331241698611365
0.0017058410808370235
0.0030269426232689646
0.0014798162267159677
0.0021112268981940637
0.002445841611898047
GEN 131 time 1602261371
0.0019331241698611365
0.0017058410808370235
0.0030269426232689646
0.0014798162267159677
0.0021112268981940637
0.002445841611898047
GEN 132 time 1602261386
0.0019331241698611365
0.0017058410808370235
0.0030269426232689646
0.0014798162267159677
0.0021112268981940637
0.002445841611898047
GEN 133 time 1602261402
0.0019331241698611365
0.0017058410808370235
0.0030269426232689646
0.0014798162267159677
0.0021112268981940637
0.002445841611898047
GEN 134 time 1602261417
0.0019331241698611365
0.0017058410808370235
0.0030269426232689646
0.0014798162267159677
0.0021112268981940637
0.002445841611898047
GEN 135 time 1602261432
0.0019331241698611365
0.0017058410808370235
0.0030269426232689646
0.0014798162267159677
0.0021112268981940637
0.002445841611898047
GEN 136 time 1602261448
0.0019331241698611365
0.0017058410808370235
0.0030269426232689646
0.0014798162267159677
0.0021112268981940637
0.002445841611898047
GEN 137 time 1602261463
0.0019331241698611365
0.0017058410808370235
0.0030269426232689646
0.0014798162267159677
0.0021112268981940637
0.002445841611898047
GEN 138 time 1602261478
0.0019331241698611365
0.0017058410808370235
0.0030269426232689646
0.0014798162267159677
0.0021112268981940637
0.002445841611898047
GEN 139 time 1602261494
0.0019331241698611365
0.0017058410808370235
0.0030269426232689646
0.0014798162267159677
0.0021112268981940637
0.002445841611898047
GEN 140 time 1602261509
0.0019331241698611365
0.0017058410808370235
0.0030269426232689646
0.0014798162267159677
0.0021112268981940637
0.002445841611898047
GEN 141 time 1602261525
0.0019331241698611365
0.0017058410808370235
0.0030269426232689646
0.0014798162267159677
0.0021112268981940637
0.002445841611898047
GEN 142 time 1602261540
0.0019331241698611365
0.0017058410808370235
0.0030269426232689646
0.0014798162267159677
0.0021112268981940637
0.002445841611898047
GEN 143 time 1602261555
0.0019331241698611365
0.0017058410808370235
0.0030269426232689646
0.0014798162267159677
0.0021112268981940637
0.002445841611898047
GEN 144 time 1602261571
0.0019331241698611365
0.0017058410808370235
0.0030269426232689646
0.0014798162267159677
0.0021112268981940637
0.002445841611898047
GEN 145 time 1602261587
0.0019331241698611365
0.0017058410808370235
0.0030269426232689646
0.0014798162267159677
0.0021112268981940637
0.002445841611898047
GEN 146 time 1602261602
0.0019331241698611365
0.0017058410808370235
0.0030269426232689646
0.0014798162267159677
0.0021112268981940637
0.002445841611898047
GEN 147 time 1602261618
0.0019331241698611365
0.0017058410808370235
0.0030269426232689646
0.0014798162267159677
0.0021112268981940637
0.002445841611898047
GEN 148 time 1602261633
0.0019331241698611365
0.0017058410808370235
0.0030269426232689646
0.0014798162267159677
0.0021112268981940637
0.002445841611898047
GEN 149 time 1602261649
0.0019331241698611365
0.0017058410808370235
0.0030269426232689646
0.0014798162267159677
0.0021112268981940637
0.002445841611898047
GEN 150 time 1602261665
0.0019331241698611365
0.0017058410808370235
0.0030269426232689646
0.0014798162267159677
0.0021112268981940637
0.002445841611898047
GEN 151 time 1602261680
0.0019331241698611365
0.0017058410808370235
0.0030269426232689646
0.0014798162267159677
0.0021112268981940637
0.002445841611898047
GEN 152 time 1602261696
0.0019331241698611365
0.0017058410808370235
0.0030269426232689646
0.0014798162267159677
0.0021112268981940637
0.002445841611898047
GEN 153 time 1602261711
0.0019331241698611365
0.0017058410808370235
0.0030269426232689646
0.0014798162267159677
0.0021112268981940637
0.002445841611898047
GEN 154 time 1602261727
0.0019331241698611365
0.0017058410808370235
0.0030269426232689646
0.0014025243150509817
0.0021112268981940637
0.002445841611898047
GEN 155 time 1602261742
0.0019331241698611365
0.0017058410808370235
0.0030269426232689646
0.0014025243150509817
0.0021112268981940637
0.002445841611898047
GEN 156 time 1602261758
0.0019331241698611365
0.0017058410808370235
0.0030269426232689646
0.0014025243150509817
0.0021112268981940637
0.002445841611898047
GEN 157 time 1602261773
0.0019331241698611365
0.0017058410808370235
0.0030269426232689646
0.0014025243150509817
0.0021112268981940637
0.002445841611898047
GEN 158 time 1602261789
0.0019331241698611365
0.0017058410808370235
0.0030269426232689646
0.0014025243150509817
0.0021112268981940637
0.002445841611898047
GEN 159 time 1602261805
0.0019331241698611365
0.0017058410808370235
0.0030269426232689646
0.0014025243150509817
0.0021112268981940637
0.002445841611898047
GEN 160 time 1602261820
0.0019331241698611365
0.0017058410808370235
0.0030269426232689646
0.0014025243150509817
0.0021112268981940637
0.002445841611898047
GEN 161 time 1602261836
0.0019331241698611365
0.0017058410808370235
0.0030269426232689646
0.0014025243150509817
0.0021112268981940637
0.002445841611898047
GEN 162 time 1602261851
0.0019331241698611365
0.0017058410808370235
0.0030269426232689646
0.0014025243150509817
0.0021112268981940637
0.002445841611898047
GEN 163 time 1602261867
0.0019331241698611365
0.0017058410808370235
0.0030269426232689646
0.0014025243150509817
0.0021112268981940637
0.002445841611898047
GEN 164 time 1602261882
0.0019331241698611365
0.0017058410808370235
0.0030269426232689646
0.0014025243150509817
0.0021112268981940637
0.002445841611898047
GEN 165 time 1602261898
0.0019331241698611365
0.0017058410808370235
0.0030269426232689646
0.0014025243150509817
0.0021112268981940637
0.002445841611898047
GEN 166 time 1602261913
0.0019331241698611365
0.0017058410808370235
0.0030269426232689646
0.0014025243150509817
0.0021112268981940637
0.002445841611898047
GEN 167 time 1602261929
0.0019331241698611365
0.0017058410808370235
0.0030269426232689646
0.0014025243150509817
0.0021112268981940637
0.002445841611898047
GEN 168 time 1602261945
0.0019331241698611365
0.0017058410808370235
0.0030269426232689646
0.0014025243150509817
0.0021112268981940637
0.002445841611898047
GEN 169 time 1602261960
0.0019331241698611365
0.0017058410808370235
0.0030269426232689646
0.0014025243150509817
0.0021112268981940637
0.002445841611898047
GEN 170 time 1602261976
0.0019331241698611365
0.0017058410808370235
0.0030269426232689646
0.0014025243150509817
0.0021112268981940637
0.002445841611898047
GEN 171 time 1602261991
0.0019331241698611365
0.0017058410808370235
0.0030269426232689646
0.0014025243150509817
0.0021112268981940637
0.002445841611898047
GEN 172 time 1602262007
0.0019331241698611365
0.0017058410808370235
0.0030269426232689646
0.0014025243150509817
0.0021112268981940637
0.002445841611898047
GEN 173 time 1602262023
0.0019331241698611365
0.0017058410808370235
0.0030269426232689646
0.0014025243150509817
0.0021112268981940637
0.002445841611898047
GEN 174 time 1602262038
0.0019331241698611365
0.0017058410808370235
0.0030269426232689646
0.0014025243150509817
0.0021112268981940637
0.002445841611898047
GEN 175 time 1602262054
0.0019331241698611365
0.0017058410808370235
0.0030269426232689646
0.0014025243150509817
0.0021112268981940637
0.002445841611898047
GEN 176 time 1602262069
0.0019331241698611365
0.0017058410808370235
0.0030269426232689646
0.0014025243150509817
0.0021112268981940637
0.002445841611898047
GEN 177 time 1602262085
0.0019331241698611365
0.0017058410808370235
0.0030269426232689646
0.0014025243150509817
0.0021112268981940637
0.002445841611898047
GEN 178 time 1602262100
0.0019331241698611365
0.0017058410808370235
0.0030269426232689646
0.0014025243150509817
0.0021112268981940637
0.002445841611898047
GEN 179 time 1602262116
0.0019331241698611365
0.0017058410808370235
0.0030269426232689646
0.0014025243150509817
0.0021112268981940637
0.002445841611898047
GEN 180 time 1602262131
0.0019331241698611365
0.0017058410808370235
0.0030269426232689646
0.0014025243150509817
0.0021112268981940637
0.002445841611898047
GEN 181 time 1602262147
0.0019331241698611365
0.0017058410808370235
0.0030269426232689646
0.0014025243150509817
0.0021112268981940637
0.002445841611898047
GEN 182 time 1602262163
0.0019331241698611365
0.0017058410808370235
0.0030269426232689646
0.0013680051211328549
0.0021112268981940637
0.002445841611898047
GEN 183 time 1602262178
0.0019331241698611365
0.0017058410808370235
0.0030269426232689646
0.0013680051211328549
0.0021112268981940637
0.002445841611898047
GEN 184 time 1602262194
0.0019331241698611365
0.0017058410808370235
0.0030269426232689646
0.0013680051211328549
0.0021112268981940637
0.002445841611898047
GEN 185 time 1602262210
0.0019331241698611365
0.0017058410808370235
0.0030269426232689646
0.0013680051211328549
0.0021112268981940637
0.002445841611898047
GEN 186 time 1602262225
0.0019331241698611365
0.0017058410808370235
0.0030269426232689646
0.0013680051211328549
0.0021112268981940637
0.002445841611898047
GEN 187 time 1602262240
0.0019331241698611365
0.0017058410808370235
0.0030269426232689646
0.0013680051211328549
0.0021112268981940637
0.002445841611898047
GEN 188 time 1602262256
0.0019331241698611365
0.0017058410808370235
0.0030269426232689646
0.0013680051211328549
0.0021112268981940637
0.002445841611898047
GEN 189 time 1602262272
0.0019331241698611365
0.0017058410808370235
0.0030269426232689646
0.0013680051211328549
0.0021112268981940637
0.002445841611898047
GEN 190 time 1602262287
0.0019331241698611365
0.0017058410808370235
0.0030269426232689646
0.0013680051211328549
0.0021112268981940637
0.002445841611898047
GEN 191 time 1602262303
0.0019331241698611365
0.0017058410808370235
0.0030269426232689646
0.0013680051211328549
0.0021112268981940637
0.002445841611898047
GEN 192 time 1602262319
0.0019331241698611365
0.0017058410808370235
0.0030269426232689646
0.0013680051211328549
0.0021112268981940637
0.002445841611898047
GEN 193 time 1602262335
0.0019331241698611365
0.0017058410808370235
0.0030269426232689646
0.0013680051211328549
0.0021112268981940637
0.002445841611898047
GEN 194 time 1602262350
0.0019331241698611365
0.0017058410808370235
0.0030269426232689646
0.0013680051211328549
0.0021112268981940637
0.002445841611898047
GEN 195 time 1602262366
0.0019331241698611365
0.0017058410808370235
0.0030269426232689646
0.0013680051211328549
0.0021112268981940637
0.002445841611898047
GEN 196 time 1602262381
0.0019331241698611365
0.0017058410808370235
0.0030269426232689646
0.0013680051211328549
0.0021112268981940637
0.002445841611898047
GEN 197 time 1602262397
0.0019331241698611365
0.0017058410808370235
0.0030269426232689646
0.0013143337055491363
0.0021112268981940637
0.002445841611898047
GEN 198 time 1602262412
0.0019331241698611365
0.0017058410808370235
0.0030269426232689646
0.0013143337055491363
0.0021112268981940637
0.002445841611898047
GEN 199 time 1602262428
0.0019331241698611365
0.0017058410808370235
0.0030269426232689646
0.0013143337055491363
0.0021112268981940637
0.002445841611898047
