['./data/small/layer/uu-dem7_r25_1.json', './data/small/layer/uu-dem4_r25_1.json', './data/small/layer/uu-dem7_r50_1.json', './data/small/hop/uu-dem7_r25_1_0.json', './data/small/hop/uu-dem4_r50_1_0.json', './data/small/hop/uu-dem7_r50_1_0.json']
GEN 0 time 1602649262
0.0023368348238357903
0.0016645867073912172
0.0026342167901095624
0.0018677865188015809
0.0032604509581679575
0.0033694875939001548
GEN 1 time 1602649266
0.0023368348238357903
0.0016223685889952034
0.002549370892147507
0.0018677865188015809
0.0032604509581679575
0.0033694875939001548
GEN 2 time 1602649270
0.0023368348238357903
0.0016223685889952034
0.002549370892147507
0.0018677865188015809
0.0032604509581679575
0.0030144711770031603
GEN 3 time 1602649274
0.0023368348238357903
0.0016223685889952034
0.002549370892147507
0.0018020357834177532
0.0032604509581679575
0.0030144711770031603
GEN 4 time 1602649278
0.0023368348238357903
0.0015532725531838558
0.002549370892147507
0.0018020357834177532
0.0032604509581679575
0.0030144711770031603
GEN 5 time 1602649282
0.0023368348238357903
0.0015532725531838558
0.002549370892147507
0.0018020357834177532
0.0032604509581679575
0.002803930652931657
GEN 6 time 1602649286
0.0023368348238357903
0.0015358109921157913
0.002549370892147507
0.0018020357834177532
0.0025652570800466998
0.002803930652931657
GEN 7 time 1602649290
0.0023368348238357903
0.0015358109921157913
0.002549370892147507
0.0018020357834177532
0.0025652570800466998
0.002803930652931657
GEN 8 time 1602649295
0.0023368348238357903
0.0015358109921157913
0.002549370892147507
0.0018020357834177532
0.0025652570800466998
0.002803930652931657
GEN 9 time 1602649299
0.0023368348238357903
0.0015358109921157913
0.002549370892147507
0.0018020357834177532
0.0025652570800466998
0.002803930652931657
GEN 10 time 1602649303
0.0023368348238357903
0.0015358109921157913
0.002549370892147507
0.0018020357834177532
0.0025652570800466998
0.002803930652931657
GEN 11 time 1602649307
0.0023368348238357903
0.0015358109921157913
0.002549370892147507
0.001765752413343822
0.0025652570800466998
0.0027843783437955186
GEN 12 time 1602649312
0.0023368348238357903
0.0015358109921157913
0.002485050300751364
0.001765752413343822
0.0025652570800466998
0.0027843783437955186
GEN 13 time 1602649316
0.0023368348238357903
0.0015358109921157913
0.002485050300751364
0.0017537319459436126
0.0025652570800466998
0.0027177899508641153
GEN 14 time 1602649321
0.0023368348238357903
0.0015358109921157913
0.002485050300751364
0.0017537319459436126
0.0025652570800466998
0.002641880981325301
GEN 15 time 1602649325
0.0023368348238357903
0.0015358109921157913
0.002485050300751364
0.0017537319459436126
0.0025652570800466998
0.002641880981325301
GEN 16 time 1602649329
0.0023368348238357903
0.0015358109921157913
0.002485050300751364
0.0017537319459436126
0.0025652570800466998
0.002641880981325301
GEN 17 time 1602649334
0.0023368348238357903
0.0015358109921157913
0.002485050300751364
0.0017537319459436126
0.0025652570800466998
0.002641880981325301
GEN 18 time 1602649338
0.0023368348238357903
0.0015358109921157913
0.002485050300751364
0.0016714699332641757
0.0025652570800466998
0.002641880981325301
GEN 19 time 1602649343
0.0023368348238357903
0.0015358109921157913
0.002485050300751364
0.0016467573475008814
0.0025652570800466998
0.002641880981325301
GEN 20 time 1602649347
0.0023368348238357903
0.0015358109921157913
0.002485050300751364
0.0016467573475008814
0.0025652570800466998
0.002641880981325301
GEN 21 time 1602649352
0.0023368348238357903
0.0015358109921157913
0.002485050300751364
0.0016467573475008814
0.0025652570800466998
0.002641880981325301
GEN 22 time 1602649356
0.0023368348238357903
0.0015358109921157913
0.002485050300751364
0.0016467573475008814
0.0025652570800466998
0.002641880981325301
GEN 23 time 1602649361
0.0023368348238357903
0.0014584555404298799
0.002485050300751364
0.0016467573475008814
0.0025652570800466998
0.002641880981325301
GEN 24 time 1602649365
0.0023368348238357903
0.0014584555404298799
0.002485050300751364
0.0016467573475008814
0.0025652570800466998
0.002641880981325301
GEN 25 time 1602649370
0.0023368348238357903
0.0014584555404298799
0.002485050300751364
0.0016467573475008814
0.0025652570800466998
0.002641880981325301
GEN 26 time 1602649375
0.0023368348238357903
0.0014584555404298799
0.002485050300751364
0.0016467573475008814
0.0025652570800466998
0.002641880981325301
GEN 27 time 1602649379
0.0023368348238357903
0.0014584555404298799
0.002485050300751364
0.0016467573475008814
0.0025652570800466998
0.002641880981325301
GEN 28 time 1602649384
0.0023368348238357903
0.0014584555404298799
0.002485050300751364
0.0016467573475008814
0.0025652570800466998
0.002641880981325301
GEN 29 time 1602649388
0.0023368348238357903
0.0014584555404298799
0.002485050300751364
0.00161246063171141
0.00256090760589479
0.002641880981325301
GEN 30 time 1602649393
0.0023368348238357903
0.0014584555404298799
0.002485050300751364
0.00161246063171141
0.00256090760589479
0.002641880981325301
GEN 31 time 1602649397
0.0023368348238357903
0.0014584555404298799
0.002485050300751364
0.00161246063171141
0.00256090760589479
0.002641880981325301
GEN 32 time 1602649402
0.0023368348238357903
0.0014584555404298799
0.002485050300751364
0.00161246063171141
0.00256090760589479
0.002641880981325301
GEN 33 time 1602649406
0.0023368348238357903
0.0014584555404298799
0.002485050300751364
0.00161246063171141
0.00256090760589479
0.002641880981325301
GEN 34 time 1602649411
0.0023368348238357903
0.0014584555404298799
0.002485050300751364
0.00161246063171141
0.0025457078635899564
0.002641880981325301
GEN 35 time 1602649415
0.0023368348238357903
0.0014584555404298799
0.002485050300751364
0.00161246063171141
0.0025457078635899564
0.002641880981325301
GEN 36 time 1602649420
0.0023368348238357903
0.0014584555404298799
0.002485050300751364
0.00161246063171141
0.0025457078635899564
0.002641880981325301
GEN 37 time 1602649424
0.0023368348238357903
0.0014584555404298799
0.002485050300751364
0.00161246063171141
0.0025457078635899564
0.002641880981325301
GEN 38 time 1602649429
0.0023368348238357903
0.0014584555404298799
0.002485050300751364
0.00161246063171141
0.0025457078635899564
0.002641880981325301
GEN 39 time 1602649433
0.0023368348238357903
0.0014584555404298799
0.002485050300751364
0.00161246063171141
0.0025457078635899564
0.002641880981325301
GEN 40 time 1602649438
0.0023368348238357903
0.0014584555404298799
0.002485050300751364
0.00161246063171141
0.0025457078635899564
0.002641880981325301
GEN 41 time 1602649442
0.0023368348238357903
0.0014584555404298799
0.002485050300751364
0.00161246063171141
0.0025457078635899564
0.0025499710337420515
GEN 42 time 1602649447
0.0023368348238357903
0.0014584555404298799
0.002485050300751364
0.00161246063171141
0.0025457078635899564
0.0025499710337420515
GEN 43 time 1602649451
0.0023368348238357903
0.0014584555404298799
0.002485050300751364
0.00161246063171141
0.0025457078635899564
0.0025499710337420515
GEN 44 time 1602649456
0.0023368348238357903
0.0014584555404298799
0.002485050300751364
0.00161246063171141
0.0025457078635899564
0.0025499710337420515
GEN 45 time 1602649460
0.0023368348238357903
0.0014584555404298799
0.002485050300751364
0.00161246063171141
0.0025457078635899564
0.0025499710337420515
GEN 46 time 1602649465
0.0023368348238357903
0.0014584555404298799
0.002485050300751364
0.00161246063171141
0.0025457078635899564
0.0025499710337420515
GEN 47 time 1602649469
0.0023368348238357903
0.0014584555404298799
0.002485050300751364
0.00161246063171141
0.0025457078635899564
0.0025499710337420515
GEN 48 time 1602649473
0.0023368348238357903
0.0014584555404298799
0.002485050300751364
0.00161246063171141
0.0025457078635899564
0.0025177699508641153
GEN 49 time 1602649478
0.0023368348238357903
0.0014584555404298799
0.002485050300751364
0.00161246063171141
0.0025457078635899564
0.0025177699508641153
GEN 50 time 1602649482
0.0023368348238357903
0.0014584555404298799
0.002485050300751364
0.00161246063171141
0.0025457078635899564
0.0025177699508641153
GEN 51 time 1602649487
0.0023368348238357903
0.0014584555404298799
0.002485050300751364
0.00161246063171141
0.0025457078635899564
0.0025177699508641153
GEN 52 time 1602649491
0.0023368348238357903
0.0014584555404298799
0.002485050300751364
0.00161246063171141
0.0025457078635899564
0.0025177699508641153
GEN 53 time 1602649496
0.0023368348238357903
0.0014584555404298799
0.002485050300751364
0.00161246063171141
0.0025457078635899564
0.0025177699508641153
GEN 54 time 1602649500
0.0023368348238357903
0.0014584555404298799
0.002485050300751364
0.00161246063171141
0.0025457078635899564
0.0025177699508641153
GEN 55 time 1602649505
0.0023368348238357903
0.0014584555404298799
0.002485050300751364
0.00161246063171141
0.0025457078635899564
0.0025177699508641153
GEN 56 time 1602649509
0.0023368348238357903
0.0014584555404298799
0.002485050300751364
0.00161246063171141
0.0025457078635899564
0.0025177699508641153
GEN 57 time 1602649514
0.0023368348238357903
0.0014584555404298799
0.002485050300751364
0.00161246063171141
0.0025457078635899564
0.0025177699508641153
GEN 58 time 1602649518
0.0023368348238357903
0.0014584555404298799
0.002485050300751364
0.00161246063171141
0.0025457078635899564
0.0025177699508641153
GEN 59 time 1602649523
0.0023368348238357903
0.0014584555404298799
0.002485050300751364
0.00161246063171141
0.0025457078635899564
0.0025177699508641153
GEN 60 time 1602649527
0.0023368348238357903
0.0014584555404298799
0.002485050300751364
0.00161246063171141
0.0025457078635899564
0.0025177699508641153
GEN 61 time 1602649532
0.0023368348238357903
0.0014584555404298799
0.002485050300751364
0.00161246063171141
0.0025457078635899564
0.0025177699508641153
GEN 62 time 1602649536
0.0023368348238357903
0.0014584555404298799
0.002485050300751364
0.00161246063171141
0.0025457078635899564
0.0025177699508641153
GEN 63 time 1602649541
0.0023368348238357903
0.0014584555404298799
0.002485050300751364
0.00161246063171141
0.0025457078635899564
0.0025177699508641153
GEN 64 time 1602649545
0.0023368348238357903
0.0014584555404298799
0.002485050300751364
0.00161246063171141
0.0025457078635899564
0.0025177699508641153
GEN 65 time 1602649550
0.0023368348238357903
0.0014584555404298799
0.002485050300751364
0.00161246063171141
0.0025457078635899564
0.0025177699508641153
GEN 66 time 1602649555
0.0023368348238357903
0.0014584555404298799
0.002485050300751364
0.00161246063171141
0.0025457078635899564
0.0025177699508641153
GEN 67 time 1602649559
0.0023368348238357903
0.0014584555404298799
0.002485050300751364
0.00161246063171141
0.0025457078635899564
0.0025177699508641153
GEN 68 time 1602649564
0.0023368348238357903
0.0014584555404298799
0.002485050300751364
0.00161246063171141
0.0025457078635899564
0.0025177699508641153
GEN 69 time 1602649568
0.0023368348238357903
0.0014584555404298799
0.002485050300751364
0.00161246063171141
0.0025457078635899564
0.0025177699508641153
GEN 70 time 1602649573
0.0023368348238357903
0.0014584555404298799
0.002485050300751364
0.00161246063171141
0.0025457078635899564
0.0025177699508641153
GEN 71 time 1602649578
0.0023368348238357903
0.0014584555404298799
0.002485050300751364
0.00161246063171141
0.0025457078635899564
0.0025177699508641153
GEN 72 time 1602649582
0.0023368348238357903
0.0014584555404298799
0.002485050300751364
0.00161246063171141
0.0025457078635899564
0.0024592326367510724
GEN 73 time 1602649587
0.0023368348238357903
0.0014584555404298799
0.002485050300751364
0.00161246063171141
0.0025457078635899564
0.0024592326367510724
GEN 74 time 1602649592
0.0023368348238357903
0.0014584555404298799
0.002485050300751364
0.00161246063171141
0.0025457078635899564
0.0024592326367510724
GEN 75 time 1602649597
0.0023368348238357903
0.0014584555404298799
0.002485050300751364
0.00161246063171141
0.0025457078635899564
0.0024592326367510724
GEN 76 time 1602649601
0.0023368348238357903
0.0014584555404298799
0.002485050300751364
0.00161246063171141
0.0025457078635899564
0.0024592326367510724
GEN 77 time 1602649606
0.0023368348238357903
0.0014584555404298799
0.002485050300751364
0.00161246063171141
0.0025457078635899564
0.0024592326367510724
GEN 78 time 1602649611
0.0023368348238357903
0.0014584555404298799
0.002485050300751364
0.00161246063171141
0.0025457078635899564
0.0024592326367510724
GEN 79 time 1602649616
0.0023368348238357903
0.0014584555404298799
0.002485050300751364
0.0015227288836851117
0.0025457078635899564
0.0024592326367510724
GEN 80 time 1602649620
0.0023368348238357903
0.0014584555404298799
0.002485050300751364
0.0015227288836851117
0.0025457078635899564
0.0024592326367510724
GEN 81 time 1602649625
0.0023368348238357903
0.0014584555404298799
0.002485050300751364
0.0015227288836851117
0.0025457078635899564
0.0024592326367510724
GEN 82 time 1602649630
0.0023368348238357903
0.0014584555404298799
0.002485050300751364
0.0015227288836851117
0.0025457078635899564
0.0024592326367510724
GEN 83 time 1602649635
0.0023368348238357903
0.0014584555404298799
0.002485050300751364
0.0015227288836851117
0.0025457078635899564
0.0024592326367510724
GEN 84 time 1602649640
0.0023368348238357903
0.0014584555404298799
0.002485050300751364
0.0015227288836851117
0.0025457078635899564
0.0024592326367510724
GEN 85 time 1602649645
0.0023368348238357903
0.0014584555404298799
0.002485050300751364
0.0015227288836851117
0.0025457078635899564
0.0024592326367510724
GEN 86 time 1602649649
0.0023368348238357903
0.0014584555404298799
0.002485050300751364
0.0015227288836851117
0.0025457078635899564
0.0024592326367510724
GEN 87 time 1602649654
0.0023368348238357903
0.0014584555404298799
0.002485050300751364
0.0015227288836851117
0.0025457078635899564
0.0024592326367510724
GEN 88 time 1602649659
0.0023368348238357903
0.0014584555404298799
0.002485050300751364
0.0015227288836851117
0.0025457078635899564
0.0024592326367510724
GEN 89 time 1602649664
0.0023368348238357903
0.0014584555404298799
0.002485050300751364
0.0015227288836851117
0.0025457078635899564
0.0024592326367510724
GEN 90 time 1602649669
0.0023368348238357903
0.0014584555404298799
0.002485050300751364
0.0015227288836851117
0.0025457078635899564
0.0024592326367510724
GEN 91 time 1602649673
0.0023368348238357903
0.0014584555404298799
0.002485050300751364
0.0015227288836851117
0.0025457078635899564
0.0024592326367510724
GEN 92 time 1602649678
0.0023368348238357903
0.0014584555404298799
0.002485050300751364
0.0015227288836851117
0.0025457078635899564
0.0024592326367510724
GEN 93 time 1602649683
0.0023368348238357903
0.0014584555404298799
0.002485050300751364
0.0015227288836851117
0.0025457078635899564
0.0024592326367510724
GEN 94 time 1602649688
0.0023368348238357903
0.0014584555404298799
0.002485050300751364
0.0015227288836851117
0.0025457078635899564
0.0024592326367510724
GEN 95 time 1602649693
0.0023368348238357903
0.0014584555404298799
0.002485050300751364
0.0015227288836851117
0.0025457078635899564
0.0024592326367510724
GEN 96 time 1602649697
0.0023368348238357903
0.0014584555404298799
0.002485050300751364
0.0015227288836851117
0.0025457078635899564
0.0024592326367510724
GEN 97 time 1602649702
0.0023368348238357903
0.0014584555404298799
0.002485050300751364
0.0015227288836851117
0.0025457078635899564
0.0024592326367510724
GEN 98 time 1602649707
0.0023368348238357903
0.0014584555404298799
0.002485050300751364
0.0015227288836851117
0.0025457078635899564
0.0024592326367510724
GEN 99 time 1602649712
0.0023368348238357903
0.0014584555404298799
0.002485050300751364
0.0015227288836851117
0.0025457078635899564
0.0024592326367510724
GEN 100 time 1602649716
0.0023368348238357903
0.0014584555404298799
0.002485050300751364
0.0015227288836851117
0.0025457078635899564
0.0024592326367510724
GEN 101 time 1602649721
0.0023368348238357903
0.0014584555404298799
0.002485050300751364
0.0015227288836851117
0.0025457078635899564
0.0024592326367510724
GEN 102 time 1602649726
0.0023368348238357903
0.0014584555404298799
0.002485050300751364
0.0015227288836851117
0.0025457078635899564
0.0024592326367510724
GEN 103 time 1602649731
0.0023368348238357903
0.0014584555404298799
0.002485050300751364
0.0015227288836851117
0.0025457078635899564
0.0024592326367510724
GEN 104 time 1602649736
0.0023368348238357903
0.0014584555404298799
0.002485050300751364
0.0015227288836851117
0.0025457078635899564
0.0024592326367510724
GEN 105 time 1602649740
0.0023368348238357903
0.0014584555404298799
0.002485050300751364
0.0014467373475008814
0.0025457078635899564
0.0024592326367510724
GEN 106 time 1602649745
0.0023368348238357903
0.0014584555404298799
0.002485050300751364
0.0014467373475008814
0.0025457078635899564
0.0024592326367510724
GEN 107 time 1602649750
0.0023368348238357903
0.0014584555404298799
0.002485050300751364
0.0014467373475008814
0.0025457078635899564
0.0024592326367510724
GEN 108 time 1602649755
0.0023368348238357903
0.0014584555404298799
0.002485050300751364
0.0014467373475008814
0.0025457078635899564
0.0024592326367510724
GEN 109 time 1602649760
0.0023368348238357903
0.0014584555404298799
0.002485050300751364
0.0014467373475008814
0.0025457078635899564
0.0024592326367510724
GEN 110 time 1602649764
0.0023368348238357903
0.0014584555404298799
0.002485050300751364
0.0014467373475008814
0.0025457078635899564
0.0024592326367510724
GEN 111 time 1602649769
0.0023368348238357903
0.0014584555404298799
0.002485050300751364
0.0014467373475008814
0.0025457078635899564
0.0024592326367510724
GEN 112 time 1602649774
0.0023368348238357903
0.0014584555404298799
0.002485050300751364
0.0014467373475008814
0.0025457078635899564
0.0024592326367510724
GEN 113 time 1602649779
0.0023368348238357903
0.0014584555404298799
0.002485050300751364
0.0014467373475008814
0.0025457078635899564
0.0024592326367510724
GEN 114 time 1602649784
0.0023368348238357903
0.0014584555404298799
0.002485050300751364
0.0014467373475008814
0.0025457078635899564
0.0024592326367510724
GEN 115 time 1602649789
0.0023368348238357903
0.0014584555404298799
0.002485050300751364
0.0014467373475008814
0.0025457078635899564
0.0024592326367510724
GEN 116 time 1602649794
0.0023368348238357903
0.0014584555404298799
0.002485050300751364
0.001422689393966249
0.0025457078635899564
0.0024592326367510724
GEN 117 time 1602649799
0.0023368348238357903
0.0014584555404298799
0.002485050300751364
0.001422689393966249
0.0025457078635899564
0.0024592326367510724
GEN 118 time 1602649804
0.0023368348238357903
0.0014584555404298799
0.002485050300751364
0.001422689393966249
0.0025457078635899564
0.0024592326367510724
GEN 119 time 1602649809
0.0023368348238357903
0.0014584555404298799
0.002485050300751364
0.001422689393966249
0.0025457078635899564
0.0024592326367510724
GEN 120 time 1602649814
0.0023368348238357903
0.0014584555404298799
0.002485050300751364
0.001422689393966249
0.0025457078635899564
0.0024592326367510724
GEN 121 time 1602649819
0.0023368348238357903
0.0014584555404298799
0.002485050300751364
0.001422689393966249
0.0025457078635899564
0.0024592326367510724
GEN 122 time 1602649824
0.0023368348238357903
0.0014584555404298799
0.002485050300751364
0.001422689393966249
0.0025457078635899564
0.0024592326367510724
GEN 123 time 1602649829
0.0023368348238357903
0.0014584555404298799
0.002485050300751364
0.001422689393966249
0.0025457078635899564
0.0024592326367510724
GEN 124 time 1602649834
0.0023368348238357903
0.0014584555404298799
0.002485050300751364
0.001422689393966249
0.0025457078635899564
0.0024592326367510724
GEN 125 time 1602649839
0.0023368348238357903
0.0014584555404298799
0.002485050300751364
0.001422689393966249
0.0025457078635899564
0.0024592326367510724
GEN 126 time 1602649844
0.0023368348238357903
0.0014584555404298799
0.002485050300751364
0.001422689393966249
0.0025457078635899564
0.0024592326367510724
GEN 127 time 1602649849
0.0023368348238357903
0.0014584555404298799
0.002485050300751364
0.001422689393966249
0.0025457078635899564
0.0024592326367510724
GEN 128 time 1602649854
0.0023368348238357903
0.0014584555404298799
0.002485050300751364
0.001422689393966249
0.0025457078635899564
0.0024592326367510724
GEN 129 time 1602649859
0.0023368348238357903
0.0014584555404298799
0.002485050300751364
0.001422689393966249
0.0025457078635899564
0.0024592326367510724
GEN 130 time 1602649864
0.0023368348238357903
0.0014584555404298799
0.002485050300751364
0.001422689393966249
0.0025457078635899564
0.0024592326367510724
GEN 131 time 1602649869
0.0023368348238357903
0.0014584555404298799
0.002485050300751364
0.001422689393966249
0.0025457078635899564
0.0024592326367510724
GEN 132 time 1602649874
0.0023368348238357903
0.0014584555404298799
0.002485050300751364
0.001422689393966249
0.0025457078635899564
0.0024592326367510724
GEN 133 time 1602649879
0.0023368348238357903
0.0014584555404298799
0.002485050300751364
0.001422689393966249
0.0025457078635899564
0.0024592326367510724
GEN 134 time 1602649884
0.0023368348238357903
0.0014584555404298799
0.002485050300751364
0.001419581711104617
0.0025457078635899564
0.0024592326367510724
GEN 135 time 1602649889
0.0023368348238357903
0.0014584555404298799
0.002485050300751364
0.001419581711104617
0.0025457078635899564
0.0024592326367510724
GEN 136 time 1602649894
0.0023368348238357903
0.0014584555404298799
0.002485050300751364
0.001419581711104617
0.0025457078635899564
0.0024592326367510724
GEN 137 time 1602649899
0.0023368348238357903
0.0014584555404298799
0.002485050300751364
0.001419581711104617
0.0025457078635899564
0.0024592326367510724
GEN 138 time 1602649904
0.0023368348238357903
0.0014584555404298799
0.002485050300751364
0.001419581711104617
0.0025457078635899564
0.0024592326367510724
GEN 139 time 1602649909
0.0023368348238357903
0.0014584555404298799
0.002485050300751364
0.001419581711104617
0.0025457078635899564
0.0024592326367510724
GEN 140 time 1602649914
0.0023368348238357903
0.0014584555404298799
0.002485050300751364
0.001419581711104617
0.0025457078635899564
0.0024592326367510724
GEN 141 time 1602649919
0.0023368348238357903
0.0014584555404298799
0.002485050300751364
0.001419581711104617
0.0025457078635899564
0.0024592326367510724
GEN 142 time 1602649924
0.0023368348238357903
0.0014584555404298799
0.002485050300751364
0.001419581711104617
0.0025457078635899564
0.0024592326367510724
GEN 143 time 1602649929
0.0023368348238357903
0.0014584555404298799
0.002485050300751364
0.001419581711104617
0.0025457078635899564
0.0024592326367510724
GEN 144 time 1602649934
0.0023368348238357903
0.0014584555404298799
0.002485050300751364
0.001419581711104617
0.0025457078635899564
0.0024592326367510724
GEN 145 time 1602649939
0.0023368348238357903
0.0014584555404298799
0.002485050300751364
0.001419581711104617
0.0025457078635899564
0.0024592326367510724
GEN 146 time 1602649944
0.0023368348238357903
0.0014584555404298799
0.002485050300751364
0.001419581711104617
0.0025457078635899564
0.0024592326367510724
GEN 147 time 1602649949
0.0023368348238357903
0.0014584555404298799
0.002485050300751364
0.001419581711104617
0.0025457078635899564
0.0024592326367510724
GEN 148 time 1602649954
0.0023368348238357903
0.0014584555404298799
0.002485050300751364
0.001419581711104617
0.0025457078635899564
0.0024592326367510724
GEN 149 time 1602649959
0.0023368348238357903
0.0014584555404298799
0.002485050300751364
0.001419581711104617
0.0025457078635899564
0.0024592326367510724
GEN 150 time 1602649964
0.0023368348238357903
0.0014584555404298799
0.002485050300751364
0.001419581711104617
0.0025457078635899564
0.0024592326367510724
GEN 151 time 1602649969
0.0023368348238357903
0.0014584555404298799
0.002485050300751364
0.001419581711104617
0.0025457078635899564
0.0024592326367510724
GEN 152 time 1602649974
0.0023368348238357903
0.0014584555404298799
0.002485050300751364
0.001419581711104617
0.0025457078635899564
0.0024592326367510724
GEN 153 time 1602649979
0.0023368348238357903
0.0014584555404298799
0.002485050300751364
0.001407349726393951
0.0025457078635899564
0.0024592326367510724
GEN 154 time 1602649984
0.0023368348238357903
0.0014584555404298799
0.002485050300751364
0.001407349726393951
0.0025457078635899564
0.0024592326367510724
GEN 155 time 1602649989
0.0023368348238357903
0.0014584555404298799
0.002485050300751364
0.001407349726393951
0.0025457078635899564
0.0024592326367510724
GEN 156 time 1602649994
0.0023368348238357903
0.0014584555404298799
0.002485050300751364
0.001407349726393951
0.0025457078635899564
0.0024592326367510724
GEN 157 time 1602649999
0.0023368348238357903
0.0014584555404298799
0.002485050300751364
0.001407349726393951
0.0025457078635899564
0.0024592326367510724
GEN 158 time 1602650004
0.0023368348238357903
0.0014584555404298799
0.002485050300751364
0.001407349726393951
0.0025457078635899564
0.0024592326367510724
GEN 159 time 1602650010
0.0023368348238357903
0.0014584555404298799
0.002485050300751364
0.001407349726393951
0.0025457078635899564
0.0024592326367510724
GEN 160 time 1602650015
0.0023368348238357903
0.0014584555404298799
0.002485050300751364
0.001407349726393951
0.0025457078635899564
0.0024592326367510724
GEN 161 time 1602650020
0.0023368348238357903
0.0014584555404298799
0.002485050300751364
0.001407349726393951
0.0025457078635899564
0.0024592326367510724
GEN 162 time 1602650025
0.0023368348238357903
0.0014584555404298799
0.002485050300751364
0.001407349726393951
0.0025457078635899564
0.0024592326367510724
GEN 163 time 1602650030
0.0023368348238357903
0.0014584555404298799
0.002485050300751364
0.001407349726393951
0.0025457078635899564
0.0024592326367510724
GEN 164 time 1602650035
0.0023368348238357903
0.0014584555404298799
0.002485050300751364
0.001407349726393951
0.0025457078635899564
0.0024592326367510724
GEN 165 time 1602650040
0.0023368348238357903
0.0014584555404298799
0.002485050300751364
0.001407349726393951
0.0025457078635899564
0.0024592326367510724
GEN 166 time 1602650045
0.0023368348238357903
0.0014584555404298799
0.002485050300751364
0.001407349726393951
0.0025457078635899564
0.0024592326367510724
GEN 167 time 1602650050
0.0023368348238357903
0.0014584555404298799
0.002485050300751364
0.001407349726393951
0.0025457078635899564
0.0024592326367510724
GEN 168 time 1602650055
0.0023368348238357903
0.0014584555404298799
0.002485050300751364
0.001407349726393951
0.0025457078635899564
0.0024592326367510724
GEN 169 time 1602650060
0.0023368348238357903
0.0014584555404298799
0.002485050300751364
0.001407349726393951
0.0025457078635899564
0.0024592326367510724
GEN 170 time 1602650065
0.0023368348238357903
0.0014584555404298799
0.002485050300751364
0.001407349726393951
0.0025457078635899564
0.0024592326367510724
GEN 171 time 1602650070
0.0023368348238357903
0.0014584555404298799
0.002485050300751364
0.001407349726393951
0.0025457078635899564
0.0024592326367510724
GEN 172 time 1602650075
0.0023368348238357903
0.0014584555404298799
0.002485050300751364
0.001407349726393951
0.0025457078635899564
0.0024592326367510724
GEN 173 time 1602650080
0.0023368348238357903
0.0014584555404298799
0.002485050300751364
0.001407349726393951
0.0025457078635899564
0.0024592326367510724
GEN 174 time 1602650085
0.0023368348238357903
0.0014584555404298799
0.002485050300751364
0.001407349726393951
0.0025457078635899564
0.0024592326367510724
GEN 175 time 1602650090
0.0023368348238357903
0.0014584555404298799
0.002485050300751364
0.001407349726393951
0.0025457078635899564
0.0024592326367510724
GEN 176 time 1602650095
0.0023368348238357903
0.0014584555404298799
0.002485050300751364
0.001407349726393951
0.0025457078635899564
0.0024592326367510724
GEN 177 time 1602650100
0.0023368348238357903
0.0014584555404298799
0.002485050300751364
0.001407349726393951
0.0025457078635899564
0.0024592326367510724
GEN 178 time 1602650105
0.0023368348238357903
0.0014584555404298799
0.002485050300751364
0.0014052078527853101
0.0025457078635899564
0.0024592326367510724
GEN 179 time 1602650110
0.0023368348238357903
0.0014584555404298799
0.002485050300751364
0.0014052078527853101
0.0025457078635899564
0.0024592326367510724
GEN 180 time 1602650115
0.0023368348238357903
0.0014584555404298799
0.002485050300751364
0.0014052078527853101
0.0025457078635899564
0.0024592326367510724
GEN 181 time 1602650120
0.0023368348238357903
0.0014584555404298799
0.002485050300751364
0.0014052078527853101
0.0025457078635899564
0.0024592326367510724
GEN 182 time 1602650125
0.0023368348238357903
0.0014584555404298799
0.002485050300751364
0.0014052078527853101
0.0025457078635899564
0.0024592326367510724
GEN 183 time 1602650130
0.0023368348238357903
0.0014584555404298799
0.002485050300751364
0.0014052078527853101
0.0025457078635899564
0.0024592326367510724
GEN 184 time 1602650135
0.0023368348238357903
0.0014584555404298799
0.002485050300751364
0.0014052078527853101
0.0025457078635899564
0.0024592326367510724
GEN 185 time 1602650140
0.0023368348238357903
0.0014584555404298799
0.002485050300751364
0.0014052078527853101
0.0025457078635899564
0.0024592326367510724
GEN 186 time 1602650145
0.0023368348238357903
0.0014584555404298799
0.002485050300751364
0.0014052078527853101
0.0025457078635899564
0.0024592326367510724
GEN 187 time 1602650150
0.0023368348238357903
0.0014584555404298799
0.002485050300751364
0.0014052078527853101
0.0025457078635899564
0.0024592326367510724
GEN 188 time 1602650155
0.0023368348238357903
0.0014584555404298799
0.002485050300751364
0.0014052078527853101
0.0025457078635899564
0.0024592326367510724
GEN 189 time 1602650160
0.0023368348238357903
0.0014584555404298799
0.002485050300751364
0.0014052078527853101
0.0025457078635899564
0.0024592326367510724
GEN 190 time 1602650165
0.0023368348238357903
0.0014584555404298799
0.002485050300751364
0.0014052078527853101
0.0025457078635899564
0.0024592326367510724
GEN 191 time 1602650170
0.0023368348238357903
0.0014584555404298799
0.002485050300751364
0.0014052078527853101
0.0025457078635899564
0.0024592326367510724
GEN 192 time 1602650175
0.0023368348238357903
0.0014584555404298799
0.002485050300751364
0.0014052078527853101
0.0025457078635899564
0.0024592326367510724
GEN 193 time 1602650180
0.0023368348238357903
0.0014584555404298799
0.002485050300751364
0.0014052078527853101
0.0025457078635899564
0.0024592326367510724
GEN 194 time 1602650185
0.0023368348238357903
0.0014584555404298799
0.002485050300751364
0.0014052078527853101
0.0025457078635899564
0.0024592326367510724
GEN 195 time 1602650190
0.0023368348238357903
0.0014584555404298799
0.002485050300751364
0.0014052078527853101
0.0025457078635899564
0.0024592326367510724
GEN 196 time 1602650195
0.0023368348238357903
0.0014584555404298799
0.002485050300751364
0.0014052078527853101
0.0025457078635899564
0.0024592326367510724
GEN 197 time 1602650200
0.0023368348238357903
0.0014584555404298799
0.002485050300751364
0.0014052078527853101
0.0025457078635899564
0.0024592326367510724
GEN 198 time 1602650205
0.0023368348238357903
0.0014584555404298799
0.002485050300751364
0.0014052078527853101
0.0025457078635899564
0.0024592326367510724
GEN 199 time 1602650210
0.0023368348238357903
0.0014584555404298799
0.002485050300751364
0.0014052078527853101
0.0025457078635899564
0.0024592326367510724
