['./data/small/layer/uu-dem3_r50_1.json', './data/small/layer/uu-dem8_r50_1.json', './data/small/layer/uu-dem3_r25_1.json', './data/small/hop/uu-dem3_r50_1_40.json', './data/small/hop/uu-dem8_r25_1_40.json', './data/small/hop/uu-dem3_r25_1_40.json']
GEN 0 time 1600124054
0.0029563221065951784
0.0030269426232689646
0.0017058410808370235
0.00541705725389782
0.0032124315737712327
0.002935297436649992
GEN 1 time 1600124067
0.0029563221065951784
0.0030269426232689646
0.0017058410808370235
0.00541705725389782
0.0032124315737712327
0.002935297436649992
GEN 2 time 1600124082
0.0029563221065951784
0.0030269426232689646
0.0017058410808370235
0.00541705725389782
0.0032124315737712327
0.002733093339553175
GEN 3 time 1600124096
0.0029563221065951784
0.0030269426232689646
0.0017058410808370235
0.00541705725389782
0.0023385139408657785
0.002733093339553175
GEN 4 time 1600124111
0.0029563221065951784
0.0030269426232689646
0.0017058410808370235
0.005112410371017004
0.0023385139408657785
0.002733093339553175
GEN 5 time 1600124125
0.0029563221065951784
0.0030269426232689646
0.0017058410808370235
0.005112410371017004
0.002212331573771233
0.002733093339553175
GEN 6 time 1600124139
0.0029563221065951784
0.0030269426232689646
0.0017058410808370235
0.005112410371017004
0.002212331573771233
0.002733093339553175
GEN 7 time 1600124154
0.0029563221065951784
0.0030269426232689646
0.0017058410808370235
0.005056147631435211
0.002212331573771233
0.002733093339553175
GEN 8 time 1600124168
0.0029563221065951784
0.0030269426232689646
0.0017058410808370235
0.005056147631435211
0.002212331573771233
0.002733093339553175
GEN 9 time 1600124183
0.0029563221065951784
0.0030269426232689646
0.0017058410808370235
0.005050024389331832
0.002212331573771233
0.0025352574366499917
GEN 10 time 1600124198
0.0029563221065951784
0.0030269426232689646
0.0017058410808370235
0.004803828043134688
0.002212331573771233
0.002471507085525784
GEN 11 time 1600124212
0.0029563221065951784
0.0030269426232689646
0.0017058410808370235
0.00468300890553857
0.002212331573771233
0.002471507085525784
GEN 12 time 1600124226
0.0029563221065951784
0.0030269426232689646
0.0017058410808370235
0.00468300890553857
0.002212331573771233
0.002471507085525784
GEN 13 time 1600124241
0.0029563221065951784
0.0030269426232689646
0.0017058410808370235
0.00468300890553857
0.002212331573771233
0.002471507085525784
GEN 14 time 1600124255
0.0029563221065951784
0.0030269426232689646
0.0017058410808370235
0.00468300890553857
0.002212331573771233
0.0023220127830798137
GEN 15 time 1600124270
0.0029563221065951784
0.0030269426232689646
0.0017058410808370235
0.00468300890553857
0.002212331573771233
0.0023220127830798137
GEN 16 time 1600124284
0.0029563221065951784
0.0030269426232689646
0.0017058410808370235
0.00468300890553857
0.002157352301986345
0.0023220127830798137
GEN 17 time 1600124299
0.0029563221065951784
0.0030269426232689646
0.0017058410808370235
0.00468300890553857
0.002157352301986345
0.0023220127830798137
GEN 18 time 1600124314
0.0029563221065951784
0.0030269426232689646
0.0017058410808370235
0.00468300890553857
0.002157352301986345
0.0023220127830798137
GEN 19 time 1600124329
0.0029563221065951784
0.0030269426232689646
0.0017058410808370235
0.00468300890553857
0.002157352301986345
0.0023220127830798137
GEN 20 time 1600124344
0.0029563221065951784
0.0030269426232689646
0.0017058410808370235
0.00468300890553857
0.002157352301986345
0.0023220127830798137
GEN 21 time 1600124359
0.0029563221065951784
0.0030269426232689646
0.0017058410808370235
0.00468300890553857
0.002157352301986345
0.0023220127830798137
GEN 22 time 1600124373
0.0029563221065951784
0.0030269426232689646
0.0017058410808370235
0.00468300890553857
0.002157352301986345
0.0023220127830798137
GEN 23 time 1600124388
0.0029563221065951784
0.0030269426232689646
0.0017058410808370235
0.00468300890553857
0.002157352301986345
0.0023220127830798137
GEN 24 time 1600124402
0.0029563221065951784
0.0030269426232689646
0.0017058410808370235
0.00468300890553857
0.002157352301986345
0.0023220127830798137
GEN 25 time 1600124417
0.0029563221065951784
0.0030269426232689646
0.0017058410808370235
0.00468300890553857
0.002157352301986345
0.0023220127830798137
GEN 26 time 1600124431
0.0029563221065951784
0.0030269426232689646
0.0017058410808370235
0.00468300890553857
0.002157352301986345
0.0023220127830798137
GEN 27 time 1600124446
0.0029563221065951784
0.0030269426232689646
0.0017058410808370235
0.00468300890553857
0.002157352301986345
0.0023220127830798137
GEN 28 time 1600124461
0.0029563221065951784
0.0030269426232689646
0.0017058410808370235
0.00468300890553857
0.002022279284908265
0.0023220127830798137
GEN 29 time 1600124475
0.0029563221065951784
0.0030269426232689646
0.0017058410808370235
0.00468300890553857
0.002022279284908265
0.0023220127830798137
GEN 30 time 1600124489
0.0029563221065951784
0.0030269426232689646
0.0017058410808370235
0.00468300890553857
0.002022279284908265
0.0023220127830798137
GEN 31 time 1600124504
0.0029563221065951784
0.0030269426232689646
0.0017058410808370235
0.00468300890553857
0.002022279284908265
0.0023220127830798137
GEN 32 time 1600124518
0.0029563221065951784
0.0030269426232689646
0.0017058410808370235
0.00468300890553857
0.002022279284908265
0.0023220127830798137
GEN 33 time 1600124532
0.0029563221065951784
0.0030269426232689646
0.0017058410808370235
0.00468300890553857
0.002022279284908265
0.0023220127830798137
GEN 34 time 1600124546
0.0029563221065951784
0.0030269426232689646
0.0017058410808370235
0.00468300890553857
0.002022279284908265
0.0023220127830798137
GEN 35 time 1600124561
0.0029563221065951784
0.0030269426232689646
0.0017058410808370235
0.004073049803482864
0.002022279284908265
0.0023220127830798137
GEN 36 time 1600124577
0.0029563221065951784
0.0030269426232689646
0.0017058410808370235
0.004073049803482864
0.002022279284908265
0.0023220127830798137
GEN 37 time 1600124591
0.0029563221065951784
0.0030269426232689646
0.0017058410808370235
0.004073049803482864
0.002022279284908265
0.0023220127830798137
GEN 38 time 1600124606
0.0029563221065951784
0.0030269426232689646
0.0017058410808370235
0.004073049803482864
0.002022279284908265
0.0023220127830798137
GEN 39 time 1600124620
0.0029563221065951784
0.0030269426232689646
0.0017058410808370235
0.004073049803482864
0.002022279284908265
0.0023220127830798137
GEN 40 time 1600124635
0.0029563221065951784
0.0030269426232689646
0.0017058410808370235
0.004073049803482864
0.002022279284908265
0.0023220127830798137
GEN 41 time 1600124649
0.0029563221065951784
0.0030269426232689646
0.0017058410808370235
0.004003748043134688
0.002022279284908265
0.0023220127830798137
GEN 42 time 1600124664
0.0029563221065951784
0.0030269426232689646
0.0017058410808370235
0.004003748043134688
0.002022279284908265
0.0023220127830798137
GEN 43 time 1600124679
0.0029563221065951784
0.0030269426232689646
0.0017058410808370235
0.004003748043134688
0.002022279284908265
0.0023220127830798137
GEN 44 time 1600124693
0.0029563221065951784
0.0030269426232689646
0.0017058410808370235
0.004003748043134688
0.002022279284908265
0.0023220127830798137
GEN 45 time 1600124707
0.0029563221065951784
0.0030269426232689646
0.0017058410808370235
0.004003748043134688
0.002022279284908265
0.0023220127830798137
GEN 46 time 1600124722
0.0029563221065951784
0.0030269426232689646
0.0017058410808370235
0.004003748043134688
0.002022279284908265
0.0023220127830798137
GEN 47 time 1600124736
0.0029563221065951784
0.0030269426232689646
0.0017058410808370235
0.004003748043134688
0.0018874808962521415
0.0023220127830798137
GEN 48 time 1600124750
0.0029563221065951784
0.0030269426232689646
0.0017058410808370235
0.0031400593026180822
0.0018874808962521415
0.0023220127830798137
GEN 49 time 1600124765
0.0029563221065951784
0.0030269426232689646
0.0017058410808370235
0.0031400593026180822
0.0018874808962521415
0.0023220127830798137
GEN 50 time 1600124779
0.0029563221065951784
0.0030269426232689646
0.0017058410808370235
0.0031400593026180822
0.0018874808962521415
0.0023220127830798137
GEN 51 time 1600124794
0.0029563221065951784
0.0030269426232689646
0.0017058410808370235
0.0031400593026180822
0.0018874808962521415
0.0023220127830798137
GEN 52 time 1600124808
0.0029563221065951784
0.0030269426232689646
0.0017058410808370235
0.0031400593026180822
0.0018874808962521415
0.0023220127830798137
GEN 53 time 1600124823
0.0029563221065951784
0.0030269426232689646
0.0017058410808370235
0.0031400593026180822
0.0018300463355478322
0.0023220127830798137
GEN 54 time 1600124838
0.0029563221065951784
0.0030269426232689646
0.0017058410808370235
0.0031400593026180822
0.0018300463355478322
0.0023220127830798137
GEN 55 time 1600124852
0.0029563221065951784
0.0030269426232689646
0.0017058410808370235
0.0031400593026180822
0.0018300463355478322
0.0023220127830798137
GEN 56 time 1600124867
0.0029563221065951784
0.0030269426232689646
0.0017058410808370235
0.0031400593026180822
0.0018300463355478322
0.0023220127830798137
GEN 57 time 1600124882
0.0029563221065951784
0.0030269426232689646
0.0017058410808370235
0.0031400593026180822
0.0018300463355478322
0.0023220127830798137
GEN 58 time 1600124896
0.0029563221065951784
0.0030269426232689646
0.0017058410808370235
0.0031400593026180822
0.0018300463355478322
0.0023220127830798137
GEN 59 time 1600124910
0.0029563221065951784
0.0030269426232689646
0.0017058410808370235
0.0031400593026180822
0.0018300463355478322
0.0023220127830798137
GEN 60 time 1600124925
0.0029563221065951784
0.0030269426232689646
0.0017058410808370235
0.0031400593026180822
0.0018300463355478322
0.0023220127830798137
GEN 61 time 1600124939
0.0029563221065951784
0.0030269426232689646
0.0017058410808370235
0.0029045421357955683
0.0018300463355478322
0.0023220127830798137
GEN 62 time 1600124953
0.0029563221065951784
0.0030269426232689646
0.0017058410808370235
0.0029045421357955683
0.0018300463355478322
0.0023220127830798137
GEN 63 time 1600124968
0.0029563221065951784
0.0030269426232689646
0.0017058410808370235
0.0029045421357955683
0.0018300463355478322
0.0023220127830798137
GEN 64 time 1600124982
0.0029563221065951784
0.0030269426232689646
0.0017058410808370235
0.0029045421357955683
0.0018300463355478322
0.0023220127830798137
GEN 65 time 1600124997
0.0029563221065951784
0.0030269426232689646
0.0017058410808370235
0.0029045421357955683
0.0018300463355478322
0.0023220127830798137
GEN 66 time 1600125012
0.0029563221065951784
0.0030269426232689646
0.0017058410808370235
0.0029045421357955683
0.0018300463355478322
0.0023220127830798137
GEN 67 time 1600125027
0.0029563221065951784
0.0030269426232689646
0.0017058410808370235
0.0029045421357955683
0.0018300463355478322
0.0023220127830798137
GEN 68 time 1600125041
0.0029563221065951784
0.0030269426232689646
0.0017058410808370235
0.0029045421357955683
0.0018300463355478322
0.0023220127830798137
GEN 69 time 1600125055
0.0029563221065951784
0.0030269426232689646
0.0017058410808370235
0.0029045421357955683
0.0018300463355478322
0.0023220127830798137
GEN 70 time 1600125069
0.0029563221065951784
0.0030269426232689646
0.0017058410808370235
0.0029045421357955683
0.0018300463355478322
0.0023220127830798137
GEN 71 time 1600125084
0.0029563221065951784
0.0030269426232689646
0.0017058410808370235
0.0029045421357955683
0.0018300463355478322
0.002125074926529199
GEN 72 time 1600125099
0.0029563221065951784
0.0030269426232689646
0.0017058410808370235
0.0029045421357955683
0.0018300463355478322
0.002125074926529199
GEN 73 time 1600125113
0.0029563221065951784
0.0030269426232689646
0.0017058410808370235
0.0029045421357955683
0.0018300463355478322
0.002125074926529199
GEN 74 time 1600125127
0.0029563221065951784
0.0030269426232689646
0.0017058410808370235
0.0029045421357955683
0.0018300463355478322
0.002125074926529199
GEN 75 time 1600125142
0.0029563221065951784
0.0030269426232689646
0.0017058410808370235
0.0029045421357955683
0.0018300463355478322
0.002125074926529199
GEN 76 time 1600125156
0.0029563221065951784
0.0030269426232689646
0.0017058410808370235
0.002740019302618082
0.0018300463355478322
0.002125074926529199
GEN 77 time 1600125170
0.0029563221065951784
0.0030269426232689646
0.0017058410808370235
0.002740019302618082
0.0018300463355478322
0.002125074926529199
GEN 78 time 1600125185
0.0029563221065951784
0.0030269426232689646
0.0017058410808370235
0.002740019302618082
0.0018300463355478322
0.002125074926529199
GEN 79 time 1600125199
0.0029563221065951784
0.0030269426232689646
0.0017058410808370235
0.002740019302618082
0.0018300463355478322
0.002125074926529199
GEN 80 time 1600125214
0.0029563221065951784
0.0030269426232689646
0.0017058410808370235
0.002740019302618082
0.0018300463355478322
0.002125074926529199
GEN 81 time 1600125228
0.0029563221065951784
0.0030269426232689646
0.0017058410808370235
0.002740019302618082
0.0018300463355478322
0.002125074926529199
GEN 82 time 1600125243
0.0029563221065951784
0.0030269426232689646
0.0017058410808370235
0.002740019302618082
0.0018300463355478322
0.002125074926529199
GEN 83 time 1600125257
0.0029563221065951784
0.0030269426232689646
0.0017058410808370235
0.002740019302618082
0.0018300463355478322
0.002125074926529199
GEN 84 time 1600125272
0.0029563221065951784
0.0030269426232689646
0.0017058410808370235
0.002740019302618082
0.0018300463355478322
0.002125074926529199
GEN 85 time 1600125286
0.0029563221065951784
0.0030269426232689646
0.0017058410808370235
0.002740019302618082
0.0018300463355478322
0.002125074926529199
GEN 86 time 1600125300
0.0029563221065951784
0.0030269426232689646
0.0017058410808370235
0.002740019302618082
0.0018300463355478322
0.002125074926529199
GEN 87 time 1600125315
0.0029563221065951784
0.0030269426232689646
0.0017058410808370235
0.002740019302618082
0.0018300463355478322
0.002125074926529199
GEN 88 time 1600125329
0.0029563221065951784
0.0030269426232689646
0.0017058410808370235
0.002740019302618082
0.0018300463355478322
0.002125074926529199
GEN 89 time 1600125344
0.0029563221065951784
0.0030269426232689646
0.0017058410808370235
0.002740019302618082
0.0018300463355478322
0.002125074926529199
GEN 90 time 1600125358
0.0029563221065951784
0.0030269426232689646
0.0017058410808370235
0.002740019302618082
0.0018300463355478322
0.002125074926529199
GEN 91 time 1600125373
0.0029563221065951784
0.0030269426232689646
0.0017058410808370235
0.002740019302618082
0.0018300463355478322
0.002125074926529199
GEN 92 time 1600125387
0.0029563221065951784
0.0030269426232689646
0.0017058410808370235
0.002740019302618082
0.0018300463355478322
0.002125074926529199
GEN 93 time 1600125401
0.0029563221065951784
0.0030269426232689646
0.0017058410808370235
0.002740019302618082
0.0018300463355478322
0.002125074926529199
GEN 94 time 1600125416
0.0029563221065951784
0.0030269426232689646
0.0017058410808370235
0.002740019302618082
0.0018300463355478322
0.002125074926529199
GEN 95 time 1600125430
0.0029563221065951784
0.0030269426232689646
0.0017058410808370235
0.002740019302618082
0.0018300463355478322
0.002125074926529199
GEN 96 time 1600125443
0.0029563221065951784
0.0030269426232689646
0.0017058410808370235
0.002740019302618082
0.0018300463355478322
0.002125074926529199
GEN 97 time 1600125458
0.0029563221065951784
0.0030269426232689646
0.0017058410808370235
0.002740019302618082
0.0018222592849082649
0.002125074926529199
GEN 98 time 1600125472
0.0029563221065951784
0.0030269426232689646
0.0017058410808370235
0.002740019302618082
0.0018222592849082649
0.002125074926529199
GEN 99 time 1600125487
0.0029563221065951784
0.0030269426232689646
0.0017058410808370235
0.002740019302618082
0.0018222592849082649
0.002125074926529199
GEN 100 time 1600125502
0.0029563221065951784
0.0030269426232689646
0.0017058410808370235
0.002740019302618082
0.0018222592849082649
0.002125074926529199
GEN 101 time 1600125516
0.0029563221065951784
0.0030269426232689646
0.0017058410808370235
0.002740019302618082
0.0018222592849082649
0.002125074926529199
GEN 102 time 1600125531
0.0029563221065951784
0.0030269426232689646
0.0017058410808370235
0.002740019302618082
0.0018222592849082649
0.002125074926529199
GEN 103 time 1600125545
0.0029563221065951784
0.0030269426232689646
0.0017058410808370235
0.002740019302618082
0.0018222592849082649
0.002125074926529199
GEN 104 time 1600125559
0.0029563221065951784
0.0030269426232689646
0.0017058410808370235
0.002740019302618082
0.0018222592849082649
0.002125074926529199
GEN 105 time 1600125573
0.0029563221065951784
0.0030269426232689646
0.0017058410808370235
0.002740019302618082
0.0018222592849082649
0.002125074926529199
GEN 106 time 1600125587
0.0029563221065951784
0.0030269426232689646
0.0017058410808370235
0.002740019302618082
0.0018222592849082649
0.002125074926529199
GEN 107 time 1600125600
0.0029563221065951784
0.0030269426232689646
0.0017058410808370235
0.002740019302618082
0.0018222592849082649
0.002125074926529199
GEN 108 time 1600125615
0.0029563221065951784
0.0030269426232689646
0.0017058410808370235
0.002740019302618082
0.0018222592849082649
0.002125074926529199
GEN 109 time 1600125628
0.0029563221065951784
0.0030269426232689646
0.0017058410808370235
0.002740019302618082
0.0018222592849082649
0.002125074926529199
GEN 110 time 1600125643
0.0029563221065951784
0.0030269426232689646
0.0017058410808370235
0.002740019302618082
0.0018222592849082649
0.002125074926529199
GEN 111 time 1600125656
0.0029563221065951784
0.0030269426232689646
0.0017058410808370235
0.002740019302618082
0.0018222592849082649
0.0021119229158815594
GEN 112 time 1600125670
0.0029563221065951784
0.0030269426232689646
0.0017058410808370235
0.002740019302618082
0.0018222592849082649
0.0021119229158815594
GEN 113 time 1600125685
0.0029563221065951784
0.0030269426232689646
0.0017058410808370235
0.002740019302618082
0.0018222592849082649
0.0021119229158815594
GEN 114 time 1600125700
0.0029563221065951784
0.0030269426232689646
0.0017058410808370235
0.002740019302618082
0.0018222592849082649
0.0021119229158815594
GEN 115 time 1600125714
0.0029563221065951784
0.0030269426232689646
0.0017058410808370235
0.002740019302618082
0.0018222592849082649
0.0021119229158815594
GEN 116 time 1600125728
0.0029563221065951784
0.0030269426232689646
0.0017058410808370235
0.002740019302618082
0.0018222592849082649
0.0019250549265291987
GEN 117 time 1600125742
0.0029563221065951784
0.0030269426232689646
0.0017058410808370235
0.002740019302618082
0.0018222592849082649
0.0019250549265291987
GEN 118 time 1600125756
0.0029563221065951784
0.0030269426232689646
0.0017058410808370235
0.002740019302618082
0.0018222592849082649
0.0019250549265291987
GEN 119 time 1600125770
0.0029563221065951784
0.0030269426232689646
0.0017058410808370235
0.002740019302618082
0.0018222592849082649
0.0019250549265291987
GEN 120 time 1600125785
0.0029563221065951784
0.0030269426232689646
0.0017058410808370235
0.002740019302618082
0.0018222592849082649
0.0019250549265291987
GEN 121 time 1600125799
0.0029563221065951784
0.0030269426232689646
0.0017058410808370235
0.002740019302618082
0.0018222592849082649
0.0019250549265291987
GEN 122 time 1600125813
0.0029563221065951784
0.0030269426232689646
0.0017058410808370235
0.002740019302618082
0.0018222592849082649
0.0019250549265291987
GEN 123 time 1600125827
0.0029563221065951784
0.0030269426232689646
0.0017058410808370235
0.002740019302618082
0.0018222592849082649
0.0019250549265291987
GEN 124 time 1600125842
0.0029563221065951784
0.0030269426232689646
0.0017058410808370235
0.002740019302618082
0.0018222592849082649
0.0019250549265291987
GEN 125 time 1600125855
0.0029563221065951784
0.0030269426232689646
0.0017058410808370235
0.002740019302618082
0.0018222592849082649
0.0019250549265291987
GEN 126 time 1600125870
0.0029563221065951784
0.0030269426232689646
0.0017058410808370235
0.002740019302618082
0.0018222592849082649
0.0019250549265291987
GEN 127 time 1600125884
0.0029563221065951784
0.0030269426232689646
0.0017058410808370235
0.002740019302618082
0.0018222592849082649
0.0019250549265291987
GEN 128 time 1600125898
0.0029563221065951784
0.0030269426232689646
0.0017058410808370235
0.002740019302618082
0.0018222592849082649
0.0019250549265291987
GEN 129 time 1600125912
0.0029563221065951784
0.0030269426232689646
0.0017058410808370235
0.002740019302618082
0.0018222592849082649
0.0019250549265291987
GEN 130 time 1600125926
0.0029563221065951784
0.0030269426232689646
0.0017058410808370235
0.002740019302618082
0.0018222592849082649
0.0019250549265291987
GEN 131 time 1600125940
0.0029563221065951784
0.0030269426232689646
0.0017058410808370235
0.002740019302618082
0.0018222592849082649
0.0019250549265291987
GEN 132 time 1600125954
0.0029563221065951784
0.0030269426232689646
0.0017058410808370235
0.002740019302618082
0.0018222592849082649
0.0019250549265291987
GEN 133 time 1600125969
0.0029563221065951784
0.0030269426232689646
0.0017058410808370235
0.002740019302618082
0.0018222592849082649
0.0019250549265291987
GEN 134 time 1600125983
0.0029563221065951784
0.0030269426232689646
0.0017058410808370235
0.002740019302618082
0.0018222592849082649
0.0019250549265291987
GEN 135 time 1600125998
0.0029563221065951784
0.0030269426232689646
0.0017058410808370235
0.0026234243824679437
0.0018222592849082649
0.0019250549265291987
GEN 136 time 1600126012
0.0029563221065951784
0.0030269426232689646
0.0017058410808370235
0.0026234243824679437
0.0018222592849082649
0.0019250549265291987
GEN 137 time 1600126026
0.0029563221065951784
0.0030269426232689646
0.0017058410808370235
0.0026234243824679437
0.0018222592849082649
0.001911902915881559
GEN 138 time 1600126040
0.0029563221065951784
0.0030269426232689646
0.0017058410808370235
0.0026234243824679437
0.0018222592849082649
0.001911902915881559
GEN 139 time 1600126054
0.0029563221065951784
0.0030269426232689646
0.0017058410808370235
0.0026234243824679437
0.0018222592849082649
0.001911902915881559
GEN 140 time 1600126069
0.0029563221065951784
0.0030269426232689646
0.0017058410808370235
0.0026234243824679437
0.0018222592849082649
0.001911902915881559
GEN 141 time 1600126083
0.0029563221065951784
0.0030269426232689646
0.0017058410808370235
0.0026234243824679437
0.0018222592849082649
0.001911902915881559
GEN 142 time 1600126098
0.0029563221065951784
0.0030269426232689646
0.0017058410808370235
0.0026234243824679437
0.0018222592849082649
0.001911902915881559
GEN 143 time 1600126112
0.0029563221065951784
0.0030269426232689646
0.0017058410808370235
0.0026234243824679437
0.0018222592849082649
0.001911902915881559
GEN 144 time 1600126126
0.0029563221065951784
0.0030269426232689646
0.0017058410808370235
0.0026234243824679437
0.0018222592849082649
0.001911902915881559
GEN 145 time 1600126140
0.0029563221065951784
0.0030269426232689646
0.0017058410808370235
0.0026234243824679437
0.0018222592849082649
0.001911902915881559
GEN 146 time 1600126153
0.0029563221065951784
0.0030269426232689646
0.0017058410808370235
0.0026234243824679437
0.0018222592849082649
0.001911902915881559
GEN 147 time 1600126168
0.0029563221065951784
0.0030269426232689646
0.0017058410808370235
0.0026234243824679437
0.0018222592849082649
0.001911902915881559
GEN 148 time 1600126182
0.0029563221065951784
0.0030269426232689646
0.0017058410808370235
0.0026234243824679437
0.0018222592849082649
0.001911902915881559
GEN 149 time 1600126196
0.0029563221065951784
0.0030269426232689646
0.0017058410808370235
0.0026234243824679437
0.001812291573771233
0.001911902915881559
GEN 150 time 1600126209
0.0029563221065951784
0.0030269426232689646
0.0017058410808370235
0.0026234243824679437
0.001812291573771233
0.001911902915881559
GEN 151 time 1600126223
0.0029563221065951784
0.0030269426232689646
0.0017058410808370235
0.0026234243824679437
0.001812291573771233
0.001911902915881559
GEN 152 time 1600126237
0.0029563221065951784
0.0030269426232689646
0.0017058410808370235
0.0026234243824679437
0.001812291573771233
0.001911902915881559
GEN 153 time 1600126252
0.0029563221065951784
0.0030269426232689646
0.0017058410808370235
0.0026234243824679437
0.001812291573771233
0.001911902915881559
GEN 154 time 1600126266
0.0029563221065951784
0.0030269426232689646
0.0017058410808370235
0.0026234243824679437
0.001812291573771233
0.001911902915881559
GEN 155 time 1600126280
0.0029563221065951784
0.0030269426232689646
0.0017058410808370235
0.0026234243824679437
0.001812291573771233
0.001911902915881559
GEN 156 time 1600126294
0.0029563221065951784
0.0030269426232689646
0.0017058410808370235
0.0026234243824679437
0.001812291573771233
0.001911902915881559
GEN 157 time 1600126308
0.0029563221065951784
0.0030269426232689646
0.0017058410808370235
0.0026234243824679437
0.001812291573771233
0.001911902915881559
GEN 158 time 1600126322
0.0029563221065951784
0.0030269426232689646
0.0017058410808370235
0.0026234243824679437
0.001812291573771233
0.001911902915881559
GEN 159 time 1600126337
0.0029563221065951784
0.0030269426232689646
0.0017058410808370235
0.0026234243824679437
0.001812291573771233
0.001911902915881559
GEN 160 time 1600126351
0.0029563221065951784
0.0030269426232689646
0.0017058410808370235
0.0026234243824679437
0.001812291573771233
0.001911902915881559
GEN 161 time 1600126365
0.0029563221065951784
0.0030269426232689646
0.0017058410808370235
0.0026234243824679437
0.001812291573771233
0.001911902915881559
GEN 162 time 1600126379
0.0029563221065951784
0.0030269426232689646
0.0017058410808370235
0.0026234243824679437
0.001812291573771233
0.001911902915881559
GEN 163 time 1600126394
0.0029563221065951784
0.0030269426232689646
0.0017058410808370235
0.0026234243824679437
0.001812291573771233
0.001911902915881559
GEN 164 time 1600126408
0.0029563221065951784
0.0030269426232689646
0.0017058410808370235
0.0026234243824679437
0.001812291573771233
0.001911902915881559
GEN 165 time 1600126422
0.0029563221065951784
0.0030269426232689646
0.0017058410808370235
0.0026234243824679437
0.001812291573771233
0.001911902915881559
GEN 166 time 1600126436
0.0029563221065951784
0.0030269426232689646
0.0017058410808370235
0.0026234243824679437
0.001812291573771233
0.001911902915881559
GEN 167 time 1600126450
0.0029563221065951784
0.0030269426232689646
0.0017058410808370235
0.0026234243824679437
0.001812291573771233
0.001911902915881559
GEN 168 time 1600126464
0.0029563221065951784
0.0030269426232689646
0.0017058410808370235
0.0026234243824679437
0.001812291573771233
0.001911902915881559
GEN 169 time 1600126479
0.0029563221065951784
0.0030269426232689646
0.0017058410808370235
0.0026234243824679437
0.001812291573771233
0.001911902915881559
GEN 170 time 1600126493
0.0029563221065951784
0.0030269426232689646
0.0017058410808370235
0.0026234243824679437
0.001812291573771233
0.001911902915881559
GEN 171 time 1600126507
0.0029563221065951784
0.0030269426232689646
0.0017058410808370235
0.0026234243824679437
0.001812291573771233
0.001911902915881559
GEN 172 time 1600126521
0.0029563221065951784
0.0030269426232689646
0.0017058410808370235
0.0026234243824679437
0.001812291573771233
0.0017250349265291987
GEN 173 time 1600126535
0.0029563221065951784
0.0030269426232689646
0.0017058410808370235
0.0026234243824679437
0.001812291573771233
0.0017250349265291987
GEN 174 time 1600126549
0.0029563221065951784
0.0030269426232689646
0.0017058410808370235
0.0026234243824679437
0.001812291573771233
0.0017250349265291987
GEN 175 time 1600126563
0.0029563221065951784
0.0030269426232689646
0.0017058410808370235
0.0026234243824679437
0.001812291573771233
0.0017250349265291987
GEN 176 time 1600126577
0.0029563221065951784
0.0030269426232689646
0.0017058410808370235
0.0026234243824679437
0.001812291573771233
0.0017250349265291987
GEN 177 time 1600126591
0.0029563221065951784
0.0030269426232689646
0.0017058410808370235
0.0026234243824679437
0.001812291573771233
0.0017250349265291987
GEN 178 time 1600126605
0.0029563221065951784
0.0030269426232689646
0.0017058410808370235
0.0026234243824679437
0.001812291573771233
0.0017250349265291987
GEN 179 time 1600126619
0.0029563221065951784
0.0030269426232689646
0.0017058410808370235
0.0026234243824679437
0.001812291573771233
0.0017250349265291987
GEN 180 time 1600126633
0.0029563221065951784
0.0030269426232689646
0.0017058410808370235
0.0026234243824679437
0.001812291573771233
0.0017250349265291987
GEN 181 time 1600126647
0.0029563221065951784
0.0030269426232689646
0.0017058410808370235
0.0026234243824679437
0.001812291573771233
0.0017250349265291987
GEN 182 time 1600126661
0.0029563221065951784
0.0030269426232689646
0.0017058410808370235
0.0026234243824679437
0.001812291573771233
0.0017250349265291987
GEN 183 time 1600126675
0.0029563221065951784
0.0030269426232689646
0.0017058410808370235
0.0026234243824679437
0.001812291573771233
0.0017250349265291987
GEN 184 time 1600126689
0.0029563221065951784
0.0030269426232689646
0.0017058410808370235
0.0026234243824679437
0.001812291573771233
0.0017250349265291987
GEN 185 time 1600126703
0.0029563221065951784
0.0030269426232689646
0.0017058410808370235
0.0026234243824679437
0.001812291573771233
0.0017250349265291987
GEN 186 time 1600126717
0.0029563221065951784
0.0030269426232689646
0.0017058410808370235
0.0026234243824679437
0.001812291573771233
0.0017250349265291987
GEN 187 time 1600126732
0.0029563221065951784
0.0030269426232689646
0.0017058410808370235
0.0026234243824679437
0.001812291573771233
0.0017250349265291987
GEN 188 time 1600126746
0.0029563221065951784
0.0030269426232689646
0.0017058410808370235
0.0026234243824679437
0.001812291573771233
0.0017250349265291987
GEN 189 time 1600126760
0.0029563221065951784
0.0030269426232689646
0.0017058410808370235
0.0026234243824679437
0.001812291573771233
0.0017250349265291987
GEN 190 time 1600126775
0.0029563221065951784
0.0030269426232689646
0.0017058410808370235
0.0026234243824679437
0.001812291573771233
0.0017250349265291987
GEN 191 time 1600126788
0.0029563221065951784
0.0030269426232689646
0.0017058410808370235
0.0026234243824679437
0.001812291573771233
0.0017250349265291987
GEN 192 time 1600126803
0.0029563221065951784
0.0030269426232689646
0.0017058410808370235
0.0026234243824679437
0.001812291573771233
0.0017250349265291987
GEN 193 time 1600126817
0.0029563221065951784
0.0030269426232689646
0.0017058410808370235
0.0026234243824679437
0.001812291573771233
0.0017250349265291987
GEN 194 time 1600126831
0.0029563221065951784
0.0030269426232689646
0.0017058410808370235
0.0026234243824679437
0.001812291573771233
0.0017250349265291987
GEN 195 time 1600126845
0.0029563221065951784
0.0030269426232689646
0.0017058410808370235
0.0026234243824679437
0.001812291573771233
0.0017250349265291987
GEN 196 time 1600126859
0.0029563221065951784
0.0030269426232689646
0.0017058410808370235
0.0026234243824679437
0.001812291573771233
0.0017250349265291987
GEN 197 time 1600126873
0.0029563221065951784
0.0030269426232689646
0.0017058410808370235
0.0026234243824679437
0.001812291573771233
0.0017250349265291987
GEN 198 time 1600126887
0.0029563221065951784
0.0030269426232689646
0.0017058410808370235
0.0026234243824679437
0.001812291573771233
0.0017250349265291987
GEN 199 time 1600126901
0.0029563221065951784
0.0030269426232689646
0.0017058410808370235
0.0026234243824679437
0.001812291573771233
0.0017250349265291987
