['./data/small/layer/uu-dem1_r50_1.json', './data/small/layer/uu-dem10_r50_1.json', './data/small/layer/uu-dem1_r25_1.json', './data/small/hop/uu-dem1_r50_1_40.json', './data/small/hop/uu-dem10_r25_1_40.json', './data/small/hop/uu-dem1_r25_1_40.json']
GEN 0 time 1600112752
0.001941006012242239
0.04405184386997951
0.001551319553330646
0.005470919057569114
0.00969509275650532
0.002780063192422966
GEN 1 time 1600112762
0.001941006012242239
0.04405184386997951
0.001551319553330646
0.005470919057569114
0.008017499826757162
0.002780063192422966
GEN 2 time 1600112772
0.001941006012242239
0.04405184386997951
0.00152417491490185
0.005470919057569114
0.008017499826757162
0.0026311471156844025
GEN 3 time 1600112782
0.001941006012242239
0.04405184386997951
0.00152417491490185
0.005470919057569114
0.0064171266300757845
0.0026311471156844025
GEN 4 time 1600112793
0.001941006012242239
0.04405184386997951
0.00152417491490185
0.005470919057569114
0.0064171266300757845
0.0026311471156844025
GEN 5 time 1600112803
0.001941006012242239
0.04405184386997951
0.00152417491490185
0.005383356629027554
0.0064171266300757845
0.0026311471156844025
GEN 6 time 1600112814
0.001941006012242239
0.04405184386997951
0.0014868598269226704
0.005129615219741248
0.0064171266300757845
0.0026311471156844025
GEN 7 time 1600112825
0.001941006012242239
0.04405184386997951
0.0014868598269226704
0.005129615219741248
0.0064171266300757845
0.0026311471156844025
GEN 8 time 1600112835
0.001941006012242239
0.04405184386997951
0.0014868598269226704
0.005129615219741248
0.0064171266300757845
0.0026311471156844025
GEN 9 time 1600112846
0.001941006012242239
0.04405184386997951
0.0014868598269226704
0.005129615219741248
0.0064171266300757845
0.0026311471156844025
GEN 10 time 1600112857
0.001941006012242239
0.04405184386997951
0.0014868598269226704
0.004867947134985005
0.005841817633888943
0.0026311471156844025
GEN 11 time 1600112868
0.001941006012242239
0.04405184386997951
0.0014868598269226704
0.004591918764864629
0.005841817633888943
0.0026311471156844025
GEN 12 time 1600112879
0.001941006012242239
0.04405184386997951
0.0014555776769893962
0.004591918764864629
0.005841817633888943
0.002474186274681849
GEN 13 time 1600112890
0.001941006012242239
0.04405184386997951
0.0014555776769893962
0.004591918764864629
0.005841817633888943
0.002474186274681849
GEN 14 time 1600112901
0.001941006012242239
0.04405184386997951
0.0014555776769893962
0.004591918764864629
0.005261326061268597
0.002474186274681849
GEN 15 time 1600112912
0.001941006012242239
0.04405184386997951
0.0014555776769893962
0.004591918764864629
0.005261326061268597
0.002156031588280948
GEN 16 time 1600112923
0.001941006012242239
0.04405184386997951
0.001305213236732858
0.004591918764864629
0.004694592756505321
0.002156031588280948
GEN 17 time 1600112934
0.001941006012242239
0.04405184386997951
0.001305213236732858
0.004533220452440371
0.004694592756505321
0.002156031588280948
GEN 18 time 1600112945
0.001941006012242239
0.04405184386997951
0.001305213236732858
0.004533220452440371
0.004694592756505321
0.002156031588280948
GEN 19 time 1600112956
0.001941006012242239
0.04405184386997951
0.001305213236732858
0.004533220452440371
0.004694592756505321
0.002156031588280948
GEN 20 time 1600112967
0.001941006012242239
0.04405184386997951
0.001305213236732858
0.004533220452440371
0.004694592756505321
0.002156031588280948
GEN 21 time 1600112978
0.0018059825551550166
0.04405184386997951
0.001305213236732858
0.004533220452440371
0.004694592756505321
0.002156031588280948
GEN 22 time 1600112988
0.0018059825551550166
0.04405184386997951
0.001305213236732858
0.004533220452440371
0.004694592756505321
0.002156031588280948
GEN 23 time 1600112998
0.0018059825551550166
0.04405184386997951
0.001305213236732858
0.004533220452440371
0.004694592756505321
0.002156031588280948
GEN 24 time 1600113009
0.0018059825551550166
0.04405184386997951
0.001305213236732858
0.004533220452440371
0.004694592756505321
0.002156031588280948
GEN 25 time 1600113019
0.0018059825551550166
0.04405184386997951
0.001305213236732858
0.004467907134985005
0.004694592756505321
0.002156031588280948
GEN 26 time 1600113030
0.0018059825551550166
0.04405184386997951
0.001305213236732858
0.004467907134985005
0.004461246061268598
0.002156031588280948
GEN 27 time 1600113041
0.0018059825551550166
0.04405184386997951
0.001305213236732858
0.004467907134985005
0.004294552756505321
0.002156031588280948
GEN 28 time 1600113052
0.0018059825551550166
0.04405184386997951
0.0012054737486709717
0.004266132643336364
0.004294552756505321
0.002156031588280948
GEN 29 time 1600113062
0.0018059825551550166
0.04405184386997951
0.0012054737486709717
0.004266132643336364
0.004294552756505321
0.002156031588280948
GEN 30 time 1600113072
0.0017661292896930202
0.04405184386997951
0.0012054737486709717
0.004266132643336364
0.004261226061268598
0.002156031588280948
GEN 31 time 1600113083
0.0017661292896930202
0.04405184386997951
0.0012054737486709717
0.004149701724164815
0.004261226061268598
0.002156031588280948
GEN 32 time 1600113093
0.0017661292896930202
0.04405184386997951
0.0012054737486709717
0.004149701724164815
0.004261226061268598
0.002156031588280948
GEN 33 time 1600113104
0.0017661292896930202
0.04405184386997951
0.0012054737486709717
0.004149701724164815
0.004061206061268597
0.002156031588280948
GEN 34 time 1600113115
0.0017661292896930202
0.04405184386997951
0.0012054737486709717
0.004149701724164815
0.004061206061268597
0.002156031588280948
GEN 35 time 1600113126
0.0017661292896930202
0.04405184386997951
0.0012054737486709717
0.004149701724164815
0.004061206061268597
0.002156031588280948
GEN 36 time 1600113137
0.0017661292896930202
0.04405184386997951
0.0012054737486709717
0.003882299094822919
0.004061206061268597
0.002156031588280948
GEN 37 time 1600113148
0.0017661292896930202
0.04405184386997951
0.0012054737486709717
0.003882299094822919
0.004061206061268597
0.002156031588280948
GEN 38 time 1600113158
0.0017661292896930202
0.04405184386997951
0.0012054737486709717
0.003882299094822919
0.004061206061268597
0.002156031588280948
GEN 39 time 1600113169
0.0017661292896930202
0.04405184386997951
0.0012054737486709717
0.003882299094822919
0.004061206061268597
0.002156031588280948
GEN 40 time 1600113180
0.0017661292896930202
0.04405184386997951
0.0012054737486709717
0.003882299094822919
0.004061206061268597
0.002156031588280948
GEN 41 time 1600113191
0.0017661292896930202
0.04405184386997951
0.0012054737486709717
0.003882299094822919
0.004061206061268597
0.002156031588280948
GEN 42 time 1600113202
0.0017661292896930202
0.04405184386997951
0.0012054737486709717
0.003882299094822919
0.004061206061268597
0.002156031588280948
GEN 43 time 1600113212
0.0017661292896930202
0.04405184386997951
0.0012054737486709717
0.003882299094822919
0.004061206061268597
0.002156031588280948
GEN 44 time 1600113224
0.0017661292896930202
0.04405184386997951
0.0012054737486709717
0.003882299094822919
0.004061206061268597
0.002156031588280948
GEN 45 time 1600113234
0.0017661292896930202
0.04405184386997951
0.0012054737486709717
0.003882299094822919
0.004061206061268597
0.002156031588280948
GEN 46 time 1600113245
0.0017661292896930202
0.04405184386997951
0.0012054737486709717
0.003882299094822919
0.004061206061268597
0.002156031588280948
GEN 47 time 1600113255
0.0017661292896930202
0.04405184386997951
0.0012054737486709717
0.003882299094822919
0.004061206061268597
0.002156031588280948
GEN 48 time 1600113266
0.0017661292896930202
0.04405184386997951
0.0012054737486709717
0.003882299094822919
0.004061206061268597
0.002156031588280948
GEN 49 time 1600113277
0.0017661292896930202
0.04405184386997951
0.0012054737486709717
0.003882299094822919
0.004061206061268597
0.002156031588280948
GEN 50 time 1600113288
0.0017661292896930202
0.04405184386997951
0.0012054737486709717
0.003882299094822919
0.004061206061268597
0.002156031588280948
GEN 51 time 1600113299
0.0017661292896930202
0.04405184386997951
0.0012054737486709717
0.003882299094822919
0.004061206061268597
0.002156031588280948
GEN 52 time 1600113311
0.0017661292896930202
0.04405184386997951
0.0012054737486709717
0.003882299094822919
0.003294220016375157
0.002156031588280948
GEN 53 time 1600113321
0.0017661292896930202
0.04405184386997951
0.0012054737486709717
0.003882299094822919
0.003294220016375157
0.002156031588280948
GEN 54 time 1600113332
0.0017661292896930202
0.04405184386997951
0.0012054737486709717
0.003882299094822919
0.003294220016375157
0.002156031588280948
GEN 55 time 1600113343
0.0017661292896930202
0.04405184386997951
0.0012054737486709717
0.003882299094822919
0.003294220016375157
0.002156031588280948
GEN 56 time 1600113354
0.0017661292896930202
0.04405184386997951
0.0012054737486709717
0.003882299094822919
0.003294220016375157
0.002156031588280948
GEN 57 time 1600113364
0.0017661292896930202
0.04405184386997951
0.0012054737486709717
0.003882299094822919
0.003294220016375157
0.002156031588280948
GEN 58 time 1600113375
0.0017661292896930202
0.04405184386997951
0.0012054737486709717
0.003882299094822919
0.003294220016375157
0.002156031588280948
GEN 59 time 1600113385
0.0017661292896930202
0.04405184386997951
0.0012054737486709717
0.003882299094822919
0.003294220016375157
0.002156031588280948
GEN 60 time 1600113396
0.0017661292896930202
0.04405184386997951
0.0012054737486709717
0.003882299094822919
0.0032941899060411985
0.002156031588280948
GEN 61 time 1600113406
0.0017661292896930202
0.04405184386997951
0.0012054737486709717
0.003866092643336365
0.0032941899060411985
0.002156031588280948
GEN 62 time 1600113417
0.0017661292896930202
0.04405184386997951
0.0012054737486709717
0.003866092643336365
0.0032941899060411985
0.002156031588280948
GEN 63 time 1600113428
0.0017661292896930202
0.04405184386997951
0.0012054737486709717
0.003866092643336365
0.0032941899060411985
0.002156031588280948
GEN 64 time 1600113439
0.0017661292896930202
0.04405184386997951
0.0012054737486709717
0.0037380735719412294
0.0032941899060411985
0.002156031588280948
GEN 65 time 1600113450
0.0017661292896930202
0.04405184386997951
0.0012054737486709717
0.0037380735719412294
0.0032941899060411985
0.002156031588280948
GEN 66 time 1600113460
0.0017661292896930202
0.04405184386997951
0.0012054737486709717
0.0037380735719412294
0.0032941899060411985
0.002156031588280948
GEN 67 time 1600113471
0.0017661292896930202
0.04405184386997951
0.0012054737486709717
0.0037380735719412294
0.0032941899060411985
0.002156031588280948
GEN 68 time 1600113481
0.0017661292896930202
0.04405184386997951
0.0012054737486709717
0.0037380735719412294
0.0032941899060411985
0.002156031588280948
GEN 69 time 1600113491
0.0017661292896930202
0.04405184386997951
0.0012054737486709717
0.0037380735719412294
0.0032941899060411985
0.002156031588280948
GEN 70 time 1600113502
0.0017661292896930202
0.04405184386997951
0.0012054737486709717
0.0037380735719412294
0.0032941899060411985
0.002156031588280948
GEN 71 time 1600113513
0.0017661292896930202
0.04405184386997951
0.0012054737486709717
0.0037380735719412294
0.0032941899060411985
0.002156031588280948
GEN 72 time 1600113524
0.0017661292896930202
0.04405184386997951
0.0012054737486709717
0.0037380735719412294
0.0032941899060411985
0.002156031588280948
GEN 73 time 1600113534
0.0017661292896930202
0.04405184386997951
0.0012054737486709717
0.0037380735719412294
0.0032941899060411985
0.002156031588280948
GEN 74 time 1600113546
0.0017661292896930202
0.04405184386997951
0.0012054737486709717
0.0037380735719412294
0.0032941899060411985
0.002156031588280948
GEN 75 time 1600113556
0.0017661292896930202
0.04405184386997951
0.0012054737486709717
0.0037380735719412294
0.0032941899060411985
0.002156031588280948
GEN 76 time 1600113566
0.0017661292896930202
0.04405184386997951
0.0012054737486709717
0.0037380735719412294
0.0032941899060411985
0.002156031588280948
GEN 77 time 1600113577
0.0017661292896930202
0.04405184386997951
0.0012054737486709717
0.0037380735719412294
0.0032941899060411985
0.002156031588280948
GEN 78 time 1600113588
0.0017661292896930202
0.04405184386997951
0.0012054737486709717
0.0037380735719412294
0.0032941899060411985
0.002156031588280948
GEN 79 time 1600113598
0.0017661292896930202
0.04405184386997951
0.0012054737486709717
0.0037380735719412294
0.0032941899060411985
0.002156031588280948
GEN 80 time 1600113609
0.0017661292896930202
0.04405184386997951
0.0012054737486709717
0.0037380735719412294
0.0032941899060411985
0.002156031588280948
GEN 81 time 1600113619
0.0017661292896930202
0.04405184386997951
0.0012054737486709717
0.0037380735719412294
0.0032941899060411985
0.002156031588280948
GEN 82 time 1600113631
0.0017661292896930202
0.04405184386997951
0.0012054737486709717
0.0037380735719412294
0.0032941899060411985
0.002156031588280948
GEN 83 time 1600113642
0.0017661292896930202
0.04405184386997951
0.0012054737486709717
0.0037380735719412294
0.0032941899060411985
0.002156031588280948
GEN 84 time 1600113653
0.0017661292896930202
0.04405184386997951
0.0012054737486709717
0.0037380735719412294
0.0032941899060411985
0.002156031588280948
GEN 85 time 1600113663
0.0017661292896930202
0.04405184386997951
0.0012054737486709717
0.0037380735719412294
0.0032941899060411985
0.002156031588280948
GEN 86 time 1600113674
0.0017661292896930202
0.04405184386997951
0.0012054737486709717
0.0037380735719412294
0.0032941899060411985
0.002156031588280948
GEN 87 time 1600113685
0.0017661292896930202
0.04405184386997951
0.0012054737486709717
0.0037380735719412294
0.0032941899060411985
0.002156031588280948
GEN 88 time 1600113696
0.0017661292896930202
0.04405184386997951
0.0012054737486709717
0.0037380735719412294
0.0032941899060411985
0.002156031588280948
GEN 89 time 1600113706
0.0017661292896930202
0.04405184386997951
0.0012054737486709717
0.0037380735719412294
0.0032941899060411985
0.002156031588280948
GEN 90 time 1600113717
0.0017661292896930202
0.04405184386997951
0.0012054737486709717
0.0037380735719412294
0.0032941899060411985
0.002156031588280948
GEN 91 time 1600113728
0.0017661292896930202
0.04405184386997951
0.0012054737486709717
0.0037380735719412294
0.0032941899060411985
0.002156031588280948
GEN 92 time 1600113739
0.0017661292896930202
0.04405184386997951
0.0012054737486709717
0.0037380735719412294
0.003094432756505321
0.002156031588280948
GEN 93 time 1600113750
0.0017661292896930202
0.04405184386997951
0.0012054737486709717
0.0037380735719412294
0.003094432756505321
0.002156031588280948
GEN 94 time 1600113761
0.0017661292896930202
0.04405184386997951
0.0012054737486709717
0.0037380735719412294
0.003094432756505321
0.002156031588280948
GEN 95 time 1600113772
0.0017661292896930202
0.04405184386997951
0.0012054737486709717
0.0037380735719412294
0.003094432756505321
0.002156031588280948
GEN 96 time 1600113785
0.0017661292896930202
0.04405184386997951
0.0012054737486709717
0.0037380735719412294
0.003094432756505321
0.002156031588280948
GEN 97 time 1600113796
0.0017661292896930202
0.04405184386997951
0.0012054737486709717
0.003641992864022493
0.003094432756505321
0.002156031588280948
GEN 98 time 1600113807
0.0017661292896930202
0.04405184386997951
0.0012054737486709717
0.003641992864022493
0.003094432756505321
0.002156031588280948
GEN 99 time 1600113818
0.0017661292896930202
0.04405184386997951
0.0012054737486709717
0.003641992864022493
0.003094432756505321
0.002156031588280948
GEN 100 time 1600113829
0.0017661292896930202
0.04405184386997951
0.0012054737486709717
0.003641992864022493
0.003094432756505321
0.002156031588280948
GEN 101 time 1600113840
0.0017661292896930202
0.04405184386997951
0.0012054737486709717
0.003641992864022493
0.003094432756505321
0.002156031588280948
GEN 102 time 1600113851
0.0017661292896930202
0.04405184386997951
0.0012054737486709717
0.003641992864022493
0.003094432756505321
0.002156031588280948
GEN 103 time 1600113862
0.0017661292896930202
0.04405184386997951
0.0012054737486709717
0.003641992864022493
0.003094432756505321
0.002156031588280948
GEN 104 time 1600113873
0.0017661292896930202
0.04405184386997951
0.0012054737486709717
0.003641992864022493
0.003094432756505321
0.002156031588280948
GEN 105 time 1600113884
0.0017661292896930202
0.04405184386997951
0.0012054737486709717
0.003641992864022493
0.003094432756505321
0.002156031588280948
GEN 106 time 1600113894
0.0017661292896930202
0.04405184386997951
0.0012054737486709717
0.003641992864022493
0.003094432756505321
0.002156031588280948
GEN 107 time 1600113905
0.0017661292896930202
0.04405184386997951
0.0012054737486709717
0.003641992864022493
0.003094432756505321
0.002156031588280948
GEN 108 time 1600113916
0.0017661292896930202
0.04405184386997951
0.0012054737486709717
0.003641992864022493
0.003094432756505321
0.002156031588280948
GEN 109 time 1600113927
0.0017661292896930202
0.04405184386997951
0.0012054737486709717
0.003641992864022493
0.003094432756505321
0.002156031588280948
GEN 110 time 1600113938
0.0017661292896930202
0.04405184386997951
0.0012054737486709717
0.003641992864022493
0.003094432756505321
0.002156031588280948
GEN 111 time 1600113949
0.0017661292896930202
0.04405184386997951
0.0012054737486709717
0.003641992864022493
0.003094432756505321
0.002156031588280948
GEN 112 time 1600113960
0.0017661292896930202
0.04405184386997951
0.0012054737486709717
0.003641992864022493
0.003094432756505321
0.002156031588280948
GEN 113 time 1600113971
0.0017661292896930202
0.04405184386997951
0.0012054737486709717
0.003641992864022493
0.003094432756505321
0.002156031588280948
GEN 114 time 1600113981
0.0017661292896930202
0.04405184386997951
0.0012054737486709717
0.003641992864022493
0.003094432756505321
0.002156031588280948
GEN 115 time 1600113992
0.0017661292896930202
0.04405184386997951
0.0012054737486709717
0.003641992864022493
0.003094432756505321
0.002156031588280948
GEN 116 time 1600114003
0.0017661292896930202
0.04405184386997951
0.0012054737486709717
0.003641992864022493
0.003094432756505321
0.002156031588280948
GEN 117 time 1600114014
0.0017661292896930202
0.04405184386997951
0.0012054737486709717
0.003641992864022493
0.003094432756505321
0.002156031588280948
GEN 118 time 1600114025
0.0017661292896930202
0.04405184386997951
0.0012054737486709717
0.003641992864022493
0.003094432756505321
0.002156031588280948
GEN 119 time 1600114036
0.0017661292896930202
0.04405184386997951
0.0012054737486709717
0.003641992864022493
0.0030942000163751565
0.002156031588280948
GEN 120 time 1600114047
0.0017661292896930202
0.04405184386997951
0.0012054737486709717
0.003641992864022493
0.0030942000163751565
0.002156031588280948
GEN 121 time 1600114057
0.0017661292896930202
0.04405184386997951
0.0012054737486709717
0.003641992864022493
0.0030942000163751565
0.002156031588280948
GEN 122 time 1600114069
0.0017661292896930202
0.04405184386997951
0.0012054737486709717
0.003641992864022493
0.0030942000163751565
0.002156031588280948
GEN 123 time 1600114079
0.0017661292896930202
0.04405184386997951
0.0012054737486709717
0.003641992864022493
0.003061106061268597
0.002156031588280948
GEN 124 time 1600114091
0.0017661292896930202
0.04405184386997951
0.0012054737486709717
0.003641992864022493
0.003061106061268597
0.002156031588280948
GEN 125 time 1600114102
0.0017661292896930202
0.04405184386997951
0.0012054737486709717
0.003641992864022493
0.003061106061268597
0.002156031588280948
GEN 126 time 1600114113
0.0017661292896930202
0.04405184386997951
0.0012054737486709717
0.003641992864022493
0.003061106061268597
0.002156031588280948
GEN 127 time 1600114124
0.0017661292896930202
0.04405184386997951
0.0012054737486709717
0.003641992864022493
0.003061106061268597
0.002156031588280948
GEN 128 time 1600114135
0.0017661292896930202
0.04405184386997951
0.0012054737486709717
0.003641992864022493
0.003061106061268597
0.002156031588280948
GEN 129 time 1600114147
0.0017661292896930202
0.04405184386997951
0.0012054737486709717
0.003641992864022493
0.003061106061268597
0.002156031588280948
GEN 130 time 1600114158
0.0017661292896930202
0.04405184386997951
0.0012054737486709717
0.003641992864022493
0.003061106061268597
0.002156031588280948
GEN 131 time 1600114169
0.0017661292896930202
0.04405184386997951
0.0012054737486709717
0.003641992864022493
0.003061106061268597
0.002156031588280948
GEN 132 time 1600114180
0.0017661292896930202
0.04405184386997951
0.0012054737486709717
0.003641992864022493
0.003061106061268597
0.002156031588280948
GEN 133 time 1600114191
0.0017661292896930202
0.04405184386997951
0.0012054737486709717
0.003641992864022493
0.003061106061268597
0.002156031588280948
GEN 134 time 1600114202
0.0017661292896930202
0.04405184386997951
0.0012054737486709717
0.003641992864022493
0.003061106061268597
0.002156031588280948
GEN 135 time 1600114213
0.0017661292896930202
0.04405184386997951
0.0012054737486709717
0.003641992864022493
0.003061106061268597
0.002156031588280948
GEN 136 time 1600114224
0.0017661292896930202
0.04405184386997951
0.0012054737486709717
0.003641992864022493
0.003061106061268597
0.002156031588280948
GEN 137 time 1600114236
0.0017661292896930202
0.04405184386997951
0.0012054737486709717
0.003641992864022493
0.003061106061268597
0.002156031588280948
GEN 138 time 1600114247
0.0017661292896930202
0.04405184386997951
0.0012054737486709717
0.003641992864022493
0.003061106061268597
0.002156031588280948
GEN 139 time 1600114257
0.0017661292896930202
0.04405184386997951
0.0012054737486709717
0.003641992864022493
0.003061106061268597
0.002156031588280948
GEN 140 time 1600114269
0.0017661292896930202
0.04405184386997951
0.0012054737486709717
0.003641992864022493
0.003061106061268597
0.002156031588280948
GEN 141 time 1600114280
0.0017661292896930202
0.04405184386997951
0.0012054737486709717
0.003641992864022493
0.003061106061268597
0.002156031588280948
GEN 142 time 1600114291
0.0017661292896930202
0.04405184386997951
0.0012054737486709717
0.003641992864022493
0.003061106061268597
0.002156031588280948
GEN 143 time 1600114302
0.0017661292896930202
0.04405184386997951
0.0012054737486709717
0.003641992864022493
0.003061106061268597
0.002156031588280948
GEN 144 time 1600114313
0.0017661292896930202
0.04405184386997951
0.0012054737486709717
0.003641992864022493
0.003061106061268597
0.002156031588280948
GEN 145 time 1600114324
0.0017661292896930202
0.04405184386997951
0.0012054737486709717
0.003641992864022493
0.003061106061268597
0.002156031588280948
GEN 146 time 1600114335
0.0017661292896930202
0.04405184386997951
0.0012054737486709717
0.003641992864022493
0.003061106061268597
0.002156031588280948
GEN 147 time 1600114346
0.0017661292896930202
0.04405184386997951
0.0012054737486709717
0.003641992864022493
0.003061106061268597
0.002156031588280948
GEN 148 time 1600114357
0.0017661292896930202
0.04405184386997951
0.0012054737486709717
0.003641992864022493
0.003061106061268597
0.002156031588280948
GEN 149 time 1600114368
0.0017661292896930202
0.04405184386997951
0.0012054737486709717
0.003441972864022493
0.003061106061268597
0.002156031588280948
GEN 150 time 1600114379
0.0017661292896930202
0.04405184386997951
0.0012054737486709717
0.003441972864022493
0.003061106061268597
0.002156031588280948
GEN 151 time 1600114390
0.0017661292896930202
0.04405184386997951
0.0012054737486709717
0.003441972864022493
0.003061106061268597
0.002156031588280948
GEN 152 time 1600114400
0.0017661292896930202
0.04405184386997951
0.0012054737486709717
0.003441972864022493
0.0028944127565053213
0.002156031588280948
GEN 153 time 1600114411
0.0017661292896930202
0.04405184386997951
0.0012054737486709717
0.003441972864022493
0.0028944127565053213
0.002156031588280948
GEN 154 time 1600114421
0.0017661292896930202
0.04405184386997951
0.0012054737486709717
0.003441972864022493
0.0028944127565053213
0.002156031588280948
GEN 155 time 1600114432
0.0017661292896930202
0.04405184386997951
0.0012054737486709717
0.003441972864022493
0.0028944127565053213
0.002156031588280948
GEN 156 time 1600114443
0.0017661292896930202
0.04405184386997951
0.0012054737486709717
0.003441972864022493
0.0028944127565053213
0.002156031588280948
GEN 157 time 1600114453
0.0017661292896930202
0.04405184386997951
0.0012054737486709717
0.003441972864022493
0.0028944127565053213
0.002156031588280948
GEN 158 time 1600114464
0.0017661292896930202
0.04405184386997951
0.0012054737486709717
0.003441972864022493
0.0028944127565053213
0.002156031588280948
GEN 159 time 1600114475
0.0017661292896930202
0.04405184386997951
0.0012054737486709717
0.003441972864022493
0.0028944127565053213
0.002156031588280948
GEN 160 time 1600114485
0.0017661292896930202
0.04405184386997951
0.0012054737486709717
0.003417600865187603
0.0028944127565053213
0.002156031588280948
GEN 161 time 1600114497
0.0017661292896930202
0.04405184386997951
0.0012054737486709717
0.003417600865187603
0.0028944127565053213
0.002156031588280948
GEN 162 time 1600114507
0.0017661292896930202
0.04405184386997951
0.0012054737486709717
0.003417600865187603
0.0028944127565053213
0.002156031588280948
GEN 163 time 1600114518
0.0017661292896930202
0.04405184386997951
0.0012054737486709717
0.003417600865187603
0.0028944127565053213
0.002156031588280948
GEN 164 time 1600114529
0.0017661292896930202
0.04405184386997951
0.0012054737486709717
0.003417600865187603
0.0028944127565053213
0.002156031588280948
GEN 165 time 1600114540
0.0017661292896930202
0.04405184386997951
0.0012054737486709717
0.003417600865187603
0.0028944127565053213
0.002031087115684402
GEN 166 time 1600114552
0.0017661292896930202
0.04405184386997951
0.0012054737486709717
0.003417600865187603
0.0028944127565053213
0.002031087115684402
GEN 167 time 1600114562
0.0017661292896930202
0.04405184386997951
0.0012054737486709717
0.003417600865187603
0.0028944127565053213
0.002031087115684402
GEN 168 time 1600114573
0.0017661292896930202
0.04405184386997951
0.0012054737486709717
0.003417600865187603
0.0028944127565053213
0.002031087115684402
GEN 169 time 1600114584
0.0017661292896930202
0.04405184386997951
0.0012054737486709717
0.003417600865187603
0.0028944127565053213
0.002031087115684402
GEN 170 time 1600114595
0.0017661292896930202
0.04405184386997951
0.0012054737486709717
0.003417600865187603
0.0028944127565053213
0.002031087115684402
GEN 171 time 1600114605
0.0017661292896930202
0.04405184386997951
0.0012054737486709717
0.003417600865187603
0.0028944127565053213
0.002031087115684402
GEN 172 time 1600114616
0.0017661292896930202
0.04405184386997951
0.0012054737486709717
0.003417600865187603
0.0028944127565053213
0.002031087115684402
GEN 173 time 1600114627
0.0017661292896930202
0.04405184386997951
0.0012054737486709717
0.003417600865187603
0.0028944127565053213
0.002031087115684402
GEN 174 time 1600114638
0.0017661292896930202
0.04405184386997951
0.0012054737486709717
0.003417600865187603
0.0028944127565053213
0.002031087115684402
GEN 175 time 1600114648
0.0017661292896930202
0.04405184386997951
0.0012054737486709717
0.003417600865187603
0.0028944127565053213
0.002031087115684402
GEN 176 time 1600114659
0.0017661292896930202
0.04405184386997951
0.0012054737486709717
0.003241952864022493
0.0028944127565053213
0.002031087115684402
GEN 177 time 1600114670
0.0017661292896930202
0.04405184386997951
0.0012054737486709717
0.003241952864022493
0.0028944127565053213
0.002031087115684402
GEN 178 time 1600114681
0.0017661292896930202
0.04405184386997951
0.0012054737486709717
0.003241952864022493
0.0028944127565053213
0.002031087115684402
GEN 179 time 1600114691
0.0017661292896930202
0.04405184386997951
0.0012054737486709717
0.003241952864022493
0.0028944127565053213
0.002031087115684402
GEN 180 time 1600114702
0.0017661292896930202
0.04405184386997951
0.0012054737486709717
0.003241952864022493
0.0028944127565053213
0.002031087115684402
GEN 181 time 1600114712
0.0017661292896930202
0.04405184386997951
0.0012054737486709717
0.003241952864022493
0.0028944127565053213
0.002031087115684402
GEN 182 time 1600114723
0.0017661292896930202
0.04405184386997951
0.0012054737486709717
0.003241952864022493
0.0028944127565053213
0.002031087115684402
GEN 183 time 1600114734
0.0017661292896930202
0.04405184386997951
0.0012054737486709717
0.003241952864022493
0.0028944127565053213
0.002031087115684402
GEN 184 time 1600114744
0.0017661292896930202
0.04405184386997951
0.0012054737486709717
0.003241952864022493
0.0028944127565053213
0.002031087115684402
GEN 185 time 1600114756
0.0017661292896930202
0.04405184386997951
0.0012054737486709717
0.003241952864022493
0.0028944127565053213
0.002031087115684402
GEN 186 time 1600114766
0.0017661292896930202
0.04405184386997951
0.0012054737486709717
0.003241952864022493
0.0028944127565053213
0.002031087115684402
GEN 187 time 1600114777
0.0017661292896930202
0.04405184386997951
0.0012054737486709717
0.003241952864022493
0.0028944127565053213
0.002031087115684402
GEN 188 time 1600114787
0.0017661292896930202
0.04405184386997951
0.0012054737486709717
0.003241952864022493
0.0028944127565053213
0.002031087115684402
GEN 189 time 1600114798
0.0017661292896930202
0.04405184386997951
0.0012054737486709717
0.003241952864022493
0.0028944127565053213
0.002031087115684402
GEN 190 time 1600114808
0.0017661292896930202
0.04405184386997951
0.0012054737486709717
0.003241952864022493
0.0028944127565053213
0.002031087115684402
GEN 191 time 1600114819
0.0017661292896930202
0.04405184386997951
0.0012054737486709717
0.003241952864022493
0.0028944127565053213
0.002031087115684402
GEN 192 time 1600114829
0.0017661292896930202
0.04405184386997951
0.0012054737486709717
0.003241952864022493
0.0028944127565053213
0.002031087115684402
GEN 193 time 1600114840
0.0017661292896930202
0.04405184386997951
0.0012054737486709717
0.003241952864022493
0.0028944127565053213
0.002031087115684402
GEN 194 time 1600114850
0.0017661292896930202
0.04405184386997951
0.0012054737486709717
0.003241952864022493
0.0028944127565053213
0.002031087115684402
GEN 195 time 1600114861
0.0017661292896930202
0.04405184386997951
0.0012054737486709717
0.003241952864022493
0.0028944127565053213
0.002031087115684402
GEN 196 time 1600114871
0.0017661292896930202
0.04405184386997951
0.0012054737486709717
0.003241952864022493
0.0028944127565053213
0.002031087115684402
GEN 197 time 1600114882
0.0017661292896930202
0.04405184386997951
0.0012054737486709717
0.003241952864022493
0.0028944127565053213
0.002031087115684402
GEN 198 time 1600114892
0.0017661292896930202
0.04405184386997951
0.0012054737486709717
0.003241952864022493
0.0028944127565053213
0.002031087115684402
GEN 199 time 1600114903
0.0017661292896930202
0.04405184386997951
0.0012054737486709717
0.003241952864022493
0.0028944127565053213
0.002031087115684402
