['./data/small/layer/uu-dem7_r25_1.json', './data/small/layer/uu-dem2_r25_1.json', './data/small/layer/uu-dem8_r25_1.json', './data/small/hop/uu-dem7_r25_1_0.json', './data/small/hop/uu-dem4_r25_1_0.json', './data/small/hop/uu-dem5_r25_1_0.json']
GEN 0 time 1602101338
0.0023368348238357903
0.001561085432213952
0.0019331241698611365
0.0019022303093045982
0.0019152862785722824
0.0023028058444607667
GEN 1 time 1602101342
0.0023368348238357903
0.001561085432213952
0.0019331241698611365
0.0019022303093045982
0.0019152862785722824
0.0023028058444607667
GEN 2 time 1602101347
0.0023368348238357903
0.0013921767546161415
0.0019331241698611365
0.0019022303093045982
0.0019152862785722824
0.0020364809495579768
GEN 3 time 1602101352
0.0023368348238357903
0.0013921767546161415
0.0019331241698611365
0.0016763464376976316
0.0019152862785722824
0.0019523669993034354
GEN 4 time 1602101357
0.0023368348238357903
0.0013921767546161415
0.0019331241698611365
0.0016763464376976316
0.0019152862785722824
0.0019523669993034354
GEN 5 time 1602101363
0.0023368348238357903
0.0013921767546161415
0.0019331241698611365
0.0016763464376976316
0.0019152862785722824
0.0019380827103349263
GEN 6 time 1602101368
0.0023368348238357903
0.0013921767546161415
0.0019331241698611365
0.0016763464376976316
0.0019075991021552212
0.0019380827103349263
GEN 7 time 1602101374
0.0023368348238357903
0.0012560922036427829
0.0019331241698611365
0.0016763464376976316
0.0019075991021552212
0.0019304833293745053
GEN 8 time 1602101380
0.0023368348238357903
0.0012560922036427829
0.0019331241698611365
0.0016763464376976316
0.0019075991021552212
0.0019304833293745053
GEN 9 time 1602101387
0.0023368348238357903
0.0012560922036427829
0.0019331241698611365
0.0016763464376976316
0.0019075991021552212
0.0019304833293745053
GEN 10 time 1602101393
0.0023368348238357903
0.0012560922036427829
0.0019331241698611365
0.0016763464376976316
0.0018172061389345553
0.0019304833293745053
GEN 11 time 1602101399
0.0023368348238357903
0.0012560922036427829
0.0019331241698611365
0.0016763464376976316
0.0018172061389345553
0.0019304833293745053
GEN 12 time 1602101405
0.0023368348238357903
0.0012560922036427829
0.0019331241698611365
0.0016763464376976316
0.0018172061389345553
0.0019304833293745053
GEN 13 time 1602101411
0.0023368348238357903
0.0012560922036427829
0.0019331241698611365
0.0016763464376976316
0.0018172061389345553
0.0019304833293745053
GEN 14 time 1602101417
0.0023368348238357903
0.0012560922036427829
0.0019331241698611365
0.0016763464376976316
0.0018172061389345553
0.0019304833293745053
GEN 15 time 1602101424
0.0023368348238357903
0.0012560922036427829
0.0019331241698611365
0.0016763464376976316
0.0018172061389345553
0.0019304833293745053
GEN 16 time 1602101430
0.0023368348238357903
0.0012560922036427829
0.0019331241698611365
0.0016763464376976316
0.0018172061389345553
0.0019304833293745053
GEN 17 time 1602101436
0.0023368348238357903
0.0012560922036427829
0.0019331241698611365
0.0016763464376976316
0.0017728788496444831
0.0019304833293745053
GEN 18 time 1602101442
0.0023368348238357903
0.0012560922036427829
0.0019331241698611365
0.0016763464376976316
0.0017728788496444831
0.0019304833293745053
GEN 19 time 1602101449
0.0023368348238357903
0.0012560922036427829
0.0019331241698611365
0.0016763464376976316
0.0017728788496444831
0.0018561064175517939
GEN 20 time 1602101455
0.0023368348238357903
0.0012560922036427829
0.0019331241698611365
0.0016763464376976316
0.0017728788496444831
0.0018561064175517939
GEN 21 time 1602101461
0.0023368348238357903
0.0012293557333399282
0.0019331241698611365
0.0016763464376976316
0.0017728788496444831
0.0018561064175517939
GEN 22 time 1602101468
0.0023368348238357903
0.0012293557333399282
0.0019331241698611365
0.0016763464376976316
0.0017728788496444831
0.0018561064175517939
GEN 23 time 1602101474
0.0023368348238357903
0.0012293557333399282
0.0019331241698611365
0.0016763464376976316
0.0017728788496444831
0.0018561064175517939
GEN 24 time 1602101481
0.0023368348238357903
0.0012293557333399282
0.0019331241698611365
0.0016763464376976316
0.0017728788496444831
0.0018561064175517939
GEN 25 time 1602101487
0.0023368348238357903
0.0012293557333399282
0.0019331241698611365
0.0016763464376976316
0.0017728788496444831
0.0018561064175517939
GEN 26 time 1602101494
0.0023368348238357903
0.0012293557333399282
0.0019331241698611365
0.0016763464376976316
0.0017149439123802677
0.0018561064175517939
GEN 27 time 1602101500
0.0023368348238357903
0.0012293557333399282
0.0019331241698611365
0.0016763464376976316
0.0017149439123802677
0.0018561064175517939
GEN 28 time 1602101507
0.0023368348238357903
0.0012293557333399282
0.0019331241698611365
0.0016763464376976316
0.0017149439123802677
0.0018561064175517939
GEN 29 time 1602101513
0.0023368348238357903
0.0012293557333399282
0.0019331241698611365
0.0016763464376976316
0.0016859320134868514
0.0017027458444607668
GEN 30 time 1602101520
0.0023368348238357903
0.0012293557333399282
0.0019331241698611365
0.0016763464376976316
0.0016859320134868514
0.0017027458444607668
GEN 31 time 1602101527
0.0023368348238357903
0.0012293557333399282
0.0019331241698611365
0.0016763464376976316
0.0016859320134868514
0.0017027458444607668
GEN 32 time 1602101533
0.0023368348238357903
0.0012293557333399282
0.0019331241698611365
0.0016763464376976316
0.0016859320134868514
0.0017027458444607668
GEN 33 time 1602101540
0.0023368348238357903
0.0012293557333399282
0.0019331241698611365
0.0016763464376976316
0.0016859320134868514
0.0017027458444607668
GEN 34 time 1602101547
0.0023368348238357903
0.0012293557333399282
0.0019331241698611365
0.0016763464376976316
0.0016859320134868514
0.0017027458444607668
GEN 35 time 1602101554
0.0023368348238357903
0.0012293557333399282
0.0019331241698611365
0.0016763464376976316
0.0016859320134868514
0.0017027458444607668
GEN 36 time 1602101561
0.0023368348238357903
0.0012293557333399282
0.0019331241698611365
0.0016763464376976316
0.0016859320134868514
0.0017027458444607668
GEN 37 time 1602101567
0.0023368348238357903
0.0012293557333399282
0.0019331241698611365
0.0016763464376976316
0.0016859320134868514
0.0017027458444607668
GEN 38 time 1602101574
0.0023368348238357903
0.0012293557333399282
0.0019331241698611365
0.0016763464376976316
0.0016859320134868514
0.0017027458444607668
GEN 39 time 1602101581
0.0023368348238357903
0.0012293557333399282
0.0019331241698611365
0.0016763464376976316
0.0016859320134868514
0.0017027458444607668
GEN 40 time 1602101587
0.0023368348238357903
0.0012293557333399282
0.0019331241698611365
0.0016763464376976316
0.0016859320134868514
0.0017027458444607668
GEN 41 time 1602101594
0.0023368348238357903
0.0012293557333399282
0.0019331241698611365
0.0016763464376976316
0.0016859320134868514
0.0017027458444607668
GEN 42 time 1602101601
0.0023368348238357903
0.0012293557333399282
0.0019331241698611365
0.0016763464376976316
0.0016859320134868514
0.0017027458444607668
GEN 43 time 1602101608
0.0023368348238357903
0.0012293557333399282
0.0019331241698611365
0.0016763464376976316
0.0016859320134868514
0.0017027458444607668
GEN 44 time 1602101615
0.0023368348238357903
0.0012293557333399282
0.0019331241698611365
0.0016763464376976316
0.0016859320134868514
0.0017027458444607668
GEN 45 time 1602101621
0.0023368348238357903
0.0012293557333399282
0.0019331241698611365
0.0016763464376976316
0.0016859320134868514
0.0017027458444607668
GEN 46 time 1602101628
0.0023368348238357903
0.0012293557333399282
0.0019331241698611365
0.0016763464376976316
0.0016859320134868514
0.0017027458444607668
GEN 47 time 1602101635
0.0023368348238357903
0.0012293557333399282
0.0019331241698611365
0.0016763464376976316
0.0016859320134868514
0.0017027458444607668
GEN 48 time 1602101642
0.0023368348238357903
0.0012293557333399282
0.0019331241698611365
0.0016763464376976316
0.0016859320134868514
0.0017027458444607668
GEN 49 time 1602101649
0.0023368348238357903
0.0012293557333399282
0.0019331241698611365
0.0016763464376976316
0.0016859320134868514
0.0017027458444607668
GEN 50 time 1602101656
0.0023368348238357903
0.0012293557333399282
0.0019331241698611365
0.0016763464376976316
0.0016859320134868514
0.0017027458444607668
GEN 51 time 1602101663
0.0023368348238357903
0.0012293557333399282
0.0019331241698611365
0.0016763464376976316
0.0016859320134868514
0.0017027458444607668
GEN 52 time 1602101670
0.0023368348238357903
0.0012293557333399282
0.0019331241698611365
0.0016763464376976316
0.0016859320134868514
0.0017027458444607668
GEN 53 time 1602101677
0.0023368348238357903
0.0012293557333399282
0.0019331241698611365
0.0016763464376976316
0.0016859320134868514
0.0017027458444607668
GEN 54 time 1602101685
0.0023368348238357903
0.0012293557333399282
0.0019331241698611365
0.0016763464376976316
0.0016859320134868514
0.0017027458444607668
GEN 55 time 1602101692
0.0023368348238357903
0.0012293557333399282
0.0019331241698611365
0.0016763464376976316
0.0016859320134868514
0.0017027458444607668
GEN 56 time 1602101699
0.0023368348238357903
0.0012293557333399282
0.0019331241698611365
0.0016763464376976316
0.0016859320134868514
0.0017027458444607668
GEN 57 time 1602101705
0.0023368348238357903
0.0012293557333399282
0.0019331241698611365
0.0016763464376976316
0.0016859320134868514
0.0017027458444607668
GEN 58 time 1602101712
0.0023368348238357903
0.0012293557333399282
0.0019331241698611365
0.0016760368010473575
0.0016859320134868514
0.0017027458444607668
GEN 59 time 1602101719
0.0023368348238357903
0.0012293557333399282
0.0019331241698611365
0.0016760368010473575
0.0016859320134868514
0.0017027458444607668
GEN 60 time 1602101726
0.0023368348238357903
0.0012293557333399282
0.0019331241698611365
0.0016760368010473575
0.0016859320134868514
0.0017027458444607668
GEN 61 time 1602101733
0.0023368348238357903
0.0012293557333399282
0.0019331241698611365
0.001622709393966249
0.0016859320134868514
0.0017027458444607668
GEN 62 time 1602101740
0.0023368348238357903
0.0012293557333399282
0.0019331241698611365
0.001622709393966249
0.0016859320134868514
0.0017027458444607668
GEN 63 time 1602101747
0.0023368348238357903
0.0012293557333399282
0.0019331241698611365
0.001622709393966249
0.0016859320134868514
0.0017027458444607668
GEN 64 time 1602101754
0.0023368348238357903
0.0012293557333399282
0.0019331241698611365
0.001622709393966249
0.001627600378171951
0.0017027458444607668
GEN 65 time 1602101761
0.0023368348238357903
0.0012293557333399282
0.0019331241698611365
0.001622709393966249
0.001627600378171951
0.0017027458444607668
GEN 66 time 1602101768
0.0023368348238357903
0.0012293557333399282
0.0019331241698611365
0.001622709393966249
0.001627600378171951
0.0017027458444607668
GEN 67 time 1602101775
0.0023368348238357903
0.0012293557333399282
0.0019331241698611365
0.001622709393966249
0.001627600378171951
0.0017027458444607668
GEN 68 time 1602101782
0.0023368348238357903
0.0012293557333399282
0.0019331241698611365
0.0015227288836851117
0.001627600378171951
0.0017027458444607668
GEN 69 time 1602101789
0.0023368348238357903
0.0012293557333399282
0.0019331241698611365
0.0015227288836851117
0.001627600378171951
0.0017027458444607668
GEN 70 time 1602101795
0.0023368348238357903
0.0012293557333399282
0.0019331241698611365
0.0015227288836851117
0.001627600378171951
0.0017027458444607668
GEN 71 time 1602101802
0.0023368348238357903
0.0012293557333399282
0.0019331241698611365
0.0015227288836851117
0.001627600378171951
0.0017027458444607668
GEN 72 time 1602101809
0.0023368348238357903
0.0012293557333399282
0.0019331241698611365
0.0015227288836851117
0.001627600378171951
0.0017027458444607668
GEN 73 time 1602101816
0.0023368348238357903
0.0012293557333399282
0.0019331241698611365
0.0015227288836851117
0.001627600378171951
0.0017027458444607668
GEN 74 time 1602101823
0.0023368348238357903
0.0012293557333399282
0.0019331241698611365
0.0015227288836851117
0.001627600378171951
0.0017027458444607668
GEN 75 time 1602101829
0.0023368348238357903
0.0012293557333399282
0.0019331241698611365
0.0015227288836851117
0.001627600378171951
0.0017027458444607668
GEN 76 time 1602101836
0.0023368348238357903
0.0012293557333399282
0.0019331241698611365
0.0015227288836851117
0.001627600378171951
0.0017027458444607668
GEN 77 time 1602101843
0.0023368348238357903
0.0012293557333399282
0.0019331241698611365
0.0015227288836851117
0.001627600378171951
0.0016437466777999147
GEN 78 time 1602101850
0.0023368348238357903
0.0012293557333399282
0.0019331241698611365
0.0015192694504190512
0.001627600378171951
0.0016437466777999147
GEN 79 time 1602101857
0.0023368348238357903
0.0012293557333399282
0.0019331241698611365
0.0015192694504190512
0.001627600378171951
0.0016437466777999147
GEN 80 time 1602101864
0.0023368348238357903
0.0012293557333399282
0.0019331241698611365
0.0015192694504190512
0.001627600378171951
0.0016437466777999147
GEN 81 time 1602101871
0.0023368348238357903
0.0012293557333399282
0.0019331241698611365
0.0015192694504190512
0.001627600378171951
0.0016437466777999147
GEN 82 time 1602101878
0.0023368348238357903
0.0012293557333399282
0.0019331241698611365
0.0015192694504190512
0.0016268975860854527
0.0016437466777999147
GEN 83 time 1602101885
0.0023368348238357903
0.0012293557333399282
0.0019331241698611365
0.0015192694504190512
0.0016268975860854527
0.0016437466777999147
GEN 84 time 1602101892
0.0023368348238357903
0.0012293557333399282
0.0019331241698611365
0.0015192694504190512
0.0016268975860854527
0.0016437466777999147
GEN 85 time 1602101899
0.0023368348238357903
0.0012293557333399282
0.0019331241698611365
0.0015192694504190512
0.0016268975860854527
0.0016437466777999147
GEN 86 time 1602101905
0.0023368348238357903
0.0012293557333399282
0.0019331241698611365
0.0015192694504190512
0.0016268975860854527
0.0016437466777999147
GEN 87 time 1602101912
0.0023368348238357903
0.001205898889431391
0.0019331241698611365
0.0015192694504190512
0.0016268975860854527
0.0016437466777999147
GEN 88 time 1602101919
0.0023368348238357903
0.001205898889431391
0.0019331241698611365
0.0015192694504190512
0.0016268975860854527
0.0016437466777999147
GEN 89 time 1602101927
0.0023368348238357903
0.001205898889431391
0.0019331241698611365
0.0015192694504190512
0.0016268975860854527
0.0016437466777999147
GEN 90 time 1602101934
0.0023368348238357903
0.001205898889431391
0.0019331241698611365
0.0015192694504190512
0.0016268975860854527
0.0016437466777999147
GEN 91 time 1602101941
0.0023368348238357903
0.001205898889431391
0.0019331241698611365
0.0015192694504190512
0.0016268975860854527
0.0016437466777999147
GEN 92 time 1602101948
0.0023368348238357903
0.001205898889431391
0.0019331241698611365
0.0015192694504190512
0.0016268975860854527
0.0016437466777999147
GEN 93 time 1602101955
0.0023368348238357903
0.001205898889431391
0.0019331241698611365
0.0015192694504190512
0.0016268975860854527
0.0016437466777999147
GEN 94 time 1602101962
0.0023368348238357903
0.001205898889431391
0.0019331241698611365
0.0015192694504190512
0.0016268975860854527
0.0016437466777999147
GEN 95 time 1602101969
0.0023368348238357903
0.001205898889431391
0.0019331241698611365
0.0015192694504190512
0.0016268975860854527
0.0016437466777999147
GEN 96 time 1602101977
0.0023368348238357903
0.001205898889431391
0.0019331241698611365
0.0015192694504190512
0.0016268975860854527
0.0016437466777999147
GEN 97 time 1602101984
0.0023368348238357903
0.001205898889431391
0.0019331241698611365
0.0015192694504190512
0.0016268975860854527
0.0016437466777999147
GEN 98 time 1602101991
0.0023368348238357903
0.001205898889431391
0.0019331241698611365
0.0015192694504190512
0.0016268975860854527
0.0016437466777999147
GEN 99 time 1602101998
0.0023368348238357903
0.001205898889431391
0.0019331241698611365
0.0015192694504190512
0.0016268975860854527
0.0016437466777999147
GEN 100 time 1602102005
0.0023368348238357903
0.001205898889431391
0.0019331241698611365
0.0015192694504190512
0.0016268975860854527
0.0016437466777999147
GEN 101 time 1602102012
0.0023368348238357903
0.001205898889431391
0.0019331241698611365
0.0015192694504190512
0.0016268975860854527
0.0016437466777999147
GEN 102 time 1602102019
0.0023368348238357903
0.001205898889431391
0.0019331241698611365
0.0015192694504190512
0.0016268975860854527
0.0016437466777999147
GEN 103 time 1602102026
0.0023368348238357903
0.001205898889431391
0.0019331241698611365
0.0015192694504190512
0.0016268975860854527
0.0016437466777999147
GEN 104 time 1602102033
0.0023368348238357903
0.001205898889431391
0.0019331241698611365
0.0015192694504190512
0.0016268975860854527
0.0016437466777999147
GEN 105 time 1602102040
0.0023368348238357903
0.001205898889431391
0.0019331241698611365
0.0015192694504190512
0.0016268975860854527
0.0015930458416129685
GEN 106 time 1602102048
0.0023368348238357903
0.001205898889431391
0.0019331241698611365
0.0015192694504190512
0.0016268975860854527
0.0015930458416129685
GEN 107 time 1602102055
0.0023368348238357903
0.001205898889431391
0.0019331241698611365
0.0015192694504190512
0.0016268975860854527
0.0015930458416129685
GEN 108 time 1602102062
0.0023368348238357903
0.001205898889431391
0.0019331241698611365
0.0015192694504190512
0.0016268975860854527
0.0015930458416129685
GEN 109 time 1602102069
0.0023368348238357903
0.001205898889431391
0.0019331241698611365
0.0015192694504190512
0.0016268975860854527
0.0015930458416129685
GEN 110 time 1602102076
0.0023368348238357903
0.001205898889431391
0.0019331241698611365
0.0015192694504190512
0.0016268975860854527
0.0015930458416129685
GEN 111 time 1602102083
0.0023368348238357903
0.001205898889431391
0.0019331241698611365
0.0015192694504190512
0.0016268975860854527
0.0015930458416129685
GEN 112 time 1602102091
0.0023368348238357903
0.001205898889431391
0.0019331241698611365
0.0015192694504190512
0.0016268975860854527
0.0015930458416129685
GEN 113 time 1602102098
0.0023368348238357903
0.001205898889431391
0.0019331241698611365
0.0015192694504190512
0.0016268975860854527
0.0015930458416129685
GEN 114 time 1602102105
0.0023368348238357903
0.001205898889431391
0.0019331241698611365
0.0014905290877899953
0.0016268975860854527
0.0015930458416129685
GEN 115 time 1602102112
0.0023368348238357903
0.001205898889431391
0.0019331241698611365
0.0014905290877899953
0.0016268975860854527
0.0015930458416129685
GEN 116 time 1602102119
0.0023368348238357903
0.001205898889431391
0.0019331241698611365
0.0014905290877899953
0.0016268975860854527
0.0015930458416129685
GEN 117 time 1602102126
0.0023368348238357903
0.001205898889431391
0.0019331241698611365
0.0014905290877899953
0.0016268975860854527
0.0015930458416129685
GEN 118 time 1602102133
0.0023368348238357903
0.001205898889431391
0.0019331241698611365
0.0014905290877899953
0.0016268975860854527
0.0015930458416129685
GEN 119 time 1602102140
0.0023368348238357903
0.001205898889431391
0.0019331241698611365
0.0014905290877899953
0.0016268975860854527
0.0015930458416129685
GEN 120 time 1602102148
0.0023368348238357903
0.001201568645086438
0.0019331241698611365
0.0014905290877899953
0.0016268975860854527
0.0015930458416129685
GEN 121 time 1602102155
0.0023368348238357903
0.001201568645086438
0.0019331241698611365
0.0014905290877899953
0.0016268975860854527
0.0015930458416129685
GEN 122 time 1602102162
0.0023368348238357903
0.001201568645086438
0.0019331241698611365
0.0014905290877899953
0.0016268975860854527
0.0015930458416129685
GEN 123 time 1602102169
0.0023368348238357903
0.001201568645086438
0.0019331241698611365
0.0014905290877899953
0.0016268975860854527
0.0015930458416129685
GEN 124 time 1602102177
0.0023368348238357903
0.001201568645086438
0.0019331241698611365
0.0014905290877899953
0.0016268975860854527
0.0015930458416129685
GEN 125 time 1602102184
0.0023368348238357903
0.001201568645086438
0.0019331241698611365
0.0014905290877899953
0.0016268975860854527
0.0015930458416129685
GEN 126 time 1602102191
0.0023368348238357903
0.001201568645086438
0.0019331241698611365
0.0014905290877899953
0.0016268975860854527
0.0015930458416129685
GEN 127 time 1602102199
0.0023368348238357903
0.001201568645086438
0.0019331241698611365
0.0014905290877899953
0.0016268975860854527
0.0015930458416129685
GEN 128 time 1602102207
0.0023368348238357903
0.001201568645086438
0.0019331241698611365
0.0014905290877899953
0.0016268975860854527
0.0015930458416129685
GEN 129 time 1602102215
0.0023368348238357903
0.001201568645086438
0.0019331241698611365
0.0014760168010473575
0.0016268975860854527
0.0015930458416129685
GEN 130 time 1602102223
0.0023368348238357903
0.001201568645086438
0.0019331241698611365
0.0014760168010473575
0.0016268975860854527
0.0015930458416129685
GEN 131 time 1602102230
0.0023368348238357903
0.001201568645086438
0.0019331241698611365
0.0014760168010473575
0.0016268975860854527
0.0015930458416129685
GEN 132 time 1602102238
0.0023368348238357903
0.001201568645086438
0.0019331241698611365
0.0014760168010473575
0.0016268975860854527
0.0015930458416129685
GEN 133 time 1602102246
0.0023368348238357903
0.001201568645086438
0.0019331241698611365
0.0014760168010473575
0.0016268975860854527
0.0015930458416129685
GEN 134 time 1602102255
0.0023368348238357903
0.001201568645086438
0.0019331241698611365
0.0014760168010473575
0.0016268975860854527
0.0015930458416129685
GEN 135 time 1602102263
0.0023368348238357903
0.001201568645086438
0.0019331241698611365
0.0014760168010473575
0.0016268975860854527
0.0015930458416129685
GEN 136 time 1602102271
0.0023368348238357903
0.001201568645086438
0.0019331241698611365
0.0014760168010473575
0.0016268975860854527
0.0015930458416129685
GEN 137 time 1602102279
0.0023368348238357903
0.001201568645086438
0.0019331241698611365
0.0014760168010473575
0.0016268975860854527
0.0015930458416129685
GEN 138 time 1602102287
0.0023368348238357903
0.001201568645086438
0.0019331241698611365
0.0014760168010473575
0.0016268975860854527
0.0015930458416129685
GEN 139 time 1602102295
0.0023368348238357903
0.001201568645086438
0.0019331241698611365
0.0014760168010473575
0.0016268975860854527
0.0015930458416129685
GEN 140 time 1602102303
0.0023368348238357903
0.001201568645086438
0.0019331241698611365
0.0014760168010473575
0.0016268975860854527
0.0015930458416129685
GEN 141 time 1602102311
0.0023368348238357903
0.001201568645086438
0.0019331241698611365
0.0014760168010473575
0.0016268975860854527
0.0015930458416129685
GEN 142 time 1602102319
0.0023368348238357903
0.001201568645086438
0.0019331241698611365
0.0014760168010473575
0.0016268975860854527
0.0015930458416129685
GEN 143 time 1602102327
0.0023368348238357903
0.001201568645086438
0.0019331241698611365
0.0014760168010473575
0.0016268975860854527
0.0015930458416129685
GEN 144 time 1602102335
0.0023368348238357903
0.001201568645086438
0.0019331241698611365
0.0014760168010473575
0.0016268975860854527
0.0015930458416129685
GEN 145 time 1602102343
0.0023368348238357903
0.001201568645086438
0.0019331241698611365
0.0014760168010473575
0.0016268975860854527
0.0015930458416129685
GEN 146 time 1602102351
0.0023368348238357903
0.001201568645086438
0.0019331241698611365
0.0014760168010473575
0.0016268975860854527
0.0015930458416129685
GEN 147 time 1602102359
0.0023368348238357903
0.001201568645086438
0.0019331241698611365
0.0014760168010473575
0.0016268975860854527
0.0015930458416129685
GEN 148 time 1602102367
0.0023368348238357903
0.001201568645086438
0.0019331241698611365
0.0014467373475008814
0.0016268975860854527
0.0015930458416129685
GEN 149 time 1602102375
0.0023368348238357903
0.001201568645086438
0.0019331241698611365
0.0014467373475008814
0.0016268975860854527
0.0015930458416129685
GEN 150 time 1602102384
0.0023368348238357903
0.001201568645086438
0.0019331241698611365
0.0014467373475008814
0.0016268975860854527
0.0015930458416129685
GEN 151 time 1602102392
0.0023368348238357903
0.001201568645086438
0.0019331241698611365
0.0014467373475008814
0.0016268975860854527
0.0015380427103349264
GEN 152 time 1602102400
0.0023368348238357903
0.001201568645086438
0.0019331241698611365
0.001467746518801581
0.0016268975860854527
0.0015380427103349264
GEN 153 time 1602102408
0.0023368348238357903
0.001201568645086438
0.0019331241698611365
0.001467746518801581
0.0016268975860854527
0.0015380427103349264
GEN 154 time 1602102417
0.0023368348238357903
0.001201568645086438
0.0019331241698611365
0.0014467373475008814
0.0016268975860854527
0.0015380427103349264
GEN 155 time 1602102425
0.0023368348238357903
0.001201568645086438
0.0019331241698611365
0.0014467373475008814
0.0016268975860854527
0.0015380427103349264
GEN 156 time 1602102433
0.0023368348238357903
0.001201568645086438
0.0019331241698611365
0.0014467373475008814
0.0016268975860854527
0.0015380427103349264
GEN 157 time 1602102441
0.0023368348238357903
0.001201568645086438
0.0019331241698611365
0.0014467373475008814
0.0016268975860854527
0.0015380427103349264
GEN 158 time 1602102449
0.0023368348238357903
0.001201568645086438
0.0019331241698611365
0.0014467373475008814
0.0016268975860854527
0.0015380427103349264
GEN 159 time 1602102457
0.0023368348238357903
0.001201568645086438
0.0019331241698611365
0.0014467373475008814
0.0016268975860854527
0.0015380427103349264
GEN 160 time 1602102465
0.0023368348238357903
0.001201568645086438
0.0019331241698611365
0.0014467373475008814
0.0016268975860854527
0.0015304433293745054
GEN 161 time 1602102474
0.0023368348238357903
0.001201568645086438
0.0019331241698611365
0.0014467373475008814
0.0016268975860854527
0.0015304433293745054
GEN 162 time 1602102482
0.0023368348238357903
0.001201568645086438
0.0019331241698611365
0.0014467373475008814
0.0016268975860854527
0.0015304433293745054
GEN 163 time 1602102490
0.0023368348238357903
0.0011921567546161413
0.0019331241698611365
0.0014467373475008814
0.0016268975860854527
0.0015304433293745054
GEN 164 time 1602102498
0.0023368348238357903
0.0011921567546161413
0.0019331241698611365
0.0014467373475008814
0.0016268975860854527
0.0015304433293745054
GEN 165 time 1602102506
0.0023368348238357903
0.0011921567546161413
0.0019331241698611365
0.0014467373475008814
0.0016268975860854527
0.0015304433293745054
GEN 166 time 1602102515
0.0023368348238357903
0.0011921567546161413
0.0019331241698611365
0.0014467373475008814
0.0016268975860854527
0.0015304433293745054
GEN 167 time 1602102523
0.0023368348238357903
0.0011921567546161413
0.0019331241698611365
0.0014467373475008814
0.0016268975860854527
0.0015304433293745054
GEN 168 time 1602102531
0.0023368348238357903
0.0011921567546161413
0.0019331241698611365
0.0014467373475008814
0.0016268975860854527
0.0015304433293745054
GEN 169 time 1602102539
0.0023368348238357903
0.0011921567546161413
0.0019331241698611365
0.0014467373475008814
0.0016268975860854527
0.0015304433293745054
GEN 170 time 1602102548
0.0023368348238357903
0.0011921567546161413
0.0019331241698611365
0.0014467373475008814
0.0016268975860854527
0.0015304433293745054
GEN 171 time 1602102556
0.0023368348238357903
0.0011921567546161413
0.0019331241698611365
0.0014467373475008814
0.0016268975860854527
0.0015304433293745054
GEN 172 time 1602102564
0.0023368348238357903
0.0011921567546161413
0.0019331241698611365
0.001365712413343822
0.0016268975860854527
0.0015304433293745054
GEN 173 time 1602102572
0.0023368348238357903
0.0011921567546161413
0.0019331241698611365
0.001365712413343822
0.0016268975860854527
0.0015304433293745054
GEN 174 time 1602102580
0.0023368348238357903
0.0011921567546161413
0.0019331241698611365
0.001365712413343822
0.0016268975860854527
0.0015304433293745054
GEN 175 time 1602102589
0.0023368348238357903
0.0011921567546161413
0.0019331241698611365
0.001365712413343822
0.0016268975860854527
0.0015304433293745054
GEN 176 time 1602102597
0.0023368348238357903
0.0011921567546161413
0.0019331241698611365
0.001365712413343822
0.0016268975860854527
0.0015304433293745054
GEN 177 time 1602102605
0.0023368348238357903
0.0011921567546161413
0.0019331241698611365
0.001365712413343822
0.0016268975860854527
0.0015304433293745054
GEN 178 time 1602102614
0.0023368348238357903
0.0011921567546161413
0.0019331241698611365
0.001365712413343822
0.0016268975860854527
0.0015304433293745054
GEN 179 time 1602102622
0.0023368348238357903
0.0011921567546161413
0.0019331241698611365
0.001365712413343822
0.0016268975860854527
0.0015304433293745054
GEN 180 time 1602102630
0.0023368348238357903
0.0011921567546161413
0.0019331241698611365
0.001365712413343822
0.0016268975860854527
0.0015304433293745054
GEN 181 time 1602102638
0.0023368348238357903
0.0011921567546161413
0.0019331241698611365
0.001365712413343822
0.0016268975860854527
0.0015304433293745054
GEN 182 time 1602102646
0.0023368348238357903
0.0011921567546161413
0.0019331241698611365
0.001365712413343822
0.0016268975860854527
0.0015304433293745054
GEN 183 time 1602102654
0.0023368348238357903
0.0011921567546161413
0.0019331241698611365
0.001365712413343822
0.0016268975860854527
0.0015304433293745054
GEN 184 time 1602102662
0.0023368348238357903
0.0011921567546161413
0.0019331241698611365
0.001365712413343822
0.0016268975860854527
0.0015304433293745054
GEN 185 time 1602102669
0.0023368348238357903
0.0011921567546161413
0.0019331241698611365
0.001365712413343822
0.0016268975860854527
0.0015304433293745054
GEN 186 time 1602102677
0.0023368348238357903
0.0011921567546161413
0.0019331241698611365
0.001365712413343822
0.0016268975860854527
0.0015304433293745054
GEN 187 time 1602102685
0.0023368348238357903
0.0011921567546161413
0.0019331241698611365
0.001365712413343822
0.0016268975860854527
0.0015304433293745054
GEN 188 time 1602102692
0.0023368348238357903
0.0011921567546161413
0.0019331241698611365
0.001365712413343822
0.0016268975860854527
0.0015304433293745054
GEN 189 time 1602102700
0.0023368348238357903
0.0011921567546161413
0.0019331241698611365
0.001365712413343822
0.0016268975860854527
0.0015304433293745054
GEN 190 time 1602102708
0.0023368348238357903
0.0011921567546161413
0.0019331241698611365
0.001365712413343822
0.0016268975860854527
0.0015304433293745054
GEN 191 time 1602102715
0.0023368348238357903
0.0011921567546161413
0.0019331241698611365
0.001365712413343822
0.0016268975860854527
0.0015304433293745054
GEN 192 time 1602102722
0.0023368348238357903
0.0011921567546161413
0.0019331241698611365
0.001365712413343822
0.0016268975860854527
0.0015304433293745054
GEN 193 time 1602102730
0.0023368348238357903
0.0011921567546161413
0.0019331241698611365
0.001365712413343822
0.0016268975860854527
0.0015304433293745054
GEN 194 time 1602102737
0.0023368348238357903
0.0011921567546161413
0.0019331241698611365
0.001365712413343822
0.0016268975860854527
0.0015304433293745054
GEN 195 time 1602102745
0.0023368348238357903
0.0011921567546161413
0.0019331241698611365
0.001365712413343822
0.0016268975860854527
0.0015304433293745054
GEN 196 time 1602102753
0.0023368348238357903
0.0011921567546161413
0.0019331241698611365
0.001365712413343822
0.0016268975860854527
0.0015304433293745054
GEN 197 time 1602102760
0.0023368348238357903
0.0011921567546161413
0.0019331241698611365
0.001365712413343822
0.0016268975860854527
0.0015304433293745054
GEN 198 time 1602102768
0.0023368348238357903
0.0011921567546161413
0.0019331241698611365
0.001365712413343822
0.0016268975860854527
0.0015304433293745054
GEN 199 time 1602102775
0.0023368348238357903
0.0011921567546161413
0.0019331241698611365
0.001365712413343822
0.0016268975860854527
0.0015304433293745054
