['./data/small/layer/uu-dem4_r25_1.json', './data/small/layer/uu-dem7_r25_1.json', './data/small/layer/uu-dem4_r50_1.json', './data/small/hop/uu-dem4_r25_1_0.json', './data/small/hop/uu-dem7_r50_1_0.json', './data/small/hop/uu-dem4_r50_1_0.json']
GEN 0 time 1602475410
0.001615418584946323
0.0023368348238357903
0.0023881709723581114
0.0018158682122632465
0.0036466276199608382
0.003271380142443982
GEN 1 time 1602475423
0.0016024868973426416
0.0023368348238357903
0.0023881709723581114
0.0018158682122632465
0.0029564468159136536
0.003271380142443982
GEN 2 time 1602475437
0.0015457841884200319
0.0023368348238357903
0.0023881709723581114
0.0018158682122632465
0.0029564468159136536
0.0031138956139203718
GEN 3 time 1602475451
0.0015457841884200319
0.0023368348238357903
0.0023881709723581114
0.0018158682122632465
0.0029564468159136536
0.0031138956139203718
GEN 4 time 1602475465
0.0015457841884200319
0.0023368348238357903
0.0023881709723581114
0.0018158682122632465
0.0029564468159136536
0.0031138956139203718
GEN 5 time 1602475479
0.0015457841884200319
0.0023368348238357903
0.0023881709723581114
0.0018158682122632465
0.0029564468159136536
0.0031138956139203718
GEN 6 time 1602475494
0.0015457841884200319
0.0023368348238357903
0.0023881709723581114
0.0018158682122632465
0.002769427593900155
0.0031138956139203718
GEN 7 time 1602475508
0.0015457841884200319
0.0023368348238357903
0.0023881709723581114
0.0018158682122632465
0.002769427593900155
0.0031138956139203718
GEN 8 time 1602475523
0.0015457841884200319
0.0023368348238357903
0.0023881709723581114
0.0018158682122632465
0.002769427593900155
0.0031138956139203718
GEN 9 time 1602475538
0.0015457841884200319
0.0023368348238357903
0.0023881709723581114
0.0018158682122632465
0.002769427593900155
0.0029225410478060003
GEN 10 time 1602475553
0.0015457841884200319
0.0023368348238357903
0.0023881709723581114
0.0018158682122632465
0.002769427593900155
0.0029225410478060003
GEN 11 time 1602475568
0.0015457841884200319
0.0023368348238357903
0.0023881709723581114
0.0018158682122632465
0.002769427593900155
0.0029225410478060003
GEN 12 time 1602475583
0.0015457841884200319
0.0023368348238357903
0.0023881709723581114
0.0017918242749231604
0.002769427593900155
0.002871340142443982
GEN 13 time 1602475598
0.0015457841884200319
0.0023368348238357903
0.0023881709723581114
0.0017918242749231604
0.002769427593900155
0.002871340142443982
GEN 14 time 1602475613
0.0015457841884200319
0.0023368348238357903
0.0023881709723581114
0.0017918242749231604
0.002524822287775657
0.002871340142443982
GEN 15 time 1602475628
0.0014971158080736228
0.0023368348238357903
0.0023881709723581114
0.0017918242749231604
0.002524822287775657
0.002871340142443982
GEN 16 time 1602475643
0.0014971158080736228
0.0023368348238357903
0.0023881709723581114
0.0017918242749231604
0.002524822287775657
0.002871340142443982
GEN 17 time 1602475658
0.0014971158080736228
0.0023368348238357903
0.0023881709723581114
0.0017262460673751001
0.002524822287775657
0.002871340142443982
GEN 18 time 1602475672
0.0014971158080736228
0.0023368348238357903
0.0023881709723581114
0.0017262460673751001
0.002524822287775657
0.002871340142443982
GEN 19 time 1602475687
0.0014584555404298799
0.0023368348238357903
0.0023881709723581114
0.0017262460673751001
0.002524822287775657
0.002871340142443982
GEN 20 time 1602475702
0.0014584555404298799
0.0023368348238357903
0.0023881709723581114
0.0017262460673751001
0.002524822287775657
0.0028272831430281105
GEN 21 time 1602475717
0.0014584555404298799
0.0023368348238357903
0.0023881709723581114
0.0017262460673751001
0.002524822287775657
0.0028272831430281105
GEN 22 time 1602475732
0.0014584555404298799
0.0023368348238357903
0.0023881709723581114
0.0017262460673751001
0.002524822287775657
0.0026272631430281105
GEN 23 time 1602475747
0.0014584555404298799
0.0023368348238357903
0.0023881709723581114
0.0017262460673751001
0.002524822287775657
0.0026272631430281105
GEN 24 time 1602475762
0.0014584555404298799
0.0023368348238357903
0.0023881709723581114
0.0017262460673751001
0.002524822287775657
0.0026272631430281105
GEN 25 time 1602475777
0.0014584555404298799
0.0023368348238357903
0.0023881709723581114
0.0017262460673751001
0.002524822287775657
0.0026272631430281105
GEN 26 time 1602475792
0.0014584555404298799
0.0023368348238357903
0.0023881709723581114
0.0016859320134868514
0.002524822287775657
0.0025457078635899564
GEN 27 time 1602475807
0.0014584555404298799
0.0023368348238357903
0.0023881709723581114
0.0016859320134868514
0.002524822287775657
0.0025457078635899564
GEN 28 time 1602475822
0.0014584555404298799
0.0023368348238357903
0.0023881709723581114
0.0016859320134868514
0.002524822287775657
0.0025457078635899564
GEN 29 time 1602475837
0.0014584555404298799
0.0023368348238357903
0.0023881709723581114
0.0016859320134868514
0.002524822287775657
0.0025457078635899564
GEN 30 time 1602475852
0.0014584555404298799
0.0023368348238357903
0.0023881709723581114
0.0016859320134868514
0.002524822287775657
0.0025457078635899564
GEN 31 time 1602475867
0.0014584555404298799
0.0023368348238357903
0.0023881709723581114
0.0016859320134868514
0.002524822287775657
0.0025457078635899564
GEN 32 time 1602475882
0.0014584555404298799
0.0023368348238357903
0.0023881709723581114
0.0016859320134868514
0.002524822287775657
0.0025457078635899564
GEN 33 time 1602475897
0.0014584555404298799
0.0023368348238357903
0.0023881709723581114
0.0016859320134868514
0.002524822287775657
0.0025457078635899564
GEN 34 time 1602475912
0.0014584555404298799
0.0023368348238357903
0.0023881709723581114
0.0016859320134868514
0.002524822287775657
0.0025457078635899564
GEN 35 time 1602475927
0.0014584555404298799
0.0023368348238357903
0.0023881709723581114
0.0016859320134868514
0.002524822287775657
0.0025457078635899564
GEN 36 time 1602475942
0.0014584555404298799
0.0023368348238357903
0.0023881709723581114
0.0016859320134868514
0.002524822287775657
0.0025457078635899564
GEN 37 time 1602475958
0.0014584555404298799
0.0023368348238357903
0.0023881709723581114
0.0016859320134868514
0.002524822287775657
0.0025457078635899564
GEN 38 time 1602475973
0.0014584555404298799
0.0023368348238357903
0.0023881709723581114
0.0016859320134868514
0.002524822287775657
0.0025457078635899564
GEN 39 time 1602475988
0.0014584555404298799
0.0023368348238357903
0.0023881709723581114
0.0016859320134868514
0.002524822287775657
0.0025457078635899564
GEN 40 time 1602476003
0.0014584555404298799
0.0023368348238357903
0.0023881709723581114
0.0016859320134868514
0.002524822287775657
0.0025457078635899564
GEN 41 time 1602476018
0.0014584555404298799
0.0023368348238357903
0.0023881709723581114
0.0016859320134868514
0.002524822287775657
0.0025457078635899564
GEN 42 time 1602476034
0.0014584555404298799
0.0023368348238357903
0.0023881709723581114
0.0016859320134868514
0.002524822287775657
0.0025457078635899564
GEN 43 time 1602476049
0.0014584555404298799
0.0023368348238357903
0.0023881709723581114
0.0016859320134868514
0.002524822287775657
0.0025457078635899564
GEN 44 time 1602476064
0.0014584555404298799
0.0023368348238357903
0.0023881709723581114
0.0016859320134868514
0.002524822287775657
0.0025457078635899564
GEN 45 time 1602476080
0.0014584555404298799
0.0023368348238357903
0.0023881709723581114
0.0016859320134868514
0.002524822287775657
0.0025457078635899564
GEN 46 time 1602476095
0.0014584555404298799
0.0023368348238357903
0.0023881709723581114
0.0016859320134868514
0.002524822287775657
0.0025457078635899564
GEN 47 time 1602476111
0.0014584555404298799
0.0023368348238357903
0.0023881709723581114
0.0016859320134868514
0.002524822287775657
0.0025457078635899564
GEN 48 time 1602476126
0.0014584555404298799
0.0023368348238357903
0.0023881709723581114
0.0016859320134868514
0.002524822287775657
0.0025457078635899564
GEN 49 time 1602476142
0.0014584555404298799
0.0023368348238357903
0.0023881709723581114
0.0016859320134868514
0.002524822287775657
0.0025457078635899564
GEN 50 time 1602476157
0.0014584555404298799
0.0023368348238357903
0.0023881709723581114
0.0016859320134868514
0.002524822287775657
0.0025457078635899564
GEN 51 time 1602476173
0.0014584555404298799
0.0023368348238357903
0.0023881709723581114
0.0016859320134868514
0.002524822287775657
0.0025457078635899564
GEN 52 time 1602476188
0.0014584555404298799
0.0023368348238357903
0.0023881709723581114
0.0016789890510554156
0.002524822287775657
0.0025457078635899564
GEN 53 time 1602476203
0.0014584555404298799
0.0023368348238357903
0.0023881709723581114
0.0016789890510554156
0.002524822287775657
0.0025457078635899564
GEN 54 time 1602476219
0.0014584555404298799
0.0023368348238357903
0.0023881709723581114
0.0016789890510554156
0.002524822287775657
0.0025457078635899564
GEN 55 time 1602476234
0.0014584555404298799
0.0023368348238357903
0.0023881709723581114
0.0016789890510554156
0.002524822287775657
0.0025457078635899564
GEN 56 time 1602476250
0.0014584555404298799
0.0023368348238357903
0.0023881709723581114
0.0016789890510554156
0.002524822287775657
0.0025457078635899564
GEN 57 time 1602476265
0.0014584555404298799
0.0023368348238357903
0.0023881709723581114
0.0016789890510554156
0.002524822287775657
0.0025457078635899564
GEN 58 time 1602476281
0.0014584555404298799
0.0023368348238357903
0.0023881709723581114
0.0016789890510554156
0.002524822287775657
0.0025457078635899564
GEN 59 time 1602476296
0.0014584555404298799
0.0023368348238357903
0.0023881709723581114
0.0016789890510554156
0.002524822287775657
0.0025457078635899564
GEN 60 time 1602476312
0.0014584555404298799
0.0023368348238357903
0.0023881709723581114
0.0016789890510554156
0.002524822287775657
0.0025457078635899564
GEN 61 time 1602476328
0.0014584555404298799
0.0023368348238357903
0.0023881709723581114
0.0016789890510554156
0.002524822287775657
0.0025457078635899564
GEN 62 time 1602476343
0.0014584555404298799
0.0023368348238357903
0.0023881709723581114
0.0016789890510554156
0.002524822287775657
0.0025457078635899564
GEN 63 time 1602476359
0.0014584555404298799
0.0023368348238357903
0.0023881709723581114
0.0016789890510554156
0.002524822287775657
0.0025457078635899564
GEN 64 time 1602476374
0.0014584555404298799
0.0023368348238357903
0.0023881709723581114
0.0016789890510554156
0.002524822287775657
0.0025457078635899564
GEN 65 time 1602476390
0.0014584555404298799
0.0023368348238357903
0.0023881709723581114
0.0016789890510554156
0.002524822287775657
0.0025457078635899564
GEN 66 time 1602476406
0.0014584555404298799
0.0023368348238357903
0.0023881709723581114
0.0016789890510554156
0.002524822287775657
0.0025457078635899564
GEN 67 time 1602476421
0.0014584555404298799
0.0023368348238357903
0.0023881709723581114
0.0016789890510554156
0.002524822287775657
0.0025457078635899564
GEN 68 time 1602476436
0.0014584555404298799
0.0023368348238357903
0.0023881709723581114
0.0016789890510554156
0.002524822287775657
0.0025457078635899564
GEN 69 time 1602476452
0.0014584555404298799
0.0023368348238357903
0.0023881709723581114
0.0016789890510554156
0.002524822287775657
0.0025457078635899564
GEN 70 time 1602476467
0.0014584555404298799
0.0023368348238357903
0.0023881709723581114
0.0016789890510554156
0.002524822287775657
0.0025457078635899564
GEN 71 time 1602476483
0.0014584555404298799
0.0023368348238357903
0.0023881709723581114
0.0016789890510554156
0.002524822287775657
0.0025457078635899564
GEN 72 time 1602476498
0.0014584555404298799
0.0023368348238357903
0.0023881709723581114
0.0016789890510554156
0.002524822287775657
0.0025457078635899564
GEN 73 time 1602476514
0.0014584555404298799
0.0023368348238357903
0.0023881709723581114
0.0016789890510554156
0.002524822287775657
0.0025457078635899564
GEN 74 time 1602476529
0.0014584555404298799
0.0023368348238357903
0.0023881709723581114
0.0016789890510554156
0.002524822287775657
0.0025457078635899564
GEN 75 time 1602476544
0.0014584555404298799
0.0023368348238357903
0.0023881709723581114
0.0016789890510554156
0.002524822287775657
0.0025457078635899564
GEN 76 time 1602476560
0.0014584555404298799
0.0023368348238357903
0.0023881709723581114
0.0016789890510554156
0.002524822287775657
0.0025457078635899564
GEN 77 time 1602476575
0.0014584555404298799
0.0023368348238357903
0.0023881709723581114
0.0016789890510554156
0.002524822287775657
0.0025457078635899564
GEN 78 time 1602476590
0.0014584555404298799
0.0023368348238357903
0.0023881709723581114
0.0016789890510554156
0.002524822287775657
0.0025457078635899564
GEN 79 time 1602476606
0.0014584555404298799
0.0023368348238357903
0.0023881709723581114
0.0016789890510554156
0.002524822287775657
0.0025457078635899564
GEN 80 time 1602476621
0.0014584555404298799
0.0023368348238357903
0.0023881709723581114
0.001627600378171951
0.002524822287775657
0.0025457078635899564
GEN 81 time 1602476637
0.0014584555404298799
0.0023368348238357903
0.0023881709723581114
0.0016268975860854527
0.002524822287775657
0.0025457078635899564
GEN 82 time 1602476652
0.0014584555404298799
0.0023368348238357903
0.0023881709723581114
0.0016268975860854527
0.002524822287775657
0.0025457078635899564
GEN 83 time 1602476667
0.0014584555404298799
0.0023368348238357903
0.0023881709723581114
0.0016268975860854527
0.002524822287775657
0.0025457078635899564
GEN 84 time 1602476682
0.0014584555404298799
0.0023368348238357903
0.0023881709723581114
0.0016268975860854527
0.002489106048092668
0.0025457078635899564
GEN 85 time 1602476698
0.0014584555404298799
0.0023368348238357903
0.0023881709723581114
0.0016268975860854527
0.002489106048092668
0.0025457078635899564
GEN 86 time 1602476713
0.0014584555404298799
0.0023368348238357903
0.0023881709723581114
0.0016268975860854527
0.002489106048092668
0.0025457078635899564
GEN 87 time 1602476729
0.0014584555404298799
0.0023368348238357903
0.0023881709723581114
0.0016268975860854527
0.002489106048092668
0.0025457078635899564
GEN 88 time 1602476744
0.0014584555404298799
0.0023368348238357903
0.0023881709723581114
0.0016268975860854527
0.002489106048092668
0.0025457078635899564
GEN 89 time 1602476760
0.0014584555404298799
0.0023368348238357903
0.0023881709723581114
0.0016268975860854527
0.002489106048092668
0.0025457078635899564
GEN 90 time 1602476775
0.0014584555404298799
0.0023368348238357903
0.0023881709723581114
0.0016268975860854527
0.002489106048092668
0.0025457078635899564
GEN 91 time 1602476791
0.0014584555404298799
0.0023368348238357903
0.0023881709723581114
0.0016268975860854527
0.002489106048092668
0.0025457078635899564
GEN 92 time 1602476807
0.0014584555404298799
0.0023368348238357903
0.0023881709723581114
0.0016268975860854527
0.002489106048092668
0.0025457078635899564
GEN 93 time 1602476822
0.0014584555404298799
0.0023368348238357903
0.0023881709723581114
0.0016268975860854527
0.002489106048092668
0.0025457078635899564
GEN 94 time 1602476838
0.0014584555404298799
0.0023368348238357903
0.0023881709723581114
0.0016268975860854527
0.002489106048092668
0.0025457078635899564
GEN 95 time 1602476853
0.0014584555404298799
0.0023368348238357903
0.0023881709723581114
0.0016268975860854527
0.002489106048092668
0.0025457078635899564
GEN 96 time 1602476869
0.0014584555404298799
0.0023368348238357903
0.0023881709723581114
0.0016268975860854527
0.002489106048092668
0.0025457078635899564
GEN 97 time 1602476884
0.0014584555404298799
0.0023368348238357903
0.0023881709723581114
0.0016268975860854527
0.002489106048092668
0.0025457078635899564
GEN 98 time 1602476900
0.0014584555404298799
0.0023368348238357903
0.0023881709723581114
0.0016268975860854527
0.002489106048092668
0.0025457078635899564
GEN 99 time 1602476915
0.0014584555404298799
0.0023368348238357903
0.0023881709723581114
0.0016268975860854527
0.002489106048092668
0.0025457078635899564
GEN 100 time 1602476931
0.0014584555404298799
0.0023368348238357903
0.0023881709723581114
0.0016268975860854527
0.002489106048092668
0.0025457078635899564
GEN 101 time 1602476946
0.0014584555404298799
0.0023368348238357903
0.0023881709723581114
0.0016268975860854527
0.002489106048092668
0.0025457078635899564
GEN 102 time 1602476962
0.0014584555404298799
0.0023368348238357903
0.0023881709723581114
0.0016268975860854527
0.002489106048092668
0.0025457078635899564
GEN 103 time 1602476977
0.0014584555404298799
0.0023368348238357903
0.0023881709723581114
0.0016268975860854527
0.002489106048092668
0.0025457078635899564
GEN 104 time 1602476993
0.0014584555404298799
0.0023368348238357903
0.0023881709723581114
0.0016268975860854527
0.002489106048092668
0.0025457078635899564
GEN 105 time 1602477008
0.0014584555404298799
0.0023368348238357903
0.0023881709723581114
0.0016268975860854527
0.002489106048092668
0.0025457078635899564
GEN 106 time 1602477023
0.0014584555404298799
0.0023368348238357903
0.0023881709723581114
0.0016268975860854527
0.002489106048092668
0.0025457078635899564
GEN 107 time 1602477039
0.0014584555404298799
0.0023368348238357903
0.0023881709723581114
0.0016268975860854527
0.002489106048092668
0.0025457078635899564
GEN 108 time 1602477054
0.0014584555404298799
0.0023368348238357903
0.0023881709723581114
0.0016268975860854527
0.002489106048092668
0.0025457078635899564
GEN 109 time 1602477069
0.0014584555404298799
0.0023368348238357903
0.0023881709723581114
0.0016268975860854527
0.002489106048092668
0.0025457078635899564
GEN 110 time 1602477085
0.0014584555404298799
0.0023368348238357903
0.0023881709723581114
0.0016268975860854527
0.002489106048092668
0.0025457078635899564
GEN 111 time 1602477100
0.0014584555404298799
0.0023368348238357903
0.0023881709723581114
0.0016268975860854527
0.002489106048092668
0.0025457078635899564
GEN 112 time 1602477116
0.0014584555404298799
0.0023368348238357903
0.0023881709723581114
0.0016268975860854527
0.002489106048092668
0.0025457078635899564
GEN 113 time 1602477131
0.0014584555404298799
0.0023368348238357903
0.0023881709723581114
0.0016268975860854527
0.002489106048092668
0.0025457078635899564
GEN 114 time 1602477147
0.0014584555404298799
0.0023368348238357903
0.0023881709723581114
0.0016268975860854527
0.002489106048092668
0.0025457078635899564
GEN 115 time 1602477162
0.0014584555404298799
0.0023368348238357903
0.0023881709723581114
0.0016268975860854527
0.002489106048092668
0.0025457078635899564
GEN 116 time 1602477178
0.0014584555404298799
0.0023368348238357903
0.0023881709723581114
0.0016268975860854527
0.002489106048092668
0.0025457078635899564
GEN 117 time 1602477193
0.0014584555404298799
0.0023368348238357903
0.0023881709723581114
0.0016268975860854527
0.002489106048092668
0.0025457078635899564
GEN 118 time 1602477209
0.0014584555404298799
0.0023368348238357903
0.0023881709723581114
0.0016268975860854527
0.002489106048092668
0.0025457078635899564
GEN 119 time 1602477224
0.0014584555404298799
0.0023368348238357903
0.0023881709723581114
0.0016268975860854527
0.002489106048092668
0.0025457078635899564
GEN 120 time 1602477240
0.0014584555404298799
0.0023368348238357903
0.0023881709723581114
0.0016268975860854527
0.002489106048092668
0.0025457078635899564
GEN 121 time 1602477255
0.0014584555404298799
0.0023368348238357903
0.0023881709723581114
0.0016268975860854527
0.002489106048092668
0.0025457078635899564
GEN 122 time 1602477271
0.0014584555404298799
0.0023368348238357903
0.0023881709723581114
0.0016268975860854527
0.002489106048092668
0.0025457078635899564
GEN 123 time 1602477287
0.0014584555404298799
0.0023368348238357903
0.0023881709723581114
0.0016268975860854527
0.002489106048092668
0.0025457078635899564
GEN 124 time 1602477302
0.0014584555404298799
0.0023368348238357903
0.0023881709723581114
0.0016268975860854527
0.002489106048092668
0.0025457078635899564
GEN 125 time 1602477318
0.0014584555404298799
0.0023368348238357903
0.0023881709723581114
0.0016268975860854527
0.002489106048092668
0.0025457078635899564
GEN 126 time 1602477333
0.0014584555404298799
0.0023368348238357903
0.0023881709723581114
0.0016268975860854527
0.002489106048092668
0.0025457078635899564
GEN 127 time 1602477349
0.0014584555404298799
0.0023368348238357903
0.0023881709723581114
0.0016268975860854527
0.002489106048092668
0.0025457078635899564
GEN 128 time 1602477364
0.0014584555404298799
0.0023368348238357903
0.0023881709723581114
0.0016268975860854527
0.002489106048092668
0.0025457078635899564
GEN 129 time 1602477380
0.0014584555404298799
0.0023368348238357903
0.0023881709723581114
0.0016268975860854527
0.002489106048092668
0.0025339348775988858
GEN 130 time 1602477395
0.0014584555404298799
0.0023368348238357903
0.0023881709723581114
0.0016268975860854527
0.002489106048092668
0.0025339348775988858
GEN 131 time 1602477411
0.0014584555404298799
0.0023368348238357903
0.0023881709723581114
0.0016268975860854527
0.002489106048092668
0.0025339348775988858
GEN 132 time 1602477427
0.0014584555404298799
0.0023368348238357903
0.0023881709723581114
0.0016268975860854527
0.002489106048092668
0.0025339348775988858
GEN 133 time 1602477442
0.0014584555404298799
0.0023368348238357903
0.0023881709723581114
0.0016268975860854527
0.002489106048092668
0.0025339348775988858
GEN 134 time 1602477458
0.0014584555404298799
0.0023368348238357903
0.0023881709723581114
0.0016268975860854527
0.002489106048092668
0.0025339348775988858
GEN 135 time 1602477474
0.0014584555404298799
0.0023368348238357903
0.0023881709723581114
0.0016268975860854527
0.002289086048092668
0.0025339348775988858
GEN 136 time 1602477489
0.0014584555404298799
0.0023368348238357903
0.0023881709723581114
0.0016268975860854527
0.002289086048092668
0.0025339348775988858
GEN 137 time 1602477504
0.0014584555404298799
0.0023368348238357903
0.0023881709723581114
0.0016268975860854527
0.002289086048092668
0.0025339348775988858
GEN 138 time 1602477519
0.0014584555404298799
0.0023368348238357903
0.0023881709723581114
0.0016268975860854527
0.002289086048092668
0.0025339348775988858
GEN 139 time 1602477535
0.0014584555404298799
0.0023368348238357903
0.0023881709723581114
0.0016268975860854527
0.002289086048092668
0.0025339348775988858
GEN 140 time 1602477550
0.0014584555404298799
0.0023368348238357903
0.0023881709723581114
0.0016268975860854527
0.002289086048092668
0.0025339348775988858
GEN 141 time 1602477565
0.0014584555404298799
0.0023368348238357903
0.0023881709723581114
0.0016268975860854527
0.002289086048092668
0.0025339348775988858
GEN 142 time 1602477580
0.0014584555404298799
0.0023368348238357903
0.0023881709723581114
0.0016268975860854527
0.002289086048092668
0.0025339348775988858
GEN 143 time 1602477595
0.0014584555404298799
0.0023368348238357903
0.0023881709723581114
0.0016268975860854527
0.002289086048092668
0.0025339348775988858
GEN 144 time 1602477610
0.0014584555404298799
0.0023368348238357903
0.0023881709723581114
0.0016268975860854527
0.002289086048092668
0.0025339348775988858
GEN 145 time 1602477625
0.0014584555404298799
0.0023368348238357903
0.0023881709723581114
0.0016268975860854527
0.002289086048092668
0.0025339348775988858
GEN 146 time 1602477641
0.0014584555404298799
0.0023368348238357903
0.0023881709723581114
0.0016268975860854527
0.002289086048092668
0.0025339348775988858
GEN 147 time 1602477656
0.0014584555404298799
0.0023368348238357903
0.0023881709723581114
0.0016268975860854527
0.002289086048092668
0.0025339348775988858
GEN 148 time 1602477671
0.0014584555404298799
0.0023368348238357903
0.0023881709723581114
0.0016268975860854527
0.0019671960697118713
0.0025339348775988858
GEN 149 time 1602477686
0.0014584555404298799
0.0023368348238357903
0.0023881709723581114
0.0016268975860854527
0.0019671960697118713
0.0025339348775988858
GEN 150 time 1602477701
0.0014584555404298799
0.0023368348238357903
0.0023881709723581114
0.0016268975860854527
0.0019671960697118713
0.0025339348775988858
GEN 151 time 1602477716
0.0014584555404298799
0.0023368348238357903
0.0023881709723581114
0.0016268975860854527
0.0019671960697118713
0.0025339348775988858
GEN 152 time 1602477731
0.0014584555404298799
0.0023368348238357903
0.0023881709723581114
0.0016268975860854527
0.0019671960697118713
0.0025339348775988858
GEN 153 time 1602477746
0.0014584555404298799
0.0023368348238357903
0.0023881709723581114
0.0016268975860854527
0.0019671960697118713
0.0025339348775988858
GEN 154 time 1602477762
0.0014584555404298799
0.0023368348238357903
0.0023881709723581114
0.0016268975860854527
0.0019671960697118713
0.0025339348775988858
GEN 155 time 1602477777
0.0014584555404298799
0.0023368348238357903
0.0023881709723581114
0.0016268975860854527
0.0019671960697118713
0.0025339348775988858
GEN 156 time 1602477792
0.0014584555404298799
0.0023368348238357903
0.0023881709723581114
0.0016268975860854527
0.0019671960697118713
0.0025339348775988858
GEN 157 time 1602477807
0.0014584555404298799
0.0023368348238357903
0.0023881709723581114
0.0016268975860854527
0.0019671960697118713
0.0025339348775988858
GEN 158 time 1602477822
0.0014584555404298799
0.0023368348238357903
0.0023881709723581114
0.0016268975860854527
0.0019671960697118713
0.0025339348775988858
GEN 159 time 1602477836
0.0014584555404298799
0.0023368348238357903
0.0023881709723581114
0.0016268975860854527
0.0019671960697118713
0.0025339348775988858
GEN 160 time 1602477851
0.0014584555404298799
0.0023368348238357903
0.0023881709723581114
0.0016268975860854527
0.0019671960697118713
0.0025339348775988858
GEN 161 time 1602477866
0.0014584555404298799
0.0023368348238357903
0.0023881709723581114
0.0016268975860854527
0.0019671960697118713
0.0025339348775988858
GEN 162 time 1602477881
0.0014584555404298799
0.0023368348238357903
0.0023881709723581114
0.0016171861389345553
0.0019671960697118713
0.0025339348775988858
GEN 163 time 1602477896
0.0014584555404298799
0.0023368348238357903
0.0023881709723581114
0.0016171861389345553
0.0019671960697118713
0.0025339348775988858
GEN 164 time 1602477911
0.0014584555404298799
0.0023368348238357903
0.0023881709723581114
0.0016171861389345553
0.0016707795596438198
0.0025339348775988858
GEN 165 time 1602477926
0.0014584555404298799
0.0023368348238357903
0.0023881709723581114
0.0016171861389345553
0.0016707795596438198
0.0025339348775988858
GEN 166 time 1602477941
0.0014584555404298799
0.0023368348238357903
0.0023881709723581114
0.0016171861389345553
0.0016707795596438198
0.0025339348775988858
GEN 167 time 1602477956
0.0014584555404298799
0.0023368348238357903
0.0023881709723581114
0.0016171861389345553
0.0016707795596438198
0.0025339348775988858
GEN 168 time 1602477971
0.0014584555404298799
0.0023368348238357903
0.0023881709723581114
0.0016171861389345553
0.0016707795596438198
0.0025339348775988858
GEN 169 time 1602477987
0.0014584555404298799
0.0023368348238357903
0.0023881709723581114
0.0016171861389345553
0.0016707795596438198
0.0025339348775988858
GEN 170 time 1602478002
0.0014584555404298799
0.0023368348238357903
0.0023881709723581114
0.0016171861389345553
0.0016707795596438198
0.0025339348775988858
GEN 171 time 1602478017
0.0014584555404298799
0.0023368348238357903
0.0023881709723581114
0.0016171861389345553
0.0016707795596438198
0.0025339348775988858
GEN 172 time 1602478032
0.0014584555404298799
0.0023368348238357903
0.0023881709723581114
0.0016171861389345553
0.0016707795596438198
0.002366535009421632
GEN 173 time 1602478047
0.0014584555404298799
0.0023368348238357903
0.0023881709723581114
0.0016171861389345553
0.0016707795596438198
0.002366535009421632
GEN 174 time 1602478062
0.0014584555404298799
0.0023368348238357903
0.0023881709723581114
0.0016171861389345553
0.0016707795596438198
0.002366535009421632
GEN 175 time 1602478077
0.0014584555404298799
0.0023368348238357903
0.0023881709723581114
0.0016171861389345553
0.0016707795596438198
0.002366535009421632
GEN 176 time 1602478092
0.0014584555404298799
0.0023368348238357903
0.0023881709723581114
0.0016171861389345553
0.0016707795596438198
0.002366535009421632
GEN 177 time 1602478107
0.0014584555404298799
0.0023368348238357903
0.0023881709723581114
0.0016171861389345553
0.0016707795596438198
0.002366535009421632
GEN 178 time 1602478122
0.0014584555404298799
0.0023368348238357903
0.0023881709723581114
0.0016171861389345553
0.0016707795596438198
0.002366535009421632
GEN 179 time 1602478137
0.0014584555404298799
0.0023368348238357903
0.0023881709723581114
0.0016171861389345553
0.0016707795596438198
0.002366535009421632
GEN 180 time 1602478152
0.0014584555404298799
0.0023368348238357903
0.0023881709723581114
0.0016171861389345553
0.0016707795596438198
0.002366535009421632
GEN 181 time 1602478167
0.0014584555404298799
0.0023368348238357903
0.0023881709723581114
0.0016171861389345553
0.0016707795596438198
0.002366535009421632
GEN 182 time 1602478182
0.0014584555404298799
0.0023368348238357903
0.0023881709723581114
0.0016171861389345553
0.0016707795596438198
0.002366535009421632
GEN 183 time 1602478197
0.0014584555404298799
0.0023368348238357903
0.0023881709723581114
0.0016171861389345553
0.0016707795596438198
0.002366535009421632
GEN 184 time 1602478212
0.0014584555404298799
0.0023368348238357903
0.0023881709723581114
0.0016171861389345553
0.0016707795596438198
0.002366535009421632
GEN 185 time 1602478227
0.0014584555404298799
0.0023368348238357903
0.0023881709723581114
0.001615816897656336
0.0016707795596438198
0.002366535009421632
GEN 186 time 1602478243
0.0014584555404298799
0.0023368348238357903
0.0023881709723581114
0.001615816897656336
0.0016707795596438198
0.002366535009421632
GEN 187 time 1602478258
0.0014584555404298799
0.0023368348238357903
0.0023881709723581114
0.001615816897656336
0.0016707795596438198
0.002366535009421632
GEN 188 time 1602478274
0.0014584555404298799
0.0023368348238357903
0.0023881709723581114
0.001615816897656336
0.0016707795596438198
0.002366535009421632
GEN 189 time 1602478289
0.0014584555404298799
0.0023368348238357903
0.0023881709723581114
0.001615816897656336
0.0016707795596438198
0.002366535009421632
GEN 190 time 1602478304
0.0014584555404298799
0.0023368348238357903
0.0023881709723581114
0.001615816897656336
0.0016707795596438198
0.002366535009421632
GEN 191 time 1602478320
0.0014584555404298799
0.0023368348238357903
0.0023881709723581114
0.001615816897656336
0.0016707795596438198
0.002366535009421632
GEN 192 time 1602478335
0.0014584555404298799
0.0023368348238357903
0.0023881709723581114
0.001615816897656336
0.0016707795596438198
0.002366535009421632
GEN 193 time 1602478351
0.0014584555404298799
0.0023368348238357903
0.0023881709723581114
0.001615816897656336
0.0016707795596438198
0.002366535009421632
GEN 194 time 1602478366
0.0014584555404298799
0.0023368348238357903
0.0023881709723581114
0.001615816897656336
0.0016707795596438198
0.002366535009421632
GEN 195 time 1602478381
0.0014584555404298799
0.0023368348238357903
0.0023881709723581114
0.001615816897656336
0.0016707795596438198
0.002366535009421632
GEN 196 time 1602478397
0.0014584555404298799
0.0023368348238357903
0.0023881709723581114
0.001615816897656336
0.0016707795596438198
0.002366535009421632
GEN 197 time 1602478413
0.0014584555404298799
0.0023368348238357903
0.0023881709723581114
0.0015902993903369829
0.0016707795596438198
0.002366535009421632
GEN 198 time 1602478428
0.0014584555404298799
0.0023368348238357903
0.0023881709723581114
0.0015902993903369829
0.0016707795596438198
0.002366535009421632
GEN 199 time 1602478443
0.0014584555404298799
0.0023368348238357903
0.0023881709723581114
0.0015902993903369829
0.0016707795596438198
0.002366535009421632
