['./data/small/layer/uu-dem5_r25_1.json', './data/small/layer/uu-dem7_r25_1.json', './data/small/layer/uu-dem10_r25_1.json', './data/small/hop/uu-dem7_r25_1_40.json', './data/small/hop/uu-dem5_r25_1_40.json', './data/small/hop/uu-dem2_r25_1_40.json']
GEN 0 time 1611272351
inf
0.0023368348238357903
0.002228869771983382
0.006459345346205015
0.004401924484606673
0.004882730029710943
GEN 1 time 1611272358
inf
0.0023368348238357903
0.002200235161043471
0.006459345346205015
0.004249775699188484
0.004882730029710943
GEN 2 time 1611272365
inf
0.0023368348238357903
0.002200235161043471
0.006459345346205015
0.004249775699188484
0.004882730029710943
GEN 3 time 1611272373
inf
0.0023368348238357903
0.002200235161043471
0.00520410967859621
0.004044692108979327
0.0048067190220651345
GEN 4 time 1611272380
inf
0.0023368348238357903
0.0018122043816207161
0.00520410967859621
0.004044692108979327
0.004605103260097312
GEN 5 time 1611272387
inf
0.0023368348238357903
0.0016251200286090527
0.00520410967859621
0.003803418887150718
0.004602680024487394
GEN 6 time 1611272395
inf
0.0023368348238357903
0.0016251200286090527
0.00520410967859621
0.003803418887150718
0.004602680024487394
GEN 7 time 1611272402
inf
0.0023368348238357903
0.0016251200286090527
0.00520410967859621
0.003803418887150718
0.004602680024487394
GEN 8 time 1611272410
inf
0.0023368348238357903
0.0016251200286090527
0.00520410967859621
0.0038006602853235855
0.004602680024487394
GEN 9 time 1611272417
inf
0.0023368348238357903
0.0016251200286090527
0.0052029521407171275
0.003408153995556508
0.004602680024487394
GEN 10 time 1611272425
inf
0.0023368348238357903
0.0016251200286090527
0.0052029521407171275
0.003408153995556508
0.004602100701987784
GEN 11 time 1611272432
inf
0.0023368348238357903
0.0016251200286090527
0.0052029521407171275
0.003408153995556508
0.004600621395854467
GEN 12 time 1611272440
inf
0.0023368348238357903
0.0016251200286090527
0.0052029521407171275
0.003408153995556508
0.004600621395854467
GEN 13 time 1611272447
inf
0.0023368348238357903
0.0016251200286090527
0.0052029521407171275
0.003408153995556508
0.004600621395854467
GEN 14 time 1611272455
inf
0.0023368348238357903
0.0016251200286090527
0.0052029521407171275
0.003408153995556508
0.004600621395854467
GEN 15 time 1611272463
inf
0.0023368348238357903
0.0016251200286090527
0.0052029521407171275
0.003408153995556508
0.004600621395854467
GEN 16 time 1611272470
inf
0.0023368348238357903
0.0016251200286090527
0.0052029521407171275
0.003408153995556508
0.004600621395854467
GEN 17 time 1611272478
inf
0.0023368348238357903
0.0016251200286090527
0.005002932140717127
0.003408153995556508
0.004600621395854467
GEN 18 time 1611272485
inf
0.0023368348238357903
0.0016251200286090527
0.005002932140717127
0.003408153995556508
0.004600621395854467
GEN 19 time 1611272493
inf
0.0023368348238357903
0.0016251200286090527
0.005002932140717127
0.003408153995556508
0.004600621395854467
GEN 20 time 1611272501
inf
0.0023368348238357903
0.0016074198541744253
0.005002932140717127
0.003408153995556508
0.004600621395854467
GEN 21 time 1611272508
inf
0.0023368348238357903
0.0016074198541744253
0.005002932140717127
0.003402117405321094
0.004600621395854467
GEN 22 time 1611272516
inf
0.0023368348238357903
0.0014010463019446075
0.005002932140717127
0.003205965657177068
0.004600621395854467
GEN 23 time 1611272524
inf
0.0023368348238357903
0.0014010463019446075
0.005002932140717127
0.003205965657177068
0.004600621395854467
GEN 24 time 1611272531
inf
0.0023368348238357903
0.0014010463019446075
0.004602528359384253
0.003205965657177068
0.004600621395854467
GEN 25 time 1611272539
inf
0.0023368348238357903
0.0014010463019446075
0.004602528359384253
0.003205965657177068
0.004600621395854467
GEN 26 time 1611272546
inf
0.0023368348238357903
0.0014010463019446075
0.004602528359384253
0.003205965657177068
0.004600621395854467
GEN 27 time 1611272554
inf
0.0023368348238357903
0.0014010463019446075
0.004602528359384253
0.003205965657177068
0.004600621395854467
GEN 28 time 1611272562
inf
0.0023368348238357903
0.0014010463019446075
0.004602528359384253
0.003205965657177068
0.004600621395854467
GEN 29 time 1611272569
inf
0.0023368348238357903
0.0014010463019446075
0.004601816360829598
0.003205965657177068
0.004600621395854467
GEN 30 time 1611272577
inf
0.0023368348238357903
0.0014010463019446075
0.004601816360829598
0.0030081139955565077
0.004600621395854467
GEN 31 time 1611272584
inf
0.0023368348238357903
0.0014010463019446075
0.004601816360829598
0.0030081139955565077
0.004600621395854467
GEN 32 time 1611272592
inf
0.0023368348238357903
0.0014010463019446075
0.00440228139210528
0.0030081139955565077
0.004600621395854467
GEN 33 time 1611272600
inf
0.0023368348238357903
0.0014010463019446075
0.00440228139210528
0.0030081139955565077
0.004600621395854467
GEN 34 time 1611272607
inf
0.0023368348238357903
0.0014010463019446075
0.004200494297782308
0.0030081139955565077
0.004600621395854467
GEN 35 time 1611272615
inf
0.0023368348238357903
0.0014010463019446075
0.004200494297782308
0.0030081139955565077
0.004600621395854467
GEN 36 time 1611272622
0.0024212817460994513
0.0023368348238357903
0.0014010463019446075
0.004200494297782308
0.0030046937907678554
0.004600621395854467
GEN 37 time 1611272630
0.0024212817460994513
0.0023368348238357903
0.0014010463019446075
0.004200494297782308
0.0030046937907678554
0.004600621395854467
GEN 38 time 1611272637
0.0024212817460994513
0.0023368348238357903
0.0014010463019446075
0.004200494297782308
0.0030006393497946805
0.004600612925836984
GEN 39 time 1611272645
0.0024212817460994513
0.0023368348238357903
0.0014010463019446075
0.004200494297782308
0.0030006393497946805
0.004600612925836984
GEN 40 time 1611272652
0.0024212817460994513
0.0023368348238357903
0.0014010463019446075
0.004200494297782308
0.0030006393497946805
0.004600612925836984
GEN 41 time 1611272660
0.0024212817460994513
0.0023368348238357903
0.0014010463019446075
0.004200494297782308
0.0030006393497946805
0.004600612925836984
GEN 42 time 1611272668
0.0024212817460994513
0.0023368348238357903
0.0014010463019446075
0.004200494297782308
0.0030006393497946805
0.004600612925836984
GEN 43 time 1611272675
0.0024212817460994513
0.0023368348238357903
0.0014010463019446075
0.004200494297782308
0.00280750557524968
0.004600612925836984
GEN 44 time 1611272683
0.0024212817460994513
0.0023368348238357903
0.0014010463019446075
0.004200494297782308
0.00280750557524968
0.004600612925836984
GEN 45 time 1611272690
0.0024212817460994513
0.0023368348238357903
0.0014010463019446075
0.004200494297782308
0.00280750557524968
0.004600612925836984
GEN 46 time 1611272698
0.002391184823506423
0.0023368348238357903
0.0014010463019446075
0.004200494297782308
0.00280750557524968
0.004600612925836984
GEN 47 time 1611272706
0.002391184823506423
0.0023368348238357903
0.0014010463019446075
0.004200494297782308
0.00280750557524968
0.004600612925836984
GEN 48 time 1611272713
0.002391184823506423
0.0023368348238357903
0.0014010463019446075
0.004200494297782308
0.00280750557524968
0.004600461109593429
GEN 49 time 1611272721
0.002391184823506423
0.0023368348238357903
0.0014010463019446075
0.004200494297782308
0.00280750557524968
0.004600461109593429
GEN 50 time 1611272728
0.002391184823506423
0.0023368348238357903
0.0014010463019446075
0.004200494297782308
0.00280750557524968
0.004600461109593429
GEN 51 time 1611272736
0.002391184823506423
0.0023368348238357903
0.0014010463019446075
0.004200494297782308
0.002804673790767856
0.004600461109593429
GEN 52 time 1611272743
0.002391184823506423
0.0023368348238357903
0.0014010463019446075
0.004200494297782308
0.002804673790767856
0.004600461109593429
GEN 53 time 1611272751
0.002391184823506423
0.0023368348238357903
0.0014010463019446075
0.004200494297782308
0.002804673790767856
0.004600461109593429
GEN 54 time 1611272758
0.002391184823506423
0.0023368348238357903
0.0014010463019446075
0.004200494297782308
0.002804673790767856
0.004600461109593429
GEN 55 time 1611272766
0.002391184823506423
0.0023368348238357903
0.0014010463019446075
0.004200494297782308
0.002804673790767856
0.004600461109593429
GEN 56 time 1611272773
0.002391184823506423
0.0023368348238357903
0.0014010463019446075
0.004200494297782308
0.002804673790767856
0.004600461109593429
GEN 57 time 1611272781
0.002391184823506423
0.0023368348238357903
0.0014010463019446075
0.004200494297782308
0.002804673790767856
0.004600461109593429
GEN 58 time 1611272789
0.002391184823506423
0.0023368348238357903
0.0014010463019446075
0.004200494297782308
0.002804673790767856
0.004600461109593429
GEN 59 time 1611272796
0.0022212617460994517
0.0023368348238357903
0.0014010463019446075
0.004200494297782308
0.002804673790767856
0.004600461109593429
GEN 60 time 1611272804
0.0022212617460994517
0.0023368348238357903
0.0014010463019446075
0.004200494297782308
0.002804673790767856
0.004600461109593429
GEN 61 time 1611272811
0.0022212617460994517
0.0023368348238357903
0.0014010463019446075
0.004200494297782308
0.002804673790767856
0.004600461109593429
GEN 62 time 1611272819
0.0022212617460994517
0.0023368348238357903
0.0014010463019446075
0.004200494297782308
0.002804673790767856
0.004600461109593429
GEN 63 time 1611272826
0.0022212617460994517
0.0023368348238357903
0.0014010463019446075
0.004200494297782308
0.002804673790767856
0.004600461109593429
GEN 64 time 1611272834
0.0022212617460994517
0.0023368348238357903
0.0014010463019446075
0.004200494297782308
0.0028037436191877285
0.004600461109593429
GEN 65 time 1611272841
0.0022212617460994517
0.0023368348238357903
0.0014010463019446075
0.004200494297782308
0.0028037436191877285
0.004600461109593429
GEN 66 time 1611272849
0.0022212617460994517
0.0023368348238357903
0.0014010463019446075
0.004200494297782308
0.0028037436191877285
0.004600461109593429
GEN 67 time 1611272857
0.0022212617460994517
0.0023368348238357903
0.0014010463019446075
0.004200494297782308
0.0028037436191877285
0.004600461109593429
GEN 68 time 1611272864
0.0022212617460994517
0.0023368348238357903
0.0014010463019446075
0.004200494297782308
0.0028037436191877285
0.004600461109593429
GEN 69 time 1611272872
0.0022212617460994517
0.0023368348238357903
0.0014010463019446075
0.004200494297782308
0.0028037436191877285
0.004600461109593429
GEN 70 time 1611272879
0.0022212617460994517
0.0023368348238357903
0.0014010463019446075
0.004200494297782308
0.0028037436191877285
0.004600461109593429
GEN 71 time 1611272887
0.0022212617460994517
0.0023368348238357903
0.0014010463019446075
0.004200494297782308
0.0028037436191877285
0.004600461109593429
GEN 72 time 1611272894
0.0022212617460994517
0.0023368348238357903
0.0014010463019446075
0.004200494297782308
0.0028037436191877285
0.004600461109593429
GEN 73 time 1611272902
0.0022212617460994517
0.0023368348238357903
0.0014010463019446075
0.004200494297782308
0.0028037436191877285
0.004600461109593429
GEN 74 time 1611272909
0.0022212617460994517
0.0023368348238357903
0.0014010463019446075
0.004200494297782308
0.0028037436191877285
0.004600461109593429
GEN 75 time 1611272917
0.0022212617460994517
0.0023368348238357903
0.0014010463019446075
0.004200494297782308
0.0028037436191877285
0.004600461109593429
GEN 76 time 1611272925
0.0022212617460994517
0.0023368348238357903
0.0014010463019446075
0.004200494297782308
0.0028037436191877285
0.004600461109593429
GEN 77 time 1611272932
0.0022212617460994517
0.0023368348238357903
0.0014010463019446075
0.004200494297782308
0.0028037436191877285
0.004600461109593429
GEN 78 time 1611272940
0.0022212617460994517
0.0023368348238357903
0.0014010463019446075
0.004200494297782308
0.0028037436191877285
0.004600461109593429
GEN 79 time 1611272947
0.0022212617460994517
0.0023368348238357903
0.0014010463019446075
0.004200494297782308
0.0028037436191877285
0.004600461109593429
GEN 80 time 1611272955
0.0022212617460994517
0.0023368348238357903
0.0014010463019446075
0.004200494297782308
0.0028037436191877285
0.004600461109593429
GEN 81 time 1611272962
0.0022212617460994517
0.0023368348238357903
0.0014010463019446075
0.004200463925289331
0.0028028919883015964
0.004600461109593429
GEN 82 time 1611272970
0.0022212617460994517
0.0023368348238357903
0.0014010463019446075
0.004200463925289331
0.0028022608033335646
0.004600461109593429
GEN 83 time 1611272977
0.0022212617460994517
0.0023368348238357903
0.0014010463019446075
0.004200463925289331
0.002802189803003517
0.004600461109593429
GEN 84 time 1611272985
0.0022212617460994517
0.0023368348238357903
0.0014010463019446075
0.004200463925289331
0.002802189803003517
0.004600461109593429
GEN 85 time 1611272992
0.0022212617460994517
0.0023368348238357903
0.0014010463019446075
0.004200463925289331
0.002802189803003517
0.004600461109593429
GEN 86 time 1611273000
0.0022212617460994517
0.0023368348238357903
0.0014010463019446075
0.004200463925289331
0.002802189803003517
0.004600461109593429
GEN 87 time 1611273008
0.0022212617460994517
0.0023368348238357903
0.0014010463019446075
0.004200463925289331
0.002802189803003517
0.004600461109593429
GEN 88 time 1611273015
0.0022212617460994517
0.0023368348238357903
0.0014010463019446075
0.004200463925289331
0.002802189803003517
0.004600461109593429
GEN 89 time 1611273023
0.0022212617460994517
0.0023368348238357903
0.0014010463019446075
0.004200463925289331
0.002802189803003517
0.004600461109593429
GEN 90 time 1611273030
0.0022212617460994517
0.0023368348238357903
0.0014010463019446075
0.004200463925289331
0.002802189803003517
0.004600461109593429
GEN 91 time 1611273038
0.0022212617460994517
0.0023368348238357903
0.0014010463019446075
0.004200463925289331
0.0026028719883015965
0.004600461109593429
GEN 92 time 1611273046
0.0022212617460994517
0.0023368348238357903
0.0014010463019446075
0.004000461556767304
0.0026028719883015965
0.004600461109593429
GEN 93 time 1611273053
0.0022212617460994517
0.0023368348238357903
0.0014010463019446075
0.004000461556767304
0.0026028719883015965
0.004600461109593429
GEN 94 time 1611273061
0.0022212617460994517
0.0023368348238357903
0.0014010463019446075
0.004000461556767304
0.0026028719883015965
0.004600461109593429
GEN 95 time 1611273068
0.0022212617460994517
0.0023368348238357903
0.0014010463019446075
0.004000461556767304
0.0026028719883015965
0.004600461109593429
GEN 96 time 1611273076
0.0022212617460994517
0.0023368348238357903
0.0014010463019446075
0.004000461556767304
0.0026028719883015965
0.004600461109593429
GEN 97 time 1611273084
0.0022212617460994517
0.0023368348238357903
0.0014010463019446075
0.004000461556767304
0.0026028719883015965
0.004600461109593429
GEN 98 time 1611273091
0.0022212617460994517
0.0023368348238357903
0.0014010463019446075
0.004000461556767304
0.0026028719883015965
0.004600461109593429
GEN 99 time 1611273099
0.0022212617460994517
0.0023368348238357903
0.0014010463019446075
0.004000461556767304
0.0026028719883015965
0.004600461109593429
GEN 100 time 1611273106
0.0022212617460994517
0.0023368348238357903
0.0014010463019446075
0.004000461556767304
0.0026028719883015965
0.004600461109593429
GEN 101 time 1611273114
0.0022212617460994517
0.0023368348238357903
0.0014010463019446075
0.004000443925289331
0.0026028719883015965
0.004600461109593429
GEN 102 time 1611273122
0.0022212617460994517
0.0023368348238357903
0.0014010463019446075
0.004000443925289331
0.0026028719883015965
0.004600461109593429
GEN 103 time 1611273129
0.0022212617460994517
0.0023368348238357903
0.0014010463019446075
0.004000443925289331
0.0026028719883015965
0.004600461109593429
GEN 104 time 1611273137
0.0022212617460994517
0.0023368348238357903
0.0014010463019446075
0.004000443925289331
0.0026028719883015965
0.004600461109593429
GEN 105 time 1611273145
0.0022212617460994517
0.0023368348238357903
0.0014010463019446075
0.004000443925289331
0.0026028719883015965
0.004600461109593429
GEN 106 time 1611273152
0.0022212617460994517
0.0023368348238357903
0.0014010463019446075
0.004000443925289331
0.0026028719883015965
0.004600461109593429
GEN 107 time 1611273160
0.0022212617460994517
0.0023368348238357903
0.0014010463019446075
0.004000443925289331
0.0026028719883015965
0.004600461109593429
GEN 108 time 1611273168
0.0022212617460994517
0.0023368348238357903
0.0014010463019446075
0.004000443925289331
0.0026028719883015965
0.004600461109593429
GEN 109 time 1611273175
0.0022212617460994517
0.0023368348238357903
0.0014010463019446075
0.004000443925289331
0.0026028719883015965
0.004600461109593429
GEN 110 time 1611273183
0.0022212617460994517
0.0023368348238357903
0.0014010463019446075
0.004000443925289331
0.0026028719883015965
0.004600461109593429
GEN 111 time 1611273190
0.0022212617460994517
0.0023368348238357903
0.0014010463019446075
0.004000443925289331
0.0026028719883015965
0.004600461109593429
GEN 112 time 1611273198
0.0022212617460994517
0.0023368348238357903
0.0014010463019446075
0.004000443925289331
0.0026028719883015965
0.004600461109593429
GEN 113 time 1611273206
0.0022212617460994517
0.0023368348238357903
0.0014010463019446075
0.004000443925289331
0.0026028719883015965
0.004600461109593429
GEN 114 time 1611273213
0.0022212617460994517
0.0023368348238357903
0.0014010463019446075
0.004000443925289331
0.0026028719883015965
0.004600461109593429
GEN 115 time 1611273221
0.0022212617460994517
0.0023368348238357903
0.0014010463019446075
0.004000443925289331
0.0026028719883015965
0.004600461109593429
GEN 116 time 1611273229
0.0022212617460994517
0.0023368348238357903
0.0014010463019446075
0.004000443925289331
0.0026028719883015965
0.004600461109593429
GEN 117 time 1611273236
0.0022212617460994517
0.0023368348238357903
0.0014010463019446075
0.004000443925289331
0.0026028719883015965
0.004600461109593429
GEN 118 time 1611273244
0.0022212617460994517
0.0023368348238357903
0.0014010463019446075
0.004000443925289331
0.0026028719883015965
0.004600461109593429
GEN 119 time 1611273252
0.0022212617460994517
0.0023368348238357903
0.0014010463019446075
0.004000443925289331
0.0026028719883015965
0.004600461109593429
GEN 120 time 1611273259
0.0022212617460994517
0.0023368348238357903
0.0014010463019446075
0.004000443925289331
0.0026028719883015965
0.004600461109593429
GEN 121 time 1611273267
0.002191164823506423
0.0023368348238357903
0.0014010463019446075
0.004000443925289331
0.0026028719883015965
0.004600461109593429
GEN 122 time 1611273275
0.002191164823506423
0.0023368348238357903
0.0014010463019446075
0.004000443925289331
0.0026028719883015965
0.004600461109593429
GEN 123 time 1611273282
0.002191164823506423
0.0023368348238357903
0.0014010463019446075
0.004000443925289331
0.0026028719883015965
0.004600461109593429
GEN 124 time 1611273290
0.002191164823506423
0.0023368348238357903
0.0014010463019446075
0.004000443925289331
0.0026028719883015965
0.004600461109593429
GEN 125 time 1611273298
0.002191164823506423
0.0023368348238357903
0.0014010463019446075
0.004000443925289331
0.0026028719883015965
0.004600461109593429
GEN 126 time 1611273306
0.002191164823506423
0.0023368348238357903
0.0014010463019446075
0.004000443925289331
0.0026028719883015965
0.004600461109593429
GEN 127 time 1611273313
0.002191164823506423
0.0023368348238357903
0.0014010463019446075
0.004000443925289331
0.0026028719883015965
0.004600461109593429
GEN 128 time 1611273321
0.002191164823506423
0.0023368348238357903
0.0014010463019446075
0.004000443925289331
0.0026028719883015965
0.004600461109593429
GEN 129 time 1611273329
0.002191164823506423
0.0023368348238357903
0.0014010463019446075
0.004000443925289331
0.0026028719883015965
0.004600461109593429
GEN 130 time 1611273337
0.002191164823506423
0.0023368348238357903
0.0014010463019446075
0.004000443925289331
0.0026028719883015965
0.004600461109593429
GEN 131 time 1611273344
0.002191164823506423
0.0023368348238357903
0.0014010463019446075
0.004000443925289331
0.0026028719883015965
0.004600461109593429
GEN 132 time 1611273352
0.002191164823506423
0.0023368348238357903
0.0014010463019446075
0.004000443925289331
0.0026028719883015965
0.004600461109593429
GEN 133 time 1611273360
0.002191164823506423
0.0023368348238357903
0.0014010463019446075
0.004000443925289331
0.0026028719883015965
0.004600461109593429
GEN 134 time 1611273368
0.002191164823506423
0.0023368348238357903
0.0014010463019446075
0.004000443925289331
0.0026028719883015965
0.004600461109593429
GEN 135 time 1611273375
0.002191164823506423
0.0023368348238357903
0.0014010463019446075
0.004000443925289331
0.0026028719883015965
0.004600461109593429
GEN 136 time 1611273383
0.002191164823506423
0.0023368348238357903
0.0014010463019446075
0.004000443925289331
0.0026028719883015965
0.004600461109593429
GEN 137 time 1611273391
0.002191164823506423
0.0023368348238357903
0.0014010463019446075
0.004000443925289331
0.0026028719883015965
0.004600461109593429
GEN 138 time 1611273399
0.002191164823506423
0.0023368348238357903
0.0014010463019446075
0.004000443925289331
0.0026028719883015965
0.004600461109593429
GEN 139 time 1611273406
0.002191164823506423
0.0023368348238357903
0.0014010463019446075
0.004000443925289331
0.0026028719883015965
0.004600461109593429
GEN 140 time 1611273414
0.002191164823506423
0.0023368348238357903
0.0014010463019446075
0.004000443925289331
0.0026028719883015965
0.004600461109593429
GEN 141 time 1611273422
0.002191164823506423
0.0023368348238357903
0.0014010463019446075
0.004000443925289331
0.0026028719883015965
0.004600461109593429
GEN 142 time 1611273430
0.002191164823506423
0.0023368348238357903
0.0014010463019446075
0.004000443925289331
0.0026028719883015965
0.004600461109593429
GEN 143 time 1611273437
0.002191164823506423
0.0023368348238357903
0.0014010463019446075
0.004000443925289331
0.0026028719883015965
0.004600461109593429
GEN 144 time 1611273445
0.002191164823506423
0.0023368348238357903
0.0014010463019446075
0.004000443925289331
0.0026028719883015965
0.004600461109593429
GEN 145 time 1611273453
0.002191164823506423
0.0023368348238357903
0.0014010463019446075
0.004000443925289331
0.0026028719883015965
0.004600461109593429
GEN 146 time 1611273461
0.002191164823506423
0.0023368348238357903
0.0014010463019446075
0.004000443925289331
0.0026028719883015965
0.004600461109593429
GEN 147 time 1611273469
0.002191164823506423
0.0023368348238357903
0.0014010463019446075
0.004000443925289331
0.0026028719883015965
0.004600461109593429
GEN 148 time 1611273476
0.002191164823506423
0.0023368348238357903
0.0014010463019446075
0.004000443925289331
0.0026028719883015965
0.004600461109593429
GEN 149 time 1611273484
0.002191164823506423
0.0023368348238357903
0.0014010463019446075
0.004000443925289331
0.0026028719883015965
0.004600461109593429
GEN 150 time 1611273492
0.002191164823506423
0.0023368348238357903
0.0014010463019446075
0.004000443925289331
0.0026028719883015965
0.004600461109593429
GEN 151 time 1611273500
0.002191164823506423
0.0023368348238357903
0.0014010463019446075
0.004000443925289331
0.0026028719883015965
0.004600461109593429
GEN 152 time 1611273507
0.002191164823506423
0.0023368348238357903
0.0014010463019446075
0.004000443925289331
0.0026028719883015965
0.004600461109593429
GEN 153 time 1611273515
0.002191164823506423
0.0023368348238357903
0.0014010463019446075
0.004000443925289331
0.0026028719883015965
0.004600461109593429
GEN 154 time 1611273523
0.002191164823506423
0.0023368348238357903
0.0014010463019446075
0.004000443925289331
0.0026028719883015965
0.004600461109593429
GEN 155 time 1611273530
0.002191164823506423
0.0023368348238357903
0.0014010463019446075
0.004000443925289331
0.0026028719883015965
0.004600461109593429
GEN 156 time 1611273538
0.002191164823506423
0.0023368348238357903
0.0014010463019446075
0.004000443925289331
0.0026028719883015965
0.004600461109593429
GEN 157 time 1611273546
0.002191164823506423
0.0023368348238357903
0.0014010463019446075
0.004000443925289331
0.0026028719883015965
0.004600461109593429
GEN 158 time 1611273554
0.002191164823506423
0.0023368348238357903
0.0014010463019446075
0.004000443925289331
0.0026028719883015965
0.004600461109593429
GEN 159 time 1611273561
0.002191164823506423
0.0023368348238357903
0.0014010463019446075
0.004000443925289331
0.0026028719883015965
0.004600461109593429
GEN 160 time 1611273569
0.002191164823506423
0.0023368348238357903
0.0014010463019446075
0.004000443925289331
0.0026028719883015965
0.004600461109593429
GEN 161 time 1611273577
0.002191164823506423
0.0023368348238357903
0.0014010463019446075
0.004000443925289331
0.0026028719883015965
0.004400592925836984
GEN 162 time 1611273584
0.002191164823506423
0.0023368348238357903
0.0014010463019446075
0.004000443925289331
0.0026028719883015965
0.004400592925836984
GEN 163 time 1611273592
0.002191164823506423
0.0023368348238357903
0.0014010463019446075
0.004000443925289331
0.0026028719883015965
0.004400592925836984
GEN 164 time 1611273600
0.002191164823506423
0.0023368348238357903
0.0014010463019446075
0.004000443925289331
0.0026028719883015965
0.004400592925836984
GEN 165 time 1611273607
0.002191164823506423
0.0023368348238357903
0.0014010463019446075
0.004000443925289331
0.0026028719883015965
0.004400592925836984
GEN 166 time 1611273615
0.002191164823506423
0.0023368348238357903
0.0014010463019446075
0.004000443925289331
0.0026028719883015965
0.004400592925836984
GEN 167 time 1611273623
0.002191164823506423
0.0023368348238357903
0.0014010463019446075
0.004000443925289331
0.0026028719883015965
0.004400592925836984
GEN 168 time 1611273631
0.002191164823506423
0.0023368348238357903
0.0014010463019446075
0.004000443925289331
0.0026028719883015965
0.004400592925836984
GEN 169 time 1611273638
0.002191164823506423
0.0023368348238357903
0.0014010463019446075
0.004000443925289331
0.0026028719883015965
0.004400592925836984
GEN 170 time 1611273646
0.002191164823506423
0.0023368348238357903
0.0014010463019446075
0.004000443925289331
0.0026028719883015965
0.004400592925836984
GEN 171 time 1611273654
0.002191164823506423
0.0023368348238357903
0.0014010463019446075
0.004000443925289331
0.0026028719883015965
0.004400592925836984
GEN 172 time 1611273662
0.002191164823506423
0.0023368348238357903
0.0014010463019446075
0.004000443925289331
0.0026028719883015965
0.004400592925836984
GEN 173 time 1611273670
0.002191164823506423
0.0023368348238357903
0.0014010463019446075
0.004000443925289331
0.0026028719883015965
0.004400592925836984
GEN 174 time 1611273677
0.002191164823506423
0.0023368348238357903
0.0014010463019446075
0.004000443925289331
0.0026028719883015965
0.004400592925836984
GEN 175 time 1611273685
0.002191164823506423
0.0023368348238357903
0.0014010463019446075
0.004000443925289331
0.0026028719883015965
0.004400592925836984
GEN 176 time 1611273693
0.002191164823506423
0.0023368348238357903
0.0014010463019446075
0.004000443925289331
0.0026028719883015965
0.004400592925836984
GEN 177 time 1611273701
0.002191164823506423
0.0023368348238357903
0.0014010463019446075
0.004000443925289331
0.0026028719883015965
0.004400592925836984
GEN 178 time 1611273708
0.002191164823506423
0.0023368348238357903
0.0014010463019446075
0.004000443925289331
0.0026028719883015965
0.004400592925836984
GEN 179 time 1611273716
0.002191164823506423
0.0023368348238357903
0.0014010463019446075
0.004000443925289331
0.0026028719883015965
0.004400592925836984
GEN 180 time 1611273724
0.002191164823506423
0.0023368348238357903
0.0014010463019446075
0.004000443925289331
0.0026028719883015965
0.004400592925836984
GEN 181 time 1611273732
0.002191164823506423
0.0023368348238357903
0.0014010463019446075
0.004000443925289331
0.0026028719883015965
0.004400592925836984
GEN 182 time 1611273740
0.002191164823506423
0.0023368348238357903
0.0014010463019446075
0.004000443925289331
0.0026028719883015965
0.004400592925836984
GEN 183 time 1611273747
0.002191164823506423
0.0023368348238357903
0.0014010463019446075
0.004000443925289331
0.0026028719883015965
0.004400592925836984
GEN 184 time 1611273755
0.002191164823506423
0.0023368348238357903
0.0014010463019446075
0.004000443925289331
0.0026028719883015965
0.004400592925836984
GEN 185 time 1611273763
0.002191164823506423
0.0023368348238357903
0.0014010463019446075
0.004000443925289331
0.0026028719883015965
0.004400592925836984
GEN 186 time 1611273771
0.002191164823506423
0.0023368348238357903
0.0014010463019446075
0.004000443925289331
0.0026028719883015965
0.004400592925836984
GEN 187 time 1611273778
0.002191164823506423
0.0023368348238357903
0.0014010463019446075
0.004000443925289331
0.0026028719883015965
0.004400592925836984
GEN 188 time 1611273786
0.002191164823506423
0.0023368348238357903
0.0014010463019446075
0.004000443925289331
0.0026028719883015965
0.004400592925836984
GEN 189 time 1611273794
0.002191164823506423
0.0023368348238357903
0.0014010463019446075
0.004000443925289331
0.0026028719883015965
0.004400592925836984
GEN 190 time 1611273802
0.002191164823506423
0.0023368348238357903
0.0014010463019446075
0.004000443925289331
0.0026028719883015965
0.004400592925836984
GEN 191 time 1611273809
0.002191164823506423
0.0023368348238357903
0.0014010463019446075
0.004000443925289331
0.0026028719883015965
0.004400592925836984
GEN 192 time 1611273817
0.002191164823506423
0.0023368348238357903
0.0014010463019446075
0.004000443925289331
0.0026028719883015965
0.004400592925836984
GEN 193 time 1611273825
0.002191164823506423
0.0023368348238357903
0.0014010463019446075
0.004000443925289331
0.0026028719883015965
0.004400592925836984
GEN 194 time 1611273833
0.002191164823506423
0.0023368348238357903
0.0014010463019446075
0.004000443925289331
0.0026028719883015965
0.004400592925836984
GEN 195 time 1611273840
0.002191164823506423
0.0023368348238357903
0.0014010463019446075
0.004000443925289331
0.0026028719883015965
0.004400592925836984
GEN 196 time 1611273848
0.002191164823506423
0.0023368348238357903
0.0014010463019446075
0.004000443925289331
0.0026028719883015965
0.004400592925836984
GEN 197 time 1611273856
0.002191164823506423
0.0023368348238357903
0.0014010463019446075
0.004000443925289331
0.0026028719883015965
0.004400592925836984
GEN 198 time 1611273863
0.002191164823506423
0.0023368348238357903
0.0014010463019446075
0.004000443925289331
0.0026028719883015965
0.004400592925836984
GEN 199 time 1611273871
0.002191164823506423
0.0023368348238357903
0.0014010463019446075
0.004000443925289331
0.0026028719883015965
0.004400592925836984
