['./data/small/layer/uu-dem8_r25_1.json', './data/small/layer/uu-dem3_r25_1.json', './data/small/layer/uu-dem9_r25_1.json', './data/small/hop/uu-dem8_r25_1_0.json', './data/small/hop/uu-dem6_r25_1_0.json', './data/small/hop/uu-dem2_r25_1_0.json']
GEN 0 time 1611345708
0.0019331241698611365
0.001752555615971115
0.0020207091383460784
0.0010613614357074764
0.0010944952450147817
0.0010441334921690282
GEN 1 time 1611345711
0.0019331241698611365
0.0017058410808370235
0.0020207091383460784
0.0010613614357074764
0.0010944952450147817
0.0010441334921690282
GEN 2 time 1611345714
0.0019331241698611365
0.0017058410808370235
0.0020207091383460784
0.0010613614357074764
0.0010944952450147817
0.0010441334921690282
GEN 3 time 1611345717
0.0019331241698611365
0.0017058410808370235
0.0020207091383460784
0.0010613614357074764
0.0010677916282306407
0.0010441334921690282
GEN 4 time 1611345720
0.0019331241698611365
0.0017058410808370235
0.0020135494669660096
0.0010613614357074764
0.0010677916282306407
0.001012761373564901
GEN 5 time 1611345723
0.0019331241698611365
0.0017058410808370235
0.0020135494669660096
0.0010613614357074764
0.0010677916282306407
0.0010063631509845176
GEN 6 time 1611345726
0.0019331241698611365
0.0017058410808370235
0.0020135494669660096
0.0010613614357074764
0.0010677916282306407
0.0010063631509845176
GEN 7 time 1611345729
0.0019331241698611365
0.0017058410808370235
0.0020135494669660096
0.0010613614357074764
0.0010677916282306407
0.0010063631509845176
GEN 8 time 1611345732
0.0019331241698611365
0.0017058410808370235
0.0020135494669660096
0.0010373889163735313
0.0010677916282306407
0.0010063631509845176
GEN 9 time 1611345735
0.0019331241698611365
0.0017058410808370235
0.0020135494669660096
0.0010373889163735313
0.0010677916282306407
0.0010063631509845176
GEN 10 time 1611345738
0.0019331241698611365
0.0017058410808370235
0.002000750810671921
0.0010373889163735313
0.0010677916282306407
0.0010063631509845176
GEN 11 time 1611345741
0.0019331241698611365
0.0017058410808370235
0.002000750810671921
0.0010320878506540892
0.0010677916282306407
0.0010063631509845176
GEN 12 time 1611345744
0.0019331241698611365
0.0017058410808370235
0.002000750810671921
0.0010320878506540892
0.0010643746229740245
0.0010057752994885065
GEN 13 time 1611345747
0.0019331241698611365
0.0017058410808370235
0.0018283188035092825
0.0010320878506540892
0.0010643746229740245
0.0010057752994885065
GEN 14 time 1611345750
0.0019331241698611365
0.0017058410808370235
0.0018283188035092825
0.0010320878506540892
0.0010643746229740245
0.0010057752994885065
GEN 15 time 1611345753
0.0019331241698611365
0.0017058410808370235
0.0018266509095459789
0.0010320878506540892
0.0010643746229740245
0.0010057752994885065
GEN 16 time 1611345756
0.0019331241698611365
0.0017058410808370235
0.0018266509095459789
0.0010320878506540892
0.0010248354230854063
0.0010057752994885065
GEN 17 time 1611345759
0.0019331241698611365
0.0017058410808370235
0.0018266509095459789
0.0010320878506540892
0.0010248354230854063
0.0010057752994885065
GEN 18 time 1611345762
0.0019331241698611365
0.0017058410808370235
0.0018266509095459789
0.0010320878506540892
0.0010248354230854063
0.0010057752994885065
GEN 19 time 1611345765
0.0019331241698611365
0.0017058410808370235
0.0018266509095459789
0.0010320878506540892
0.0010248354230854063
0.0010057752994885065
GEN 20 time 1611345768
0.0019331241698611365
0.0017058410808370235
0.0018266509095459789
0.0010320878506540892
0.0010248354230854063
0.0010057752994885065
GEN 21 time 1611345771
0.0019331241698611365
0.0017058410808370235
0.0018266509095459789
0.0010320878506540892
0.0010248354230854063
0.0010057752994885065
GEN 22 time 1611345774
0.0019331241698611365
0.0017058410808370235
0.0018266509095459789
0.0010060775756822217
0.0010248354230854063
0.0010057752994885065
GEN 23 time 1611345778
0.0019331241698611365
0.0017058410808370235
0.0018266509095459789
0.0010060775756822217
0.0010248354230854063
0.0010057752994885065
GEN 24 time 1611345781
0.0019331241698611365
0.0017058410808370235
0.0018266509095459789
0.0010060775756822217
0.0010248354230854063
0.0010057752994885065
GEN 25 time 1611345784
0.0019331241698611365
0.0017058410808370235
0.0018266509095459789
0.0010060775756822217
0.0010248354230854063
0.0010057752994885065
GEN 26 time 1611345787
0.0019331241698611365
0.0017058410808370235
0.0018266509095459789
0.0010060775756822217
0.0010248354230854063
0.0010057752994885065
GEN 27 time 1611345790
0.0019331241698611365
0.0017058410808370235
0.0018266509095459789
0.0010060775756822217
0.0010248354230854063
0.0010057752994885065
GEN 28 time 1611345793
0.0019331241698611365
0.0017058410808370235
0.0018266509095459789
0.0010060775756822217
0.0010248354230854063
0.0010057752994885065
GEN 29 time 1611345796
0.0019331241698611365
0.0017058410808370235
0.0018266509095459789
0.0010060775756822217
0.0010248354230854063
0.0010057752994885065
GEN 30 time 1611345799
0.0019331241698611365
0.0017058410808370235
0.0018266509095459789
0.0010060775756822217
0.0010248354230854063
0.0010057752994885065
GEN 31 time 1611345802
0.0019331241698611365
0.0017058410808370235
0.0018266509095459789
0.0010060775756822217
0.0010248354230854063
0.0010057752994885065
GEN 32 time 1611345805
0.0019331241698611365
0.0017058410808370235
0.0018266509095459789
0.0010060775756822217
0.0010248354230854063
0.0010057752994885065
GEN 33 time 1611345808
0.0019331241698611365
0.0017058410808370235
0.0018266509095459789
0.0010060775756822217
0.0010248354230854063
0.0009859923253151895
GEN 34 time 1611345811
0.0019331241698611365
0.0017058410808370235
0.0018266509095459789
0.0010060775756822217
0.0010248354230854063
0.0008592403303560503
GEN 35 time 1611345814
0.0019331241698611365
0.0017058410808370235
0.0018266509095459789
0.0010024843150509817
0.0010248354230854063
0.0008592403303560503
GEN 36 time 1611345817
0.0019331241698611365
0.0017058410808370235
0.0018266509095459789
0.0010024843150509817
0.0010248354230854063
0.0008592403303560503
GEN 37 time 1611345820
0.0019331241698611365
0.0017058410808370235
0.0018266509095459789
0.0010024843150509817
0.0010248354230854063
0.0008592403303560503
GEN 38 time 1611345823
0.0019331241698611365
0.0017058410808370235
0.0018266509095459789
0.0010024843150509817
0.0009009802279880705
0.0008592403303560503
GEN 39 time 1611345826
0.0019331241698611365
0.0017058410808370235
0.0018266509095459789
0.0010024843150509817
0.0009009802279880705
0.0008592403303560503
GEN 40 time 1611345829
0.0019331241698611365
0.0017058410808370235
0.0018266509095459789
0.0010024843150509817
0.0009009802279880705
0.0008592403303560503
GEN 41 time 1611345832
0.0019331241698611365
0.0017058410808370235
0.0018266509095459789
0.0010024843150509817
0.0009009802279880705
0.0008592403303560503
GEN 42 time 1611345835
0.0019331241698611365
0.0017058410808370235
0.0018266509095459789
0.0010024843150509817
0.0009009802279880705
0.0008592403303560503
GEN 43 time 1611345838
0.0019331241698611365
0.0017058410808370235
0.0018266509095459789
0.0010024843150509817
0.0009009802279880705
0.0008592403303560503
GEN 44 time 1611345841
0.0019331241698611365
0.0017058410808370235
0.0018266509095459789
0.0010024843150509817
0.0009009802279880705
0.0008592403303560503
GEN 45 time 1611345844
0.0019331241698611365
0.0017058410808370235
0.0018266509095459789
0.0010024843150509817
0.0009009802279880705
0.0008592403303560503
GEN 46 time 1611345847
0.0019331241698611365
0.0017058410808370235
0.0018266509095459789
0.0010024843150509817
0.0009009802279880705
0.0008592403303560503
GEN 47 time 1611345850
0.0019331241698611365
0.0017058410808370235
0.0018266509095459789
0.0010024843150509817
0.0009009802279880705
0.0008592403303560503
GEN 48 time 1611345853
0.0019331241698611365
0.0017058410808370235
0.0018266509095459789
0.0008873808962521413
0.0009009802279880705
0.0008592403303560503
GEN 49 time 1611345856
0.0019331241698611365
0.0017058410808370235
0.0018266509095459789
0.0008873808962521413
0.0009009802279880705
0.0008592403303560503
GEN 50 time 1611345859
0.0019331241698611365
0.0017058410808370235
0.0018266509095459789
0.0008873808962521413
0.0009009802279880705
0.0008592403303560503
GEN 51 time 1611345862
0.0019331241698611365
0.0017058410808370235
0.0018266509095459789
0.0008873808962521413
0.0009009802279880705
0.0008574945105332607
GEN 52 time 1611345865
0.0019331241698611365
0.0017058410808370235
0.0018266509095459789
0.0008873808962521413
0.0009009802279880705
0.0008574945105332607
GEN 53 time 1611345868
0.0019331241698611365
0.0017058410808370235
0.0018266509095459789
0.0008873808962521413
0.0009009802279880705
0.0008574945105332607
GEN 54 time 1611345871
0.0019331241698611365
0.0017058410808370235
0.0018266509095459789
0.0008871181215694887
0.0009009802279880705
0.0008574945105332607
GEN 55 time 1611345874
0.0019331241698611365
0.0017058410808370235
0.0018266509095459789
0.0008871181215694887
0.0009009802279880705
0.0008574945105332607
GEN 56 time 1611345877
0.0019331241698611365
0.0017058410808370235
0.0018266509095459789
0.0008871181215694887
0.0009009802279880705
0.0008574945105332607
GEN 57 time 1611345880
0.0019331241698611365
0.0017058410808370235
0.0018266509095459789
0.0008871181215694887
0.0009009802279880705
0.0008574945105332607
GEN 58 time 1611345883
0.0019331241698611365
0.0017058410808370235
0.0018266509095459789
0.0008871181215694887
0.0009009802279880705
0.0008574945105332607
GEN 59 time 1611345886
0.0019331241698611365
0.0017058410808370235
0.0018266509095459789
0.0008871181215694887
0.0009009802279880705
0.0008574945105332607
GEN 60 time 1611345889
0.0019331241698611365
0.0017058410808370235
0.0018266509095459789
0.0008871181215694887
0.0009009802279880705
0.0008574945105332607
GEN 61 time 1611345892
0.0019331241698611365
0.0017058410808370235
0.0018266509095459789
0.0008871181215694887
0.0009009802279880705
0.0008574945105332607
GEN 62 time 1611345895
0.0019331241698611365
0.0017058410808370235
0.0018266509095459789
0.0008871181215694887
0.0009009802279880705
0.0008574945105332607
GEN 63 time 1611345898
0.0019331241698611365
0.0017058410808370235
0.0018266509095459789
0.0008871181215694887
0.0009009802279880705
0.0008574945105332607
GEN 64 time 1611345901
0.0019331241698611365
0.0017058410808370235
0.0018266509095459789
0.0008871181215694887
0.0009009802279880705
0.0008574945105332607
GEN 65 time 1611345904
0.0019331241698611365
0.0017058410808370235
0.0018266509095459789
0.0008871181215694887
0.0009009802279880705
0.0008574945105332607
GEN 66 time 1611345907
0.0019331241698611365
0.0017058410808370235
0.0018266509095459789
0.0008871181215694887
0.0009009802279880705
0.0008574945105332607
GEN 67 time 1611345910
0.0019331241698611365
0.0017058410808370235
0.0018266509095459789
0.0008871181215694887
0.0009009802279880705
0.0008574945105332607
GEN 68 time 1611345913
0.0019331241698611365
0.0017058410808370235
0.0018266509095459789
0.0008871181215694887
0.0009009802279880705
0.0008574945105332607
GEN 69 time 1611345916
0.0019331241698611365
0.0017058410808370235
0.0018266509095459789
0.0008871181215694887
0.0009009802279880705
0.0008574945105332607
GEN 70 time 1611345919
0.0019331241698611365
0.0017058410808370235
0.0018266509095459789
0.0008871181215694887
0.0009009802279880705
0.0008574945105332607
GEN 71 time 1611345922
0.0019331241698611365
0.0017058410808370235
0.0018266509095459789
0.0008871181215694887
0.0009009802279880705
0.0008574945105332607
GEN 72 time 1611345925
0.0019331241698611365
0.0017058410808370235
0.0018266509095459789
0.0008871181215694887
0.0009009802279880705
0.0008574945105332607
GEN 73 time 1611345928
0.0019331241698611365
0.0017058410808370235
0.0018266509095459789
0.0008871181215694887
0.0009009802279880705
0.0008574945105332607
GEN 74 time 1611345931
0.0019331241698611365
0.0017058410808370235
0.0018266509095459789
0.0008871181215694887
0.0009009802279880705
0.0008574945105332607
GEN 75 time 1611345934
0.0019331241698611365
0.0017058410808370235
0.0018266509095459789
0.0008871181215694887
0.0009009802279880705
0.0008574945105332607
GEN 76 time 1611345937
0.0019331241698611365
0.0017058410808370235
0.0018266509095459789
0.0008871181215694887
0.0009009802279880705
0.0008574945105332607
GEN 77 time 1611345940
0.0019331241698611365
0.0017058410808370235
0.0018266509095459789
0.0008871181215694887
0.0009009802279880705
0.0008574945105332607
GEN 78 time 1611345943
0.0019331241698611365
0.0017058410808370235
0.0018266509095459789
0.0008871181215694887
0.0009009802279880705
0.0008574945105332607
GEN 79 time 1611345946
0.0019331241698611365
0.0017058410808370235
0.0018266509095459789
0.0008871181215694887
0.0009009802279880705
0.0008574945105332607
GEN 80 time 1611345949
0.0019331241698611365
0.0017058410808370235
0.0018266509095459789
0.0008871181215694887
0.0009009802279880705
0.0008574945105332607
GEN 81 time 1611345952
0.0019331241698611365
0.0017058410808370235
0.0018266509095459789
0.0008871181215694887
0.0009009802279880705
0.0008574945105332607
GEN 82 time 1611345955
0.0019331241698611365
0.0017058410808370235
0.0018266509095459789
0.0008871181215694887
0.0009009802279880705
0.0008574945105332607
GEN 83 time 1611345958
0.0019331241698611365
0.0017058410808370235
0.0018266509095459789
0.0008871181215694887
0.0009009802279880705
0.0008574945105332607
GEN 84 time 1611345961
0.0019331241698611365
0.0017058410808370235
0.0018266509095459789
0.0008871181215694887
0.0009009802279880705
0.0008574945105332607
GEN 85 time 1611345964
0.0019331241698611365
0.0017058410808370235
0.0018266509095459789
0.0008871181215694887
0.0009009802279880705
0.0008574945105332607
GEN 86 time 1611345967
0.0019331241698611365
0.0017058410808370235
0.0018266509095459789
0.0008871181215694887
0.0009009802279880705
0.0008574945105332607
GEN 87 time 1611345970
0.0019331241698611365
0.0017058410808370235
0.0018266509095459789
0.0008871181215694887
0.0009009802279880705
0.0008574945105332607
GEN 88 time 1611345973
0.0019331241698611365
0.0017058410808370235
0.0018266509095459789
0.0008871181215694887
0.0009009802279880705
0.0008574945105332607
GEN 89 time 1611345976
0.0019331241698611365
0.0017058410808370235
0.0018266509095459789
0.0008871181215694887
0.0009009802279880705
0.0008574945105332607
GEN 90 time 1611345980
0.0019331241698611365
0.0017058410808370235
0.0018266509095459789
0.0008871181215694887
0.0009009802279880705
0.0008574945105332607
GEN 91 time 1611345983
0.0019331241698611365
0.0017058410808370235
0.0018266509095459789
0.0008871181215694887
0.0009009802279880705
0.0008574945105332607
GEN 92 time 1611345986
0.0019331241698611365
0.0017058410808370235
0.0018266509095459789
0.0008871181215694887
0.0008944752450147817
0.0008574945105332607
GEN 93 time 1611345989
0.0019331241698611365
0.0017058410808370235
0.0018266509095459789
0.0008871181215694887
0.0008944752450147817
0.0008574945105332607
GEN 94 time 1611345992
0.0019331241698611365
0.0017058410808370235
0.0018266509095459789
0.0008871181215694887
0.0008944752450147817
0.0008574945105332607
GEN 95 time 1611345995
0.0019331241698611365
0.0017058410808370235
0.0018266509095459789
0.0008871181215694887
0.0008944752450147817
0.0008574945105332607
GEN 96 time 1611345998
0.0019331241698611365
0.0017058410808370235
0.0018266509095459789
0.0008871181215694887
0.0008944752450147817
0.0008574945105332607
GEN 97 time 1611346001
0.0019331241698611365
0.0017058410808370235
0.0018266509095459789
0.0008871181215694887
0.0008944752450147817
0.0008574945105332607
GEN 98 time 1611346004
0.0019331241698611365
0.0017058410808370235
0.0018266509095459789
0.0008871181215694887
0.0008944752450147817
0.0008574945105332607
GEN 99 time 1611346007
0.0019331241698611365
0.0017058410808370235
0.0018266509095459789
0.0008871181215694887
0.0008944752450147817
0.0008574945105332607
GEN 100 time 1611346010
0.0019331241698611365
0.0017058410808370235
0.0018266509095459789
0.0008871181215694887
0.0008944752450147817
0.0008574945105332607
GEN 101 time 1611346013
0.0019331241698611365
0.0017058410808370235
0.0018266509095459789
0.0008871181215694887
0.0008944752450147817
0.0008574945105332607
GEN 102 time 1611346016
0.0019331241698611365
0.0017058410808370235
0.0018266509095459789
0.0008871181215694887
0.0008944752450147817
0.0008574945105332607
GEN 103 time 1611346019
0.0019331241698611365
0.0017058410808370235
0.0018266509095459789
0.0008871181215694887
0.0008944752450147817
0.0008574945105332607
GEN 104 time 1611346022
0.0019331241698611365
0.0017058410808370235
0.0018266509095459789
0.0008871181215694887
0.0008944752450147817
0.0008574945105332607
GEN 105 time 1611346025
0.0019331241698611365
0.0017058410808370235
0.0018266509095459789
0.0008871181215694887
0.0008944752450147817
0.0008574945105332607
GEN 106 time 1611346028
0.0019331241698611365
0.0017058410808370235
0.0018266509095459789
0.0008871181215694887
0.0008944752450147817
0.0008574945105332607
GEN 107 time 1611346031
0.0019331241698611365
0.0017058410808370235
0.0018266509095459789
0.0008871181215694887
0.0008944752450147817
0.0008574945105332607
GEN 108 time 1611346034
0.0019331241698611365
0.0017058410808370235
0.0018266509095459789
0.0008871181215694887
0.0008944752450147817
0.0008574945105332607
GEN 109 time 1611346037
0.0019331241698611365
0.0017058410808370235
0.0018266509095459789
0.0008871181215694887
0.0008944752450147817
0.0008574945105332607
GEN 110 time 1611346040
0.0019331241698611365
0.0017058410808370235
0.0018266509095459789
0.0008871181215694887
0.0008944752450147817
0.0008574945105332607
GEN 111 time 1611346043
0.0019331241698611365
0.0017058410808370235
0.0018266509095459789
0.0008871181215694887
0.0008944752450147817
0.0008574945105332607
GEN 112 time 1611346046
0.0019331241698611365
0.0017058410808370235
0.0018266509095459789
0.0008871181215694887
0.0008944752450147817
0.0008574945105332607
GEN 113 time 1611346049
0.0019331241698611365
0.0017058410808370235
0.0018266509095459789
0.0008871181215694887
0.0008944752450147817
0.0008574945105332607
GEN 114 time 1611346052
0.0019331241698611365
0.0017058410808370235
0.0018266509095459789
0.0008871181215694887
0.0008611639225738591
0.0008574945105332607
GEN 115 time 1611346055
0.0019331241698611365
0.0017058410808370235
0.0018266509095459789
0.0008871181215694887
0.0008611639225738591
0.0008574945105332607
GEN 116 time 1611346058
0.0019331241698611365
0.0017058410808370235
0.0018266509095459789
0.0008702016444694335
0.0008611639225738591
0.0008574945105332607
GEN 117 time 1611346061
0.0019331241698611365
0.0017058410808370235
0.0018266509095459789
0.0008702016444694335
0.0008611639225738591
0.0008574945105332607
GEN 118 time 1611346065
0.0019331241698611365
0.0017058410808370235
0.0018266509095459789
0.0008702016444694335
0.0008611639225738591
0.0008574945105332607
GEN 119 time 1611346068
0.0019331241698611365
0.0017058410808370235
0.0018266509095459789
0.0008702016444694335
0.0008611639225738591
0.0008574945105332607
GEN 120 time 1611346071
0.0019331241698611365
0.0017058410808370235
0.0018266509095459789
0.0008702016444694335
0.0008611639225738591
0.0008574945105332607
GEN 121 time 1611346074
0.0019331241698611365
0.0017058410808370235
0.0018266509095459789
0.0008702016444694335
0.0008611639225738591
0.0008574945105332607
GEN 122 time 1611346077
0.0019331241698611365
0.0017058410808370235
0.0018266509095459789
0.0008702016444694335
0.0008611639225738591
0.0008574945105332607
GEN 123 time 1611346080
0.0019331241698611365
0.0017058410808370235
0.0018266509095459789
0.0008702016444694335
0.0008611639225738591
0.0008574945105332607
GEN 124 time 1611346083
0.0019331241698611365
0.0017058410808370235
0.0018266509095459789
0.0008702016444694335
0.0008611639225738591
0.0008574945105332607
GEN 125 time 1611346086
0.0019331241698611365
0.0017058410808370235
0.0018266509095459789
0.0008702016444694335
0.0008611639225738591
0.0008574945105332607
GEN 126 time 1611346089
0.0019331241698611365
0.0017058410808370235
0.0018266509095459789
0.0008702016444694335
0.0008611639225738591
0.0008574945105332607
GEN 127 time 1611346092
0.0019331241698611365
0.0017058410808370235
0.0018266509095459789
0.0008702016444694335
0.0008611639225738591
0.0008574945105332607
GEN 128 time 1611346095
0.0019331241698611365
0.0017058410808370235
0.0018266509095459789
0.0008702016444694335
0.0008611639225738591
0.0008574945105332607
GEN 129 time 1611346098
0.0019331241698611365
0.0017058410808370235
0.0018266509095459789
0.0008702016444694335
0.0008611639225738591
0.0008574945105332607
GEN 130 time 1611346101
0.0019331241698611365
0.0017058410808370235
0.0018266509095459789
0.0008702016444694335
0.0008611639225738591
0.0008574945105332607
GEN 131 time 1611346104
0.0019331241698611365
0.0017058410808370235
0.0018266509095459789
0.0008702016444694335
0.0008611639225738591
0.0008574945105332607
GEN 132 time 1611346108
0.0019331241698611365
0.0017058410808370235
0.0018266509095459789
0.0008702016444694335
0.0008611639225738591
0.0008574945105332607
GEN 133 time 1611346111
0.0019331241698611365
0.0017058410808370235
0.0018266509095459789
0.0008702016444694335
0.0008611639225738591
0.0008574945105332607
GEN 134 time 1611346114
0.0019331241698611365
0.0017058410808370235
0.0018266509095459789
0.0008702016444694335
0.0008611639225738591
0.0008574945105332607
GEN 135 time 1611346117
0.0019331241698611365
0.0017058410808370235
0.0018266509095459789
0.0008702016444694335
0.0008611639225738591
0.0008574945105332607
GEN 136 time 1611346120
0.0019331241698611365
0.0017058410808370235
0.0018266509095459789
0.0008702016444694335
0.0008611639225738591
0.0008574945105332607
GEN 137 time 1611346123
0.0019331241698611365
0.0017058410808370235
0.0018266509095459789
0.0008587823825357447
0.0008611639225738591
0.0008574945105332607
GEN 138 time 1611346126
0.0019331241698611365
0.0017058410808370235
0.0018266509095459789
0.0008587823825357447
0.0008611639225738591
0.0008574945105332607
GEN 139 time 1611346129
0.0019331241698611365
0.0017058410808370235
0.0018266509095459789
0.0008587823825357447
0.0008611639225738591
0.0008574945105332607
GEN 140 time 1611346132
0.0019331241698611365
0.0017058410808370235
0.0018266509095459789
0.0008587823825357447
0.0008611639225738591
0.0008574945105332607
GEN 141 time 1611346135
0.0019331241698611365
0.0017058410808370235
0.0018266509095459789
0.0008587823825357447
0.0008611639225738591
0.0008574945105332607
GEN 142 time 1611346138
0.0019331241698611365
0.0017058410808370235
0.0018266509095459789
0.0008587823825357447
0.0008611639225738591
0.0008574945105332607
GEN 143 time 1611346141
0.0019331241698611365
0.0017058410808370235
0.0018266509095459789
0.0008587823825357447
0.0008611639225738591
0.0008574945105332607
GEN 144 time 1611346144
0.0019331241698611365
0.0017058410808370235
0.0018266509095459789
0.0008587823825357447
0.0008611639225738591
0.0008574945105332607
GEN 145 time 1611346147
0.0019331241698611365
0.0017058410808370235
0.0018266509095459789
0.0008587823825357447
0.0008611639225738591
0.0008574945105332607
GEN 146 time 1611346150
0.0019331241698611365
0.0017058410808370235
0.0018266509095459789
0.0008587823825357447
0.0008611639225738591
0.0008574945105332607
GEN 147 time 1611346154
0.0019331241698611365
0.0017058410808370235
0.0018266509095459789
0.0008587823825357447
0.0008611639225738591
0.0008574945105332607
GEN 148 time 1611346157
0.0019331241698611365
0.0017058410808370235
0.0018266509095459789
0.0008587823825357447
0.0008611639225738591
0.0008574945105332607
GEN 149 time 1611346160
0.0019331241698611365
0.0017058410808370235
0.0018266509095459789
0.0008587823825357447
0.0008611639225738591
0.0008574945105332607
GEN 150 time 1611346163
0.0019331241698611365
0.0017058410808370235
0.0018266509095459789
0.0008587823825357447
0.0008523003649762006
0.0008574945105332607
GEN 151 time 1611346166
0.0019331241698611365
0.0017058410808370235
0.0018266509095459789
0.0008587823825357447
0.0008523003649762006
0.0008574945105332607
GEN 152 time 1611346169
0.0019331241698611365
0.0017058410808370235
0.0018266509095459789
0.0008587823825357447
0.0008523003649762006
0.0008574945105332607
GEN 153 time 1611346172
0.0019331241698611365
0.0017058410808370235
0.0018266509095459789
0.0008587823825357447
0.0008523003649762006
0.0008574945105332607
GEN 154 time 1611346175
0.0019331241698611365
0.0017058410808370235
0.0018266509095459789
0.0008587823825357447
0.0008523003649762006
0.0008574945105332607
GEN 155 time 1611346178
0.0019331241698611365
0.0017058410808370235
0.0018266509095459789
0.0008587823825357447
0.0008523003649762006
0.0008574945105332607
GEN 156 time 1611346181
0.0019331241698611365
0.0017058410808370235
0.0018266509095459789
0.0008587823825357447
0.0008523003649762006
0.0008574945105332607
GEN 157 time 1611346184
0.0019331241698611365
0.0017058410808370235
0.0018266509095459789
0.0008587823825357447
0.0008523003649762006
0.0008574945105332607
GEN 158 time 1611346188
0.0019331241698611365
0.0017058410808370235
0.0018266509095459789
0.0008587823825357447
0.0008523003649762006
0.0008574945105332607
GEN 159 time 1611346191
0.0019331241698611365
0.0017058410808370235
0.0018266509095459789
0.0008587823825357447
0.0008523003649762006
0.0008574945105332607
GEN 160 time 1611346194
0.0019331241698611365
0.0017058410808370235
0.0018266509095459789
0.0008587823825357447
0.0008523003649762006
0.0008574945105332607
GEN 161 time 1611346197
0.0019331241698611365
0.0017058410808370235
0.0018266509095459789
0.0008587823825357447
0.0008523003649762006
0.0008574945105332607
GEN 162 time 1611346200
0.0019331241698611365
0.0017058410808370235
0.0018266509095459789
0.0008587823825357447
0.0008523003649762006
0.0008574945105332607
GEN 163 time 1611346203
0.0019331241698611365
0.0017058410808370235
0.0018266509095459789
0.0008563458145036093
0.0008523003649762006
0.0008574945105332607
GEN 164 time 1611346206
0.0019331241698611365
0.0017058410808370235
0.0018266509095459789
0.0008563458145036093
0.0008523003649762006
0.0008574945105332607
GEN 165 time 1611346209
0.0019331241698611365
0.0017058410808370235
0.0018266509095459789
0.0008563458145036093
0.0008523003649762006
0.0008574945105332607
GEN 166 time 1611346212
0.0019331241698611365
0.0017058410808370235
0.0018266509095459789
0.0008563458145036093
0.0008523003649762006
0.0008574945105332607
GEN 167 time 1611346215
0.0019331241698611365
0.0017058410808370235
0.0018266509095459789
0.0008563458145036093
0.0008523003649762006
0.0008574945105332607
GEN 168 time 1611346219
0.0019331241698611365
0.0017058410808370235
0.0018266509095459789
0.0008563458145036093
0.0008523003649762006
0.0008574945105332607
GEN 169 time 1611346222
0.0019331241698611365
0.0017058410808370235
0.0018266509095459789
0.0008563458145036093
0.0008523003649762006
0.0008574945105332607
GEN 170 time 1611346225
0.0019331241698611365
0.0017058410808370235
0.0018266509095459789
0.0008563458145036093
0.0008523003649762006
0.0008574945105332607
GEN 171 time 1611346228
0.0019331241698611365
0.0017058410808370235
0.0018266509095459789
0.0008563458145036093
0.0008523003649762006
0.0008574945105332607
GEN 172 time 1611346231
0.0019331241698611365
0.0017058410808370235
0.0018266509095459789
0.0008373689163735313
0.0008523003649762006
0.0008574945105332607
GEN 173 time 1611346234
0.0019331241698611365
0.0017058410808370235
0.0018266509095459789
0.0008373689163735313
0.0008523003649762006
0.0008574945105332607
GEN 174 time 1611346237
0.0019331241698611365
0.0017058410808370235
0.0018266509095459789
0.0008373689163735313
0.0008523003649762006
0.0008574945105332607
GEN 175 time 1611346240
0.0019331241698611365
0.0017058410808370235
0.0018266509095459789
0.0008373689163735313
0.0008523003649762006
0.0008574945105332607
GEN 176 time 1611346244
0.0019331241698611365
0.0017058410808370235
0.0018266509095459789
0.0008373689163735313
0.0008523003649762006
0.0008574945105332607
GEN 177 time 1611346247
0.0019331241698611365
0.0017058410808370235
0.0018266509095459789
0.0008373689163735313
0.0008523003649762006
0.0008574945105332607
GEN 178 time 1611346250
0.0019331241698611365
0.0017058410808370235
0.0018266509095459789
0.0008373689163735313
0.0008523003649762006
0.0008574945105332607
GEN 179 time 1611346253
0.0019331241698611365
0.0017058410808370235
0.0018266509095459789
0.0008373689163735313
0.0008523003649762006
0.0008574945105332607
GEN 180 time 1611346256
0.0019331241698611365
0.0017058410808370235
0.0018266509095459789
0.0008373689163735313
0.0008523003649762006
0.0008574945105332607
GEN 181 time 1611346259
0.0019331241698611365
0.0017058410808370235
0.0018266509095459789
0.0008373689163735313
0.0008287372921904664
0.0008574945105332607
GEN 182 time 1611346262
0.0019331241698611365
0.0017058410808370235
0.0018266509095459789
0.0008373689163735313
0.0008287372921904664
0.0008574945105332607
GEN 183 time 1611346265
0.0019331241698611365
0.0017058410808370235
0.0018266509095459789
0.0008373689163735313
0.0008287372921904664
0.0008574945105332607
GEN 184 time 1611346269
0.0019331241698611365
0.0017058410808370235
0.0018266509095459789
0.0008373689163735313
0.0008287372921904664
0.0008574945105332607
GEN 185 time 1611346272
0.0019331241698611365
0.0017058410808370235
0.0018266509095459789
0.0008373689163735313
0.0008287372921904664
0.0008574945105332607
GEN 186 time 1611346275
0.0019331241698611365
0.0017058410808370235
0.0018266509095459789
0.0008373689163735313
0.0008287372921904664
0.0008574945105332607
GEN 187 time 1611346278
0.0019331241698611365
0.0017058410808370235
0.0018266509095459789
0.0008373689163735313
0.0008287372921904664
0.0008574945105332607
GEN 188 time 1611346281
0.0019331241698611365
0.0017058410808370235
0.0018266509095459789
0.0008373689163735313
0.0008287372921904664
0.0008574945105332607
GEN 189 time 1611346284
0.0019331241698611365
0.0017058410808370235
0.0018266509095459789
0.0008373689163735313
0.0008287372921904664
0.0008574945105332607
GEN 190 time 1611346287
0.0019331241698611365
0.0017058410808370235
0.0018266509095459789
0.0008373689163735313
0.0008287372921904664
0.0008574945105332607
GEN 191 time 1611346291
0.0019331241698611365
0.0017058410808370235
0.0018266509095459789
0.0008373689163735313
0.0008287372921904664
0.0008574945105332607
GEN 192 time 1611346294
0.0019331241698611365
0.0017058410808370235
0.0018266509095459789
0.0008373689163735313
0.0008287372921904664
0.0008574945105332607
GEN 193 time 1611346297
0.0019331241698611365
0.0017058410808370235
0.0018266509095459789
0.0008373689163735313
0.0008287372921904664
0.0008574945105332607
GEN 194 time 1611346300
0.0019331241698611365
0.0017058410808370235
0.0018266509095459789
0.0008373689163735313
0.0008287372921904664
0.0008574945105332607
GEN 195 time 1611346303
0.0019331241698611365
0.0017058410808370235
0.0018266509095459789
0.0008373689163735313
0.0008287372921904664
0.0008574945105332607
GEN 196 time 1611346306
0.0019331241698611365
0.0017058410808370235
0.0018266509095459789
0.0008373689163735313
0.0008287372921904664
0.0008574945105332607
GEN 197 time 1611346309
0.0019331241698611365
0.0017058410808370235
0.0018266509095459789
0.0008373689163735313
0.0008287372921904664
0.0008574945105332607
GEN 198 time 1611346312
0.0019331241698611365
0.0017058410808370235
0.0018266509095459789
0.0008373689163735313
0.0008287372921904664
0.0008574945105332607
GEN 199 time 1611346316
0.0019331241698611365
0.0017058410808370235
0.0018266509095459789
0.0008373689163735313
0.0008287372921904664
0.0008574945105332607
