['./data/small/layer/uu-dem2_r50_1.json', './data/small/layer/uu-dem3_r50_1.json', './data/small/layer/uu-dem4_r50_1.json', './data/small/hop/uu-dem2_r50_1_0.json', './data/small/hop/uu-dem3_r50_1_0.json', './data/small/hop/uu-dem4_r50_1_0.json']
GEN 0 time 1611307710
0.002666090116770952
0.0029563221065951784
0.0023881709723581114
0.0020645967745555275
0.0023202396480390933
0.00256090760589479
GEN 1 time 1611307716
0.002666090116770952
0.0029563221065951784
0.0023881709723581114
0.0020645967745555275
0.0022402866230625713
0.002403715676808403
GEN 2 time 1611307723
0.002666090116770952
0.0029563221065951784
0.0023881709723581114
0.0020645967745555275
0.0022402866230625713
0.0022475347253361876
GEN 3 time 1611307729
0.002666090116770952
0.0029563221065951784
0.0023881709723581114
0.0020645967745555275
0.002224729210785877
0.0022475347253361876
GEN 4 time 1611307736
0.002666090116770952
0.0029563221065951784
0.0023881709723581114
0.0020645967745555275
0.002224729210785877
0.0022475347253361876
GEN 5 time 1611307743
0.002666090116770952
0.0029563221065951784
0.0023881709723581114
0.0020645967745555275
0.0021688453655952155
0.0022475347253361876
GEN 6 time 1611307749
0.002666090116770952
0.0029563221065951784
0.0023881709723581114
0.0020645967745555275
0.0021688453655952155
0.0022475347253361876
GEN 7 time 1611307756
0.002666090116770952
0.0029563221065951784
0.0023881709723581114
0.0020645967745555275
0.0021688453655952155
0.0018054203146089154
GEN 8 time 1611307763
0.002666090116770952
0.0029563221065951784
0.0023881709723581114
0.0020645967745555275
0.0021688453655952155
0.0018054203146089154
GEN 9 time 1611307769
0.002666090116770952
0.0029563221065951784
0.0023881709723581114
0.0020645967745555275
0.002075406769723711
0.0018054203146089154
GEN 10 time 1611307776
0.002666090116770952
0.0029563221065951784
0.0023881709723581114
0.0020139084279606747
0.002075406769723711
0.0018054203146089154
GEN 11 time 1611307782
0.002666090116770952
0.0029563221065951784
0.0023881709723581114
0.0020139084279606747
0.002075406769723711
0.0018054203146089154
GEN 12 time 1611307789
0.002666090116770952
0.0029563221065951784
0.0023881709723581114
0.0020139084279606747
0.002075406769723711
0.0018054203146089154
GEN 13 time 1611307796
0.002666090116770952
0.0029563221065951784
0.0023881709723581114
0.0020139084279606747
0.002075406769723711
0.0018054203146089154
GEN 14 time 1611307802
0.002666090116770952
0.0029563221065951784
0.0023881709723581114
0.0020139084279606747
0.002075406769723711
0.0018054203146089154
GEN 15 time 1611307809
0.002666090116770952
0.0029563221065951784
0.0023881709723581114
0.0020139084279606747
0.002075406769723711
0.0018054203146089154
GEN 16 time 1611307816
0.002666090116770952
0.0029563221065951784
0.0023881709723581114
0.0020139084279606747
0.002075406769723711
0.0018054203146089154
GEN 17 time 1611307822
0.002666090116770952
0.0029563221065951784
0.0023881709723581114
0.0020139084279606747
0.0020045209764130286
0.0018054203146089154
GEN 18 time 1611307829
0.002666090116770952
0.0029563221065951784
0.0023881709723581114
0.0020139084279606747
0.0020045209764130286
0.0018054203146089154
GEN 19 time 1611307835
0.002666090116770952
0.0029563221065951784
0.0023881709723581114
0.0020139084279606747
0.0020045209764130286
0.0018054203146089154
GEN 20 time 1611307842
0.002666090116770952
0.0029563221065951784
0.0023881709723581114
0.0020139084279606747
0.0020045209764130286
0.0018054203146089154
GEN 21 time 1611307849
0.002666090116770952
0.0029563221065951784
0.0023881709723581114
0.0020139084279606747
0.0018635335520509199
0.0018054203146089154
GEN 22 time 1611307855
0.002666090116770952
0.0029563221065951784
0.0023881709723581114
0.0020139084279606747
0.0018635335520509199
0.0018054203146089154
GEN 23 time 1611307862
0.002666090116770952
0.0029563221065951784
0.0023881709723581114
0.0020139084279606747
0.0018635335520509199
0.0018054203146089154
GEN 24 time 1611307868
0.002666090116770952
0.0029563221065951784
0.0023881709723581114
0.0020139084279606747
0.0018635335520509199
0.0018054203146089154
GEN 25 time 1611307875
0.002666090116770952
0.0029563221065951784
0.0023881709723581114
0.0020139084279606747
0.0018635335520509199
0.0018054203146089154
GEN 26 time 1611307882
0.002666090116770952
0.0029563221065951784
0.0023881709723581114
0.0020139084279606747
0.0018635335520509199
0.0018054203146089154
GEN 27 time 1611307888
0.002666090116770952
0.0029563221065951784
0.0023881709723581114
0.0020139084279606747
0.0017631675354910998
0.0018054203146089154
GEN 28 time 1611307895
0.002666090116770952
0.0029563221065951784
0.0023881709723581114
0.0020139084279606747
0.0017631675354910998
0.0018054203146089154
GEN 29 time 1611307902
0.002666090116770952
0.0029563221065951784
0.0023881709723581114
0.0020139084279606747
0.0017631675354910998
0.0018054203146089154
GEN 30 time 1611307908
0.002666090116770952
0.0029563221065951784
0.0023881709723581114
0.0020139084279606747
0.0017631675354910998
0.0018054203146089154
GEN 31 time 1611307915
0.002666090116770952
0.0029563221065951784
0.0023881709723581114
0.0018645767745555275
0.0017631675354910998
0.0018054203146089154
GEN 32 time 1611307921
0.002666090116770952
0.0029563221065951784
0.0023881709723581114
0.0018645767745555275
0.0017519816526760704
0.0018054203146089154
GEN 33 time 1611307928
0.002666090116770952
0.0029563221065951784
0.0023881709723581114
0.0018645767745555275
0.0017519816526760704
0.0018054203146089154
GEN 34 time 1611307935
0.002666090116770952
0.0029563221065951784
0.0023881709723581114
0.0018645767745555275
0.0017519816526760704
0.0018054203146089154
GEN 35 time 1611307941
0.002666090116770952
0.0029563221065951784
0.0023881709723581114
0.0018645767745555275
0.0017519816526760704
0.0018054203146089154
GEN 36 time 1611307948
0.002666090116770952
0.0029563221065951784
0.0023881709723581114
0.0018645767745555275
0.0017519816526760704
0.0018054203146089154
GEN 37 time 1611307955
0.002666090116770952
0.0029563221065951784
0.0023881709723581114
0.0018645767745555275
0.0017519816526760704
0.0016773640890476978
GEN 38 time 1611307961
0.002666090116770952
0.0029563221065951784
0.0023881709723581114
0.0018645767745555275
0.0017519816526760704
0.0016773640890476978
GEN 39 time 1611307968
0.002666090116770952
0.0029563221065951784
0.0023881709723581114
0.0018645767745555275
0.0017519816526760704
0.0016773640890476978
GEN 40 time 1611307974
0.002666090116770952
0.0029563221065951784
0.0023881709723581114
0.0018645767745555275
0.0017519816526760704
0.0016773640890476978
GEN 41 time 1611307981
0.002666090116770952
0.0029563221065951784
0.0023881709723581114
0.0018645767745555275
0.0017519816526760704
0.0016773640890476978
GEN 42 time 1611307988
0.002666090116770952
0.0029563221065951784
0.0023881709723581114
0.0018645767745555275
0.0017519816526760704
0.0016773640890476978
GEN 43 time 1611307994
0.002666090116770952
0.0029563221065951784
0.0023881709723581114
0.0018645767745555275
0.0017519816526760704
0.0016773640890476978
GEN 44 time 1611308001
0.002666090116770952
0.0029563221065951784
0.0023881709723581114
0.0018645767745555275
0.0017519816526760704
0.0016773640890476978
GEN 45 time 1611308007
0.002666090116770952
0.0029563221065951784
0.0023881709723581114
0.0018645767745555275
0.0017519816526760704
0.0016773640890476978
GEN 46 time 1611308014
0.002666090116770952
0.0029563221065951784
0.0023881709723581114
0.0018645767745555275
0.0017519816526760704
0.0016773640890476978
GEN 47 time 1611308021
0.002666090116770952
0.0029563221065951784
0.0023881709723581114
0.0018645767745555275
0.0017519816526760704
0.0016773640890476978
GEN 48 time 1611308027
0.002666090116770952
0.0029563221065951784
0.0023881709723581114
0.0018645767745555275
0.0017519816526760704
0.0016773640890476978
GEN 49 time 1611308034
0.002666090116770952
0.0029563221065951784
0.0023881709723581114
0.0018645767745555275
0.0017519816526760704
0.0016773640890476978
GEN 50 time 1611308041
0.002666090116770952
0.0029563221065951784
0.0023881709723581114
0.0018645767745555275
0.0017519816526760704
0.0016773640890476978
GEN 51 time 1611308047
0.002666090116770952
0.0029563221065951784
0.0023881709723581114
0.0018645767745555275
0.0017519816526760704
0.0016773640890476978
GEN 52 time 1611308054
0.002666090116770952
0.0029563221065951784
0.0023881709723581114
0.0018645767745555275
0.001695834481754738
0.0016773640890476978
GEN 53 time 1611308060
0.002666090116770952
0.0029563221065951784
0.0023881709723581114
0.0018645767745555275
0.0016753667697237112
0.0016054003146089156
GEN 54 time 1611308067
0.002666090116770952
0.0029563221065951784
0.0023881709723581114
0.0018645767745555275
0.0016753667697237112
0.0016054003146089156
GEN 55 time 1611308074
0.002666090116770952
0.0029563221065951784
0.0023881709723581114
0.0018645767745555275
0.0016753667697237112
0.0016054003146089156
GEN 56 time 1611308080
0.002666090116770952
0.0029563221065951784
0.0023881709723581114
0.0018645767745555275
0.0016753667697237112
0.0016054003146089156
GEN 57 time 1611308087
0.002666090116770952
0.0029563221065951784
0.0023881709723581114
0.0018645767745555275
0.0016753667697237112
0.0016054003146089156
GEN 58 time 1611308093
0.002666090116770952
0.0029563221065951784
0.0023881709723581114
0.0018645767745555275
0.0016753667697237112
0.0016054003146089156
GEN 59 time 1611308100
0.002666090116770952
0.0029563221065951784
0.0023881709723581114
0.0018645767745555275
0.0016753667697237112
0.0016054003146089156
GEN 60 time 1611308107
0.002666090116770952
0.0029563221065951784
0.0023881709723581114
0.0018645767745555275
0.0016753667697237112
0.0016054003146089156
GEN 61 time 1611308113
0.002666090116770952
0.0029563221065951784
0.0023881709723581114
0.0018645767745555275
0.0016753667697237112
0.0016054003146089156
GEN 62 time 1611308120
0.002666090116770952
0.0029563221065951784
0.0023881709723581114
0.0018645767745555275
0.0016753667697237112
0.0016054003146089156
GEN 63 time 1611308127
0.002666090116770952
0.0029563221065951784
0.0023881709723581114
0.0018645767745555275
0.0016753667697237112
0.0016054003146089156
GEN 64 time 1611308133
0.002666090116770952
0.0029563221065951784
0.0023881709723581114
0.0018645767745555275
0.0016753667697237112
0.0016054003146089156
GEN 65 time 1611308140
0.002666090116770952
0.0029563221065951784
0.0023881709723581114
0.0018645767745555275
0.0016753667697237112
0.0016054003146089156
GEN 66 time 1611308146
0.002666090116770952
0.0029563221065951784
0.0023881709723581114
0.0018645767745555275
0.0016753667697237112
0.0016054003146089156
GEN 67 time 1611308153
0.002666090116770952
0.0029563221065951784
0.0023881709723581114
0.0018645767745555275
0.0016753667697237112
0.0016054003146089156
GEN 68 time 1611308160
0.002666090116770952
0.0029563221065951784
0.0023881709723581114
0.0018645767745555275
0.001669152678812711
0.0016054003146089156
GEN 69 time 1611308166
0.002666090116770952
0.0029563221065951784
0.0023881709723581114
0.0018645767745555275
0.001669152678812711
0.0016054003146089156
GEN 70 time 1611308173
0.002666090116770952
0.0029563221065951784
0.0023881709723581114
0.0018645767745555275
0.001669152678812711
0.0016054003146089156
GEN 71 time 1611308180
0.002666090116770952
0.0029563221065951784
0.0023881709723581114
0.0018645767745555275
0.0016405286867256176
0.0016054003146089156
GEN 72 time 1611308186
0.002666090116770952
0.0029563221065951784
0.0023881709723581114
0.0018645767745555275
0.0016405286867256176
0.0016054003146089156
GEN 73 time 1611308193
0.002666090116770952
0.0029563221065951784
0.0023881709723581114
0.0018645767745555275
0.0016405286867256176
0.0016054003146089156
GEN 74 time 1611308199
0.002666090116770952
0.0029563221065951784
0.0023881709723581114
0.0018645767745555275
0.0016405286867256176
0.0016054003146089156
GEN 75 time 1611308206
0.002666090116770952
0.0029563221065951784
0.0023881709723581114
0.0018645767745555275
0.0016405286867256176
0.0016054003146089156
GEN 76 time 1611308213
0.002666090116770952
0.0029563221065951784
0.0023881709723581114
0.0018645767745555275
0.0016405286867256176
0.0016054003146089156
GEN 77 time 1611308219
0.002666090116770952
0.0029563221065951784
0.0023881709723581114
0.0018645767745555275
0.0016405286867256176
0.0016054003146089156
GEN 78 time 1611308226
0.002666090116770952
0.0029563221065951784
0.0023881709723581114
0.0018645767745555275
0.0016405286867256176
0.0016054003146089156
GEN 79 time 1611308233
0.002666090116770952
0.0029563221065951784
0.0023881709723581114
0.0018645767745555275
0.0016405286867256176
0.0016054003146089156
GEN 80 time 1611308239
0.002666090116770952
0.0029563221065951784
0.0023881709723581114
0.0018645767745555275
0.0016405286867256176
0.0016054003146089156
GEN 81 time 1611308246
0.002666090116770952
0.0029563221065951784
0.0023881709723581114
0.0018645767745555275
0.0016405286867256176
0.0016054003146089156
GEN 82 time 1611308252
0.002666090116770952
0.0029563221065951784
0.0023881709723581114
0.0018645767745555275
0.0016405286867256176
0.0016054003146089156
GEN 83 time 1611308259
0.002666090116770952
0.0029563221065951784
0.0023881709723581114
0.0018645767745555275
0.0016405286867256176
0.0016054003146089156
GEN 84 time 1611308266
0.002666090116770952
0.0029563221065951784
0.0023881709723581114
0.0018645767745555275
0.0016405286867256176
0.0016054003146089156
GEN 85 time 1611308272
0.002666090116770952
0.0029563221065951784
0.0023881709723581114
0.0018645767745555275
0.0016405286867256176
0.0016054003146089156
GEN 86 time 1611308279
0.002666090116770952
0.0029563221065951784
0.0023881709723581114
0.0018645767745555275
0.0016405286867256176
0.0016054003146089156
GEN 87 time 1611308285
0.002666090116770952
0.0029563221065951784
0.0023881709723581114
0.0018645767745555275
0.0016405286867256176
0.0016054003146089156
GEN 88 time 1611308292
0.002666090116770952
0.0029563221065951784
0.0023881709723581114
0.0018645767745555275
0.0016405286867256176
0.0016054003146089156
GEN 89 time 1611308299
0.002666090116770952
0.0029563221065951784
0.0023881709723581114
0.0018645767745555275
0.0016405286867256176
0.0016054003146089156
GEN 90 time 1611308305
0.002666090116770952
0.0029563221065951784
0.0023881709723581114
0.0018645767745555275
0.0016405286867256176
0.0016054003146089156
GEN 91 time 1611308312
0.002666090116770952
0.0029563221065951784
0.0023881709723581114
0.0018645767745555275
0.0016405286867256176
0.0016054003146089156
GEN 92 time 1611308318
0.002666090116770952
0.0029563221065951784
0.0023881709723581114
0.0018645767745555275
0.0016405286867256176
0.0016054003146089156
GEN 93 time 1611308325
0.002666090116770952
0.0029563221065951784
0.0023881709723581114
0.0018645767745555275
0.0016405286867256176
0.0016054003146089156
GEN 94 time 1611308332
0.002666090116770952
0.0029563221065951784
0.0023881709723581114
0.0018645767745555275
0.0016405286867256176
0.0016054003146089156
GEN 95 time 1611308338
0.002666090116770952
0.0029563221065951784
0.0023881709723581114
0.0018645767745555275
0.0016405286867256176
0.0016054003146089156
GEN 96 time 1611308345
0.002666090116770952
0.0029563221065951784
0.0023881709723581114
0.0018645767745555275
0.0016405286867256176
0.0016054003146089156
GEN 97 time 1611308351
0.002666090116770952
0.0029563221065951784
0.0023881709723581114
0.0018645767745555275
0.0016405286867256176
0.0016054003146089156
GEN 98 time 1611308358
0.002666090116770952
0.0029563221065951784
0.0023881709723581114
0.0018645767745555275
0.0016405286867256176
0.0016054003146089156
GEN 99 time 1611308365
0.002666090116770952
0.0029563221065951784
0.0023881709723581114
0.0018645767745555275
0.0016405286867256176
0.0016054003146089156
GEN 100 time 1611308371
0.002666090116770952
0.0029563221065951784
0.0023881709723581114
0.0018645767745555275
0.0016405286867256176
0.0016054003146089156
GEN 101 time 1611308378
0.002666090116770952
0.0029563221065951784
0.0023881709723581114
0.0018645767745555275
0.0016405286867256176
0.0016054003146089156
GEN 102 time 1611308384
0.002666090116770952
0.0029563221065951784
0.0023881709723581114
0.0018645767745555275
0.0016405286867256176
0.0016054003146089156
GEN 103 time 1611308391
0.002666090116770952
0.0029563221065951784
0.0023881709723581114
0.0018645767745555275
0.0016405286867256176
0.0016054003146089156
GEN 104 time 1611308398
0.002666090116770952
0.0029563221065951784
0.0023881709723581114
0.0018645767745555275
0.0016405286867256176
0.0016054003146089156
GEN 105 time 1611308404
0.002666090116770952
0.0029563221065951784
0.0023881709723581114
0.0018645767745555275
0.0016405286867256176
0.0016054003146089156
GEN 106 time 1611308411
0.002666090116770952
0.0029563221065951784
0.0023881709723581114
0.0018645767745555275
0.0016405286867256176
0.0016054003146089156
GEN 107 time 1611308417
0.002666090116770952
0.0029563221065951784
0.0023881709723581114
0.0018645767745555275
0.0016405286867256176
0.0016054003146089156
GEN 108 time 1611308424
0.002666090116770952
0.0029563221065951784
0.0023881709723581114
0.0018645767745555275
0.0016405286867256176
0.0016054003146089156
GEN 109 time 1611308431
0.002666090116770952
0.0029563221065951784
0.0023881709723581114
0.0018645767745555275
0.0016405286867256176
0.0016054003146089156
GEN 110 time 1611308437
0.002666090116770952
0.0029563221065951784
0.0023881709723581114
0.0018645767745555275
0.0016405286867256176
0.0016054003146089156
GEN 111 time 1611308444
0.002666090116770952
0.0029563221065951784
0.0023881709723581114
0.0018645767745555275
0.0016405286867256176
0.0016054003146089156
GEN 112 time 1611308450
0.002666090116770952
0.0029563221065951784
0.0023881709723581114
0.0018645767745555275
0.0016405286867256176
0.0016054003146089156
GEN 113 time 1611308457
0.002666090116770952
0.0029563221065951784
0.0023881709723581114
0.0018645767745555275
0.0016405286867256176
0.0016054003146089156
GEN 114 time 1611308463
0.002666090116770952
0.0029563221065951784
0.0023881709723581114
0.0018645767745555275
0.0016405286867256176
0.0016054003146089156
GEN 115 time 1611308470
0.002666090116770952
0.0029563221065951784
0.0023881709723581114
0.0018645767745555275
0.0016405286867256176
0.0016054003146089156
GEN 116 time 1611308477
0.002666090116770952
0.0029563221065951784
0.0023881709723581114
0.0018645767745555275
0.0016405286867256176
0.0016054003146089156
GEN 117 time 1611308483
0.002666090116770952
0.0029563221065951784
0.0023881709723581114
0.0018645767745555275
0.0016405286867256176
0.0016054003146089156
GEN 118 time 1611308490
0.002666090116770952
0.0029563221065951784
0.0023881709723581114
0.0018645767745555275
0.0016405286867256176
0.0016054003146089156
GEN 119 time 1611308496
0.002666090116770952
0.0029563221065951784
0.0023881709723581114
0.0018645767745555275
0.0016405286867256176
0.0016054003146089156
GEN 120 time 1611308503
0.002666090116770952
0.0029563221065951784
0.0023881709723581114
0.0018645767745555275
0.0016405286867256176
0.0016054003146089156
GEN 121 time 1611308509
0.002666090116770952
0.0029563221065951784
0.0023881709723581114
0.0018645767745555275
0.0016405286867256176
0.0016005276654775262
GEN 122 time 1611308516
0.002666090116770952
0.0029563221065951784
0.0023881709723581114
0.0018645767745555275
0.0016405286867256176
0.0016005276654775262
GEN 123 time 1611308522
0.002666090116770952
0.0029563221065951784
0.0023881709723581114
0.0018645767745555275
0.0016405286867256176
0.0016005276654775262
GEN 124 time 1611308529
0.002666090116770952
0.0029563221065951784
0.0023881709723581114
0.0018645767745555275
0.0016405286867256176
0.0016005276654775262
GEN 125 time 1611308536
0.002666090116770952
0.0029563221065951784
0.0023881709723581114
0.0018645767745555275
0.0016405286867256176
0.0016005276654775262
GEN 126 time 1611308542
0.002666090116770952
0.0029563221065951784
0.0023881709723581114
0.0018645767745555275
0.0016405286867256176
0.0016005276654775262
GEN 127 time 1611308549
0.002666090116770952
0.0029563221065951784
0.0023881709723581114
0.0018645767745555275
0.0016405286867256176
0.0016005276654775262
GEN 128 time 1611308555
0.002666090116770952
0.0029563221065951784
0.0023881709723581114
0.0018645767745555275
0.0016405286867256176
0.0016005276654775262
GEN 129 time 1611308562
0.002666090116770952
0.0029563221065951784
0.0023881709723581114
0.0018645767745555275
0.0016405286867256176
0.0016005276654775262
GEN 130 time 1611308569
0.002666090116770952
0.0029563221065951784
0.0023881709723581114
0.0018645767745555275
0.0016405286867256176
0.0016005276654775262
GEN 131 time 1611308575
0.002666090116770952
0.0029563221065951784
0.0023881709723581114
0.0018645767745555275
0.0016405286867256176
0.0016005276654775262
GEN 132 time 1611308582
0.002666090116770952
0.0029563221065951784
0.0023881709723581114
0.0018645767745555275
0.0016405286867256176
0.0016005276654775262
GEN 133 time 1611308588
0.002666090116770952
0.0029563221065951784
0.0023881709723581114
0.0018645767745555275
0.0016405286867256176
0.0016005276654775262
GEN 134 time 1611308595
0.002666090116770952
0.0029563221065951784
0.0023881709723581114
0.0018645767745555275
0.0016405286867256176
0.0016005276654775262
GEN 135 time 1611308601
0.002666090116770952
0.0029563221065951784
0.0023881709723581114
0.0018645767745555275
0.0016405286867256176
0.0016005276654775262
GEN 136 time 1611308608
0.002666090116770952
0.0029563221065951784
0.0023881709723581114
0.0018645767745555275
0.0016405286867256176
0.0016005276654775262
GEN 137 time 1611308615
0.002666090116770952
0.0029563221065951784
0.0023881709723581114
0.0018645767745555275
0.0016405286867256176
0.0016005276654775262
GEN 138 time 1611308621
0.002666090116770952
0.0029563221065951784
0.0023881709723581114
0.0018645767745555275
0.0016405286867256176
0.0016005276654775262
GEN 139 time 1611308628
0.002666090116770952
0.0029563221065951784
0.0023881709723581114
0.0018645767745555275
0.0016405286867256176
0.0016005276654775262
GEN 140 time 1611308634
0.002666090116770952
0.0029563221065951784
0.0023881709723581114
0.0018645767745555275
0.0016405286867256176
0.0016005276654775262
GEN 141 time 1611308641
0.002666090116770952
0.0029563221065951784
0.0023881709723581114
0.0018645767745555275
0.0016405286867256176
0.0016005276654775262
GEN 142 time 1611308647
0.002666090116770952
0.0029563221065951784
0.0023881709723581114
0.0018645767745555275
0.0016405286867256176
0.0016005276654775262
GEN 143 time 1611308654
0.002666090116770952
0.0029563221065951784
0.0023881709723581114
0.0018645767745555275
0.0016405286867256176
0.0016005276654775262
GEN 144 time 1611308661
0.002666090116770952
0.0029563221065951784
0.0023881709723581114
0.0018645767745555275
0.0016405286867256176
0.0016005276654775262
GEN 145 time 1611308667
0.002666090116770952
0.0029563221065951784
0.0023881709723581114
0.0018645767745555275
0.0016405286867256176
0.0016005276654775262
GEN 146 time 1611308674
0.002666090116770952
0.0029563221065951784
0.0023881709723581114
0.0018645767745555275
0.0016405286867256176
0.0016005276654775262
GEN 147 time 1611308680
0.002666090116770952
0.0029563221065951784
0.0023881709723581114
0.0018645767745555275
0.0016405286867256176
0.0016005276654775262
GEN 148 time 1611308687
0.002666090116770952
0.0029563221065951784
0.0023881709723581114
0.0018645767745555275
0.001611572559769727
0.0016005276654775262
GEN 149 time 1611308693
0.002666090116770952
0.0029563221065951784
0.0023881709723581114
0.0018645767745555275
0.001611572559769727
0.0016005276654775262
GEN 150 time 1611308700
0.002666090116770952
0.0029563221065951784
0.0023881709723581114
0.0018645767745555275
0.001611572559769727
0.0016005276654775262
GEN 151 time 1611308707
0.002666090116770952
0.0029563221065951784
0.0023881709723581114
0.0018645767745555275
0.001611572559769727
0.0016005276654775262
GEN 152 time 1611308713
0.002666090116770952
0.0029563221065951784
0.0023881709723581114
0.0018645767745555275
0.001611572559769727
0.0016005276654775262
GEN 153 time 1611308720
0.002666090116770952
0.0029563221065951784
0.0023881709723581114
0.0018645767745555275
0.001611572559769727
0.0016005276654775262
GEN 154 time 1611308726
0.002666090116770952
0.0029563221065951784
0.0023881709723581114
0.0018645767745555275
0.001611572559769727
0.0016005276654775262
GEN 155 time 1611308733
0.002666090116770952
0.0029563221065951784
0.0023881709723581114
0.0018645767745555275
0.001611572559769727
0.0016005276654775262
GEN 156 time 1611308740
0.002666090116770952
0.0029563221065951784
0.0023881709723581114
0.0018645767745555275
0.001611572559769727
0.0016005276654775262
GEN 157 time 1611308746
0.002666090116770952
0.0029563221065951784
0.0023881709723581114
0.0018645767745555275
0.001611572559769727
0.0016005276654775262
GEN 158 time 1611308753
0.002666090116770952
0.0029563221065951784
0.0023881709723581114
0.0018645767745555275
0.001611572559769727
0.0016005276654775262
GEN 159 time 1611308759
0.002666090116770952
0.0029563221065951784
0.0023881709723581114
0.0018645767745555275
0.001611572559769727
0.0016005276654775262
GEN 160 time 1611308766
0.002666090116770952
0.0029563221065951784
0.0023881709723581114
0.0018645767745555275
0.001611572559769727
0.0016005276654775262
GEN 161 time 1611308772
0.002666090116770952
0.0029563221065951784
0.0023881709723581114
0.0018645767745555275
0.001611572559769727
0.0016005276654775262
GEN 162 time 1611308779
0.002666090116770952
0.0029563221065951784
0.0023881709723581114
0.0018645767745555275
0.001611572559769727
0.0016005276654775262
GEN 163 time 1611308786
0.002666090116770952
0.0029563221065951784
0.0023881709723581114
0.0018645767745555275
0.001611572559769727
0.0016005276654775262
GEN 164 time 1611308792
0.002666090116770952
0.0029563221065951784
0.0023881709723581114
0.0018645767745555275
0.001611572559769727
0.0016005276654775262
GEN 165 time 1611308799
0.002666090116770952
0.0029563221065951784
0.0023881709723581114
0.0018645767745555275
0.001611572559769727
0.0016005276654775262
GEN 166 time 1611308805
0.002666090116770952
0.0029563221065951784
0.0023881709723581114
0.0018645767745555275
0.001611572559769727
0.0016005276654775262
GEN 167 time 1611308812
0.002666090116770952
0.0029563221065951784
0.0023881709723581114
0.0018645767745555275
0.001611572559769727
0.0016005276654775262
GEN 168 time 1611308819
0.002666090116770952
0.0029563221065951784
0.0023881709723581114
0.0018645767745555275
0.001611572559769727
0.0016005276654775262
GEN 169 time 1611308825
0.002666090116770952
0.0029563221065951784
0.0023881709723581114
0.0018645767745555275
0.001611572559769727
0.0016005276654775262
GEN 170 time 1611308832
0.002666090116770952
0.0029563221065951784
0.0023881709723581114
0.0018645767745555275
0.001611572559769727
0.0015479164952557462
GEN 171 time 1611308838
0.002666090116770952
0.0029563221065951784
0.0023881709723581114
0.0018645767745555275
0.001611572559769727
0.0015479164952557462
GEN 172 time 1611308845
0.002666090116770952
0.0029563221065951784
0.0023881709723581114
0.0018645767745555275
0.001611572559769727
0.0015479164952557462
GEN 173 time 1611308851
0.002666090116770952
0.0029563221065951784
0.0023881709723581114
0.0018645767745555275
0.001611572559769727
0.0015479164952557462
GEN 174 time 1611308858
0.002666090116770952
0.0029563221065951784
0.0023881709723581114
0.0018645767745555275
0.001611572559769727
0.0015479164952557462
GEN 175 time 1611308865
0.002666090116770952
0.0029563221065951784
0.0023881709723581114
0.0018645767745555275
0.001611572559769727
0.0015479164952557462
GEN 176 time 1611308871
0.002666090116770952
0.0029563221065951784
0.0023881709723581114
0.0018645767745555275
0.001611572559769727
0.0015479164952557462
GEN 177 time 1611308878
0.002666090116770952
0.0029563221065951784
0.0023881709723581114
0.0018645767745555275
0.001611572559769727
0.0015479164952557462
GEN 178 time 1611308884
0.002666090116770952
0.0029563221065951784
0.0023881709723581114
0.0018645767745555275
0.001611572559769727
0.0015479164952557462
GEN 179 time 1611308891
0.002666090116770952
0.0029563221065951784
0.0023881709723581114
0.0018645767745555275
0.001611572559769727
0.0015479164952557462
GEN 180 time 1611308898
0.002666090116770952
0.0029563221065951784
0.0023881709723581114
0.0018645767745555275
0.001611572559769727
0.0015479164952557462
GEN 181 time 1611308904
0.002666090116770952
0.0029563221065951784
0.0023881709723581114
0.0018645767745555275
0.001611572559769727
0.0015479164952557462
GEN 182 time 1611308911
0.002666090116770952
0.0029563221065951784
0.0023881709723581114
0.0018645767745555275
0.001611572559769727
0.0015479164952557462
GEN 183 time 1611308917
0.002666090116770952
0.0029563221065951784
0.0023881709723581114
0.0018645767745555275
0.001611572559769727
0.0015479164952557462
GEN 184 time 1611308924
0.002666090116770952
0.0029563221065951784
0.0023881709723581114
0.0018645767745555275
0.001611572559769727
0.0015479164952557462
GEN 185 time 1611308930
0.002666090116770952
0.0029563221065951784
0.0023881709723581114
0.0018645767745555275
0.001611572559769727
0.0015479164952557462
GEN 186 time 1611308937
0.002666090116770952
0.0029563221065951784
0.0023881709723581114
0.0018645767745555275
0.001611572559769727
0.0015479164952557462
GEN 187 time 1611308944
0.002666090116770952
0.0029563221065951784
0.0023881709723581114
0.0018645767745555275
0.001611572559769727
0.0015479164952557462
GEN 188 time 1611308950
0.002666090116770952
0.0029563221065951784
0.0023881709723581114
0.0018645767745555275
0.001611572559769727
0.0015479164952557462
GEN 189 time 1611308957
0.002666090116770952
0.0029563221065951784
0.0023881709723581114
0.0018645767745555275
0.001611572559769727
0.0015479164952557462
GEN 190 time 1611308963
0.002666090116770952
0.0029563221065951784
0.0023881709723581114
0.0018645767745555275
0.001611572559769727
0.0015479164952557462
GEN 191 time 1611308970
0.002666090116770952
0.0029563221065951784
0.0023881709723581114
0.0018645767745555275
0.001611572559769727
0.0015479164952557462
GEN 192 time 1611308976
0.002666090116770952
0.0029563221065951784
0.0023881709723581114
0.0018645767745555275
0.001611572559769727
0.0015479164952557462
GEN 193 time 1611308983
0.002666090116770952
0.0029563221065951784
0.0023881709723581114
0.0018645767745555275
0.001611572559769727
0.0015479164952557462
GEN 194 time 1611308990
0.002666090116770952
0.0029563221065951784
0.0023881709723581114
0.0018645767745555275
0.001611572559769727
0.0015479164952557462
GEN 195 time 1611308996
0.002666090116770952
0.0029563221065951784
0.0023881709723581114
0.0018645767745555275
0.001611572559769727
0.0015479164952557462
GEN 196 time 1611309003
0.002666090116770952
0.0029563221065951784
0.0023881709723581114
0.0018645767745555275
0.001611572559769727
0.0015479164952557462
GEN 197 time 1611309009
0.002666090116770952
0.0029563221065951784
0.0023881709723581114
0.0018645767745555275
0.001611572559769727
0.0015479164952557462
GEN 198 time 1611309016
0.002666090116770952
0.0029563221065951784
0.0023881709723581114
0.0018645767745555275
0.001611572559769727
0.0015479164952557462
GEN 199 time 1611309023
0.002666090116770952
0.0029563221065951784
0.0023881709723581114
0.0018645767745555275
0.001611572559769727
0.0015479164952557462
