['./data/small/layer/uu-dem2_r25_1.json', './data/small/layer/uu-dem9_r25_1.json', './data/small/layer/uu-dem2_r50_1.json', './data/small/hop/uu-dem2_r25_1_0.json', './data/small/hop/uu-dem9_r50_1_0.json', './data/small/hop/uu-dem2_r50_1_0.json']
GEN 0 time 1602675684
0.0017159915896146935
0.002411447474497591
0.002666090116770952
0.0020358021363636515
0.0030100551505884672
0.0030908583104340944
GEN 1 time 1602675687
0.001594438966276067
0.002411447474497591
0.002666090116770952
0.0018870034599445908
0.0030100551505884672
0.0030908583104340944
GEN 2 time 1602675691
0.0015905749155818577
0.0020207091383460784
0.002666090116770952
0.0018870034599445908
0.0030100551505884672
0.002890838310434095
GEN 3 time 1602675695
0.0015905749155818577
0.0020207091383460784
0.002666090116770952
0.0018870034599445908
0.0030100551505884672
0.002890838310434095
GEN 4 time 1602675700
0.0014152176981619103
0.0020207091383460784
0.002666090116770952
0.0018870034599445908
0.0030100551505884672
0.002890838310434095
GEN 5 time 1602675704
0.0014152176981619103
0.0020207091383460784
0.002666090116770952
0.0018870034599445908
0.0030100551505884672
0.002890838310434095
GEN 6 time 1602675708
0.0014152176981619103
0.0020207091383460784
0.002666090116770952
0.0018870034599445908
0.0030100551505884672
0.002890838310434095
GEN 7 time 1602675712
0.0014152176981619103
0.0020207091383460784
0.002666090116770952
0.0018870034599445908
0.0030100551505884672
0.002890838310434095
GEN 8 time 1602675717
0.0014152176981619103
0.0020207091383460784
0.002666090116770952
0.0018574023313404852
0.002986625711158318
0.002890838310434095
GEN 9 time 1602675721
0.0014152176981619103
0.0020207091383460784
0.002666090116770952
0.0018574023313404852
0.002986625711158318
0.002239588332871598
GEN 10 time 1602675725
0.0014152176981619103
0.0020207091383460784
0.002666090116770952
0.0017691868291415903
0.002983888737501898
0.002239588332871598
GEN 11 time 1602675730
0.0014152176981619103
0.0020168911664570966
0.002666090116770952
0.0017691868291415903
0.002849813053034545
0.002239588332871598
GEN 12 time 1602675734
0.0014152176981619103
0.0020168911664570966
0.002666090116770952
0.0017691868291415903
0.002849813053034545
0.002239588332871598
GEN 13 time 1602675738
0.0014152176981619103
0.002000369797209615
0.002666090116770952
0.0016464362797863814
0.002849813053034545
0.002239588332871598
GEN 14 time 1602675742
0.0014152176981619103
0.002000369797209615
0.002666090116770952
0.0016464362797863814
0.002849813053034545
0.002239588332871598
GEN 15 time 1602675747
0.0014152176981619103
0.002000369797209615
0.002666090116770952
0.0016464362797863814
0.0028260044746711774
0.002239588332871598
GEN 16 time 1602675751
0.0014152176981619103
0.002000369797209615
0.002666090116770952
0.0016464362797863814
0.0028260044746711774
0.002239588332871598
GEN 17 time 1602675755
0.0014152176981619103
0.002000369797209615
0.002666090116770952
0.0016464362797863814
0.0028260044746711774
0.002239588332871598
GEN 18 time 1602675760
0.0014152176981619103
0.002000369797209615
0.002666090116770952
0.0016464362797863814
0.0028260044746711774
0.002239588332871598
GEN 19 time 1602675764
0.0014152176981619103
0.002000369797209615
0.002666090116770952
0.0016464362797863814
0.002811429318943759
0.002239588332871598
GEN 20 time 1602675768
0.0014152176981619103
0.002000369797209615
0.002666090116770952
0.0016464362797863814
0.002811429318943759
0.002239588332871598
GEN 21 time 1602675773
0.0014152176981619103
0.002000369797209615
0.002666090116770952
0.0016464362797863814
0.002757976706496222
0.002239588332871598
GEN 22 time 1602675777
0.0014152176981619103
0.002000369797209615
0.002666090116770952
0.0016464362797863814
0.002757976706496222
0.002239588332871598
GEN 23 time 1602675781
0.0013714534893155448
0.0018266509095459789
0.002666090116770952
0.0016464362797863814
0.0027562635993190884
0.002239588332871598
GEN 24 time 1602675786
0.0013714534893155448
0.0018266509095459789
0.002666090116770952
0.0016464362797863814
0.0027562635993190884
0.002239588332871598
GEN 25 time 1602675790
0.0013714534893155448
0.0018266509095459789
0.002666090116770952
0.0016464362797863814
0.0027562635993190884
0.002239588332871598
GEN 26 time 1602675795
0.0013714534893155448
0.0018266509095459789
0.002666090116770952
0.0016464362797863814
0.0027562635993190884
0.002239588332871598
GEN 27 time 1602675799
0.0013714534893155448
0.0018266509095459789
0.002666090116770952
0.0016464362797863814
0.0027562635993190884
0.002239588332871598
GEN 28 time 1602675803
0.0013714534893155448
0.0018266509095459789
0.002666090116770952
0.0016464362797863814
0.0025562435993190884
0.002039568332871598
GEN 29 time 1602675807
0.0013714534893155448
0.0018266509095459789
0.002666090116770952
0.0016464362797863814
0.0025562435993190884
0.002039568332871598
GEN 30 time 1602675812
0.0013714534893155448
0.0018266509095459789
0.002666090116770952
0.0016464362797863814
0.002425964474671177
0.002039568332871598
GEN 31 time 1602675816
0.0013714534893155448
0.0018266509095459789
0.002666090116770952
0.0016464362797863814
0.002425964474671177
0.002039568332871598
GEN 32 time 1602675820
0.0013714534893155448
0.0018266509095459789
0.002666090116770952
0.0016464362797863814
0.002425964474671177
0.002039568332871598
GEN 33 time 1602675825
0.0013714534893155448
0.0018266509095459789
0.002666090116770952
0.0016464362797863814
0.002425964474671177
0.002039568332871598
GEN 34 time 1602675829
0.0013714534893155448
0.0018266509095459789
0.002666090116770952
0.0016464362797863814
0.002425964474671177
0.002039568332871598
GEN 35 time 1602675834
0.0013714534893155448
0.0018266509095459789
0.002666090116770952
0.0016464362797863814
0.002425964474671177
0.002039568332871598
GEN 36 time 1602675838
0.0013714534893155448
0.0018266509095459789
0.002666090116770952
0.0016464362797863814
0.002425964474671177
0.002039568332871598
GEN 37 time 1602675842
0.0013714534893155448
0.0018266509095459789
0.002666090116770952
0.0016464362797863814
0.002425964474671177
0.002039568332871598
GEN 38 time 1602675847
0.0013714534893155448
0.0018266509095459789
0.002666090116770952
0.0016464362797863814
0.002425964474671177
0.002039568332871598
GEN 39 time 1602675851
0.0013363309014388731
0.0018266509095459789
0.002666090116770952
0.0016464362797863814
0.0022497530530345452
0.002039568332871598
GEN 40 time 1602675856
0.0013363309014388731
0.0018266509095459789
0.002666090116770952
0.0016464362797863814
0.0022497530530345452
0.002039568332871598
GEN 41 time 1602675860
0.0013363309014388731
0.0018266509095459789
0.002666090116770952
0.0016464362797863814
0.0022497530530345452
0.002039568332871598
GEN 42 time 1602675864
0.0013363309014388731
0.0018266509095459789
0.002666090116770952
0.0016464362797863814
0.0022497530530345452
0.002039568332871598
GEN 43 time 1602675869
0.0012675445951169908
0.0018266509095459789
0.002666090116770952
0.0016464362797863814
0.0022497530530345452
0.002039568332871598
GEN 44 time 1602675873
0.0012675445951169908
0.0018266509095459789
0.002666090116770952
0.0016464362797863814
0.0022497530530345452
0.002039568332871598
GEN 45 time 1602675877
0.0012675445951169908
0.0018266509095459789
0.002666090116770952
0.0016464362797863814
0.0022497530530345452
0.002039568332871598
GEN 46 time 1602675882
0.0012675445951169908
0.0018266509095459789
0.002666090116770952
0.0016464362797863814
0.0022497530530345452
0.002039568332871598
GEN 47 time 1602675886
0.0012675445951169908
0.0018266509095459789
0.002666090116770952
0.0016464362797863814
0.0022497530530345452
0.002039568332871598
GEN 48 time 1602675890
0.001201568645086438
0.0018266509095459789
0.002666090116770952
0.001570454881189182
0.0022497530530345452
0.002039568332871598
GEN 49 time 1602675895
0.001201568645086438
0.0018266509095459789
0.002666090116770952
0.001570454881189182
0.0022497530530345452
0.002039568332871598
GEN 50 time 1602675899
0.001201568645086438
0.0018266509095459789
0.002666090116770952
0.001570454881189182
0.0022497530530345452
0.002039568332871598
GEN 51 time 1602675903
0.001201568645086438
0.0018266509095459789
0.002666090116770952
0.001570454881189182
0.0022497530530345452
0.002039568332871598
GEN 52 time 1602675908
0.001201568645086438
0.0018266509095459789
0.002666090116770952
0.001570454881189182
0.0022497530530345452
0.002039568332871598
GEN 53 time 1602675912
0.001201568645086438
0.0018266509095459789
0.002666090116770952
0.001570454881189182
0.0022497530530345452
0.002039568332871598
GEN 54 time 1602675917
0.001201568645086438
0.0018266509095459789
0.002666090116770952
0.001570454881189182
0.0022497530530345452
0.002039568332871598
GEN 55 time 1602675921
0.001201568645086438
0.0018266509095459789
0.002666090116770952
0.001570454881189182
0.0022497530530345452
0.002039568332871598
GEN 56 time 1602675925
0.001201568645086438
0.0018266509095459789
0.002666090116770952
0.001570454881189182
0.0022497530530345452
0.002039568332871598
GEN 57 time 1602675930
0.001201568645086438
0.0018266509095459789
0.002666090116770952
0.001570454881189182
0.0022497530530345452
0.002039568332871598
GEN 58 time 1602675934
0.001201568645086438
0.0018266509095459789
0.002666090116770952
0.001570454881189182
0.0022497530530345452
0.002039568332871598
GEN 59 time 1602675938
0.001201568645086438
0.0018266509095459789
0.002666090116770952
0.001570454881189182
0.0022497530530345452
0.002039568332871598
GEN 60 time 1602675943
0.001201568645086438
0.0018266509095459789
0.002666090116770952
0.001570454881189182
0.0022497530530345452
0.002039568332871598
GEN 61 time 1602675947
0.001201568645086438
0.0018266509095459789
0.002666090116770952
0.001570454881189182
0.0022497530530345452
0.002039568332871598
GEN 62 time 1602675951
0.001201568645086438
0.0018266509095459789
0.002666090116770952
0.001570454881189182
0.0022497530530345452
0.002039568332871598
GEN 63 time 1602675956
0.001201568645086438
0.0018266509095459789
0.002666090116770952
0.001570454881189182
0.0022497530530345452
0.002039568332871598
GEN 64 time 1602675960
0.001201568645086438
0.0018266509095459789
0.002666090116770952
0.001570454881189182
0.0022497530530345452
0.002039568332871598
GEN 65 time 1602675965
0.001201568645086438
0.0018266509095459789
0.002666090116770952
0.001570454881189182
0.0022497530530345452
0.002039568332871598
GEN 66 time 1602675969
0.001201568645086438
0.0018266509095459789
0.002666090116770952
0.001570454881189182
0.0022497530530345452
0.002039568332871598
GEN 67 time 1602675973
0.001201568645086438
0.0018266509095459789
0.002666090116770952
0.001570454881189182
0.0022497530530345452
0.002039568332871598
GEN 68 time 1602675978
0.001201568645086438
0.0018266509095459789
0.002666090116770952
0.001570454881189182
0.0022497530530345452
0.002039568332871598
GEN 69 time 1602675982
0.001201568645086438
0.0018266509095459789
0.002666090116770952
0.001570454881189182
0.0022497530530345452
0.002039568332871598
GEN 70 time 1602675987
0.001201568645086438
0.0018266509095459789
0.002666090116770952
0.001570454881189182
0.0022497530530345452
0.002039568332871598
GEN 71 time 1602675991
0.001201568645086438
0.0018266509095459789
0.002666090116770952
0.001570454881189182
0.0022497530530345452
0.002039568332871598
GEN 72 time 1602675995
0.001201568645086438
0.0018266509095459789
0.002666090116770952
0.001570454881189182
0.0022497530530345452
0.002039568332871598
GEN 73 time 1602676000
0.001201568645086438
0.0018266509095459789
0.002666090116770952
0.001570454881189182
0.0022497530530345452
0.002039568332871598
GEN 74 time 1602676004
0.001201568645086438
0.0018266509095459789
0.002666090116770952
0.001570454881189182
0.0022497530530345452
0.002039568332871598
GEN 75 time 1602676009
0.001201568645086438
0.0018266509095459789
0.002666090116770952
0.001570454881189182
0.0022497530530345452
0.002039568332871598
GEN 76 time 1602676013
0.001201568645086438
0.0018266509095459789
0.002666090116770952
0.001570454881189182
0.0022497530530345452
0.002039568332871598
GEN 77 time 1602676017
0.001201568645086438
0.0018266509095459789
0.002666090116770952
0.001570454881189182
0.0022497530530345452
0.002039568332871598
GEN 78 time 1602676022
0.001201568645086438
0.0018266509095459789
0.002666090116770952
0.001570454881189182
0.0022497530530345452
0.002039568332871598
GEN 79 time 1602676026
0.001201568645086438
0.0018266509095459789
0.002666090116770952
0.001570454881189182
0.0022497530530345452
0.002039568332871598
GEN 80 time 1602676030
0.001201568645086438
0.0018266509095459789
0.002666090116770952
0.001570454881189182
0.0022497530530345452
0.002039568332871598
GEN 81 time 1602676035
0.001201568645086438
0.0018266509095459789
0.002666090116770952
0.001570454881189182
0.0022497530530345452
0.002039568332871598
GEN 82 time 1602676039
0.001201568645086438
0.0018266509095459789
0.002666090116770952
0.001570454881189182
0.0022497530530345452
0.002039568332871598
GEN 83 time 1602676044
0.001201568645086438
0.0018266509095459789
0.002666090116770952
0.001570454881189182
0.0022497530530345452
0.002039568332871598
GEN 84 time 1602676048
0.001201568645086438
0.0018266509095459789
0.002666090116770952
0.001570454881189182
0.0022497530530345452
0.002039568332871598
GEN 85 time 1602676052
0.001201568645086438
0.0018266509095459789
0.002666090116770952
0.001570454881189182
0.0022497530530345452
0.002039568332871598
GEN 86 time 1602676057
0.001201568645086438
0.0018266509095459789
0.002666090116770952
0.001570454881189182
0.0022497530530345452
0.002039568332871598
GEN 87 time 1602676061
0.001201568645086438
0.0018266509095459789
0.002666090116770952
0.001570454881189182
0.0022497530530345452
0.002039568332871598
GEN 88 time 1602676065
0.001201568645086438
0.0018266509095459789
0.002666090116770952
0.001570454881189182
0.0022497530530345452
0.002039568332871598
GEN 89 time 1602676070
0.001201568645086438
0.0018266509095459789
0.002666090116770952
0.001570454881189182
0.0022497530530345452
0.002039568332871598
GEN 90 time 1602676074
0.001201568645086438
0.0018266509095459789
0.002666090116770952
0.001570454881189182
0.0022497530530345452
0.002039568332871598
GEN 91 time 1602676078
0.0011714334893155446
0.0018266509095459789
0.002666090116770952
0.001570454881189182
0.0022497530530345452
0.002039568332871598
GEN 92 time 1602676082
0.0011714334893155446
0.0018266509095459789
0.002666090116770952
0.001570454881189182
0.0022497530530345452
0.002039568332871598
GEN 93 time 1602676087
0.0011714334893155446
0.0018266509095459789
0.002666090116770952
0.001570454881189182
0.0022497530530345452
0.002039568332871598
GEN 94 time 1602676091
0.0011714334893155446
0.0018266509095459789
0.002666090116770952
0.001570454881189182
0.0022497530530345452
0.002039568332871598
GEN 95 time 1602676095
0.0011714334893155446
0.0018266509095459789
0.002666090116770952
0.001570454881189182
0.0022497530530345452
0.002039568332871598
GEN 96 time 1602676099
0.0011714334893155446
0.0018266509095459789
0.002666090116770952
0.001570454881189182
0.0022497530530345452
0.002039568332871598
GEN 97 time 1602676103
0.0011714334893155446
0.0018266509095459789
0.002666090116770952
0.001570454881189182
0.0022497530530345452
0.002039568332871598
GEN 98 time 1602676107
0.0011714334893155446
0.0018266509095459789
0.002666090116770952
0.001570454881189182
0.0022497530530345452
0.002039568332871598
GEN 99 time 1602676112
0.0011714334893155446
0.0018266509095459789
0.002666090116770952
0.001570454881189182
0.0022497530530345452
0.002039568332871598
GEN 100 time 1602676116
0.0011714334893155446
0.0018266509095459789
0.002666090116770952
0.001570454881189182
0.0022497530530345452
0.002039568332871598
GEN 101 time 1602676120
0.0011714334893155446
0.0018266509095459789
0.002666090116770952
0.001570454881189182
0.0022497530530345452
0.002039568332871598
GEN 102 time 1602676124
0.0011714334893155446
0.0018266509095459789
0.002666090116770952
0.001570454881189182
0.0022497530530345452
0.002039568332871598
GEN 103 time 1602676128
0.0011714334893155446
0.0018266509095459789
0.002666090116770952
0.001570454881189182
0.0022497530530345452
0.002039568332871598
GEN 104 time 1602676133
0.0011714334893155446
0.0018266509095459789
0.002666090116770952
0.001570454881189182
0.0022497530530345452
0.002039568332871598
GEN 105 time 1602676137
0.0011714334893155446
0.0018266509095459789
0.002666090116770952
0.001570454881189182
0.0022497530530345452
0.002039568332871598
GEN 106 time 1602676141
0.0011714334893155446
0.0018266509095459789
0.002666090116770952
0.001570454881189182
0.0022497530530345452
0.002039568332871598
GEN 107 time 1602676145
0.0011714334893155446
0.0018266509095459789
0.002666090116770952
0.001570454881189182
0.0022497530530345452
0.002039568332871598
GEN 108 time 1602676149
0.0011714334893155446
0.0018266509095459789
0.002666090116770952
0.001570454881189182
0.0022497530530345452
0.002039568332871598
GEN 109 time 1602676154
0.0011714334893155446
0.0018266509095459789
0.002666090116770952
0.001570454881189182
0.0022497530530345452
0.002039568332871598
GEN 110 time 1602676158
0.0011714334893155446
0.0018266509095459789
0.002666090116770952
0.001570454881189182
0.0022497530530345452
0.002039568332871598
GEN 111 time 1602676162
0.0011714334893155446
0.0018266509095459789
0.002666090116770952
0.001570454881189182
0.0022497530530345452
0.002039568332871598
GEN 112 time 1602676166
0.0011714334893155446
0.0018266509095459789
0.002666090116770952
0.001570454881189182
0.0022497530530345452
0.002039568332871598
GEN 113 time 1602676171
0.0011714334893155446
0.0018266509095459789
0.002666090116770952
0.001570454881189182
0.0022497530530345452
0.002039568332871598
GEN 114 time 1602676175
0.0011714334893155446
0.0018266509095459789
0.002666090116770952
0.0014944666335870733
0.0022497530530345452
0.002039568332871598
GEN 115 time 1602676179
0.0011714334893155446
0.0018266509095459789
0.002666090116770952
0.0014944666335870733
0.0022497530530345452
0.002039568332871598
GEN 116 time 1602676183
0.0011714334893155446
0.0018266509095459789
0.002666090116770952
0.0014944666335870733
0.0022497530530345452
0.002039568332871598
GEN 117 time 1602676188
0.0011714334893155446
0.0018266509095459789
0.002666090116770952
0.0014944666335870733
0.0022497530530345452
0.002039568332871598
GEN 118 time 1602676192
0.0011714334893155446
0.0018266509095459789
0.002666090116770952
0.0014944666335870733
0.0022497530530345452
0.002039568332871598
GEN 119 time 1602676196
0.0011714334893155446
0.0018266509095459789
0.002666090116770952
0.0014944666335870733
0.0022497530530345452
0.002039568332871598
GEN 120 time 1602676201
0.0011714334893155446
0.0018266509095459789
0.002666090116770952
0.0014944666335870733
0.0022497530530345452
0.002039568332871598
GEN 121 time 1602676205
0.0011714334893155446
0.0018266509095459789
0.002666090116770952
0.0014944666335870733
0.0022497530530345452
0.002039568332871598
GEN 122 time 1602676209
0.0011714334893155446
0.0018266509095459789
0.002666090116770952
0.0014944666335870733
0.0022497530530345452
0.002039568332871598
GEN 123 time 1602676214
0.0011714334893155446
0.0018266509095459789
0.002666090116770952
0.0014944666335870733
0.0022497530530345452
0.002039568332871598
GEN 124 time 1602676218
0.0011714334893155446
0.0018266509095459789
0.002666090116770952
0.0014944666335870733
0.0022497530530345452
0.002039568332871598
GEN 125 time 1602676222
0.0011714334893155446
0.0018266509095459789
0.002666090116770952
0.0014944666335870733
0.0022497530530345452
0.002039568332871598
GEN 126 time 1602676227
0.0011714334893155446
0.0018266509095459789
0.002666090116770952
0.0014944666335870733
0.0022497530530345452
0.002039568332871598
GEN 127 time 1602676231
0.0011714334893155446
0.0018266509095459789
0.002666090116770952
0.0014944666335870733
0.0022497530530345452
0.002039568332871598
GEN 128 time 1602676236
0.0011714334893155446
0.0018266509095459789
0.002666090116770952
0.0014944666335870733
0.0022497530530345452
0.002039568332871598
GEN 129 time 1602676240
0.0011714334893155446
0.0018266509095459789
0.002666090116770952
0.0014944666335870733
0.0022497530530345452
0.002039568332871598
GEN 130 time 1602676244
0.0011714334893155446
0.0018266509095459789
0.002666090116770952
0.0014944666335870733
0.0022497530530345452
0.002039568332871598
GEN 131 time 1602676249
0.0011714334893155446
0.0018266509095459789
0.002666090116770952
0.0014573623313404852
0.0022497530530345452
0.002039568332871598
GEN 132 time 1602676253
0.0011714334893155446
0.0018266509095459789
0.002666090116770952
0.0014573623313404852
0.0022497530530345452
0.002039568332871598
GEN 133 time 1602676257
0.0011714334893155446
0.0018266509095459789
0.002666090116770952
0.0014573623313404852
0.0022497530530345452
0.002039568332871598
GEN 134 time 1602676262
0.0011714334893155446
0.0018266509095459789
0.002666090116770952
0.0014573623313404852
0.0022497530530345452
0.002039568332871598
GEN 135 time 1602676266
0.0011714334893155446
0.0018266509095459789
0.002666090116770952
0.0014573623313404852
0.0022497530530345452
0.002039568332871598
GEN 136 time 1602676270
0.0011714334893155446
0.0018266509095459789
0.002666090116770952
0.0014573623313404852
0.0022497530530345452
0.002039568332871598
GEN 137 time 1602676275
0.0011714334893155446
0.0018266509095459789
0.002666090116770952
0.0014573623313404852
0.0022497530530345452
0.002039568332871598
GEN 138 time 1602676279
0.0011714334893155446
0.0018266509095459789
0.002666090116770952
0.0014573623313404852
0.0022497530530345452
0.002039568332871598
GEN 139 time 1602676283
0.0011714334893155446
0.0018266509095459789
0.002666090116770952
0.0014573623313404852
0.0022497530530345452
0.002039568332871598
GEN 140 time 1602676288
0.0011714334893155446
0.0018266509095459789
0.002666090116770952
0.0014573623313404852
0.0022497530530345452
0.002039568332871598
GEN 141 time 1602676292
0.0011714334893155446
0.0018266509095459789
0.002666090116770952
0.0014573623313404852
0.0022497530530345452
0.002039568332871598
GEN 142 time 1602676296
0.0011714334893155446
0.0018266509095459789
0.002666090116770952
0.0014573623313404852
0.0022497530530345452
0.002039568332871598
GEN 143 time 1602676301
0.0011714334893155446
0.0018266509095459789
0.002666090116770952
0.0014573623313404852
0.0022497530530345452
0.002039568332871598
GEN 144 time 1602676305
0.0011714334893155446
0.0018266509095459789
0.002666090116770952
0.0014573623313404852
0.0022497530530345452
0.002039568332871598
GEN 145 time 1602676309
0.0011714334893155446
0.0018266509095459789
0.002666090116770952
0.0014573623313404852
0.0022497530530345452
0.002039568332871598
GEN 146 time 1602676314
0.0011714334893155446
0.0018266509095459789
0.002666090116770952
0.0014573623313404852
0.0022497530530345452
0.002039568332871598
GEN 147 time 1602676318
0.0011714334893155446
0.0018266509095459789
0.002666090116770952
0.0014573623313404852
0.0022497530530345452
0.002039568332871598
GEN 148 time 1602676322
0.0011714334893155446
0.0018266509095459789
0.002666090116770952
0.0014573623313404852
0.0022497530530345452
0.002039568332871598
GEN 149 time 1602676327
0.0011714334893155446
0.0018266509095459789
0.002666090116770952
0.0014573623313404852
0.0022497530530345452
0.002039568332871598
GEN 150 time 1602676331
0.0011714334893155446
0.0018266509095459789
0.002666090116770952
0.0014573623313404852
0.0022497530530345452
0.002039568332871598
GEN 151 time 1602676336
0.0011714334893155446
0.0018266509095459789
0.002666090116770952
0.0014573623313404852
0.0022497530530345452
0.002039568332871598
GEN 152 time 1602676340
0.0011714334893155446
0.0018266509095459789
0.002666090116770952
0.0014573623313404852
0.0022497530530345452
0.002039568332871598
GEN 153 time 1602676344
0.0011714334893155446
0.0018266509095459789
0.002666090116770952
0.0014573623313404852
0.0022497530530345452
0.002039568332871598
GEN 154 time 1602676349
0.0011714334893155446
0.0018266509095459789
0.002666090116770952
0.0014573623313404852
0.0022497530530345452
0.002039568332871598
GEN 155 time 1602676353
0.0011714334893155446
0.0018266509095459789
0.002666090116770952
0.0014573623313404852
0.0022497530530345452
0.002039568332871598
GEN 156 time 1602676357
0.0011714334893155446
0.0018266509095459789
0.002666090116770952
0.0014573623313404852
0.0022497530530345452
0.002039568332871598
GEN 157 time 1602676362
0.0011714334893155446
0.0018266509095459789
0.002666090116770952
0.0014573623313404852
0.0022497530530345452
0.002039568332871598
GEN 158 time 1602676366
0.0011714334893155446
0.0018266509095459789
0.002666090116770952
0.0014573623313404852
0.0022497530530345452
0.002039568332871598
GEN 159 time 1602676370
0.0011714334893155446
0.0018266509095459789
0.002666090116770952
0.0014573623313404852
0.0022497530530345452
0.002039568332871598
GEN 160 time 1602676375
0.0011714334893155446
0.0018266509095459789
0.002666090116770952
0.0014573623313404852
0.0022497530530345452
0.002039568332871598
GEN 161 time 1602676379
0.0011714334893155446
0.0018266509095459789
0.002666090116770952
0.0014573623313404852
0.0022497530530345452
0.002039568332871598
GEN 162 time 1602676383
0.0011714334893155446
0.0018266509095459789
0.002666090116770952
0.0014573623313404852
0.0022497530530345452
0.002039568332871598
GEN 163 time 1602676388
0.0011714334893155446
0.0018266509095459789
0.002666090116770952
0.0014573623313404852
0.0022497530530345452
0.002039568332871598
GEN 164 time 1602676392
0.0011714334893155446
0.0018266509095459789
0.002666090116770952
0.0014573623313404852
0.0022497530530345452
0.002039568332871598
GEN 165 time 1602676397
0.0011714334893155446
0.0018266509095459789
0.002666090116770952
0.0014573623313404852
0.0022497530530345452
0.002039568332871598
GEN 166 time 1602676401
0.0011714334893155446
0.0018266509095459789
0.002666090116770952
0.0014573623313404852
0.0022497530530345452
0.002039568332871598
GEN 167 time 1602676405
0.0011714334893155446
0.0018266509095459789
0.002666090116770952
0.0014573623313404852
0.0022497530530345452
0.002039568332871598
GEN 168 time 1602676410
0.0011714334893155446
0.0018266509095459789
0.002666090116770952
0.0014573623313404852
0.0022497530530345452
0.002039568332871598
GEN 169 time 1602676414
0.0011714334893155446
0.0018266509095459789
0.002666090116770952
0.0014573623313404852
0.0022497530530345452
0.002039568332871598
GEN 170 time 1602676418
0.0011714334893155446
0.0018266509095459789
0.002666090116770952
0.0014573623313404852
0.0022497530530345452
0.002039568332871598
GEN 171 time 1602676423
0.0011714334893155446
0.0018266509095459789
0.002666090116770952
0.0014573623313404852
0.0022497530530345452
0.002039568332871598
GEN 172 time 1602676427
0.0011714334893155446
0.0018266509095459789
0.002666090116770952
0.0014573623313404852
0.0022497530530345452
0.002039568332871598
GEN 173 time 1602676432
0.0011714334893155446
0.0018266509095459789
0.002666090116770952
0.0014573623313404852
0.0022497530530345452
0.002039568332871598
GEN 174 time 1602676436
0.0011714334893155446
0.0018266509095459789
0.002666090116770952
0.0014573623313404852
0.0022497530530345452
0.002039568332871598
GEN 175 time 1602676440
0.0011714334893155446
0.0018266509095459789
0.002666090116770952
0.0014573623313404852
0.0022497530530345452
0.002039568332871598
GEN 176 time 1602676445
0.0011714334893155446
0.0018266509095459789
0.002666090116770952
0.0014573623313404852
0.0022497530530345452
0.002039568332871598
GEN 177 time 1602676449
0.0011714334893155446
0.0018266509095459789
0.002666090116770952
0.0014573623313404852
0.0022497530530345452
0.002039568332871598
GEN 178 time 1602676453
0.0011714334893155446
0.0018266509095459789
0.002666090116770952
0.0014573623313404852
0.0022497530530345452
0.002039568332871598
GEN 179 time 1602676458
0.0011714334893155446
0.0018266509095459789
0.002666090116770952
0.0014573623313404852
0.0022497530530345452
0.002039568332871598
GEN 180 time 1602676462
0.0011714334893155446
0.0018266509095459789
0.002666090116770952
0.0014573623313404852
0.0022497530530345452
0.002039568332871598
GEN 181 time 1602676466
0.0011714334893155446
0.0018266509095459789
0.002666090116770952
0.0014573623313404852
0.0022497530530345452
0.002039568332871598
GEN 182 time 1602676471
0.0011714334893155446
0.0018266509095459789
0.002666090116770952
0.0014573623313404852
0.0022497530530345452
0.002039568332871598
GEN 183 time 1602676475
0.0011714334893155446
0.0018266509095459789
0.002666090116770952
0.0014573623313404852
0.0022497530530345452
0.002039568332871598
GEN 184 time 1602676479
0.0011714334893155446
0.0018266509095459789
0.002666090116770952
0.0014573623313404852
0.0022497530530345452
0.002039568332871598
GEN 185 time 1602676484
0.0011714334893155446
0.0018266509095459789
0.002666090116770952
0.0014573623313404852
0.0022497530530345452
0.002039568332871598
GEN 186 time 1602676488
0.0011714334893155446
0.0018266509095459789
0.002666090116770952
0.0014573623313404852
0.0022497530530345452
0.002039568332871598
GEN 187 time 1602676492
0.0011714334893155446
0.0018266509095459789
0.002666090116770952
0.0014573623313404852
0.0022497530530345452
0.002039568332871598
GEN 188 time 1602676497
0.0011714334893155446
0.0018266509095459789
0.002666090116770952
0.0014573623313404852
0.0022497530530345452
0.002039568332871598
GEN 189 time 1602676501
0.0011714334893155446
0.0018266509095459789
0.002666090116770952
0.0014573623313404852
0.0022497530530345452
0.002039568332871598
GEN 190 time 1602676505
0.0011714334893155446
0.0018266509095459789
0.002666090116770952
0.0014573623313404852
0.0022497530530345452
0.002039568332871598
GEN 191 time 1602676510
0.0011714334893155446
0.0018266509095459789
0.002666090116770952
0.0014573623313404852
0.0022497530530345452
0.002039568332871598
GEN 192 time 1602676514
0.0011714334893155446
0.0018266509095459789
0.002666090116770952
0.0014573623313404852
0.0022497530530345452
0.002039568332871598
GEN 193 time 1602676518
0.0011714334893155446
0.0018266509095459789
0.002666090116770952
0.0014573623313404852
0.0022497530530345452
0.002039568332871598
GEN 194 time 1602676523
0.0011714334893155446
0.0018266509095459789
0.002666090116770952
0.0014573623313404852
0.0022497530530345452
0.002039568332871598
GEN 195 time 1602676527
0.0011714334893155446
0.0018266509095459789
0.002666090116770952
0.0014573623313404852
0.0022497530530345452
0.002039568332871598
GEN 196 time 1602676531
0.0011714334893155446
0.0018266509095459789
0.002666090116770952
0.0014573623313404852
0.0022497530530345452
0.002039568332871598
GEN 197 time 1602676536
0.0011714334893155446
0.0018266509095459789
0.002666090116770952
0.0014573623313404852
0.0022497530530345452
0.002039568332871598
GEN 198 time 1602676540
0.0011714334893155446
0.0018266509095459789
0.002666090116770952
0.0014573623313404852
0.0022497530530345452
0.002039568332871598
GEN 199 time 1602676544
0.0011714334893155446
0.0018266509095459789
0.002666090116770952
0.0014573623313404852
0.0022497530530345452
0.002039568332871598
