['./data/layer/ga-dem6_r50_1.json', './data/hop/ga-dem6_r50_1_40.json', './data/hop/ga-dem6_r50_1_0.json', './data/hop/ga-dem6_r25_1_40.json']
GEN 0 time 1587750522
0.0032087693968065774
0.012851188110561235
0.0068251632276645074
0.014825742269723054
GEN 1 time 1587750533
0.0032087693968065774
0.012443629008607805
0.005617923781586922
0.014825742269723054
GEN 2 time 1587750544
0.0032087693968065774
0.012443629008607805
0.005617923781586922
0.013631483196974107
GEN 3 time 1587750556
0.0032087693968065774
0.012443629008607805
0.005209807657334782
0.013631483196974107
GEN 4 time 1587750569
0.0032087693968065774
0.012443629008607805
0.005209807657334782
0.013631483196974107
GEN 5 time 1587750581
0.0032087693968065774
0.012443629008607805
0.005209807657334782
0.013631483196974107
GEN 6 time 1587750594
0.0032087693968065774
0.012443629008607805
0.005209807657334782
0.013626233281992275
GEN 7 time 1587750607
0.0032087693968065774
0.012443629008607805
0.005209807657334782
0.013626233281992275
GEN 8 time 1587750620
0.002813944657758154
0.012443629008607805
0.005209807657334782
0.013626233281992275
GEN 9 time 1587750633
0.002813944657758154
0.011655655666429014
0.005209807657334782
0.013626233281992275
GEN 10 time 1587750645
0.002813944657758154
0.011655655666429014
0.005209807657334782
0.0124178053270333
GEN 11 time 1587750658
0.002813944657758154
0.011655655666429014
0.005209807657334782
0.0124178053270333
GEN 12 time 1587750671
0.0028138690820893146
0.011655655666429014
0.00441317874946426
0.0124178053270333
GEN 13 time 1587750683
0.0028138690820893146
0.011647753985448244
0.00441317874946426
0.0124178053270333
GEN 14 time 1587750696
0.0028138690820893146
0.011647753985448244
0.004019860508678438
0.0124178053270333
GEN 15 time 1587750708
0.0028138690820893146
0.011647753985448244
0.004019860508678438
0.0124178053270333
GEN 16 time 1587750721
0.0028138690820893146
0.010034184248190633
0.004019860508678438
0.0124178053270333
GEN 17 time 1587750733
0.0028138690820893146
0.010034184248190633
0.0040189052391940245
0.0124178053270333
GEN 18 time 1587750745
0.0028138690820893146
0.010034184248190633
0.0040189052391940245
0.011620677769771708
GEN 19 time 1587750758
0.0028138690820893146
0.010034184248190633
0.0040189052391940245
0.011620677769771708
GEN 20 time 1587750770
0.0028138690820893146
0.010034184248190633
0.0040189052391940245
0.011620677769771708
GEN 21 time 1587750783
0.0028138690820893146
0.010034184248190633
0.0040189052391940245
0.01161868430886915
GEN 22 time 1587750795
0.0028138690820893146
0.010034184248190633
0.0032123860181141627
0.01161868430886915
GEN 23 time 1587750807
0.0028138690820893146
0.009647665220828251
0.0032123860181141627
0.01161868430886915
GEN 24 time 1587750820
0.0028138690820893146
0.009647665220828251
0.0032123860181141627
0.01161868430886915
GEN 25 time 1587750832
0.0028138690820893146
0.009647665220828251
0.0032123860181141627
0.010825001362302968
GEN 26 time 1587750845
0.0028138690820893146
0.009647665220828251
0.0032123860181141627
0.010825001362302968
GEN 27 time 1587750857
0.0028138690820893146
0.009647665220828251
0.0032123860181141627
0.010825001362302968
GEN 28 time 1587750870
0.0028138690820893146
0.009635524556702834
0.0032123860181141627
0.010423643627207152
GEN 29 time 1587750882
0.0028138690820893146
0.009635524556702834
0.0032123860181141627
0.010423643627207152
GEN 30 time 1587750895
0.0028138690820893146
0.009635524556702834
0.0032123860181141627
0.010423643627207152
GEN 31 time 1587750907
0.0024119525637927037
0.009635524556702834
0.00321194099341076
0.010423643627207152
GEN 32 time 1587750919
0.0024119525637927037
0.009635524556702834
0.0032095845450649165
0.010423643627207152
GEN 33 time 1587750932
0.0024119525637927037
0.009635524556702834
0.002807673222205755
0.010423643627207152
GEN 34 time 1587750944
0.0024119525637927037
0.009635524556702834
0.002807673222205755
0.00962048359402529
GEN 35 time 1587750956
0.0024119525637927037
0.009635524556702834
0.002807673222205755
0.00962048359402529
GEN 36 time 1587750968
0.0024119525637927037
0.009635524556702834
0.002807673222205755
0.00962048359402529
GEN 37 time 1587750980
0.0024119525637927037
0.009635524556702834
0.002807673222205755
0.00962048359402529
GEN 38 time 1587750992
0.0024119525637927037
0.008830082138407757
0.002807673222205755
0.00962048359402529
GEN 39 time 1587751005
0.0024119525637927037
0.008830082138407757
0.002807673222205755
0.00961711263705245
GEN 40 time 1587751017
0.0024119525637927037
0.008830082138407757
0.002807673222205755
0.00961711263705245
GEN 41 time 1587751029
0.0024119525637927037
0.008830082138407757
0.002807673222205755
0.00961711263705245
GEN 42 time 1587751041
0.0024119525637927037
0.008830082138407757
0.002807673222205755
0.00961711263705245
GEN 43 time 1587751054
0.0024119525637927037
0.008830082138407757
0.002807673222205755
0.00961711263705245
GEN 44 time 1587751066
0.0024119525637927037
0.008830082138407757
0.002807673222205755
0.00961711263705245
GEN 45 time 1587751078
0.0024119525637927037
0.008830082138407757
0.002807673222205755
0.008818776627856517
GEN 46 time 1587751091
0.0024119525637927037
0.007635919954468646
0.002807673222205755
0.008818776627856517
GEN 47 time 1587751103
0.0024119525637927037
0.007635919954468646
0.002807673222205755
0.008818776627856517
GEN 48 time 1587751116
0.0024119525637927037
0.007635919954468646
0.002807673222205755
0.008818776627856517
GEN 49 time 1587751128
0.0024119525637927037
0.007635919954468646
0.002807673222205755
0.008818776627856517
GEN 50 time 1587751140
0.0024119525637927037
0.007635919954468646
0.002807673222205755
0.008818776627856517
GEN 51 time 1587751153
0.0024119525637927037
0.007635919954468646
0.002807673222205755
0.008818776627856517
GEN 52 time 1587751165
0.0024119525637927037
0.007635919954468646
0.002807673222205755
0.008818776627856517
GEN 53 time 1587751177
0.0024119525637927037
0.007635919954468646
0.002807673222205755
0.008818776627856517
GEN 54 time 1587751189
0.0024119525637927037
0.007635919954468646
0.002807673222205755
0.008818776627856517
GEN 55 time 1587751201
0.0024119525637927037
0.007635919954468646
0.002807673222205755
0.008818776627856517
GEN 56 time 1587751214
0.0024119525637927037
0.007635919954468646
0.002807673222205755
0.008818776627856517
GEN 57 time 1587751226
0.0024119525637927037
0.007635919954468646
0.002807673222205755
0.008818776627856517
GEN 58 time 1587751238
0.0024119525637927037
0.007635919954468646
0.002807673222205755
0.008818776627856517
GEN 59 time 1587751250
0.0024119525637927037
0.007635919954468646
0.002807673222205755
0.008417923144772129
GEN 60 time 1587751263
0.0024119525637927037
0.007635919954468646
0.0028052810462571905
0.008417923144772129
GEN 61 time 1587751275
0.0024119525637927037
0.007635919954468646
0.0028052810462571905
0.008417923144772129
GEN 62 time 1587751287
0.0024119525637927037
0.007635919954468646
0.0028052810462571905
0.008417923144772129
GEN 63 time 1587751299
0.0024119525637927037
0.007635919954468646
0.0028052810462571905
0.00801426053087704
GEN 64 time 1587751311
0.0024119525637927037
0.007635919954468646
0.0028052810462571905
0.00801426053087704
GEN 65 time 1587751323
0.0024119525637927037
0.007635919954468646
0.0028052810462571905
0.00801426053087704
GEN 66 time 1587751336
0.0024119525637927037
0.007635919954468646
0.0028052810462571905
0.007216368664989568
GEN 67 time 1587751348
0.0024119525637927037
0.006430248382710439
0.0028052810462571905
0.007216368664989568
GEN 68 time 1587751360
0.0024119525637927037
0.006430248382710439
0.0028052810462571905
0.007216368664989568
GEN 69 time 1587751372
0.0024119525637927037
0.006430248382710439
0.0028052810462571905
0.007216368664989568
GEN 70 time 1587751385
0.0024119525637927037
0.006430248382710439
0.0028052810462571905
0.007216368664989568
GEN 71 time 1587751397
0.0024119525637927037
0.006430248382710439
0.0028052810462571905
0.007216368664989568
GEN 72 time 1587751409
0.0024119525637927037
0.006430248382710439
0.0028052810462571905
0.007216368664989568
GEN 73 time 1587751421
0.0024119525637927037
0.006430248382710439
0.0028052810462571905
0.007216368664989568
GEN 74 time 1587751434
0.0024119525637927037
0.006430248382710439
0.0028052810462571905
0.007216368664989568
GEN 75 time 1587751446
0.0024119525637927037
0.006430248382710439
0.0028052810462571905
0.007216368664989568
GEN 76 time 1587751458
0.0024119525637927037
0.006430248382710439
0.0028052810462571905
0.007216368664989568
GEN 77 time 1587751470
0.0024119525637927037
0.006430248382710439
0.0028052810462571905
0.007216368664989568
GEN 78 time 1587751482
0.0024119525637927037
0.006430248382710439
0.0028052810462571905
0.007216368664989568
GEN 79 time 1587751495
0.0024119525637927037
0.006430248382710439
0.0028052810462571905
0.007216368664989568
GEN 80 time 1587751507
0.0024119525637927037
0.006430248382710439
0.0028052810462571905
0.007216368664989568
GEN 81 time 1587751519
0.0024119525637927037
0.006430248382710439
0.0028052810462571905
0.007216368664989568
GEN 82 time 1587751531
0.0024119525637927037
0.006430248382710439
0.0028052810462571905
0.007216368664989568
GEN 83 time 1587751544
0.0024119525637927037
0.006430248382710439
0.0028052810462571905
0.007216368664989568
GEN 84 time 1587751556
0.0024119525637927037
0.006430248382710439
0.0028052810462571905
0.007216368664989568
GEN 85 time 1587751568
0.0024119525637927037
0.006430248382710439
0.0028052810462571905
0.007216368664989568
GEN 86 time 1587751580
0.0024119525637927037
0.006430248382710439
0.0028052810462571905
0.007216368664989568
GEN 87 time 1587751592
0.0024119525637927037
0.006430248382710439
0.0028052810462571905
0.007216368664989568
GEN 88 time 1587751605
0.0024119525637927037
0.006430248382710439
0.0028052810462571905
0.007216368664989568
GEN 89 time 1587751617
0.0024119525637927037
0.006430248382710439
0.0028052810462571905
0.007216368664989568
GEN 90 time 1587751629
0.0024119525637927037
0.006430248382710439
0.0028052810462571905
0.007216368664989568
GEN 91 time 1587751642
0.0024119525637927037
0.006430248382710439
0.0028052810462571905
0.0068154592947123685
GEN 92 time 1587751655
0.0024119525637927037
0.006430248382710439
0.0028052810462571905
0.0068154592947123685
GEN 93 time 1587751667
0.0024119525637927037
0.006430248382710439
0.0028052810462571905
0.0068154592947123685
GEN 94 time 1587751680
0.0024119525637927037
0.006430248382710439
0.0028052810462571905
0.0068154592947123685
GEN 95 time 1587751692
0.0024119525637927037
0.006430248382710439
0.0028052810462571905
0.0068154592947123685
GEN 96 time 1587751705
0.0024119525637927037
0.006430248382710439
0.0028052810462571905
0.0068154592947123685
GEN 97 time 1587751718
0.0024119525637927037
0.006430248382710439
0.0028052810462571905
0.0068154592947123685
GEN 98 time 1587751731
0.0024119525637927037
0.006430248382710439
0.0028052810462571905
0.0068154592947123685
GEN 99 time 1587751743
0.0024119525637927037
0.006430248382710439
0.0028052810462571905
0.0068154592947123685
