['./data/layer/no-dem7_r50_1.json', './data/hop/no-dem7_r50_1_40.json', './data/layer/no-dem4_r50_1.json', './data/layer/no-dem7_r25_1.json']
GEN 0 time 1587928898
0.004419969773118907
0.014868815564326803
0.0036154861352198173
0.003607067932446714
GEN 1 time 1587928904
0.003210329449125992
0.014868815564326803
0.0036154861352198173
0.003607067932446714
GEN 2 time 1587928910
0.003210329449125992
0.014465822894931174
0.0036154861352198173
0.003607067932446714
GEN 3 time 1587928916
0.003210329449125992
0.012056978306085857
0.002813879886583005
0.003606208580501595
GEN 4 time 1587928923
0.003210329449125992
0.012056978306085857
0.0028136366471862235
0.003606208580501595
GEN 5 time 1587928931
0.003210329449125992
0.012056978306085857
0.002812044771837635
0.003606208580501595
GEN 6 time 1587928940
0.0024106346238960182
0.012056978306085857
0.002812044771837635
0.0028068107765049665
GEN 7 time 1587928949
0.0024106346238960182
0.012056978306085857
0.002812044771837635
0.0028068107765049665
GEN 8 time 1587928957
0.0024106346238960182
0.012056978306085857
0.002812044771837635
0.0028068107765049665
GEN 9 time 1587928966
0.0024106346238960182
0.012056978306085857
0.002812044771837635
0.0028068107765049665
GEN 10 time 1587928975
0.0024106346238960182
0.009627807801068575
0.002812044771837635
0.0028068107765049665
GEN 11 time 1587928984
0.0024106346238960182
0.009627807801068575
0.002812044771837635
0.0028068107765049665
GEN 12 time 1587928993
0.0024106346238960182
0.009627807801068575
0.002809461710020671
0.0028068107765049665
GEN 13 time 1587929003
0.0024106346238960182
0.009627807801068575
0.0028069987229411685
0.0028068107765049665
GEN 14 time 1587929012
0.0024106346238960182
0.009627807801068575
0.0028069987229411685
0.0028068107765049665
GEN 15 time 1587929021
0.0024106346238960182
0.009627807801068575
0.0028069987229411685
0.0028068107765049665
GEN 16 time 1587929031
0.0024106346238960182
0.009627807801068575
0.002410324090146545
0.0028068107765049665
GEN 17 time 1587929040
0.0024106346238960182
0.009627807801068575
0.002410324090146545
0.0028068107765049665
GEN 18 time 1587929050
0.0024106346238960182
0.009245354708103403
0.002410324090146545
0.0028068107765049665
GEN 19 time 1587929060
0.0024106346238960182
0.009245354708103403
0.002410324090146545
0.0028068107765049665
GEN 20 time 1587929069
0.0024106346238960182
0.009245354708103403
0.002410324090146545
0.0028068107765049665
GEN 21 time 1587929079
0.0024106346238960182
0.009245354708103403
0.002410324090146545
0.0028068107765049665
GEN 22 time 1587929088
0.0024106346238960182
0.009245354708103403
0.002410324090146545
0.0028068107765049665
GEN 23 time 1587929097
0.002407991223883881
0.009245354708103403
0.002410324090146545
0.0028054972807918886
GEN 24 time 1587929106
0.002407991223883881
0.009245354708103403
0.002410324090146545
0.0028054972807918886
GEN 25 time 1587929116
0.002407991223883881
0.009245354708103403
0.002410324090146545
0.0028054972807918886
GEN 26 time 1587929124
0.002407991223883881
0.009245354708103403
0.0020098477187783306
0.0028054972807918886
GEN 27 time 1587929133
0.002407991223883881
0.009245354708103403
0.0020098477187783306
0.0028054972807918886
GEN 28 time 1587929142
0.002407991223883881
0.009245354708103403
0.0020098477187783306
0.0028054972807918886
GEN 29 time 1587929151
0.002407991223883881
0.009245354708103403
0.0020098477187783306
0.0028054972807918886
GEN 30 time 1587929160
0.002407991223883881
0.009245354708103403
0.0020098477187783306
0.0028054972807918886
GEN 31 time 1587929169
0.002407991223883881
0.009245354708103403
0.0020098477187783306
0.0028054972807918886
GEN 32 time 1587929178
0.002407991223883881
0.009245354708103403
0.0020098477187783306
0.0028054972807918886
GEN 33 time 1587929187
0.002407991223883881
0.009245354708103403
0.0020098477187783306
0.0028054972807918886
GEN 34 time 1587929197
0.002407991223883881
0.009245354708103403
0.0020098477187783306
0.0028054972807918886
GEN 35 time 1587929206
0.002407991223883881
0.009245354708103403
0.0020098477187783306
0.0028054972807918886
GEN 36 time 1587929215
0.002407991223883881
0.009245354708103403
0.0020098477187783306
0.0028054972807918886
GEN 37 time 1587929225
0.002407991223883881
0.009245354708103403
0.0020098477187783306
0.0028054972807918886
GEN 38 time 1587929235
0.002407991223883881
0.009245354708103403
0.0020098477187783306
0.0028054972807918886
GEN 39 time 1587929245
0.002407991223883881
0.009245354708103403
0.0020098477187783306
0.0028054972807918886
GEN 40 time 1587929255
0.002407991223883881
0.009245354708103403
0.0020098477187783306
0.0028054972807918886
GEN 41 time 1587929266
0.002407991223883881
0.009245354708103403
0.0020098477187783306
0.0028054972807918886
GEN 42 time 1587929277
0.002407991223883881
0.009245354708103403
0.0020098477187783306
0.0028054972807918886
GEN 43 time 1587929288
0.002407991223883881
0.009245354708103403
0.0020098477187783306
0.0028054972807918886
GEN 44 time 1587929299
0.002407991223883881
0.009245354708103403
0.0020098477187783306
0.0028054972807918886
GEN 45 time 1587929310
0.002407991223883881
0.009245354708103403
0.0020098477187783306
0.0028054972807918886
GEN 46 time 1587929321
0.002407991223883881
0.009245354708103403
0.0020098477187783306
0.0028054972807918886
GEN 47 time 1587929331
0.002407991223883881
0.009245354708103403
0.0020098477187783306
0.0028054972807918886
GEN 48 time 1587929342
0.002407991223883881
0.009245354708103403
0.0020098477187783306
0.0028054972807918886
GEN 49 time 1587929353
0.002407991223883881
0.009245354708103403
0.0020098477187783306
0.0028054972807918886
GEN 50 time 1587929364
0.002407991223883881
0.009245354708103403
0.0020098477187783306
0.0028054972807918886
GEN 51 time 1587929375
0.002407991223883881
0.009245354708103403
0.0020098477187783306
0.0028054972807918886
GEN 52 time 1587929386
0.002407991223883881
0.009245354708103403
0.0020098477187783306
0.0028054972807918886
GEN 53 time 1587929397
0.002407991223883881
0.009245354708103403
0.0020098477187783306
0.0028054972807918886
GEN 54 time 1587929408
0.002407991223883881
0.009245354708103403
0.0020098477187783306
0.0028054972807918886
GEN 55 time 1587929418
0.002407991223883881
0.009245354708103403
0.0020098477187783306
0.0028054972807918886
GEN 56 time 1587929429
0.002407991223883881
0.009245354708103403
0.0020098477187783306
0.0028054972807918886
GEN 57 time 1587929440
0.002407991223883881
0.009245354708103403
0.0020098477187783306
0.0028054972807918886
GEN 58 time 1587929451
0.002407991223883881
0.009245354708103403
0.0020098477187783306
0.0028054972807918886
GEN 59 time 1587929462
0.002407991223883881
0.009245354708103403
0.0020098477187783306
0.0028054972807918886
GEN 60 time 1587929472
0.002407991223883881
0.009245354708103403
0.0020098477187783306
0.0028054972807918886
GEN 61 time 1587929483
0.002407991223883881
0.009245354708103403
0.0020098477187783306
0.0028054972807918886
GEN 62 time 1587929494
0.002407991223883881
0.009245354708103403
0.0020098477187783306
0.0028054972807918886
GEN 63 time 1587929505
0.002407991223883881
0.009245354708103403
0.0020098477187783306
0.0028054972807918886
GEN 64 time 1587929516
0.002407991223883881
0.009245354708103403
0.0020098477187783306
0.0028054972807918886
GEN 65 time 1587929527
0.002407991223883881
0.009245354708103403
0.0020098477187783306
0.0028054972807918886
GEN 66 time 1587929538
0.002407991223883881
0.009245354708103403
0.0020098477187783306
0.0028054972807918886
GEN 67 time 1587929549
0.002407991223883881
0.009245354708103403
0.0020098477187783306
0.0028054972807918886
GEN 68 time 1587929560
0.002407991223883881
0.009245354708103403
0.0020098477187783306
0.0028054972807918886
GEN 69 time 1587929571
0.002407991223883881
0.009245354708103403
0.0020098477187783306
0.0028054972807918886
GEN 70 time 1587929582
0.002407991223883881
0.009245354708103403
0.0020098477187783306
0.0028054972807918886
GEN 71 time 1587929593
0.002407991223883881
0.009245354708103403
0.0020098477187783306
0.0028054972807918886
GEN 72 time 1587929604
0.002407991223883881
0.009245354708103403
0.0020098477187783306
0.0028054972807918886
GEN 73 time 1587929615
0.002407991223883881
0.009245354708103403
0.0020098477187783306
0.0028054972807918886
GEN 74 time 1587929626
0.002407991223883881
0.009245354708103403
0.0020098477187783306
0.0028054972807918886
GEN 75 time 1587929637
0.002407991223883881
0.009245354708103403
0.0020098477187783306
0.0028054972807918886
GEN 76 time 1587929647
0.002407991223883881
0.009245354708103403
0.0020098477187783306
0.0028054972807918886
GEN 77 time 1587929659
0.002407991223883881
0.009245354708103403
0.0020098477187783306
0.0028054972807918886
GEN 78 time 1587929670
0.002407991223883881
0.009245354708103403
0.0020098477187783306
0.0028054972807918886
GEN 79 time 1587929681
0.002407991223883881
0.009245354708103403
0.0020098477187783306
0.0028054972807918886
GEN 80 time 1587929692
0.002407991223883881
0.009245354708103403
0.0020098477187783306
0.0028054972807918886
GEN 81 time 1587929703
0.002407991223883881
0.009245354708103403
0.0020098477187783306
0.0028054972807918886
GEN 82 time 1587929714
0.002407991223883881
0.009245354708103403
0.0020098477187783306
0.0028054972807918886
GEN 83 time 1587929725
0.002407991223883881
0.009245354708103403
0.0020098477187783306
0.0028054972807918886
GEN 84 time 1587929736
0.002407991223883881
0.009245354708103403
0.0020098477187783306
0.0028054972807918886
GEN 85 time 1587929747
0.002407991223883881
0.009245354708103403
0.0020098477187783306
0.0028054972807918886
GEN 86 time 1587929758
0.002407991223883881
0.009245354708103403
0.0020098477187783306
0.0028054972807918886
GEN 87 time 1587929769
0.002407991223883881
0.009245354708103403
0.0020098477187783306
0.0028054972807918886
GEN 88 time 1587929780
0.002407991223883881
0.009245354708103403
0.0020098477187783306
0.0028054972807918886
GEN 89 time 1587929791
0.002407991223883881
0.009245354708103403
0.0020098477187783306
0.0028054972807918886
GEN 90 time 1587929802
0.002407991223883881
0.009245354708103403
0.0020098477187783306
0.0028054972807918886
GEN 91 time 1587929813
0.002407991223883881
0.009245354708103403
0.0020098477187783306
0.0028054972807918886
GEN 92 time 1587929824
0.002407991223883881
0.009245354708103403
0.0020098477187783306
0.0028054972807918886
GEN 93 time 1587929834
0.002407991223883881
0.009245354708103403
0.0020098477187783306
0.0028054972807918886
GEN 94 time 1587929845
0.002407991223883881
0.009245354708103403
0.0020098477187783306
0.0028054972807918886
GEN 95 time 1587929856
0.002407991223883881
0.009245354708103403
0.0020098477187783306
0.0028054972807918886
GEN 96 time 1587929867
0.002407991223883881
0.009245354708103403
0.0020098477187783306
0.0028054972807918886
GEN 97 time 1587929878
0.0024071079168586224
0.009245354708103403
0.0020098477187783306
0.0028054972807918886
GEN 98 time 1587929889
0.0024071079168586224
0.009245354708103403
0.0020098477187783306
0.0028054972807918886
GEN 99 time 1587929899
0.0024071079168586224
0.009245354708103403
0.0020098477187783306
0.0028054972807918886
