['./data/layer/no-dem9_r25_1.json', './data/hop/no-dem9_r25_1_40.json', './data/layer/no-dem2_r25_1.json', './data/layer/no-dem9_r50_1.json']
GEN 0 time 1587910329
0.005613458379169466
0.016439413824710578
0.00280623456036839
inf
GEN 1 time 1587910332
0.003207969101633726
0.014835568573519302
0.00280623456036839
inf
GEN 2 time 1587910336
0.003207969101633726
0.014835568573519302
0.00280623456036839
inf
GEN 3 time 1587910339
0.003207969101633726
0.014821719584339199
0.00280623456036839
inf
GEN 4 time 1587910343
0.003207969101633726
0.014821719584339199
0.00280623456036839
0.0080394239900466
GEN 5 time 1587910347
0.003207969101633726
0.013232872544239119
0.00280623456036839
0.0080394239900466
GEN 6 time 1587910351
0.003207969101633726
0.013231723322328026
0.00280623456036839
0.0080394239900466
GEN 7 time 1587910356
0.003207969101633726
0.013231723322328026
0.00280623456036839
0.0080394239900466
GEN 8 time 1587910362
0.003207969101633726
0.013231723322328026
0.00280623456036839
0.0080394239900466
GEN 9 time 1587910368
0.003207969101633726
0.012424097389156289
0.0024053439088871915
0.006023085806518261
GEN 10 time 1587910375
0.003207969101633726
0.012028839383934571
0.0024053439088871915
0.006023085806518261
GEN 11 time 1587910381
0.003207969101633726
0.012028839383934571
0.0024053439088871915
0.006023085806518261
GEN 12 time 1587910388
0.003207969101633726
0.012028839383934571
0.0024053439088871915
0.006023085806518261
GEN 13 time 1587910394
0.003207969101633726
0.012028839383934571
0.0024053439088871915
0.003610692813589577
GEN 14 time 1587910401
0.003207969101633726
0.012028839383934571
0.0020048566077087633
0.003610692813589577
GEN 15 time 1587910408
0.003207969101633726
0.01162787807113675
0.0020048566077087633
0.003213193944586347
GEN 16 time 1587910414
0.003207969101633726
0.010024032819945475
0.0020048566077087633
0.0032123124301430724
GEN 17 time 1587910421
0.003207969101633726
0.010024032819945475
0.0020048566077087633
0.0028083166327918935
GEN 18 time 1587910428
0.003207969101633726
0.010024032819945475
0.0020048566077087633
0.0028083166327918935
GEN 19 time 1587910435
0.003207969101633726
0.010024032819945475
0.0020048566077087633
0.0028083166327918935
GEN 20 time 1587910442
0.003207969101633726
0.010024032819945475
0.0020048566077087633
0.0028083166327918935
GEN 21 time 1587910449
0.003207969101633726
0.010024032819945475
0.0020048566077087633
0.0028083166327918935
GEN 22 time 1587910456
0.003207969101633726
0.010024032819945475
0.0020048566077087633
0.0028083166327918935
GEN 23 time 1587910463
0.003207969101633726
0.009619636257475292
0.0020048566077087633
0.0028083166327918935
GEN 24 time 1587910470
0.003207969101633726
0.009222110194349837
0.0020048566077087633
0.0028083166327918935
GEN 25 time 1587910477
0.003207969101633726
0.009222110194349837
0.0020048566077087633
0.0028083166327918935
GEN 26 time 1587910485
0.003207969101633726
0.009222110194349837
0.0020048566077087633
0.0028083166327918935
GEN 27 time 1587910491
0.003207969101633726
0.009222110194349837
0.0020048566077087633
0.0028083166327918935
GEN 28 time 1587910499
0.003207969101633726
0.009222110194349837
0.0020048566077087633
0.0028083166327918935
GEN 29 time 1587910506
0.003207969101633726
0.009222110194349837
0.0020048566077087633
0.00240989545843976
GEN 30 time 1587910513
0.003207969101633726
0.009222110194349837
0.0020048566077087633
0.00240989545843976
GEN 31 time 1587910520
0.003207969101633726
0.009222110194349837
0.0020048566077087633
0.00240989545843976
GEN 32 time 1587910527
0.003207969101633726
0.009222110194349837
0.0020048566077087633
0.00240989545843976
GEN 33 time 1587910534
0.003207969101633726
0.009222110194349837
0.0020048566077087633
0.00240989545843976
GEN 34 time 1587910541
0.003207969101633726
0.009222110194349837
0.0020048566077087633
0.00240989545843976
GEN 35 time 1587910548
0.003207969101633726
0.009222110194349837
0.0020048566077087633
0.00240989545843976
GEN 36 time 1587910555
0.003207969101633726
0.009222110194349837
0.0020048566077087633
0.00240989545843976
GEN 37 time 1587910562
0.003207969101633726
0.009222110194349837
0.0020048566077087633
0.00240989545843976
GEN 38 time 1587910569
0.003207969101633726
0.009222110194349837
0.0020048566077087633
0.00240989545843976
GEN 39 time 1587910576
0.003207969101633726
0.009222110194349837
0.0020048566077087633
0.00240989545843976
GEN 40 time 1587910583
0.003207969101633726
0.009222110194349837
0.0020048566077087633
0.00240989545843976
GEN 41 time 1587910590
0.003207969101633726
0.009222110194349837
0.0020048566077087633
0.00240989545843976
GEN 42 time 1587910597
0.003207969101633726
0.009222110194349837
0.0020048566077087633
0.00240989545843976
GEN 43 time 1587910604
0.003207969101633726
0.009222110194349837
0.0020048566077087633
0.00240989545843976
GEN 44 time 1587910611
0.003207969101633726
0.009222110194349837
0.0020048566077087633
0.00240989545843976
GEN 45 time 1587910618
0.003207969101633726
0.009222110194349837
0.0020048566077087633
0.00240989545843976
GEN 46 time 1587910625
0.003207969101633726
0.009222110194349837
0.0020048566077087633
0.00240989545843976
GEN 47 time 1587910632
0.003207969101633726
0.009222110194349837
0.0020048566077087633
0.00240989545843976
GEN 48 time 1587910639
0.003207969101633726
0.009222110194349837
0.0020048566077087633
0.00240989545843976
GEN 49 time 1587910646
0.003207969101633726
0.009222110194349837
0.0020048566077087633
0.00240989545843976
GEN 50 time 1587910653
0.003207969101633726
0.009222110194349837
0.0020048566077087633
0.00240989545843976
GEN 51 time 1587910661
0.003207969101633726
0.009222110194349837
0.0020048566077087633
0.00240989545843976
GEN 52 time 1587910668
0.003207969101633726
0.009222110194349837
0.0020048566077087633
0.00240989545843976
GEN 53 time 1587910675
0.003207969101633726
0.009222110194349837
0.0020048566077087633
0.00240989545843976
GEN 54 time 1587910682
0.003207969101633726
0.009222110194349837
0.0020048566077087633
0.00240989545843976
GEN 55 time 1587910689
0.003207969101633726
0.009222110194349837
0.0020048566077087633
0.00240989545843976
GEN 56 time 1587910696
0.003207969101633726
0.009222110194349837
0.0020048566077087633
0.00240989545843976
GEN 57 time 1587910703
0.003207969101633726
0.009222110194349837
0.0020048566077087633
0.00240989545843976
GEN 58 time 1587910710
0.003207969101633726
0.009222110194349837
0.0020048566077087633
0.00240989545843976
GEN 59 time 1587910717
0.003207969101633726
0.009222110194349837
0.0020048566077087633
0.00240989545843976
GEN 60 time 1587910724
0.003207969101633726
0.009222110194349837
0.0020048566077087633
0.00240989545843976
GEN 61 time 1587910731
0.003207969101633726
0.009222110194349837
0.0020048566077087633
0.00240989545843976
GEN 62 time 1587910739
0.003207969101633726
0.009222110194349837
0.0020048566077087633
0.00240989545843976
GEN 63 time 1587910745
0.003207969101633726
0.009222110194349837
0.0020048566077087633
0.00240989545843976
GEN 64 time 1587910752
0.003207969101633726
0.009222110194349837
0.0020048566077087633
0.00240989545843976
GEN 65 time 1587910759
0.003207969101633726
0.009222110194349837
0.0020048566077087633
0.00240989545843976
GEN 66 time 1587910767
0.003207969101633726
0.009222110194349837
0.0020048566077087633
0.00240989545843976
GEN 67 time 1587910774
0.003207969101633726
0.009222110194349837
0.0020048566077087633
0.00240989545843976
GEN 68 time 1587910781
0.003207969101633726
0.009222110194349837
0.0020048566077087633
0.00240989545843976
GEN 69 time 1587910788
0.003207969101633726
0.009222110194349837
0.0020048566077087633
0.00240989545843976
GEN 70 time 1587910795
0.003207969101633726
0.009222110194349837
0.0020048566077087633
0.00240989545843976
GEN 71 time 1587910802
0.003207969101633726
0.009222110194349837
0.0020048566077087633
0.00240989545843976
GEN 72 time 1587910809
0.003207969101633726
0.009222110194349837
0.0020048566077087633
0.00240989545843976
GEN 73 time 1587910816
0.003207969101633726
0.009222110194349837
0.0020048566077087633
0.00240989545843976
GEN 74 time 1587910823
0.003207969101633726
0.009222110194349837
0.0020048566077087633
0.00240989545843976
GEN 75 time 1587910831
0.003207969101633726
0.009222110194349837
0.0020048566077087633
0.00240989545843976
GEN 76 time 1587910838
0.003207969101633726
0.009222110194349837
0.0020048566077087633
0.00240989545843976
GEN 77 time 1587910845
0.003207969101633726
0.009222110194349837
0.0020048566077087633
0.00240989545843976
GEN 78 time 1587910852
0.003207969101633726
0.009222110194349837
0.0020048566077087633
0.00240989545843976
GEN 79 time 1587910859
0.003207969101633726
0.009222110194349837
0.0020048566077087633
0.00240989545843976
GEN 80 time 1587910866
0.003207969101633726
0.009222110194349837
0.0020048566077087633
0.00240989545843976
GEN 81 time 1587910873
0.003207969101633726
0.009222110194349837
0.0020048566077087633
0.00240989545843976
GEN 82 time 1587910881
0.003207969101633726
0.009222110194349837
0.0020048566077087633
0.00240989545843976
GEN 83 time 1587910888
0.003207969101633726
0.009222110194349837
0.0020048566077087633
0.00240989545843976
GEN 84 time 1587910895
0.003207969101633726
0.009222110194349837
0.0020048566077087633
0.00240989545843976
GEN 85 time 1587910902
0.003207969101633726
0.009222110194349837
0.0020048566077087633
0.00240989545843976
GEN 86 time 1587910909
0.003207969101633726
0.009222110194349837
0.0020048566077087633
0.00240989545843976
GEN 87 time 1587910916
0.003207969101633726
0.009222110194349837
0.0020048566077087633
0.00240989545843976
GEN 88 time 1587910923
0.003207969101633726
0.009222110194349837
0.0020048566077087633
0.00240989545843976
GEN 89 time 1587910930
0.003207969101633726
0.009222110194349837
0.0020048566077087633
0.00240989545843976
GEN 90 time 1587910938
0.003207969101633726
0.009222110194349837
0.0020048566077087633
0.00240989545843976
GEN 91 time 1587910945
0.003207969101633726
0.009222110194349837
0.0020048566077087633
0.00240989545843976
GEN 92 time 1587910952
0.003207969101633726
0.009222110194349837
0.0020048566077087633
0.00240989545843976
GEN 93 time 1587910959
0.003207969101633726
0.009222110194349837
0.0020048566077087633
0.00240989545843976
GEN 94 time 1587910966
0.003207969101633726
0.009222110194349837
0.0020048566077087633
0.00240989545843976
GEN 95 time 1587910973
0.003207969101633726
0.009222110194349837
0.0020048566077087633
0.00240989545843976
GEN 96 time 1587910980
0.003207969101633726
0.009222110194349837
0.0020048566077087633
0.00240989545843976
GEN 97 time 1587910988
0.003207969101633726
0.009222110194349837
0.0020048566077087633
0.00240989545843976
GEN 98 time 1587910995
0.003207969101633726
0.009222110194349837
0.0020048566077087633
0.00240989545843976
GEN 99 time 1587911002
0.003207969101633726
0.009222110194349837
0.0020048566077087633
0.00240989545843976
