['./data/layer/no-dem9_r50_1.json', './data/layer/no-dem2_r50_1.json', './data/layer/no-dem9_r25_1.json', './data/hop/no-dem9_r50_1_40.json']
GEN 0 time 1588610606
inf
0.008037247190694818
0.00561394592785902
0.010025830101407795
GEN 1 time 1588610609
inf
0.008037247190694818
0.004811953652450589
0.010025830101407795
GEN 2 time 1588610613
inf
0.004017372140537705
0.003608651815180371
0.010025830101407795
GEN 3 time 1588610617
inf
0.004017372140537705
0.003608651815180371
0.010025830101407795
GEN 4 time 1588610621
inf
0.004017372140537705
0.003608651815180371
0.010025830101407795
GEN 5 time 1588610625
inf
0.004017372140537705
0.003608651815180371
0.010025830101407795
GEN 6 time 1588610630
inf
0.004015561823208653
0.003608651815180371
0.010025830101407795
GEN 7 time 1588610636
inf
0.0032140538872929905
0.003608651815180371
0.010025830101407795
GEN 8 time 1588610643
inf
0.002410540415469743
0.003608651815180371
0.010025830101407795
GEN 9 time 1588610649
inf
0.002410540415469743
0.003608651815180371
0.010025830101407795
GEN 10 time 1588610656
inf
0.002410540415469743
0.003608651815180371
0.010025830101407795
GEN 11 time 1588610663
inf
0.002410540415469743
0.003608651815180371
0.010025830101407795
GEN 12 time 1588610669
inf
0.002410540415469743
0.003207969101633726
0.010025830101407795
GEN 13 time 1588610676
inf
0.002410540415469743
0.003207969101633726
0.010025830101407795
GEN 14 time 1588610683
inf
0.002410540415469743
0.003207969101633726
0.010025830101407795
GEN 15 time 1588610690
inf
0.0024097384164450336
0.003207969101633726
0.010025830101407795
GEN 16 time 1588610697
inf
0.0024097384164450336
0.003207969101633726
0.008037569740110993
GEN 17 time 1588610703
inf
0.0024097384164450336
0.003207969101633726
0.008037569740110993
GEN 18 time 1588610710
inf
0.0020081153470375276
0.003207969101633726
0.008037569740110993
GEN 19 time 1588610717
inf
0.0020081153470375276
0.003207969101633726
0.008037569740110993
GEN 20 time 1588610724
inf
0.0020081153470375276
0.003207969101633726
0.008037569740110993
GEN 21 time 1588610730
inf
0.0020081153470375276
0.003207969101633726
0.008037569740110993
GEN 22 time 1588610737
0.007635691253105443
0.0020081153470375276
0.003207969101633726
0.008037569740110993
GEN 23 time 1588610743
0.007635691253105443
0.0020081153470375276
0.003207969101633726
0.008037569740110993
GEN 24 time 1588610750
0.007635691253105443
0.0020081153470375276
0.003207969101633726
0.008037569740110993
GEN 25 time 1588610757
0.005626298818077695
0.0020081153470375276
0.003207969101633726
0.008037569740110993
GEN 26 time 1588610764
0.005224205872866518
0.0020081153470375276
0.003207969101633726
0.008037569740110993
GEN 27 time 1588610771
0.005224205872866518
0.0020081153470375276
0.003207969101633726
0.008037569740110993
GEN 28 time 1588610777
0.005224205872866518
0.0020081153470375276
0.003207969101633726
0.00803612542608731
GEN 29 time 1588610784
0.005224205872866518
0.0020081153470375276
0.003207969101633726
0.008031005110116674
GEN 30 time 1588610791
0.005224205872866518
0.0020081153470375276
0.003207969101633726
0.008031005110116674
GEN 31 time 1588610798
0.005224205872866518
0.0020081153470375276
0.003207969101633726
0.008031005110116674
GEN 32 time 1588610805
0.005224205872866518
0.0020081153470375276
0.003207969101633726
0.008031005110116674
GEN 33 time 1588610812
0.004814257084786102
0.0020081153470375276
0.003207969101633726
0.008031005110116674
GEN 34 time 1588610820
0.004814257084786102
0.0020081153470375276
0.003207969101633726
0.008031005110116674
GEN 35 time 1588610827
0.004814257084786102
0.0020081153470375276
0.003207969101633726
0.008031005110116674
GEN 36 time 1588610834
0.004814257084786102
0.0020081153470375276
0.003207969101633726
0.008031005110116674
GEN 37 time 1588610842
0.003215769596018641
0.0020081153470375276
0.003207969101633726
0.008031005110116674
GEN 38 time 1588610849
0.003215769596018641
0.0020081153470375276
0.003207969101633726
0.008031005110116674
GEN 39 time 1588610856
0.003215769596018641
0.0020081153470375276
0.003207969101633726
0.008031005110116674
GEN 40 time 1588610864
0.003215769596018641
0.0020081153470375276
0.003207969101633726
0.008031005110116674
GEN 41 time 1588610871
0.003215769596018641
0.0020081153470375276
0.003207969101633726
0.008031005110116674
GEN 42 time 1588610879
0.003215769596018641
0.0020081153470375276
0.003207969101633726
0.008020664081126234
GEN 43 time 1588610886
0.003215769596018641
0.0020081153470375276
0.003207969101633726
0.008020664081126234
GEN 44 time 1588610894
0.003215769596018641
0.0020081153470375276
0.003207969101633726
0.008020664081126234
GEN 45 time 1588610901
0.003215769596018641
0.0020081153470375276
0.003207969101633726
0.008020664081126234
GEN 46 time 1588610909
0.003215769596018641
0.0020081153470375276
0.003207969101633726
0.008020664081126234
GEN 47 time 1588610916
0.003215769596018641
0.0020081153470375276
0.003207969101633726
0.008020664081126234
GEN 48 time 1588610923
0.003215769596018641
0.0020081153470375276
0.003207969101633726
0.008020664081126234
GEN 49 time 1588610931
0.003215769596018641
0.0020077809116043266
0.003207969101633726
0.008020664081126234
GEN 50 time 1588610939
0.0032148959217640103
0.0020077809116043266
0.003207969101633726
0.008020664081126234
GEN 51 time 1588610946
0.0032148959217640103
0.0020077809116043266
0.003207969101633726
0.008020664081126234
GEN 52 time 1588610954
0.0032148959217640103
0.0020077809116043266
0.003207969101633726
0.008020664081126234
GEN 53 time 1588610961
0.0032148959217640103
0.0020077809116043266
0.003207969101633726
0.008020664081126234
GEN 54 time 1588610968
0.0032148959217640103
0.0020077809116043266
0.003207969101633726
0.008020664081126234
GEN 55 time 1588610976
0.0032148959217640103
0.0020077809116043266
0.003207969101633726
0.008020664081126234
GEN 56 time 1588610983
0.0032148959217640103
0.0020077809116043266
0.003207969101633726
0.008020664081126234
GEN 57 time 1588610991
0.0032148959217640103
0.0020077809116043266
0.003207969101633726
0.008020664081126234
GEN 58 time 1588610998
0.0032148959217640103
0.0020077809116043266
0.003207969101633726
0.008020664081126234
GEN 59 time 1588611005
0.0032148959217640103
0.0020077809116043266
0.003207969101633726
0.008020664081126234
GEN 60 time 1588611013
0.0032148959217640103
0.0020077809116043266
0.003207969101633726
0.008020664081126234
GEN 61 time 1588611020
0.0032148959217640103
0.0020077809116043266
0.003207969101633726
0.008020664081126234
GEN 62 time 1588611028
0.0032148959217640103
0.0020077809116043266
0.003207969101633726
0.008020664081126234
GEN 63 time 1588611035
0.0032148959217640103
0.0020077809116043266
0.003207969101633726
0.008020664081126234
GEN 64 time 1588611042
0.0032144501704349233
0.0020077809116043266
0.003207969101633726
0.008020664081126234
GEN 65 time 1588611050
0.0028130339315435094
0.0020077809116043266
0.003207969101633726
0.008020664081126234
GEN 66 time 1588611057
0.0028130339315435094
0.0020077809116043266
0.003207969101633726
0.008020664081126234
GEN 67 time 1588611065
0.0028130339315435094
0.0020077809116043266
0.003207969101633726
0.008020664081126234
GEN 68 time 1588611072
0.0028130339315435094
0.0020077809116043266
0.003207969101633726
0.008020664081126234
GEN 69 time 1588611080
0.0024118271970139807
0.0020077809116043266
0.003207969101633726
0.007637452790544272
GEN 70 time 1588611088
0.0024118271970139807
0.0020077809116043266
0.003207969101633726
0.007637452790544272
GEN 71 time 1588611095
0.0024118271970139807
0.0020077809116043266
0.003207969101633726
0.007637452790544272
GEN 72 time 1588611103
0.0024118271970139807
0.0020077809116043266
0.003207969101633726
0.007637452790544272
GEN 73 time 1588611110
0.0024118271970139807
0.0020077809116043266
0.003207969101633726
0.007637452790544272
GEN 74 time 1588611118
0.0024118271970139807
0.0020077809116043266
0.003207969101633726
0.007637452790544272
GEN 75 time 1588611125
0.0024118271970139807
0.0020077809116043266
0.003207969101633726
0.007228927871694841
GEN 76 time 1588611132
0.0024118271970139807
0.0020077809116043266
0.003207969101633726
0.007228927871694841
GEN 77 time 1588611140
0.002411171941323008
0.0020077809116043266
0.003207969101633726
0.007228927871694841
GEN 78 time 1588611147
0.002411171941323008
0.0020077809116043266
0.003207969101633726
0.007228927871694841
GEN 79 time 1588611154
0.002411171941323008
0.0020077809116043266
0.003207969101633726
0.007228927871694841
GEN 80 time 1588611162
0.002411171941323008
0.0020077809116043266
0.003207969101633726
0.007228927871694841
GEN 81 time 1588611169
0.002411171941323008
0.0020077809116043266
0.003207969101633726
0.007228927871694841
GEN 82 time 1588611176
0.002411171941323008
0.0020077809116043266
0.003207969101633726
0.007228927871694841
GEN 83 time 1588611184
0.002411171941323008
0.0020077809116043266
0.003207969101633726
0.007228927871694841
GEN 84 time 1588611191
0.002411171941323008
0.0020077809116043266
0.003207969101633726
0.007228927871694841
GEN 85 time 1588611198
0.002411171941323008
0.0020077809116043266
0.003207969101633726
0.007228927871694841
GEN 86 time 1588611205
0.002407128542393051
0.0020077809116043266
0.003207969101633726
0.007228927871694841
GEN 87 time 1588611213
0.002407128542393051
0.0020077809116043266
0.003207969101633726
0.007228927871694841
GEN 88 time 1588611220
0.002407128542393051
0.0020077809116043266
0.003207969101633726
0.007228927871694841
GEN 89 time 1588611227
0.002407128542393051
0.0020077809116043266
0.003207969101633726
0.007228927871694841
GEN 90 time 1588611235
0.002407128542393051
0.0020077809116043266
0.003207969101633726
0.007228927871694841
GEN 91 time 1588611242
0.002407128542393051
0.0020077809116043266
0.003207969101633726
0.007228927871694841
GEN 92 time 1588611250
0.002407128542393051
0.0020077809116043266
0.003207969101633726
0.007228927871694841
GEN 93 time 1588611257
0.002407128542393051
0.0020077809116043266
0.003207969101633726
0.007228927871694841
GEN 94 time 1588611264
0.002407128542393051
0.0020077809116043266
0.003207969101633726
0.007228927871694841
GEN 95 time 1588611272
0.002407128542393051
0.0020077809116043266
0.003207969101633726
0.007228927871694841
GEN 96 time 1588611279
0.002407128542393051
0.0020077809116043266
0.003207969101633726
0.007228927871694841
GEN 97 time 1588611286
0.002407128542393051
0.0020077809116043266
0.003207969101633726
0.007228927871694841
GEN 98 time 1588611294
0.002407128542393051
0.0020077809116043266
0.003207969101633726
0.007228927871694841
GEN 99 time 1588611301
0.002407128542393051
0.0020077809116043266
0.003207969101633726
0.007228927871694841
