['./data/small/layer/ga-dem3_r25_1.json', './data/small/hop/ga-dem1_r25_1_0.json', './data/small/hop/ga-dem5_r25_1_0.json', './data/small/hop/ga-dem4_r25_1_0.json']
GEN 0 time 1617007274
0.0018257632230635132
0.002023109254464782
0.0020400740642404474
0.002024032792372406
GEN 1 time 1617007276
0.0018257632230635132
0.002023109254464782
0.0018118018171770956
0.002024032792372406
GEN 2 time 1617007278
0.0018257632230635132
0.0016817162081312947
0.0018118018171770956
0.002024032792372406
GEN 3 time 1617007280
0.0018257632230635132
0.0016817162081312947
0.0018118018171770956
0.002024032792372406
GEN 4 time 1617007282
0.0016553170615537188
0.0016817162081312947
0.0018118018171770956
0.002024032792372406
GEN 5 time 1617007284
0.001641621439293294
0.0016817162081312947
0.001805221420333743
0.001886996653691167
GEN 6 time 1617007286
0.001641621439293294
0.0016817162081312947
0.001805221420333743
0.0018854505993239378
GEN 7 time 1617007287
0.001641621439293294
0.0016817162081312947
0.001805221420333743
0.0018004376551030259
GEN 8 time 1617007289
0.001641621439293294
0.0016817162081312947
0.001805221420333743
0.0018004376551030259
GEN 9 time 1617007291
0.001641621439293294
0.0016817162081312947
0.001805221420333743
0.0018004376551030259
GEN 10 time 1617007293
0.001641621439293294
0.0016817162081312947
0.001805221420333743
0.0018004376551030259
GEN 11 time 1617007295
0.001641621439293294
0.0016817162081312947
0.001805221420333743
0.0016595214056886868
GEN 12 time 1617007297
0.001641621439293294
0.0016817162081312947
0.001805221420333743
0.0016595214056886868
GEN 13 time 1617007299
0.001641621439293294
0.0016690029710338637
0.0016990154855211373
0.0016595214056886868
GEN 14 time 1617007301
0.001641621439293294
0.0016690029710338637
0.0014651924340715683
0.0016595214056886868
GEN 15 time 1617007303
0.001641621439293294
0.0016690029710338637
0.0014651924340715683
0.0016595214056886868
GEN 16 time 1617007305
0.001641621439293294
0.0016690029710338637
0.0014651924340715683
0.0016595214056886868
GEN 17 time 1617007307
0.001641621439293294
0.0016690029710338637
0.0014651924340715683
0.0016385921558966423
GEN 18 time 1617007309
0.001641621439293294
0.0016690029710338637
0.0014651924340715683
0.0016385921558966423
GEN 19 time 1617007310
0.001641621439293294
0.0016690029710338637
0.0014651924340715683
0.0016385921558966423
GEN 20 time 1617007312
0.001641621439293294
0.0016690029710338637
0.0014651924340715683
0.0014840271092457563
GEN 21 time 1617007314
0.0016020356422934384
0.0016690029710338637
0.0014651924340715683
0.0014840271092457563
GEN 22 time 1617007316
0.0016020356422934384
0.0016690029710338637
0.0014651924340715683
0.0014840271092457563
GEN 23 time 1617007318
0.0014365208477817516
0.0016690029710338637
0.0014651924340715683
0.0014840271092457563
GEN 24 time 1617007320
0.0014365208477817516
0.0016690029710338637
0.0014651924340715683
0.0014840271092457563
GEN 25 time 1617007322
0.0014365208477817516
0.0016690029710338637
0.0014651924340715683
0.0014302275253722204
GEN 26 time 1617007324
0.0014020156422934386
0.00162723882650615
0.0014651924340715683
0.0014302275253722204
GEN 27 time 1617007326
0.0014020156422934386
0.00162723882650615
0.0014651924340715683
0.0014302275253722204
GEN 28 time 1617007328
0.0014020156422934386
0.00162723882650615
0.0014651924340715683
0.0014302275253722204
GEN 29 time 1617007329
0.0014020156422934386
0.00162723882650615
0.0014635755701309333
0.0014302275253722204
GEN 30 time 1617007331
0.0014020156422934386
0.00162723882650615
0.0014635755701309333
0.0014302275253722204
GEN 31 time 1617007333
0.0014020156422934386
0.00162723882650615
0.001459332505004012
0.0014302275253722204
GEN 32 time 1617007335
0.0014020156422934386
0.00162723882650615
0.0014360404945123126
0.0014302275253722204
GEN 33 time 1617007337
0.0014020156422934386
0.00162723882650615
0.0014360404945123126
0.0014302275253722204
GEN 34 time 1617007339
0.0014020156422934386
0.00162723882650615
0.0012651724340715684
0.001297267256378717
GEN 35 time 1617007341
0.0014020156422934386
0.00162723882650615
0.0012651724340715684
0.001297267256378717
GEN 36 time 1617007343
0.0014020156422934386
0.0014712962375020367
0.0012651724340715684
0.001297267256378717
GEN 37 time 1617007345
0.0014020156422934386
0.0014712962375020367
0.0012651724340715684
0.001297267256378717
GEN 38 time 1617007347
0.0014020156422934386
0.0014712962375020367
0.0012651724340715684
0.001297267256378717
GEN 39 time 1617007349
0.0013500359477185188
0.0014712962375020367
0.0012651724340715684
0.001297267256378717
GEN 40 time 1617007351
0.0013500359477185188
0.0014712962375020367
0.0012651724340715684
0.0012946514914486673
GEN 41 time 1617007353
0.0013500359477185188
0.0014689829710338637
0.0012651724340715684
0.0012946514914486673
GEN 42 time 1617007354
0.0013500359477185188
0.0014689829710338637
0.001259312505004012
0.0012840071092457563
GEN 43 time 1617007356
0.0013500359477185188
0.0014689829710338637
0.001259312505004012
0.0012840071092457563
GEN 44 time 1617007358
0.0012552770615537187
0.0014689829710338637
0.001259312505004012
0.0012840071092457563
GEN 45 time 1617007360
0.0012552770615537187
0.0014689829710338637
0.001259312505004012
0.001282523107203116
GEN 46 time 1617007362
0.0012552770615537187
0.0014689829710338637
0.001259312505004012
0.001282523107203116
GEN 47 time 1617007364
0.0012552770615537187
0.0014689829710338637
0.001259312505004012
0.001282523107203116
GEN 48 time 1617007366
0.0012552770615537187
0.0014689829710338637
0.001259312505004012
0.001282523107203116
GEN 49 time 1617007368
0.0012552770615537187
0.0014689829710338637
0.001259312505004012
0.001282523107203116
GEN 50 time 1617007370
0.0012552770615537187
0.0014689829710338637
0.001259312505004012
0.0012722691736810816
GEN 51 time 1617007372
0.0012552770615537187
0.0014689829710338637
0.001259312505004012
0.0012691050282748115
GEN 52 time 1617007374
0.0012552770615537187
0.0014689829710338637
0.001259312505004012
0.0012691050282748115
GEN 53 time 1617007376
0.0012552770615537187
0.0014689829710338637
0.001259312505004012
0.0012691050282748115
GEN 54 time 1617007377
0.0012552770615537187
0.0014689829710338637
0.001259312505004012
0.0012552835795324809
GEN 55 time 1617007379
0.001241581439293294
0.0014689829710338637
0.001259312505004012
0.0012552835795324809
GEN 56 time 1617007381
0.001241581439293294
0.0014689829710338637
0.001259312505004012
0.0012552835795324809
GEN 57 time 1617007383
0.001241581439293294
0.0014689829710338637
0.001259312505004012
0.0012552835795324809
GEN 58 time 1617007385
0.001241581439293294
0.0014233513934089623
0.001259312505004012
0.0012552835795324809
GEN 59 time 1617007387
0.001241581439293294
0.0014233513934089623
0.001259312505004012
0.0012552835795324809
GEN 60 time 1617007389
0.001241581439293294
0.0014233513934089623
0.0012411581867637876
0.0012552835795324809
GEN 61 time 1617007391
0.001241581439293294
0.0014233513934089623
0.0012411581867637876
0.0012552835795324809
GEN 62 time 1617007393
0.001241581439293294
0.0014233513934089623
0.0012411581867637876
0.0012552835795324809
GEN 63 time 1617007395
0.001241581439293294
0.0014233513934089623
0.0012411581867637876
0.0012552835795324809
GEN 64 time 1617007397
0.001241581439293294
0.0014233513934089623
0.0012411581867637876
0.0012552835795324809
GEN 65 time 1617007399
0.001241581439293294
0.0014233513934089623
0.0012411581867637876
0.0012163663827565226
GEN 66 time 1617007401
0.001241581439293294
0.0014233513934089623
0.0012411581867637876
0.0012163663827565226
GEN 67 time 1617007402
0.001241581439293294
0.0014233513934089623
0.0012411581867637876
0.0012163663827565226
GEN 68 time 1617007404
0.001241581439293294
0.0014233513934089623
0.0012411581867637876
0.0012163663827565226
GEN 69 time 1617007406
0.001241581439293294
0.0014233513934089623
0.0012411581867637876
0.0012163663827565226
GEN 70 time 1617007408
0.001241581439293294
0.0014233513934089623
0.0012411581867637876
0.0012163663827565226
GEN 71 time 1617007410
0.001241581439293294
0.0014233513934089623
0.0012411581867637876
0.0012163663827565226
GEN 72 time 1617007412
0.001241581439293294
0.0014233513934089623
0.0012411581867637876
0.0012163663827565226
GEN 73 time 1617007414
0.001241581439293294
0.0014233513934089623
0.0012411581867637876
0.0012163663827565226
GEN 74 time 1617007416
0.001241581439293294
0.0014233513934089623
0.0012411581867637876
0.0012163663827565226
GEN 75 time 1617007418
0.001241581439293294
0.0014097100767706794
0.0012411581867637876
0.0012163663827565226
GEN 76 time 1617007420
0.001241581439293294
0.0014097100767706794
0.0012411581867637876
0.0012163663827565226
GEN 77 time 1617007422
0.001241581439293294
0.0014097100767706794
0.0012411581867637876
0.0012163663827565226
GEN 78 time 1617007424
0.001241581439293294
0.0014097100767706794
0.0012411581867637876
0.0012163663827565226
GEN 79 time 1617007425
0.001241581439293294
0.0014097100767706794
0.0012411581867637876
0.0012163663827565226
GEN 80 time 1617007427
0.001241581439293294
0.0014097100767706794
0.0012411581867637876
0.0012163663827565226
GEN 81 time 1617007429
0.001241581439293294
0.0014097100767706794
0.0012411581867637876
0.0012163663827565226
GEN 82 time 1617007431
0.001241581439293294
0.0014097100767706794
0.0012411581867637876
0.0012163663827565226
GEN 83 time 1617007433
0.001241581439293294
0.0014097100767706794
0.0012144253090188338
0.0012163663827565226
GEN 84 time 1617007435
0.001241581439293294
0.0012816762081312948
0.0012144253090188338
0.0012163663827565226
GEN 85 time 1617007437
0.0012273225391032949
0.0012816762081312948
0.0012144253090188338
0.0012163663827565226
GEN 86 time 1617007439
0.0012273225391032949
0.0012816762081312948
0.0012144253090188338
0.0012163663827565226
GEN 87 time 1617007441
0.0012273225391032949
0.0012816762081312948
0.0012144253090188338
0.0012163663827565226
GEN 88 time 1617007443
0.0012273225391032949
0.0012816762081312948
0.0012144253090188338
0.0012163663827565226
GEN 89 time 1617007445
0.0012273225391032949
0.0012816762081312948
0.0012144253090188338
0.0012163663827565226
GEN 90 time 1617007447
0.0012273225391032949
0.0012816762081312948
0.0012144253090188338
0.0012163663827565226
GEN 91 time 1617007449
0.0012273225391032949
0.0012816762081312948
0.0012144253090188338
0.0012163663827565226
GEN 92 time 1617007450
0.0012273225391032949
0.0012816762081312948
0.0012144253090188338
0.0012163663827565226
GEN 93 time 1617007452
0.0012273225391032949
0.0012816762081312948
0.0012144253090188338
0.0012163663827565226
GEN 94 time 1617007454
0.0012273225391032949
0.0012816762081312948
0.0012144253090188338
0.0012163663827565226
GEN 95 time 1617007456
0.0012273225391032949
0.0012816762081312948
0.0012144253090188338
0.0012163663827565226
GEN 96 time 1617007458
0.0012273225391032949
0.0012816762081312948
0.0012144253090188338
0.0012163663827565226
GEN 97 time 1617007460
0.0012273225391032949
0.0012816762081312948
0.0012144253090188338
0.0012163663827565226
GEN 98 time 1617007462
0.0012204139376876884
0.0012816762081312948
0.0012144253090188338
0.0012163663827565226
GEN 99 time 1617007464
0.0012204139376876884
0.0012816762081312948
0.0012144253090188338
0.0012163663827565226
GEN 100 time 1617007466
0.0012204139376876884
0.0012816762081312948
0.0012144253090188338
0.0012163663827565226
GEN 101 time 1617007468
0.0012204139376876884
0.0012816762081312948
0.0012144253090188338
0.0012163663827565226
GEN 102 time 1617007470
0.0012204139376876884
0.0012816762081312948
0.0012144253090188338
0.0012163663827565226
GEN 103 time 1617007471
0.0012204139376876884
0.0012816762081312948
0.0012144253090188338
0.0012163663827565226
GEN 104 time 1617007473
0.0012204139376876884
0.0012816762081312948
0.0012144253090188338
0.0012163663827565226
GEN 105 time 1617007475
0.0012204139376876884
0.0012816762081312948
0.0012144253090188338
0.0012163663827565226
GEN 106 time 1617007477
0.0012204139376876884
0.0012816762081312948
0.0012144253090188338
0.0012163663827565226
GEN 107 time 1617007479
0.0012204139376876884
0.0012816762081312948
0.0012144253090188338
0.0012163663827565226
GEN 108 time 1617007481
0.0012204139376876884
0.0012816762081312948
0.0012144253090188338
0.0012163663827565226
GEN 109 time 1617007483
0.0012204139376876884
0.0012816762081312948
0.0012144253090188338
0.0012163663827565226
GEN 110 time 1617007485
0.0012204139376876884
0.0012816762081312948
0.0012144253090188338
0.0012163663827565226
GEN 111 time 1617007487
0.0012204139376876884
0.0012816762081312948
0.0012144253090188338
0.0012163663827565226
GEN 112 time 1617007489
0.0012204139376876884
0.0012816762081312948
0.0012144253090188338
0.0012163663827565226
GEN 113 time 1617007491
0.0012204139376876884
0.0012816762081312948
0.0012144253090188338
0.0012163663827565226
GEN 114 time 1617007493
0.0012204139376876884
0.0012816762081312948
0.0012144253090188338
0.0012163663827565226
GEN 115 time 1617007494
0.0012204139376876884
0.0012816762081312948
0.0012144253090188338
0.0012163663827565226
GEN 116 time 1617007496
0.0012204139376876884
0.0012816762081312948
0.0012144253090188338
0.0012163663827565226
GEN 117 time 1617007498
0.0012204139376876884
0.0012816762081312948
0.0012144253090188338
0.0012163663827565226
GEN 118 time 1617007500
0.0012204139376876884
0.0012816762081312948
0.0012144253090188338
0.0012163663827565226
GEN 119 time 1617007502
0.0012204139376876884
0.0012816762081312948
0.0012144253090188338
0.0012163663827565226
GEN 120 time 1617007504
0.0012204139376876884
0.0012816762081312948
0.0012144253090188338
0.0012163663827565226
GEN 121 time 1617007506
0.0012204139376876884
0.0012816762081312948
0.0012144253090188338
0.0012163663827565226
GEN 122 time 1617007508
0.0012204139376876884
0.0012816762081312948
0.0012144253090188338
0.0012163663827565226
GEN 123 time 1617007510
0.0012204139376876884
0.0012816762081312948
0.0012144253090188338
0.0012163663827565226
GEN 124 time 1617007512
0.0012204139376876884
0.0012816762081312948
0.0012144253090188338
0.0012163663827565226
GEN 125 time 1617007514
0.0012204139376876884
0.0012816762081312948
0.0012144253090188338
0.0012163663827565226
GEN 126 time 1617007516
0.0012204139376876884
0.0012816762081312948
0.0012144253090188338
0.0012163663827565226
GEN 127 time 1617007517
0.0012204139376876884
0.0012816762081312948
0.0012144253090188338
0.0012163663827565226
GEN 128 time 1617007519
0.0012204139376876884
0.0012816762081312948
0.0012144253090188338
0.0012163663827565226
GEN 129 time 1617007521
0.0012204139376876884
0.0012816762081312948
0.0012144253090188338
0.0012163663827565226
GEN 130 time 1617007523
0.0012204139376876884
0.0012816762081312948
0.0012144253090188338
0.0012163663827565226
GEN 131 time 1617007525
0.0012204139376876884
0.0012816762081312948
0.0012144253090188338
0.0012163663827565226
GEN 132 time 1617007527
0.0012204139376876884
0.0012816762081312948
0.0012144253090188338
0.0012163663827565226
GEN 133 time 1617007529
0.0012204139376876884
0.0012816762081312948
0.0012144253090188338
0.0012163663827565226
GEN 134 time 1617007531
0.0012204139376876884
0.0012816762081312948
0.0012144253090188338
0.0012163663827565226
GEN 135 time 1617007533
0.0012204139376876884
0.0012816762081312948
0.0012144253090188338
0.0012163663827565226
GEN 136 time 1617007535
0.0012204139376876884
0.0012816762081312948
0.0012144253090188338
0.0012163663827565226
GEN 137 time 1617007537
0.0012204139376876884
0.0012816762081312948
0.0012144253090188338
0.0012163663827565226
GEN 138 time 1617007539
0.0012204139376876884
0.0012816762081312948
0.0012144253090188338
0.0012163663827565226
GEN 139 time 1617007540
0.0012204139376876884
0.0012816762081312948
0.0012144253090188338
0.0012163663827565226
GEN 140 time 1617007542
0.0012204139376876884
0.0012816762081312948
0.0012144253090188338
0.0012163663827565226
GEN 141 time 1617007544
0.0012204139376876884
0.0012816762081312948
0.0012144253090188338
0.0012163663827565226
GEN 142 time 1617007546
0.0012204139376876884
0.0012816762081312948
0.0012144253090188338
0.0012163663827565226
GEN 143 time 1617007548
0.0012204139376876884
0.0012816762081312948
0.0012144253090188338
0.0012163663827565226
GEN 144 time 1617007550
0.0012204139376876884
0.0012816762081312948
0.0012144253090188338
0.0012163663827565226
GEN 145 time 1617007552
0.0012204139376876884
0.0012816762081312948
0.0012144253090188338
0.0012163663827565226
GEN 146 time 1617007554
0.0012204139376876884
0.0012816762081312948
0.0012144253090188338
0.0012163663827565226
GEN 147 time 1617007556
0.0012204139376876884
0.0012816762081312948
0.0012144253090188338
0.0012163663827565226
GEN 148 time 1617007558
0.0012204139376876884
0.0012816762081312948
0.0012144253090188338
0.0012163663827565226
GEN 149 time 1617007560
0.0012204139376876884
0.0012816762081312948
0.0012144253090188338
0.0012163663827565226
GEN 150 time 1617007562
0.0012204139376876884
0.0012816762081312948
0.0012144253090188338
0.0012163663827565226
GEN 151 time 1617007563
0.0012204139376876884
0.0012816762081312948
0.0012144253090188338
0.0012163663827565226
GEN 152 time 1617007565
0.0012204139376876884
0.0012816762081312948
0.0012144253090188338
0.0012163663827565226
GEN 153 time 1617007567
0.0012204139376876884
0.0012816762081312948
0.0012144253090188338
0.0012163663827565226
GEN 154 time 1617007569
0.0012204139376876884
0.0012816762081312948
0.0012144253090188338
0.0012163663827565226
GEN 155 time 1617007571
0.0012204139376876884
0.0012816762081312948
0.0012144253090188338
0.0012163663827565226
GEN 156 time 1617007573
0.0012204139376876884
0.0012816762081312948
0.0012144253090188338
0.0012163663827565226
GEN 157 time 1617007575
0.0012204139376876884
0.0012816762081312948
0.0012144253090188338
0.0012163663827565226
GEN 158 time 1617007577
0.0012204139376876884
0.0012816762081312948
0.0012144253090188338
0.0012163663827565226
GEN 159 time 1617007579
0.0012204139376876884
0.0012816762081312948
0.0012144253090188338
0.0012163663827565226
GEN 160 time 1617007581
0.0012204139376876884
0.0012816762081312948
0.0012144253090188338
0.0012163663827565226
GEN 161 time 1617007583
0.0012204139376876884
0.0012816762081312948
0.0012144253090188338
0.0012163663827565226
GEN 162 time 1617007585
0.0012204139376876884
0.0012816762081312948
0.0012144253090188338
0.0012163663827565226
GEN 163 time 1617007586
0.0012204139376876884
0.0012816762081312948
0.0012144253090188338
0.0012163663827565226
GEN 164 time 1617007588
0.0012204139376876884
0.0012816762081312948
0.0012144253090188338
0.0012163663827565226
GEN 165 time 1617007590
0.0012204139376876884
0.0012816762081312948
0.0012144253090188338
0.0012163663827565226
GEN 166 time 1617007592
0.0012204139376876884
0.0012816762081312948
0.0012144253090188338
0.0012163663827565226
GEN 167 time 1617007594
0.0012204139376876884
0.0012816762081312948
0.0012144253090188338
0.0012163663827565226
GEN 168 time 1617007596
0.0012204139376876884
0.0012816762081312948
0.0012144253090188338
0.0012163663827565226
GEN 169 time 1617007598
0.0012204139376876884
0.0012816762081312948
0.0012144253090188338
0.0012163663827565226
GEN 170 time 1617007600
0.0012204139376876884
0.0012816762081312948
0.0012144253090188338
0.0012163663827565226
GEN 171 time 1617007602
0.0012204139376876884
0.0012816762081312948
0.0012144253090188338
0.0012163663827565226
GEN 172 time 1617007604
0.0012204139376876884
0.0012816762081312948
0.0012144253090188338
0.001211826188821651
GEN 173 time 1617007606
0.0012204139376876884
0.0012816762081312948
0.0012144253090188338
0.001211826188821651
GEN 174 time 1617007608
0.0012204139376876884
0.0012816762081312948
0.0012144253090188338
0.001211826188821651
GEN 175 time 1617007609
0.0012204139376876884
0.0012816762081312948
0.0012144253090188338
0.001211826188821651
GEN 176 time 1617007611
0.0012204139376876884
0.0012816762081312948
0.0012144253090188338
0.001211826188821651
GEN 177 time 1617007613
0.0012204139376876884
0.0012816762081312948
0.0012144253090188338
0.001211826188821651
GEN 178 time 1617007615
0.0012204139376876884
0.0012816762081312948
0.0012144253090188338
0.001211826188821651
GEN 179 time 1617007617
0.0012204139376876884
0.0012816762081312948
0.0012144253090188338
0.001211826188821651
GEN 180 time 1617007619
0.0012204139376876884
0.0012816762081312948
0.0012144253090188338
0.001211826188821651
GEN 181 time 1617007621
0.0012204139376876884
0.0012816762081312948
0.0012144253090188338
0.001211826188821651
GEN 182 time 1617007623
0.0012204139376876884
0.0012816762081312948
0.0012144253090188338
0.001211826188821651
GEN 183 time 1617007625
0.0012204139376876884
0.0012816762081312948
0.0012144253090188338
0.001211826188821651
GEN 184 time 1617007627
0.0012204139376876884
0.0012816762081312948
0.0012144253090188338
0.001211826188821651
GEN 185 time 1617007629
0.0012204139376876884
0.0012816762081312948
0.0012144253090188338
0.001211826188821651
GEN 186 time 1617007631
0.0012204139376876884
0.0012816762081312948
0.0012144253090188338
0.001211826188821651
GEN 187 time 1617007632
0.0012204139376876884
0.0012816762081312948
0.0012144253090188338
0.001211826188821651
GEN 188 time 1617007634
0.0012204139376876884
0.0012816762081312948
0.0012144253090188338
0.001211826188821651
GEN 189 time 1617007636
0.0012204139376876884
0.0012816762081312948
0.0012144253090188338
0.001211826188821651
GEN 190 time 1617007638
0.0012204139376876884
0.0012816762081312948
0.0012144253090188338
0.001211826188821651
GEN 191 time 1617007640
0.0012204139376876884
0.0012816762081312948
0.0012144253090188338
0.001211826188821651
GEN 192 time 1617007642
0.0012204139376876884
0.0012816762081312948
0.0012144253090188338
0.001211826188821651
GEN 193 time 1617007644
0.0012204139376876884
0.0012816762081312948
0.0012144253090188338
0.001211826188821651
GEN 194 time 1617007646
0.0012204139376876884
0.0012816762081312948
0.0012144253090188338
0.001211826188821651
GEN 195 time 1617007648
0.0012204139376876884
0.0012816762081312948
0.0012144253090188338
0.001211826188821651
GEN 196 time 1617007650
0.0012204139376876884
0.0012816762081312948
0.0012144253090188338
0.001211826188821651
GEN 197 time 1617007652
0.0012204139376876884
0.0012816762081312948
0.0012144253090188338
0.001211826188821651
GEN 198 time 1617007653
0.0012204139376876884
0.0012816762081312948
0.0012144253090188338
0.001211826188821651
GEN 199 time 1617007655
0.0012204139376876884
0.0012816762081312948
0.0012144253090188338
0.001211826188821651
