['./data/small/layer/ga-dem2_r25_1.json', './data/small/hop/ga-dem8_r25_1_0.json', './data/small/hop/ga-dem2_r25_1_0.json', './data/small/hop/ga-dem10_r25_1_0.json']
GEN 0 time 1616988395
0.001800641907486522
0.0018903381285084676
0.0020155282705360753
0.001814216705431595
GEN 1 time 1616988397
0.0016065535295820335
0.0018903381285084676
0.0020155282705360753
0.001814216705431595
GEN 2 time 1616988399
0.0016065535295820335
0.0018903381285084676
0.0018239234038266519
0.001814216705431595
GEN 3 time 1616988401
0.001600359527311251
0.0018903381285084676
0.0018239234038266519
0.001814216705431595
GEN 4 time 1616988403
0.001600359527311251
0.0016985492417820698
0.0018239234038266519
0.001814216705431595
GEN 5 time 1616988405
0.0012280741979961275
0.0016985492417820698
0.0018079953697325965
0.0016220835995114271
GEN 6 time 1616988407
0.0012280741979961275
0.0015777671007760896
0.0018079953697325965
0.0016220835995114271
GEN 7 time 1616988409
0.0012280741979961275
0.0015777671007760896
0.0018079953697325965
0.0016032876781978986
GEN 8 time 1616988410
0.0012280741979961275
0.0015777671007760896
0.0018079953697325965
0.0016032876781978986
GEN 9 time 1616988412
0.0012280741979961275
0.0015777671007760896
0.0018079953697325965
0.0016032876781978986
GEN 10 time 1616988414
0.0012280741979961275
0.0015777671007760896
0.0018079953697325965
0.0016032876781978986
GEN 11 time 1616988416
0.0012280741979961275
0.0015777671007760896
0.0018053980287801015
0.0016032876781978986
GEN 12 time 1616988418
0.0012280741979961275
0.0015777671007760896
0.0018053980287801015
0.0016032876781978986
GEN 13 time 1616988420
0.0012280741979961275
0.0015777671007760896
0.0016381266992912822
0.0012905704136049224
GEN 14 time 1616988422
0.0012008856005774578
0.0015777671007760896
0.0016381266992912822
0.0012905704136049224
GEN 15 time 1616988423
0.0012008856005774578
0.0015777671007760896
0.0016381266992912822
0.0012905704136049224
GEN 16 time 1616988425
0.0012008856005774578
0.0015777671007760896
0.001458052202434655
0.0012905704136049224
GEN 17 time 1616988427
0.0012008856005774578
0.0015777671007760896
0.001458052202434655
0.0012905704136049224
GEN 18 time 1616988429
0.0012008856005774578
0.0015777671007760896
0.001458052202434655
0.0012905704136049224
GEN 19 time 1616988431
0.0012008856005774578
0.0015777671007760896
0.0014354746628905456
0.0012905704136049224
GEN 20 time 1616988433
0.0012008856005774578
0.0014054151784466586
0.0014354746628905456
0.0012905704136049224
GEN 21 time 1616988435
0.0012007335008401784
0.0014054151784466586
0.0014354746628905456
0.0012905704136049224
GEN 22 time 1616988437
0.0012007335008401784
0.0014054151784466586
0.0014354746628905456
0.0012905704136049224
GEN 23 time 1616988439
0.0012007335008401784
0.0014054151784466586
0.0014354746628905456
0.0012734435835012991
GEN 24 time 1616988441
0.0010280541979961273
0.0014054151784466586
0.0014154682705360751
0.0012734435835012991
GEN 25 time 1616988442
0.0010280541979961273
0.0014054151784466586
0.0014154682705360751
0.0012220435995114272
GEN 26 time 1616988444
0.0010280541979961273
0.0014054151784466586
0.0014154682705360751
0.0012220435995114272
GEN 27 time 1616988446
0.0010280541979961273
0.0014054151784466586
0.001276214370998792
0.0012220435995114272
GEN 28 time 1616988448
0.0010064935295820334
0.0014054151784466586
0.001276214370998792
0.0012220435995114272
GEN 29 time 1616988450
0.0010064935295820334
0.0014054151784466586
0.001276214370998792
0.0012163785281743642
GEN 30 time 1616988452
0.0010064935295820334
0.0014054151784466586
0.001276214370998792
0.0012163785281743642
GEN 31 time 1616988454
0.0010064935295820334
0.0013736262464909795
0.001276214370998792
0.0012163785281743642
GEN 32 time 1616988456
0.0010008656005774576
0.0013736262464909795
0.001263560874253502
0.0012163785281743642
GEN 33 time 1616988458
0.0010008656005774576
0.0013736262464909795
0.001263560874253502
0.0012163785281743642
GEN 34 time 1616988459
0.0010008656005774576
0.0013736262464909795
0.001263560874253502
0.0012163785281743642
GEN 35 time 1616988461
0.0010008656005774576
0.0013736262464909795
0.001263560874253502
0.0012163785281743642
GEN 36 time 1616988463
0.001000299527311251
0.0013736262464909795
0.001263560874253502
0.0012163785281743642
GEN 37 time 1616988465
0.001000299527311251
0.0013736262464909795
0.001263560874253502
0.0012163785281743642
GEN 38 time 1616988467
0.001000299527311251
0.0013736262464909795
0.001263560874253502
0.0012163785281743642
GEN 39 time 1616988469
0.001000299527311251
0.0013736262464909795
0.001263560874253502
0.0010461039995398845
GEN 40 time 1616988471
0.001000299527311251
0.0013736262464909795
0.001263560874253502
0.0010461039995398845
GEN 41 time 1616988473
0.001000299527311251
0.0013736262464909795
0.001263560874253502
0.0010461039995398845
GEN 42 time 1616988474
0.001000299527311251
0.0013736262464909795
0.001263560874253502
0.0010461039995398845
GEN 43 time 1616988476
0.001000299527311251
0.0013736262464909795
0.001263560874253502
0.0010461039995398845
GEN 44 time 1616988478
0.001000299527311251
0.0013736262464909795
0.001263560874253502
0.0010461039995398845
GEN 45 time 1616988480
0.001000299527311251
0.0013736262464909795
0.001263560874253502
0.0010461039995398845
GEN 46 time 1616988482
0.001000299527311251
0.0013736262464909795
0.001263560874253502
0.0010461039995398845
GEN 47 time 1616988484
0.001000299527311251
0.0013736262464909795
0.001263560874253502
0.0010461039995398845
GEN 48 time 1616988485
0.001000299527311251
0.0013736262464909795
0.001263560874253502
0.0010461039995398845
GEN 49 time 1616988487
0.001000299527311251
0.0013736262464909795
0.001263560874253502
0.0010461039995398845
GEN 50 time 1616988489
0.0008280341979961275
0.0013736262464909795
0.001263560874253502
0.0010461039995398845
GEN 51 time 1616988491
0.0008280341979961275
0.0013736262464909795
0.001263560874253502
0.0010461039995398845
GEN 52 time 1616988493
0.0008280341979961275
0.0013736262464909795
0.001263560874253502
0.0010461039995398845
GEN 53 time 1616988495
0.0008280341979961275
0.0013736262464909795
0.001263560874253502
0.0010461039995398845
GEN 54 time 1616988497
0.0008280341979961275
0.0013736262464909795
0.001263560874253502
0.0010461039995398845
GEN 55 time 1616988499
0.0008280341979961275
0.0013736262464909795
0.001263560874253502
0.0010461039995398845
GEN 56 time 1616988501
0.0008280341979961275
0.0013736262464909795
0.001263560874253502
0.0010461039995398845
GEN 57 time 1616988503
0.0008280341979961275
0.0013736262464909795
0.001263560874253502
0.0010461039995398845
GEN 58 time 1616988504
0.0008280341979961275
0.0013736262464909795
0.001263560874253502
0.0010461039995398845
GEN 59 time 1616988506
0.0008280341979961275
0.0013736262464909795
0.001263560874253502
0.0010461039995398845
GEN 60 time 1616988508
0.0008280341979961275
0.0013072560790278263
0.001263560874253502
0.0010461039995398845
GEN 61 time 1616988510
0.0008280341979961275
0.0013072560790278263
0.001263560874253502
0.0010461039995398845
GEN 62 time 1616988512
0.0008280341979961275
0.0013072560790278263
0.001263560874253502
0.0010461039995398845
GEN 63 time 1616988514
0.0008280341979961275
0.0013072560790278263
0.001263560874253502
0.0010461039995398845
GEN 64 time 1616988516
0.0008280341979961275
0.0013072560790278263
0.001263560874253502
0.0010461039995398845
GEN 65 time 1616988518
0.0008280341979961275
0.0012833919424954441
0.001263560874253502
0.0010461039995398845
GEN 66 time 1616988519
0.0008280341979961275
0.0012833919424954441
0.001263560874253502
0.0010461039995398845
GEN 67 time 1616988521
0.0008280341979961275
0.0012833919424954441
0.001263560874253502
0.0010461039995398845
GEN 68 time 1616988523
0.0008280341979961275
0.001232509918146503
0.001263560874253502
0.0010461039995398845
GEN 69 time 1616988525
0.0008280341979961275
0.001232509918146503
0.001263560874253502
0.0010220235995114272
GEN 70 time 1616988527
0.0008280341979961275
0.001232509918146503
0.001263560874253502
0.0010220235995114272
GEN 71 time 1616988529
0.0008280341979961275
0.001232509918146503
0.001263560874253502
0.0010220235995114272
GEN 72 time 1616988531
0.0008280341979961275
0.001232509918146503
0.001263560874253502
0.0010220235995114272
GEN 73 time 1616988533
0.0008280341979961275
0.001232509918146503
0.001263560874253502
0.0010220235995114272
GEN 74 time 1616988535
0.0008280341979961275
0.001232509918146503
0.001263560874253502
0.0010220235995114272
GEN 75 time 1616988536
0.0008280341979961275
0.001230841242745831
0.001263560874253502
0.0010220235995114272
GEN 76 time 1616988538
0.0008138573445969104
0.001230841242745831
0.001263560874253502
0.0010220235995114272
GEN 77 time 1616988540
0.0008138573445969104
0.001230841242745831
0.001263560874253502
0.0010220235995114272
GEN 78 time 1616988542
0.0008138573445969104
0.001230841242745831
0.001263560874253502
0.0010220235995114272
GEN 79 time 1616988544
0.0008138573445969104
0.001230841242745831
0.001263560874253502
0.0010220235995114272
GEN 80 time 1616988545
0.0008138573445969104
0.001230841242745831
0.001263560874253502
0.0010220235995114272
GEN 81 time 1616988547
0.0008138573445969104
0.001230841242745831
0.001263560874253502
0.0010220235995114272
GEN 82 time 1616988549
0.0008138573445969104
0.001230841242745831
0.001263560874253502
0.0010220235995114272
GEN 83 time 1616988551
0.0008138573445969104
0.001230841242745831
0.001263560874253502
0.0010220235995114272
GEN 84 time 1616988553
0.0008138573445969104
0.001230841242745831
0.001263560874253502
0.0010220235995114272
GEN 85 time 1616988555
0.0008138573445969104
0.001230841242745831
0.001263560874253502
0.0010220235995114272
GEN 86 time 1616988557
0.0008138573445969104
0.001230841242745831
0.001263560874253502
0.0010220235995114272
GEN 87 time 1616988559
0.0008138573445969104
0.001230841242745831
0.001263560874253502
0.0010220235995114272
GEN 88 time 1616988561
0.0008138573445969104
0.001230841242745831
0.001263560874253502
0.0010220235995114272
GEN 89 time 1616988562
0.0008138573445969104
0.001230841242745831
0.001263560874253502
0.0010220235995114272
GEN 90 time 1616988564
0.0008138573445969104
0.001230841242745831
0.001263560874253502
0.0010220235995114272
GEN 91 time 1616988566
0.0008138573445969104
0.001230841242745831
0.001263560874253502
0.0010220235995114272
GEN 92 time 1616988568
0.0008138573445969104
0.001230841242745831
0.001263560874253502
0.0010220235995114272
GEN 93 time 1616988570
0.0008138573445969104
0.001230841242745831
0.001263560874253502
0.0010220235995114272
GEN 94 time 1616988572
0.0008138573445969104
0.001230841242745831
0.001263560874253502
0.0010220235995114272
GEN 95 time 1616988574
0.0008138573445969104
0.001230841242745831
0.001263560874253502
0.0010220235995114272
GEN 96 time 1616988576
0.0008138573445969104
0.0012090888016352314
0.001263560874253502
0.0010220235995114272
GEN 97 time 1616988577
0.0008138573445969104
0.0012090888016352314
0.001263560874253502
0.0010220235995114272
GEN 98 time 1616988579
0.0008138573445969104
0.0012090888016352314
0.001263560874253502
0.0010220235995114272
GEN 99 time 1616988581
0.0008138573445969104
0.0012090888016352314
0.001263560874253502
0.0010220235995114272
GEN 100 time 1616988583
0.0008138573445969104
0.0012090888016352314
0.001263560874253502
0.0010220235995114272
GEN 101 time 1616988585
0.0008138573445969104
0.0012090888016352314
0.001263560874253502
0.0010220235995114272
GEN 102 time 1616988587
0.0008138573445969104
0.0012090888016352314
0.001263560874253502
0.0010220235995114272
GEN 103 time 1616988588
0.0008138573445969104
0.0012090888016352314
0.001263560874253502
0.0010220235995114272
GEN 104 time 1616988590
0.0008138573445969104
0.0012090888016352314
0.001263560874253502
0.0010220235995114272
GEN 105 time 1616988592
0.0008138573445969104
0.0012090888016352314
0.001263560874253502
0.0010220235995114272
GEN 106 time 1616988594
0.0008138573445969104
0.0012090888016352314
0.001263560874253502
0.0010220235995114272
GEN 107 time 1616988596
0.0008138573445969104
0.0012090888016352314
0.001263560874253502
0.0010220235995114272
GEN 108 time 1616988598
0.0008138573445969104
0.0012090888016352314
0.001263560874253502
0.0010220235995114272
GEN 109 time 1616988600
0.0008084422548927479
0.0012090888016352314
0.001263560874253502
0.0010220235995114272
GEN 110 time 1616988602
0.0008084422548927479
0.0012090888016352314
0.001263560874253502
0.001016358528174364
GEN 111 time 1616988604
0.0008084422548927479
0.0012090888016352314
0.001263560874253502
0.001016358528174364
GEN 112 time 1616988605
0.0008084422548927479
0.0012090888016352314
0.001263560874253502
0.001016358528174364
GEN 113 time 1616988607
0.0008084422548927479
0.0012090888016352314
0.001263560874253502
0.001016358528174364
GEN 114 time 1616988609
0.0008084422548927479
0.0012090888016352314
0.001263560874253502
0.001016358528174364
GEN 115 time 1616988611
0.0008084422548927479
0.0012090888016352314
0.001263560874253502
0.001016358528174364
GEN 116 time 1616988613
0.0008084422548927479
0.0012090888016352314
0.001263560874253502
0.001016358528174364
GEN 117 time 1616988615
0.0008084422548927479
0.0012090888016352314
0.001263560874253502
0.001016358528174364
GEN 118 time 1616988617
0.0008084422548927479
0.0012090888016352314
0.001263560874253502
0.001016358528174364
GEN 119 time 1616988618
0.0008084422548927479
0.0012090888016352314
0.001263560874253502
0.001016358528174364
GEN 120 time 1616988620
0.0008084422548927479
0.0012090888016352314
0.001263560874253502
0.001016358528174364
GEN 121 time 1616988622
0.0008084422548927479
0.0012090888016352314
0.001263560874253502
0.001016358528174364
GEN 122 time 1616988624
0.0008084422548927479
0.0012090888016352314
0.001263560874253502
0.001016358528174364
GEN 123 time 1616988626
0.0008084422548927479
0.0012090888016352314
0.001263560874253502
0.001016358528174364
GEN 124 time 1616988628
0.0008084422548927479
0.0012081281924425352
0.001263560874253502
0.001016358528174364
GEN 125 time 1616988630
0.0008084422548927479
0.0012081281924425352
0.001263560874253502
0.001016358528174364
GEN 126 time 1616988632
0.0008084422548927479
0.0012081281924425352
0.001263560874253502
0.001016358528174364
GEN 127 time 1616988633
0.0008084422548927479
0.0012081281924425352
0.001263560874253502
0.001016358528174364
GEN 128 time 1616988635
0.0008064735295820334
0.0012081281924425352
0.001263560874253502
0.001016358528174364
GEN 129 time 1616988637
0.0008064735295820334
0.0012081281924425352
0.001263560874253502
0.001016358528174364
GEN 130 time 1616988639
0.0008064735295820334
0.0012081281924425352
0.001263560874253502
0.001016358528174364
GEN 131 time 1616988641
0.0008064735295820334
0.0012081281924425352
0.001263560874253502
0.001016358528174364
GEN 132 time 1616988643
0.0008064735295820334
0.0012081281924425352
0.001263560874253502
0.001016358528174364
GEN 133 time 1616988645
0.0008064735295820334
0.0012081281924425352
0.001263560874253502
0.001016358528174364
GEN 134 time 1616988647
0.0008064735295820334
0.0012081281924425352
0.001263560874253502
0.001016358528174364
GEN 135 time 1616988649
0.0008064735295820334
0.0012081281924425352
0.001263560874253502
0.001016358528174364
GEN 136 time 1616988650
0.0008064735295820334
0.0012081281924425352
0.001263560874253502
0.001016358528174364
GEN 137 time 1616988652
0.0008064735295820334
0.0012081281924425352
0.001263560874253502
0.001016358528174364
GEN 138 time 1616988654
0.0008064735295820334
0.0012081281924425352
0.001263560874253502
0.001016358528174364
GEN 139 time 1616988656
0.0008064735295820334
0.0012081281924425352
0.001263560874253502
0.001016358528174364
GEN 140 time 1616988658
0.0008064735295820334
0.0012081281924425352
0.001263560874253502
0.001016358528174364
GEN 141 time 1616988660
0.0008064735295820334
0.0012081281924425352
0.001263560874253502
0.001016358528174364
GEN 142 time 1616988662
0.0008064735295820334
0.0012081281924425352
0.001263560874253502
0.001016358528174364
GEN 143 time 1616988664
0.0008064735295820334
0.0012081281924425352
0.001263560874253502
0.001016358528174364
GEN 144 time 1616988665
0.0008064735295820334
0.0012081281924425352
0.001263560874253502
0.001016358528174364
GEN 145 time 1616988667
0.0008064735295820334
0.0012081281924425352
0.001263560874253502
0.001016358528174364
GEN 146 time 1616988669
0.0008064735295820334
0.0012081281924425352
0.001263560874253502
0.001016358528174364
GEN 147 time 1616988671
0.0008064735295820334
0.0012081281924425352
0.001263560874253502
0.001016358528174364
GEN 148 time 1616988673
0.0008064735295820334
0.0012081281924425352
0.001263560874253502
0.001016358528174364
GEN 149 time 1616988675
0.0008064735295820334
0.0012081281924425352
0.001263560874253502
0.001016358528174364
GEN 150 time 1616988677
0.0008064735295820334
0.0012081281924425352
0.001263560874253502
0.0010110954216416414
GEN 151 time 1616988678
0.0008064735295820334
0.0012081281924425352
0.001263560874253502
0.0010110954216416414
GEN 152 time 1616988680
0.0008064735295820334
0.0012081281924425352
0.001263560874253502
0.0010110954216416414
GEN 153 time 1616988682
0.0008064735295820334
0.0012081281924425352
0.001263560874253502
0.0010110954216416414
GEN 154 time 1616988684
0.0008019691497913558
0.0012081281924425352
0.001263560874253502
0.0010110954216416414
GEN 155 time 1616988686
0.0008019691497913558
0.0012081281924425352
0.0012354546628905454
0.0010110954216416414
GEN 156 time 1616988688
0.0008019691497913558
0.0012081281924425352
0.0012354546628905454
0.0010110954216416414
GEN 157 time 1616988690
0.0008019691497913558
0.0012081281924425352
0.0012354546628905454
0.0010110954216416414
GEN 158 time 1616988692
0.0008019691497913558
0.0012081281924425352
0.0012354546628905454
0.0010110954216416414
GEN 159 time 1616988694
0.0008019691497913558
0.0012081281924425352
0.0012354546628905454
0.0010110954216416414
GEN 160 time 1616988696
0.0008019691497913558
0.0012081281924425352
0.0012354546628905454
0.0010110954216416414
GEN 161 time 1616988697
0.0008019691497913558
0.0012081281924425352
0.0012354546628905454
0.0010110954216416414
GEN 162 time 1616988699
0.0008019691497913558
0.0012081281924425352
0.0012354546628905454
0.0010110954216416414
GEN 163 time 1616988701
0.0008019691497913558
0.0012081281924425352
0.0012354546628905454
0.0010110954216416414
GEN 164 time 1616988703
0.0008019691497913558
0.0012081281924425352
0.0012354546628905454
0.0010110954216416414
GEN 165 time 1616988705
0.0008019691497913558
0.0012081281924425352
0.0012354546628905454
0.0010110954216416414
GEN 166 time 1616988707
0.0008019691497913558
0.0012081281924425352
0.0012354546628905454
0.0010110954216416414
GEN 167 time 1616988709
0.0008019691497913558
0.0012081281924425352
0.0012354546628905454
0.0010110954216416414
GEN 168 time 1616988710
0.0008019691497913558
0.0012081281924425352
0.0012354546628905454
0.0010110954216416414
GEN 169 time 1616988712
0.0008019691497913558
0.0012081281924425352
0.0012354546628905454
0.0010110954216416414
GEN 170 time 1616988714
0.000800541907486522
0.0012081281924425352
0.0012354546628905454
0.0010110954216416414
GEN 171 time 1616988716
0.000800541907486522
0.0012081281924425352
0.0012354546628905454
0.0010110954216416414
GEN 172 time 1616988718
0.000800541907486522
0.0012081281924425352
0.0012354546628905454
0.0010110954216416414
GEN 173 time 1616988720
0.000800541907486522
0.0012081281924425352
0.0012154482705360751
0.0010076136804830099
GEN 174 time 1616988722
0.000800541907486522
0.0011736062464909793
0.0012154482705360751
0.0010076136804830099
GEN 175 time 1616988724
0.000800541907486522
0.0011736062464909793
0.0012154482705360751
0.0010076136804830099
GEN 176 time 1616988726
0.000800541907486522
0.0011736062464909793
0.0012154482705360751
0.0010076136804830099
GEN 177 time 1616988728
0.000800541907486522
0.0011736062464909793
0.0012154482705360751
0.0010076136804830099
GEN 178 time 1616988729
0.000800541907486522
0.0011736062464909793
0.0012154482705360751
0.0010076136804830099
GEN 179 time 1616988731
0.000800541907486522
0.0011736062464909793
0.0012154482705360751
0.0010076136804830099
GEN 180 time 1616988733
0.000800541907486522
0.0011736062464909793
0.0012154482705360751
0.0010076136804830099
GEN 181 time 1616988735
0.000800541907486522
0.0011736062464909793
0.0012154482705360751
0.0010076136804830099
GEN 182 time 1616988737
0.000800541907486522
0.0011736062464909793
0.0012154482705360751
0.0010076136804830099
GEN 183 time 1616988739
0.000800541907486522
0.0011736062464909793
0.0012154482705360751
0.0010076136804830099
GEN 184 time 1616988741
0.000800541907486522
0.0011736062464909793
0.0012154482705360751
0.0010076136804830099
GEN 185 time 1616988743
0.000800541907486522
0.0011736062464909793
0.0012154482705360751
0.0010076136804830099
GEN 186 time 1616988744
0.000800541907486522
0.0011736062464909793
0.0012154482705360751
0.0010076136804830099
GEN 187 time 1616988746
0.000800541907486522
0.0011736062464909793
0.0012154482705360751
0.0010076136804830099
GEN 188 time 1616988748
0.000800541907486522
0.0011736062464909793
0.0012154482705360751
0.0010076136804830099
GEN 189 time 1616988750
0.000800541907486522
0.0011736062464909793
0.0012154482705360751
0.0010076136804830099
GEN 190 time 1616988752
0.000800541907486522
0.0011736062464909793
0.0012154482705360751
0.0010076136804830099
GEN 191 time 1616988754
0.000800541907486522
0.0011736062464909793
0.0012154482705360751
0.0010076136804830099
GEN 192 time 1616988756
0.000800541907486522
0.0011736062464909793
0.0012154482705360751
0.0010076136804830099
GEN 193 time 1616988758
0.000800541907486522
0.0011736062464909793
0.0012154482705360751
0.0010076136804830099
GEN 194 time 1616988759
0.000800541907486522
0.0011736062464909793
0.0012154482705360751
0.0010076136804830099
GEN 195 time 1616988761
0.000800541907486522
0.0011736062464909793
0.0012154482705360751
0.0010076136804830099
GEN 196 time 1616988763
0.000800541907486522
0.0011736062464909793
0.0012154482705360751
0.0010076136804830099
GEN 197 time 1616988765
0.000800541907486522
0.0011736062464909793
0.0012154482705360751
0.0010076136804830099
GEN 198 time 1616988767
0.000800541907486522
0.0011736062464909793
0.0012154482705360751
0.0010076136804830099
GEN 199 time 1616988769
0.000800541907486522
0.0011736062464909793
0.0012154482705360751
0.0010076136804830099
