['./data/small/layer/no-dem7_r25_1.json', './data/small/hop/no-dem6_r25_1_0.json', './data/small/hop/no-dem7_r25_1_0.json', './data/small/hop/no-dem3_r25_1_0.json']
GEN 0 time 1616950599
0.0013660991001124172
0.0014162881934810592
0.0018716035937849519
0.0014110318711754945
GEN 1 time 1616950601
0.0013660991001124172
0.0012567223640700636
0.0018716035937849519
0.0014110318711754945
GEN 2 time 1616950603
0.0013660991001124172
0.0012567223640700636
0.0016380803070102038
0.0014110318711754945
GEN 3 time 1616950604
0.0013660991001124172
0.0012567223640700636
0.0016380803070102038
0.0014110318711754945
GEN 4 time 1616950606
0.001307559526313687
0.0012567223640700636
0.0016153681094507385
0.0014110318711754945
GEN 5 time 1616950607
0.001307559526313687
0.0012567223640700636
0.0016153681094507385
0.0014078184187133734
GEN 6 time 1616950609
0.001307559526313687
0.001252372262215922
0.0016153681094507385
0.00129611084289978
GEN 7 time 1616950610
0.0012970770289589134
0.001252372262215922
0.0016153681094507385
0.00129611084289978
GEN 8 time 1616950612
0.0012970770289589134
0.001252372262215922
0.001535681745222975
0.00129611084289978
GEN 9 time 1616950613
0.0012970770289589134
0.0012429731706551951
0.001535681745222975
0.00129611084289978
GEN 10 time 1616950615
0.0012970770289589134
0.0012429731706551951
0.001535681745222975
0.0012073372417794725
GEN 11 time 1616950616
0.0012970770289589134
0.0012429731706551951
0.001535681745222975
0.001087506988958056
GEN 12 time 1616950618
0.0012914846582092099
0.0012429731706551951
0.0012886460690746764
0.001087506988958056
GEN 13 time 1616950620
0.0012914846582092099
0.0012429731706551951
0.0012886460690746764
0.001087506988958056
GEN 14 time 1616950621
0.0012914846582092099
0.0012429731706551951
0.0012886460690746764
0.001087506988958056
GEN 15 time 1616950623
0.0012914846582092099
0.0012429731706551951
0.0012886460690746764
0.001087506988958056
GEN 16 time 1616950624
0.0012914846582092099
0.0012429731706551951
0.0012886460690746764
0.001087506988958056
GEN 17 time 1616950626
0.0012914846582092099
0.0012429731706551951
0.0012886460690746764
0.001087506988958056
GEN 18 time 1616950627
0.0012914846582092099
0.0012429731706551951
0.0012886460690746764
0.001087506988958056
GEN 19 time 1616950629
0.0012914846582092099
0.0012429731706551951
0.0012886460690746764
0.0010796104684008651
GEN 20 time 1616950630
0.0012914846582092099
0.0012429731706551951
0.0012886460690746764
0.0010796104684008651
GEN 21 time 1616950632
0.0012695134941603165
0.0012429731706551951
0.0012886460690746764
0.0010796104684008651
GEN 22 time 1616950634
0.0012695134941603165
0.0012429731706551951
0.0012886460690746764
0.0010796104684008651
GEN 23 time 1616950635
0.0012695134941603165
0.0012429731706551951
0.0012886460690746764
0.0010796104684008651
GEN 24 time 1616950637
0.0012695134941603165
0.0012429731706551951
0.0012886460690746764
0.001054115477605089
GEN 25 time 1616950638
0.0012695134941603165
0.0012429731706551951
0.0012886460690746764
0.001054115477605089
GEN 26 time 1616950640
0.0012695134941603165
0.0012429731706551951
0.0012886460690746764
0.001054115477605089
GEN 27 time 1616950641
0.0012695134941603165
0.0012429731706551951
0.0012886460690746764
0.001054115477605089
GEN 28 time 1616950643
0.0012695134941603165
0.0012429731706551951
0.0012886460690746764
0.001054115477605089
GEN 29 time 1616950644
0.0012695134941603165
0.0012063309882693171
0.0012886460690746764
0.001054115477605089
GEN 30 time 1616950646
0.0012695134941603165
0.0012063309882693171
0.0012886460690746764
0.001054115477605089
GEN 31 time 1616950648
0.0012695134941603165
0.0012063309882693171
0.0012886460690746764
0.001054115477605089
GEN 32 time 1616950649
0.0012695134941603165
0.0012063309882693171
0.0012886460690746764
0.0010527233565439686
GEN 33 time 1616950651
0.0012695134941603165
0.0012063309882693171
0.0012886460690746764
0.0010527233565439686
GEN 34 time 1616950652
0.0012695134941603165
0.0012063309882693171
0.0012886460690746764
0.0010527233565439686
GEN 35 time 1616950654
0.0012695134941603165
0.0012063309882693171
0.0012886460690746764
0.0010482681464073892
GEN 36 time 1616950655
0.0012695134941603165
0.0012063309882693171
0.0012886460690746764
0.0010482681464073892
GEN 37 time 1616950657
0.0012695134941603165
0.0012063309882693171
0.0012672147936589372
0.0010482681464073892
GEN 38 time 1616950658
0.0012695134941603165
0.0012063309882693171
0.0012672147936589372
0.0010482360500564478
GEN 39 time 1616950660
0.0012695134941603165
0.0012063309882693171
0.0012672147936589372
0.0010482360500564478
GEN 40 time 1616950662
0.0012695134941603165
0.0012063309882693171
0.0012672147936589372
0.0010482360500564478
GEN 41 time 1616950663
0.0012695134941603165
0.0012063309882693171
0.0012672147936589372
0.0010482360500564478
GEN 42 time 1616950665
0.0012695134941603165
0.0012063309882693171
0.0012672147936589372
0.0010482360500564478
GEN 43 time 1616950666
0.0012695134941603165
0.0012063309882693171
0.0012672147936589372
0.0010482360500564478
GEN 44 time 1616950668
0.0012695134941603165
0.0012063309882693171
0.0012672147936589372
0.0010482360500564478
GEN 45 time 1616950669
0.0012695134941603165
0.0012063309882693171
0.0012672147936589372
0.0010482360500564478
GEN 46 time 1616950671
0.0012695134941603165
0.0012063309882693171
0.0012672147936589372
0.0010482360500564478
GEN 47 time 1616950672
0.0012695134941603165
0.0012063309882693171
0.0012672147936589372
0.0010482360500564478
GEN 48 time 1616950674
0.0012695134941603165
0.0012063309882693171
0.0012672147936589372
0.0010482360500564478
GEN 49 time 1616950675
0.0012695134941603165
0.0011233949887369337
0.0012672147936589372
0.0010482360500564478
GEN 50 time 1616950677
0.0012695134941603165
0.001085841957241146
0.0012672147936589372
0.0010482360500564478
GEN 51 time 1616950678
0.0012695134941603165
0.001085841957241146
0.0012576648358158548
0.0010482360500564478
GEN 52 time 1616950680
0.0012695134941603165
0.001085841957241146
0.0012576648358158548
0.0010482360500564478
GEN 53 time 1616950682
0.0012695134941603165
0.001085841957241146
0.0012576648358158548
0.0010482360500564478
GEN 54 time 1616950683
0.0012695134941603165
0.001085841957241146
0.0012576648358158548
0.0010482360500564478
GEN 55 time 1616950685
0.0012695134941603165
0.001085841957241146
0.0012576648358158548
0.0010482360500564478
GEN 56 time 1616950686
0.0012695134941603165
0.001085841957241146
0.0012576648358158548
0.0010482360500564478
GEN 57 time 1616950688
0.0012695134941603165
0.001085841957241146
0.0012576648358158548
0.0010482360500564478
GEN 58 time 1616950690
0.0012695134941603165
0.001085841957241146
0.0012576648358158548
0.0010482360500564478
GEN 59 time 1616950691
0.0012695134941603165
0.001085841957241146
0.0012576648358158548
0.0010482360500564478
GEN 60 time 1616950693
0.0012695134941603165
0.001085841957241146
0.0012576648358158548
0.0010482360500564478
GEN 61 time 1616950694
0.0012695134941603165
0.001085841957241146
0.0012576648358158548
0.0010482360500564478
GEN 62 time 1616950696
0.0012695134941603165
0.001085841957241146
0.0012576648358158548
0.0010482360500564478
GEN 63 time 1616950697
0.0012695134941603165
0.001085841957241146
0.0012576648358158548
0.0010292145531423148
GEN 64 time 1616950699
0.0012695134941603165
0.001085841957241146
0.0012576648358158548
0.0010292145531423148
GEN 65 time 1616950700
0.0012695134941603165
0.001085841957241146
0.0012576648358158548
0.0010292145531423148
GEN 66 time 1616950702
0.0012695134941603165
0.001085841957241146
0.0012576648358158548
0.0010292145531423148
GEN 67 time 1616950704
0.0012695134941603165
0.001085841957241146
0.0012576648358158548
0.0010292145531423148
GEN 68 time 1616950705
0.0012695134941603165
0.001085841957241146
0.0012576648358158548
0.0010292145531423148
GEN 69 time 1616950707
0.0012695134941603165
0.001085841957241146
0.0012576648358158548
0.0010292145531423148
GEN 70 time 1616950708
0.0012695134941603165
0.001085841957241146
0.0012576648358158548
0.0010292145531423148
GEN 71 time 1616950710
0.0012695134941603165
0.001085841957241146
0.0012425303073967245
0.0010292145531423148
GEN 72 time 1616950711
0.0012695134941603165
0.001085841957241146
0.0012425303073967245
0.0010292145531423148
GEN 73 time 1616950713
0.0012695134941603165
0.001085841957241146
0.0012425303073967245
0.0010292145531423148
GEN 74 time 1616950714
0.0012695134941603165
0.001085841957241146
0.0012425303073967245
0.0010292145531423148
GEN 75 time 1616950716
0.0012695134941603165
0.001085841957241146
0.0012425303073967245
0.0010292145531423148
GEN 76 time 1616950718
0.0012695134941603165
0.001085841957241146
0.0012425303073967245
0.0010292145531423148
GEN 77 time 1616950719
0.0012695134941603165
0.001085841957241146
0.0012425303073967245
0.0010292145531423148
GEN 78 time 1616950721
0.0012695134941603165
0.001085841957241146
0.0012425303073967245
0.0010292145531423148
GEN 79 time 1616950722
0.0012695134941603165
0.001085841957241146
0.0012425303073967245
0.0010292145531423148
GEN 80 time 1616950724
0.0012695134941603165
0.001085841957241146
0.0012425303073967245
0.0010292145531423148
GEN 81 time 1616950725
0.0012695134941603165
0.001085841957241146
0.0012425303073967245
0.0010292145531423148
GEN 82 time 1616950727
0.0012695134941603165
0.001085841957241146
0.0012425303073967245
0.0010292145531423148
GEN 83 time 1616950728
0.0012695134941603165
0.001085841957241146
0.0012425303073967245
0.0010292145531423148
GEN 84 time 1616950730
0.0012695134941603165
0.001085841957241146
0.0012425303073967245
0.0010292145531423148
GEN 85 time 1616950732
0.0012695134941603165
0.001085841957241146
0.0012425303073967245
0.0010292145531423148
GEN 86 time 1616950733
0.0012695134941603165
0.001085841957241146
0.0012425303073967245
0.0010292145531423148
GEN 87 time 1616950735
0.0012695134941603165
0.001085841957241146
0.0012425303073967245
0.0010292145531423148
GEN 88 time 1616950736
0.0012695134941603165
0.001085841957241146
0.0012425303073967245
0.0010292145531423148
GEN 89 time 1616950738
0.0012695134941603165
0.001085841957241146
0.0012425303073967245
0.0010292145531423148
GEN 90 time 1616950739
0.0012695134941603165
0.001085841957241146
0.0012425303073967245
0.0010292145531423148
GEN 91 time 1616950741
0.0012695134941603165
0.001085841957241146
0.0012425303073967245
0.0010292145531423148
GEN 92 time 1616950742
0.0012695134941603165
0.001085841957241146
0.0012425303073967245
0.0010292145531423148
GEN 93 time 1616950744
0.0012695134941603165
0.001085841957241146
0.0012425303073967245
0.0010292145531423148
GEN 94 time 1616950745
0.0012695134941603165
0.001085841957241146
0.0012425303073967245
0.0010292145531423148
GEN 95 time 1616950747
0.0012695134941603165
0.001085841957241146
0.0012425303073967245
0.0010292145531423148
GEN 96 time 1616950748
0.0012695134941603165
0.001085841957241146
0.0012425303073967245
0.0010292145531423148
GEN 97 time 1616950750
0.0012695134941603165
0.001085841957241146
0.0012425303073967245
0.0010292145531423148
GEN 98 time 1616950752
0.0012695134941603165
0.001085841957241146
0.0012425303073967245
0.0010292145531423148
GEN 99 time 1616950753
0.0012695134941603165
0.001085841957241146
0.0012425303073967245
0.0010292145531423148
GEN 100 time 1616950755
0.0012695134941603165
0.001085841957241146
0.0012425303073967245
0.0010292145531423148
GEN 101 time 1616950756
0.0012695134941603165
0.001085841957241146
0.0012425303073967245
0.0010292145531423148
GEN 102 time 1616950758
0.0012695134941603165
0.001085841957241146
0.0012425303073967245
0.0010292145531423148
GEN 103 time 1616950760
0.0012695134941603165
0.001085841957241146
0.0012425303073967245
0.0010292145531423148
GEN 104 time 1616950761
0.0012695134941603165
0.001085841957241146
0.0012425303073967245
0.0010292145531423148
GEN 105 time 1616950763
0.0012695134941603165
0.001085841957241146
0.0012425303073967245
0.0010292145531423148
GEN 106 time 1616950764
0.0012695134941603165
0.001085841957241146
0.0012425303073967245
0.0010292145531423148
GEN 107 time 1616950766
0.0012695134941603165
0.001085841957241146
0.0012425303073967245
0.0010292145531423148
GEN 108 time 1616950767
0.0012695134941603165
0.001085841957241146
0.0012425303073967245
0.0010292145531423148
GEN 109 time 1616950769
0.0012695134941603165
0.001085841957241146
0.0012425303073967245
0.0010292145531423148
GEN 110 time 1616950770
0.0012695134941603165
0.001085841957241146
0.0012204461332845213
0.0010292145531423148
GEN 111 time 1616950772
0.0012695134941603165
0.001085841957241146
0.0012204461332845213
0.0010292145531423148
GEN 112 time 1616950774
0.0012695134941603165
0.001085841957241146
0.0012204461332845213
0.0010292145531423148
GEN 113 time 1616950775
0.0012695134941603165
0.001085841957241146
0.0012204461332845213
0.0010292145531423148
GEN 114 time 1616950777
0.0012695134941603165
0.001085841957241146
0.0012204461332845213
0.0010292145531423148
GEN 115 time 1616950778
0.0012695134941603165
0.001085841957241146
0.0012204461332845213
0.0010292145531423148
GEN 116 time 1616950780
0.0012695134941603165
0.001085841957241146
0.0012204461332845213
0.0010292145531423148
GEN 117 time 1616950781
0.0012695134941603165
0.001085841957241146
0.0012204461332845213
0.0010292145531423148
GEN 118 time 1616950783
0.0012695134941603165
0.001085841957241146
0.0012204461332845213
0.0010292145531423148
GEN 119 time 1616950784
0.0012695134941603165
0.001085841957241146
0.0012204461332845213
0.0010292145531423148
GEN 120 time 1616950786
0.0012695134941603165
0.001085841957241146
0.0012204461332845213
0.0010292145531423148
GEN 121 time 1616950788
0.0012695134941603165
0.001085841957241146
0.0012204461332845213
0.0010292145531423148
GEN 122 time 1616950789
0.0012695134941603165
0.001085841957241146
0.0012204461332845213
0.0010292145531423148
GEN 123 time 1616950791
0.0012695134941603165
0.001085841957241146
0.0012204461332845213
0.0010292145531423148
GEN 124 time 1616950792
0.0012695134941603165
0.001085841957241146
0.0012204461332845213
0.0010292145531423148
GEN 125 time 1616950794
0.0012695134941603165
0.001085841957241146
0.0012204461332845213
0.0010292145531423148
GEN 126 time 1616950795
0.0012695134941603165
0.001085841957241146
0.0012204461332845213
0.0010292145531423148
GEN 127 time 1616950797
0.0012695134941603165
0.0010806703452201608
0.0012204461332845213
0.0010292145531423148
GEN 128 time 1616950799
0.0012695134941603165
0.0010806703452201608
0.0012204461332845213
0.0010292145531423148
GEN 129 time 1616950800
0.0012695134941603165
0.0010806703452201608
0.0012204461332845213
0.0010292145531423148
GEN 130 time 1616950802
0.0012695134941603165
0.0010806703452201608
0.0012204461332845213
0.0010292145531423148
GEN 131 time 1616950803
0.0012695134941603165
0.0010806703452201608
0.0012204461332845213
0.0010292145531423148
GEN 132 time 1616950805
0.0012695134941603165
0.0010806703452201608
0.0012204461332845213
0.0010292145531423148
GEN 133 time 1616950806
0.0012695134941603165
0.0010806703452201608
0.0012204461332845213
0.0010292145531423148
GEN 134 time 1616950808
0.0012695134941603165
0.0010806703452201608
0.0012204461332845213
0.0010292145531423148
GEN 135 time 1616950809
0.0012695134941603165
0.0010806703452201608
0.0012204461332845213
0.0010292145531423148
GEN 136 time 1616950811
0.0012695134941603165
0.0010806703452201608
0.0012204461332845213
0.0010292145531423148
GEN 137 time 1616950813
0.0012695134941603165
0.0010806703452201608
0.0012204461332845213
0.0010292145531423148
GEN 138 time 1616950814
0.0012695134941603165
0.0010806703452201608
0.0012204461332845213
0.0010292145531423148
GEN 139 time 1616950816
0.0012695134941603165
0.0010387448538012314
0.0012204461332845213
0.0010292145531423148
GEN 140 time 1616950817
0.0012695134941603165
0.0010387448538012314
0.0012204461332845213
0.0010292145531423148
GEN 141 time 1616950819
0.0012695134941603165
0.0010387448538012314
0.0012204461332845213
0.0010292145531423148
GEN 142 time 1616950820
0.0012695134941603165
0.0010387448538012314
0.0010671947936589372
0.0010292145531423148
GEN 143 time 1616950822
0.0012695134941603165
0.0010387448538012314
0.0010671947936589372
0.0010292145531423148
GEN 144 time 1616950823
0.0012695134941603165
0.0010387448538012314
0.0010671947936589372
0.0010292145531423148
GEN 145 time 1616950825
0.0012695134941603165
0.0010387448538012314
0.0010671947936589372
0.0010292145531423148
GEN 146 time 1616950827
0.0012695134941603165
0.0010322729785965904
0.0010671947936589372
0.0010292145531423148
GEN 147 time 1616950828
0.0012695134941603165
0.0010322729785965904
0.0010671947936589372
0.0010292145531423148
GEN 148 time 1616950830
0.0012695134941603165
0.0010322729785965904
0.0010671947936589372
0.0010292145531423148
GEN 149 time 1616950831
0.0012695134941603165
0.001016248193481059
0.0010671947936589372
0.0010292145531423148
GEN 150 time 1616950833
0.0012695134941603165
0.001016248193481059
0.0010671947936589372
0.0010258867512705691
GEN 151 time 1616950834
0.0012695134941603165
0.0010063109882693171
0.0010671947936589372
0.0010258867512705691
GEN 152 time 1616950836
0.0012695134941603165
0.0009567007889431001
0.0010671947936589372
0.0010258867512705691
GEN 153 time 1616950837
0.0012695134941603165
0.0009567007889431001
0.0010671947936589372
0.0010258867512705691
GEN 154 time 1616950839
0.0012695134941603165
0.0009567007889431001
0.0010671947936589372
0.0010258867512705691
GEN 155 time 1616950840
0.0012695134941603165
0.0009567007889431001
0.0010671947936589372
0.0010258867512705691
GEN 156 time 1616950842
0.0012695134941603165
0.0009567007889431001
0.0010671947936589372
0.0010258867512705691
GEN 157 time 1616950843
0.0012695134941603165
0.0009567007889431001
0.0010671947936589372
0.0010258867512705691
GEN 158 time 1616950845
0.0012695134941603165
0.0009567007889431001
0.0010671947936589372
0.0010258867512705691
GEN 159 time 1616950847
0.0012695134941603165
0.0009567007889431001
0.0010671947936589372
0.0010258867512705691
GEN 160 time 1616950848
0.0012695134941603165
0.0009567007889431001
0.0010671947936589372
0.0010258867512705691
GEN 161 time 1616950850
0.0012695134941603165
0.0009567007889431001
0.0010671947936589372
0.0010258867512705691
GEN 162 time 1616950852
0.0012695134941603165
0.0009567007889431001
0.0010671947936589372
0.0010258867512705691
GEN 163 time 1616950853
0.0012695134941603165
0.0009567007889431001
0.0010671947936589372
0.0010258867512705691
GEN 164 time 1616950855
0.0012695134941603165
0.0009567007889431001
0.0010671947936589372
0.0010258867512705691
GEN 165 time 1616950856
0.0012695134941603165
0.0009567007889431001
0.0010671947936589372
0.0010258867512705691
GEN 166 time 1616950858
0.0012695134941603165
0.0009567007889431001
0.0010671947936589372
0.0010156278647868216
GEN 167 time 1616950859
0.0012695134941603165
0.0009567007889431001
0.0010671947936589372
0.0010156278647868216
GEN 168 time 1616950861
0.0012695134941603165
0.0009567007889431001
0.0010425103073967246
0.0010156278647868216
GEN 169 time 1616950862
0.0012695134941603165
0.0009567007889431001
0.0010425103073967246
0.0010156278647868216
GEN 170 time 1616950864
0.0012695134941603165
0.0009567007889431001
0.0010425103073967246
0.0010156278647868216
GEN 171 time 1616950866
0.0012695134941603165
0.0009567007889431001
0.0010425103073967246
0.0010156278647868216
GEN 172 time 1616950867
0.0012695134941603165
0.0009567007889431001
0.0010425103073967246
0.0010156278647868216
GEN 173 time 1616950869
0.0012695134941603165
0.0009567007889431001
0.0010425103073967246
0.0010156278647868216
GEN 174 time 1616950870
0.0012695134941603165
0.0009567007889431001
0.0010425103073967246
0.0010156278647868216
GEN 175 time 1616950872
0.0012695134941603165
0.0009567007889431001
0.0010425103073967246
0.0010156278647868216
GEN 176 time 1616950873
0.0012695134941603165
0.0009567007889431001
0.0010425103073967246
0.0010156278647868216
GEN 177 time 1616950875
0.0012695134941603165
0.0009567007889431001
0.0010425103073967246
0.0010156278647868216
GEN 178 time 1616950876
0.0012695134941603165
0.0009567007889431001
0.0010425103073967246
0.0010156278647868216
GEN 179 time 1616950878
0.0012695134941603165
0.0009567007889431001
0.0010425103073967246
0.0010156278647868216
GEN 180 time 1616950880
0.0012695134941603165
0.0009567007889431001
0.0010425103073967246
0.0010156278647868216
GEN 181 time 1616950881
0.0012695134941603165
0.0009567007889431001
0.0010425103073967246
0.0010156278647868216
GEN 182 time 1616950883
0.0012695134941603165
0.0009567007889431001
0.0010425103073967246
0.0010156278647868216
GEN 183 time 1616950884
0.0012695134941603165
0.0009567007889431001
0.0010425103073967246
0.0010156278647868216
GEN 184 time 1616950886
0.0012695134941603165
0.0009567007889431001
0.0010425103073967246
0.0010156278647868216
GEN 185 time 1616950887
0.0012695134941603165
0.0009567007889431001
0.0010425103073967246
0.0010156278647868216
GEN 186 time 1616950889
0.0012695134941603165
0.0009567007889431001
0.0010425103073967246
0.0010156278647868216
GEN 187 time 1616950891
0.0012695134941603165
0.0009567007889431001
0.0010425103073967246
0.0010156278647868216
GEN 188 time 1616950892
0.0012695134941603165
0.0009567007889431001
0.0010425103073967246
0.0010091047800398492
GEN 189 time 1616950894
0.0012695134941603165
0.0009567007889431001
0.0010425103073967246
0.0010091047800398492
GEN 190 time 1616950895
0.0012695134941603165
0.0009567007889431001
0.0010425103073967246
0.0010091047800398492
GEN 191 time 1616950897
0.0012695134941603165
0.0009567007889431001
0.0010425103073967246
0.0010091047800398492
GEN 192 time 1616950898
0.0012695134941603165
0.0009567007889431001
0.0010425103073967246
0.0010091047800398492
GEN 193 time 1616950900
0.0012695134941603165
0.0009567007889431001
0.0010425103073967246
0.0010091047800398492
GEN 194 time 1616950901
0.0012695134941603165
0.0009567007889431001
0.0010425103073967246
0.0010067362069628564
GEN 195 time 1616950903
0.0012695134941603165
0.0009567007889431001
0.0010425103073967246
0.0010067362069628564
GEN 196 time 1616950904
0.0012695134941603165
0.0009567007889431001
0.0010425103073967246
0.0010067362069628564
GEN 197 time 1616950906
0.0012695134941603165
0.0009567007889431001
0.0010425103073967246
0.0010067362069628564
GEN 198 time 1616950908
0.0012695134941603165
0.0009567007889431001
0.0010425103073967246
0.0010067362069628564
GEN 199 time 1616950909
0.0012695134941603165
0.0009567007889431001
0.0010425103073967246
0.0010067362069628564
