['./data/small/layer/no-dem1_r25_1.json', './data/small/hop/no-dem10_r25_1_0.json', './data/small/hop/no-dem8_r25_1_0.json', './data/small/hop/no-dem9_r25_1_0.json']
GEN 0 time 1616974908
0.001571334718833375
0.0018368795399076306
0.0016117149100841658
0.0016993364693071063
GEN 1 time 1616974910
0.001571334718833375
0.0018314311051242686
0.0014542635008950432
0.0016993364693071063
GEN 2 time 1616974911
0.001571334718833375
0.0018314311051242686
0.0014542635008950432
0.001485186952398436
GEN 3 time 1616974913
0.001571334718833375
0.0018314311051242686
0.0014542635008950432
0.001485186952398436
GEN 4 time 1616974915
0.001571334718833375
0.0016836761556597718
0.0014542635008950432
0.001485186952398436
GEN 5 time 1616974917
0.001571334718833375
0.0016420635558466931
0.0014501241871782253
0.001485186952398436
GEN 6 time 1616974918
0.001571334718833375
0.0016420635558466931
0.0014402933666096906
0.001485186952398436
GEN 7 time 1616974920
0.001571334718833375
0.0016420635558466931
0.0014402933666096906
0.001485186952398436
GEN 8 time 1616974922
0.001571334718833375
0.0016420635558466931
0.001421863654914963
0.001485186952398436
GEN 9 time 1616974924
0.001571334718833375
0.001435553638577057
0.001340046487757537
0.001485186952398436
GEN 10 time 1616974925
0.001571334718833375
0.0012962824355172572
0.0012839827571732919
0.001485186952398436
GEN 11 time 1616974927
0.001571334718833375
0.0012962824355172572
0.0012585121280312172
0.001485186952398436
GEN 12 time 1616974929
0.001571334718833375
0.0012962824355172572
0.0012585121280312172
0.001485186952398436
GEN 13 time 1616974930
0.001571334718833375
0.0012962824355172572
0.0012585121280312172
0.001485186952398436
GEN 14 time 1616974932
0.001571334718833375
0.0012962824355172572
0.0012585121280312172
0.001485186952398436
GEN 15 time 1616974934
0.001571334718833375
0.0012962824355172572
0.0012585121280312172
0.001485186952398436
GEN 16 time 1616974936
0.001571334718833375
0.0012962824355172572
0.0012125194188833874
0.0014366651663754693
GEN 17 time 1616974937
0.001571334718833375
0.0012962824355172572
0.0012125194188833874
0.0014366651663754693
GEN 18 time 1616974939
0.001571334718833375
0.0012962824355172572
0.0012125194188833874
0.0014366651663754693
GEN 19 time 1616974941
0.001571334718833375
0.0012962824355172572
0.0012125194188833874
0.0014366651663754693
GEN 20 time 1616974943
0.001571334718833375
0.0012231910781527377
0.0012125194188833874
0.0014366651663754693
GEN 21 time 1616974945
0.001571334718833375
0.0012231910781527377
0.0012125194188833874
0.0014366651663754693
GEN 22 time 1616974946
0.001571334718833375
0.0012231910781527377
0.0012125194188833874
0.0014366651663754693
GEN 23 time 1616974948
0.001571334718833375
0.0012231910781527377
0.0012125194188833874
0.0014366651663754693
GEN 24 time 1616974950
0.001571334718833375
0.0012231910781527377
0.001199273377865592
0.0014366651663754693
GEN 25 time 1616974952
0.001571334718833375
0.0012231910781527377
0.001199273377865592
0.0014366651663754693
GEN 26 time 1616974953
0.001571334718833375
0.0012231910781527377
0.001199273377865592
0.0014366651663754693
GEN 27 time 1616974955
0.001571334718833375
0.0012231910781527377
0.001199273377865592
0.0014366651663754693
GEN 28 time 1616974957
0.001571334718833375
0.0012231910781527377
0.001199273377865592
0.0014366651663754693
GEN 29 time 1616974959
0.001571334718833375
0.0012231910781527377
0.001199273377865592
0.0014366651663754693
GEN 30 time 1616974961
0.001571334718833375
0.0012231910781527377
0.001199273377865592
0.0014366651663754693
GEN 31 time 1616974962
0.001571334718833375
0.0012231910781527377
0.001062152193365452
0.0014125858011207098
GEN 32 time 1616974964
0.001571334718833375
0.001207539278728922
0.001062152193365452
0.0014125858011207098
GEN 33 time 1616974966
0.001571334718833375
0.001207539278728922
0.001062152193365452
0.0014125858011207098
GEN 34 time 1616974968
0.001571334718833375
0.001207539278728922
0.001062152193365452
0.0014125858011207098
GEN 35 time 1616974969
0.001571334718833375
0.001207539278728922
0.001062152193365452
0.0014125858011207098
GEN 36 time 1616974971
0.001571334718833375
0.0010780347758951123
0.001062152193365452
0.0014125858011207098
GEN 37 time 1616974973
0.001571334718833375
0.0010780347758951123
0.001062152193365452
0.0014125858011207098
GEN 38 time 1616974975
0.001571334718833375
0.0010780347758951123
0.001062152193365452
0.0014125858011207098
GEN 39 time 1616974976
0.001571334718833375
0.0010780347758951123
0.001062152193365452
0.0014125858011207098
GEN 40 time 1616974978
0.001571334718833375
0.0010780347758951123
0.001062152193365452
0.0014125858011207098
GEN 41 time 1616974980
0.001571334718833375
0.0010780347758951123
0.0010225340234206702
0.0014125858011207098
GEN 42 time 1616974982
0.001571334718833375
0.0010780347758951123
0.0010225340234206702
0.0014125858011207098
GEN 43 time 1616974983
0.001571334718833375
0.0010780347758951123
0.0010225340234206702
0.0014125858011207098
GEN 44 time 1616974985
0.001571334718833375
0.0010780347758951123
0.0010225340234206702
0.0014125858011207098
GEN 45 time 1616974987
0.001571334718833375
0.0010780347758951123
0.0010225340234206702
0.0014125858011207098
GEN 46 time 1616974989
0.001571334718833375
0.0010780347758951123
0.0010225340234206702
0.0014125858011207098
GEN 47 time 1616974990
0.001571334718833375
0.0010780347758951123
0.0010225340234206702
0.0014125858011207098
GEN 48 time 1616974992
0.001571334718833375
0.0010780347758951123
0.0010225340234206702
0.0014125858011207098
GEN 49 time 1616974994
0.001571334718833375
0.0010780347758951123
0.0010225340234206702
0.0014125858011207098
GEN 50 time 1616974996
0.001571334718833375
0.0010780347758951123
0.0010225340234206702
0.0014125858011207098
GEN 51 time 1616974998
0.001571334718833375
0.0010780347758951123
0.0010225340234206702
0.0014125858011207098
GEN 52 time 1616974999
0.001571334718833375
0.0010780347758951123
0.0010225340234206702
0.0012851669523984359
GEN 53 time 1616975001
0.001571334718833375
0.0010780347758951123
0.0010225340234206702
0.0012851669523984359
GEN 54 time 1616975003
0.001571334718833375
0.0010780347758951123
0.0010225340234206702
0.0012851669523984359
GEN 55 time 1616975005
0.001571334718833375
0.0010780347758951123
0.0010225340234206702
0.0012851669523984359
GEN 56 time 1616975006
0.001571334718833375
0.0010780347758951123
0.0010225340234206702
0.0012851669523984359
GEN 57 time 1616975008
0.001571334718833375
0.0010780347758951123
0.0010225340234206702
0.0012851669523984359
GEN 58 time 1616975010
0.001571334718833375
0.0010780347758951123
0.0010225340234206702
0.0012851669523984359
GEN 59 time 1616975012
0.001571334718833375
0.0010780347758951123
0.0010225340234206702
0.0012851669523984359
GEN 60 time 1616975014
0.001571334718833375
0.001064462515393239
0.0010225340234206702
0.0012851669523984359
GEN 61 time 1616975015
0.001571334718833375
0.001064462515393239
0.0010225340234206702
0.0012851669523984359
GEN 62 time 1616975017
0.001571334718833375
0.001064462515393239
0.0010225340234206702
0.0012851669523984359
GEN 63 time 1616975019
0.001571334718833375
0.001064462515393239
0.0010225340234206702
0.0012851669523984359
GEN 64 time 1616975021
0.001571334718833375
0.001064462515393239
0.0010225340234206702
0.0012851669523984359
GEN 65 time 1616975022
0.001571334718833375
0.001064462515393239
0.0010218236549149628
0.0012851669523984359
GEN 66 time 1616975024
0.001571334718833375
0.001064462515393239
0.0010218236549149628
0.0012851669523984359
GEN 67 time 1616975026
0.001571334718833375
0.001064462515393239
0.0010218236549149628
0.0012851669523984359
GEN 68 time 1616975027
0.001571334718833375
0.001064462515393239
0.0010218236549149628
0.0012851669523984359
GEN 69 time 1616975029
0.001571334718833375
0.001064462515393239
0.0010218236549149628
0.0012851669523984359
GEN 70 time 1616975031
0.001571334718833375
0.001064462515393239
0.0010218236549149628
0.0012851669523984359
GEN 71 time 1616975033
0.001571334718833375
0.001064462515393239
0.0010218236549149628
0.0012851669523984359
GEN 72 time 1616975035
0.001571334718833375
0.001064462515393239
0.0010218236549149628
0.0012851669523984359
GEN 73 time 1616975037
0.001571334718833375
0.001064462515393239
0.0010218236549149628
0.0012851669523984359
GEN 74 time 1616975038
0.001571334718833375
0.001064462515393239
0.0010218236549149628
0.0012851669523984359
GEN 75 time 1616975040
0.001571334718833375
0.001064462515393239
0.0010218236549149628
0.0012851669523984359
GEN 76 time 1616975042
0.001571334718833375
0.001064462515393239
0.0010218236549149628
0.0012851669523984359
GEN 77 time 1616975044
0.001571334718833375
0.001064462515393239
0.0010218236549149628
0.0012851669523984359
GEN 78 time 1616975045
0.001571334718833375
0.001064462515393239
0.0010218236549149628
0.0012851669523984359
GEN 79 time 1616975047
0.001571334718833375
0.001064462515393239
0.0010218236549149628
0.0012851669523984359
GEN 80 time 1616975049
0.001571334718833375
0.001064462515393239
0.0010218236549149628
0.0012851669523984359
GEN 81 time 1616975051
0.001571334718833375
0.001064462515393239
0.0010218236549149628
0.0012851669523984359
GEN 82 time 1616975052
0.001571334718833375
0.001064462515393239
0.0010218236549149628
0.0012851669523984359
GEN 83 time 1616975054
0.001571334718833375
0.001064462515393239
0.0010218236549149628
0.0012851669523984359
GEN 84 time 1616975056
0.001571334718833375
0.001064462515393239
0.0010218236549149628
0.0012851669523984359
GEN 85 time 1616975058
0.001571334718833375
0.001064462515393239
0.0010218236549149628
0.0012851669523984359
GEN 86 time 1616975060
0.001571334718833375
0.001064462515393239
0.0010218236549149628
0.0012851669523984359
GEN 87 time 1616975061
0.001571334718833375
0.001064462515393239
0.0010218236549149628
0.0012851669523984359
GEN 88 time 1616975063
0.001571334718833375
0.001064462515393239
0.0010218236549149628
0.0012851669523984359
GEN 89 time 1616975065
0.001571334718833375
0.001064462515393239
0.0010218236549149628
0.0012851669523984359
GEN 90 time 1616975067
0.001571334718833375
0.001064462515393239
0.0010218236549149628
0.0012851669523984359
GEN 91 time 1616975068
0.001571334718833375
0.001064462515393239
0.0010218236549149628
0.0012851669523984359
GEN 92 time 1616975070
0.001571334718833375
0.001064462515393239
0.0010218236549149628
0.0012851669523984359
GEN 93 time 1616975072
0.001571334718833375
0.001064462515393239
0.0010218236549149628
0.0012851669523984359
GEN 94 time 1616975074
0.001571334718833375
0.001064462515393239
0.0010218236549149628
0.0012851669523984359
GEN 95 time 1616975075
0.001571334718833375
0.001064462515393239
0.0010218236549149628
0.0012851669523984359
GEN 96 time 1616975077
0.001571334718833375
0.001064462515393239
0.0010218236549149628
0.0012851669523984359
GEN 97 time 1616975079
0.001571334718833375
0.001064462515393239
0.0010218236549149628
0.0012851669523984359
GEN 98 time 1616975081
0.001571334718833375
0.001064462515393239
0.0010218236549149628
0.0012851669523984359
GEN 99 time 1616975082
0.001571334718833375
0.001064462515393239
0.0010218236549149628
0.0012851669523984359
GEN 100 time 1616975084
0.001571334718833375
0.001064462515393239
0.0010218236549149628
0.0012851669523984359
GEN 101 time 1616975086
0.001571334718833375
0.001064462515393239
0.0010218236549149628
0.0012851669523984359
GEN 102 time 1616975088
0.001571334718833375
0.001064462515393239
0.0010218236549149628
0.0012851669523984359
GEN 103 time 1616975090
0.001571334718833375
0.001064462515393239
0.0010218236549149628
0.0012851669523984359
GEN 104 time 1616975091
0.001571334718833375
0.0010516252308695154
0.0010218236549149628
0.0012851669523984359
GEN 105 time 1616975093
0.001571334718833375
0.0010516252308695154
0.0010218236549149628
0.0012851669523984359
GEN 106 time 1616975095
0.001571334718833375
0.0010516252308695154
0.0010218236549149628
0.0012851669523984359
GEN 107 time 1616975097
0.001571334718833375
0.0010516252308695154
0.0010218236549149628
0.0012851669523984359
GEN 108 time 1616975098
0.001571334718833375
0.0010516252308695154
0.0010218236549149628
0.0012851669523984359
GEN 109 time 1616975100
0.001571334718833375
0.0010516252308695154
0.0010218236549149628
0.0012851669523984359
GEN 110 time 1616975102
0.001571334718833375
0.0010516252308695154
0.0010218236549149628
0.0012851669523984359
GEN 111 time 1616975104
0.001571334718833375
0.0010516252308695154
0.0010218236549149628
0.0012851669523984359
GEN 112 time 1616975105
0.001571334718833375
0.0010516252308695154
0.0010218236549149628
0.0012608349016183346
GEN 113 time 1616975107
0.001571334718833375
0.0010516252308695154
0.0010218236549149628
0.0012608349016183346
GEN 114 time 1616975109
0.001571334718833375
0.0010516252308695154
0.0010218236549149628
0.0012608349016183346
GEN 115 time 1616975111
0.001571334718833375
0.0010516252308695154
0.0010218236549149628
0.0012608349016183346
GEN 116 time 1616975112
0.001571334718833375
0.0010516252308695154
0.0010218236549149628
0.0012608349016183346
GEN 117 time 1616975114
0.001571334718833375
0.0010516252308695154
0.0010218236549149628
0.0012608349016183346
GEN 118 time 1616975116
0.001571334718833375
0.0010516252308695154
0.0010218236549149628
0.0012608349016183346
GEN 119 time 1616975117
0.001571334718833375
0.0010516252308695154
0.0010218236549149628
0.0012608349016183346
GEN 120 time 1616975119
0.001571334718833375
0.0010516252308695154
0.0010218236549149628
0.0012608349016183346
GEN 121 time 1616975121
0.001571334718833375
0.0010516252308695154
0.0010218236549149628
0.0012608349016183346
GEN 122 time 1616975123
0.001571334718833375
0.0010364511962483256
0.0010218236549149628
0.0012608349016183346
GEN 123 time 1616975125
0.001571334718833375
0.0010364511962483256
0.0010218236549149628
0.0012608349016183346
GEN 124 time 1616975126
0.001571334718833375
0.0010364511962483256
0.0010218236549149628
0.0012608349016183346
GEN 125 time 1616975128
0.001571334718833375
0.0010364511962483256
0.0010218236549149628
0.0012608349016183346
GEN 126 time 1616975130
0.001571334718833375
0.0010364511962483256
0.0010218236549149628
0.0012608349016183346
GEN 127 time 1616975132
0.001571334718833375
0.0010364511962483256
0.0010187994018995815
0.0012608349016183346
GEN 128 time 1616975134
0.001571334718833375
0.0010364511962483256
0.0010187994018995815
0.0012608349016183346
GEN 129 time 1616975135
0.001571334718833375
0.0010364511962483256
0.0010187994018995815
0.0012608349016183346
GEN 130 time 1616975137
0.001571334718833375
0.0010364511962483256
0.0010187994018995815
0.0012608349016183346
GEN 131 time 1616975139
0.001571334718833375
0.0010364511962483256
0.0010187994018995815
0.0012608349016183346
GEN 132 time 1616975141
0.001571334718833375
0.0010364511962483256
0.0010187994018995815
0.0012608349016183346
GEN 133 time 1616975142
0.001571334718833375
0.0010364511962483256
0.0010187994018995815
0.0012608349016183346
GEN 134 time 1616975144
0.001571334718833375
0.0010364511962483256
0.0010187994018995815
0.0012608349016183346
GEN 135 time 1616975146
0.001571334718833375
0.0010364511962483256
0.0010187994018995815
0.0012608349016183346
GEN 136 time 1616975148
0.001571334718833375
0.0010364511962483256
0.0010187994018995815
0.0012608349016183346
GEN 137 time 1616975149
0.001571334718833375
0.0010364511962483256
0.0010187994018995815
0.0012608349016183346
GEN 138 time 1616975151
0.001571334718833375
0.0010364511962483256
0.0010187994018995815
0.0012608349016183346
GEN 139 time 1616975153
0.001571334718833375
0.0010364511962483256
0.0010187994018995815
0.0012608349016183346
GEN 140 time 1616975155
0.001571334718833375
0.0010364511962483256
0.0010187994018995815
0.0012608349016183346
GEN 141 time 1616975156
0.001571334718833375
0.0010364511962483256
0.0010187994018995815
0.0012608349016183346
GEN 142 time 1616975158
0.001571334718833375
0.0010364511962483256
0.0010187994018995815
0.0012608349016183346
GEN 143 time 1616975160
0.001571334718833375
0.0010364511962483256
0.0010187994018995815
0.0012608349016183346
GEN 144 time 1616975162
0.001571334718833375
0.0010364511962483256
0.0010187994018995815
0.0012608349016183346
GEN 145 time 1616975164
0.001571334718833375
0.0010364511962483256
0.0010187994018995815
0.0012608349016183346
GEN 146 time 1616975165
0.001571334718833375
0.0010364511962483256
0.0010187994018995815
0.0012608349016183346
GEN 147 time 1616975167
0.001571334718833375
0.0010364511962483256
0.0010187994018995815
0.0012608349016183346
GEN 148 time 1616975169
0.001571334718833375
0.0010364511962483256
0.0010187994018995815
0.0012608349016183346
GEN 149 time 1616975171
0.001571334718833375
0.0010364511962483256
0.0010187994018995815
0.0012608349016183346
GEN 150 time 1616975172
0.001571334718833375
0.0010364511962483256
0.0010187994018995815
0.0012608349016183346
GEN 151 time 1616975174
0.001571334718833375
0.0010364511962483256
0.0010187994018995815
0.0012608349016183346
GEN 152 time 1616975176
0.001571334718833375
0.0010364511962483256
0.0010187994018995815
0.0012608349016183346
GEN 153 time 1616975178
0.001571334718833375
0.0010364511962483256
0.0010187994018995815
0.0012608349016183346
GEN 154 time 1616975179
0.001571334718833375
0.0010364511962483256
0.0010187994018995815
0.0012608349016183346
GEN 155 time 1616975181
0.001571334718833375
0.0010364511962483256
0.0010187994018995815
0.0012608349016183346
GEN 156 time 1616975183
0.001571334718833375
0.0010364511962483256
0.0010152477696359552
0.0012608349016183346
GEN 157 time 1616975185
0.001571334718833375
0.0010364511962483256
0.0010152477696359552
0.0012608349016183346
GEN 158 time 1616975186
0.001571334718833375
0.0010364511962483256
0.0010152477696359552
0.0012608349016183346
GEN 159 time 1616975188
0.001571334718833375
0.0010364511962483256
0.0010152477696359552
0.0012608349016183346
GEN 160 time 1616975190
0.001571334718833375
0.0010364511962483256
0.0010152477696359552
0.0012608349016183346
GEN 161 time 1616975192
0.001571334718833375
0.0010364511962483256
0.0010152477696359552
0.0012608349016183346
GEN 162 time 1616975194
0.001571334718833375
0.0010364511962483256
0.0010152477696359552
0.0012608349016183346
GEN 163 time 1616975195
0.001571334718833375
0.0010364511962483256
0.0010152477696359552
0.0012608349016183346
GEN 164 time 1616975197
0.001571334718833375
0.0010364511962483256
0.0010152477696359552
0.0012608349016183346
GEN 165 time 1616975199
0.001571334718833375
0.0010364511962483256
0.0010152477696359552
0.0012608349016183346
GEN 166 time 1616975201
0.001571334718833375
0.0010364511962483256
0.0010152477696359552
0.0012608349016183346
GEN 167 time 1616975202
0.001571334718833375
0.0010364511962483256
0.0010152477696359552
0.0012608349016183346
GEN 168 time 1616975204
0.001571334718833375
0.0010364511962483256
0.0010152477696359552
0.0012608349016183346
GEN 169 time 1616975206
0.001571334718833375
0.0010364511962483256
0.0010152477696359552
0.0012608349016183346
GEN 170 time 1616975208
0.001571334718833375
0.0010364511962483256
0.0010152477696359552
0.0012608349016183346
GEN 171 time 1616975209
0.001571334718833375
0.0010364511962483256
0.0010152477696359552
0.0012608349016183346
GEN 172 time 1616975211
0.001571334718833375
0.0010364511962483256
0.0010152477696359552
0.0012608349016183346
GEN 173 time 1616975213
0.001571334718833375
0.0010364511962483256
0.0010152477696359552
0.0012608349016183346
GEN 174 time 1616975215
0.001571334718833375
0.0010364511962483256
0.0010152477696359552
0.0012608349016183346
GEN 175 time 1616975216
0.001571334718833375
0.0010364511962483256
0.0010152477696359552
0.0012608349016183346
GEN 176 time 1616975218
0.001571334718833375
0.0010364511962483256
0.0010152477696359552
0.0012608349016183346
GEN 177 time 1616975220
0.001571334718833375
0.0010364511962483256
0.0010152477696359552
0.0012608349016183346
GEN 178 time 1616975222
0.001571334718833375
0.0010364511962483256
0.0010152477696359552
0.0012608349016183346
GEN 179 time 1616975223
0.001571334718833375
0.0010364511962483256
0.0010152477696359552
0.0012608349016183346
GEN 180 time 1616975225
0.001571334718833375
0.0010364511962483256
0.0010152477696359552
0.0012608349016183346
GEN 181 time 1616975227
0.001571334718833375
0.0010364511962483256
0.0010152477696359552
0.0012608349016183346
GEN 182 time 1616975229
0.001571334718833375
0.0010364511962483256
0.0010152477696359552
0.0012608349016183346
GEN 183 time 1616975231
0.001571334718833375
0.0010364511962483256
0.0010152477696359552
0.0012608349016183346
GEN 184 time 1616975232
0.001571334718833375
0.0010364511962483256
0.0010152477696359552
0.0012608349016183346
GEN 185 time 1616975234
0.001571334718833375
0.0010364511962483256
0.0010152477696359552
0.0012608349016183346
GEN 186 time 1616975236
0.001571334718833375
0.0010364511962483256
0.0010152477696359552
0.0012608349016183346
GEN 187 time 1616975238
0.001571334718833375
0.0010364511962483256
0.0010152477696359552
0.0012608349016183346
GEN 188 time 1616975239
0.001571334718833375
0.0010364511962483256
0.0010152477696359552
0.0012608349016183346
GEN 189 time 1616975241
0.001571334718833375
0.0010364511962483256
0.0010152477696359552
0.0012608349016183346
GEN 190 time 1616975243
0.001571334718833375
0.0010364511962483256
0.0010152477696359552
0.0012608349016183346
GEN 191 time 1616975245
0.001571334718833375
0.0010364511962483256
0.0010152477696359552
0.0012608349016183346
GEN 192 time 1616975247
0.001571334718833375
0.0010364511962483256
0.0010152477696359552
0.0012608349016183346
GEN 193 time 1616975248
0.001571334718833375
0.0010364511962483256
0.0010152477696359552
0.0012608349016183346
GEN 194 time 1616975250
0.001571334718833375
0.0010364511962483256
0.0010152477696359552
0.0012608349016183346
GEN 195 time 1616975252
0.001571334718833375
0.0010364511962483256
0.0010152477696359552
0.0012608349016183346
GEN 196 time 1616975254
0.001571334718833375
0.0010364511962483256
0.0010152477696359552
0.0012608349016183346
GEN 197 time 1616975255
0.001571334718833375
0.0010364511962483256
0.0010152477696359552
0.0012608349016183346
GEN 198 time 1616975257
0.001571334718833375
0.0010364511962483256
0.0010152477696359552
0.0012608349016183346
GEN 199 time 1616975259
0.001571334718833375
0.0010364511962483256
0.0010152477696359552
0.0012608349016183346
