['./data/small/layer/no-dem7_r25_1.json', './data/small/hop/no-dem6_r25_1_0.json', './data/small/hop/no-dem7_r25_1_0.json', './data/small/hop/no-dem3_r25_1_0.json']
GEN 0 time 1616950296
0.0014339178610126109
0.001578746725530693
0.0016508018025338808
0.0014147336553455635
GEN 1 time 1616950297
0.0014339178610126109
0.001578746725530693
0.0016508018025338808
0.0014147336553455635
GEN 2 time 1616950299
0.0013660991001124172
0.0014698805469942427
0.0016508018025338808
0.0014147336553455635
GEN 3 time 1616950300
0.0013660991001124172
0.0014698805469942427
0.0016508018025338808
0.0014147336553455635
GEN 4 time 1616950302
0.001307559526313687
0.0014698805469942427
0.0016508018025338808
0.0012609754956895898
GEN 5 time 1616950303
0.001307559526313687
0.001257007006300229
0.0016508018025338808
0.0012609754956895898
GEN 6 time 1616950305
0.001307559526313687
0.001257007006300229
0.0016508018025338808
0.0012609754956895898
GEN 7 time 1616950306
0.001307559526313687
0.001257007006300229
0.0016508018025338808
0.0012609754956895898
GEN 8 time 1616950308
0.001307559526313687
0.001257007006300229
0.0015677869392751913
0.0012609754956895898
GEN 9 time 1616950310
0.001307559526313687
0.001257007006300229
0.0015076758949811287
0.0012609754956895898
GEN 10 time 1616950311
0.001307559526313687
0.001257007006300229
0.0015076758949811287
0.0012609754956895898
GEN 11 time 1616950313
0.001307559526313687
0.001257007006300229
0.0015076758949811287
0.0012609754956895898
GEN 12 time 1616950314
0.001307559526313687
0.001257007006300229
0.0015076758949811287
0.0012609754956895898
GEN 13 time 1616950316
0.001307559526313687
0.001257007006300229
0.0014206682029687242
0.0012609754956895898
GEN 14 time 1616950317
0.001307559526313687
0.001220022743255199
0.0014206682029687242
0.0012609754956895898
GEN 15 time 1616950319
0.001307559526313687
0.001220022743255199
0.0014206682029687242
0.001258329562618363
GEN 16 time 1616950320
0.001307559526313687
0.001220022743255199
0.0014206682029687242
0.0012082403287515537
GEN 17 time 1616950322
0.001307559526313687
0.001220022743255199
0.0014206682029687242
0.0012082403287515537
GEN 18 time 1616950324
0.001307559526313687
0.001220022743255199
0.0014206682029687242
0.0012082403287515537
GEN 19 time 1616950325
0.001307559526313687
0.001220022743255199
0.0014206682029687242
0.0012082403287515537
GEN 20 time 1616950327
0.001307559526313687
0.001220022743255199
0.0014206682029687242
0.0012082403287515537
GEN 21 time 1616950328
0.001307559526313687
0.001220022743255199
0.0014206682029687242
0.0012082403287515537
GEN 22 time 1616950330
0.001307559526313687
0.0012168415492294572
0.0014206682029687242
0.0012082403287515537
GEN 23 time 1616950331
0.001307559526313687
0.0012168415492294572
0.0014117358119221147
0.0011778346405912723
GEN 24 time 1616950333
0.001307559526313687
0.0012168415492294572
0.0014117358119221147
0.0011778346405912723
GEN 25 time 1616950334
0.001307559526313687
0.0012168415492294572
0.0014117358119221147
0.0010609554956895898
GEN 26 time 1616950336
0.001307559526313687
0.0012168415492294572
0.0014117358119221147
0.0010609554956895898
GEN 27 time 1616950338
0.001307559526313687
0.0012168415492294572
0.0014117358119221147
0.0010609554956895898
GEN 28 time 1616950339
0.001307559526313687
0.0012168415492294572
0.0014117358119221147
0.0010609554956895898
GEN 29 time 1616950341
0.001307559526313687
0.0012168415492294572
0.0014117358119221147
0.0010609554956895898
GEN 30 time 1616950342
0.001307559526313687
0.0012168415492294572
0.0014117358119221147
0.0010609554956895898
GEN 31 time 1616950344
0.001307559526313687
0.0012168415492294572
0.0014117358119221147
0.0010609554956895898
GEN 32 time 1616950345
0.001307559526313687
0.0012168415492294572
0.0014117358119221147
0.0010609554956895898
GEN 33 time 1616950347
0.001307559526313687
0.0012168415492294572
0.0014117358119221147
0.0010609554956895898
GEN 34 time 1616950348
0.0012695134941603165
0.0012168415492294572
0.0012672147936589372
0.0010609554956895898
GEN 35 time 1616950350
0.0012695134941603165
0.0012168415492294572
0.0012672147936589372
0.0010545422682825567
GEN 36 time 1616950351
0.0012695134941603165
0.0010710489516048342
0.0012672147936589372
0.0010545422682825567
GEN 37 time 1616950353
0.0012695134941603165
0.0010710489516048342
0.0012672147936589372
0.0010545422682825567
GEN 38 time 1616950354
0.0012695134941603165
0.0010710489516048342
0.0012672147936589372
0.0010545422682825567
GEN 39 time 1616950356
0.0012695134941603165
0.0010710489516048342
0.0012672147936589372
0.0010545422682825567
GEN 40 time 1616950357
0.0012695134941603165
0.0010710489516048342
0.0012672147936589372
0.0010545422682825567
GEN 41 time 1616950359
0.0012695134941603165
0.0010710489516048342
0.0012672147936589372
0.0010545422682825567
GEN 42 time 1616950361
0.0012695134941603165
0.0010710489516048342
0.0012672147936589372
0.0010545422682825567
GEN 43 time 1616950362
0.0012695134941603165
0.0010602257114737008
0.0012672147936589372
0.0010545422682825567
GEN 44 time 1616950364
0.0012695134941603165
0.0010602257114737008
0.0012672147936589372
0.0010545422682825567
GEN 45 time 1616950366
0.0012695134941603165
0.0010602257114737008
0.0012672147936589372
0.0010545422682825567
GEN 46 time 1616950367
0.0012695134941603165
0.0010602257114737008
0.0012672147936589372
0.0010545422682825567
GEN 47 time 1616950369
0.0012695134941603165
0.0010602257114737008
0.0012672147936589372
0.0010545422682825567
GEN 48 time 1616950370
0.0012695134941603165
0.0010602257114737008
0.0012672147936589372
0.0010545422682825567
GEN 49 time 1616950372
0.0012695134941603165
0.0010602257114737008
0.0012672147936589372
0.0010545422682825567
GEN 50 time 1616950373
0.0012695134941603165
0.0010602257114737008
0.0012672147936589372
0.0010545422682825567
GEN 51 time 1616950375
0.0012695134941603165
0.0010602257114737008
0.0012672147936589372
0.0010545422682825567
GEN 52 time 1616950376
0.0012695134941603165
0.0010602257114737008
0.0012672147936589372
0.0010545422682825567
GEN 53 time 1616950378
0.0012695134941603165
0.0010602257114737008
0.0012672147936589372
0.0010545422682825567
GEN 54 time 1616950380
0.0012695134941603165
0.0010602257114737008
0.0012672147936589372
0.0010545422682825567
GEN 55 time 1616950381
0.0012695134941603165
0.0010602257114737008
0.0012576648358158548
0.0010545422682825567
GEN 56 time 1616950383
0.0012695134941603165
0.0010569870063002291
0.0012576648358158548
0.0010545422682825567
GEN 57 time 1616950384
0.0012695134941603165
0.0010569870063002291
0.0012576648358158548
0.0010545422682825567
GEN 58 time 1616950386
0.0012695134941603165
0.0010569870063002291
0.0012576648358158548
0.0010545422682825567
GEN 59 time 1616950387
0.0012695134941603165
0.0010569870063002291
0.0012576648358158548
0.0010545422682825567
GEN 60 time 1616950389
0.0012695134941603165
0.0010569870063002291
0.0012576648358158548
0.0010545422682825567
GEN 61 time 1616950390
0.0012695134941603165
0.0010569870063002291
0.0012576648358158548
0.0010545422682825567
GEN 62 time 1616950392
0.0012695134941603165
0.0010569870063002291
0.0012576648358158548
0.0010545422682825567
GEN 63 time 1616950393
0.0012695134941603165
0.0010569870063002291
0.0012576648358158548
0.0010545422682825567
GEN 64 time 1616950395
0.0012695134941603165
0.0010569870063002291
0.0012576648358158548
0.0010545422682825567
GEN 65 time 1616950397
0.0012695134941603165
0.0010569870063002291
0.0012576648358158548
0.0010545422682825567
GEN 66 time 1616950398
0.0012695134941603165
0.0010569870063002291
0.0012576648358158548
0.0010545422682825567
GEN 67 time 1616950400
0.0012695134941603165
0.0010569870063002291
0.0012576648358158548
0.0010545422682825567
GEN 68 time 1616950401
0.0012695134941603165
0.0010569870063002291
0.0012576648358158548
0.0010545422682825567
GEN 69 time 1616950403
0.0012695134941603165
0.0010569870063002291
0.0012576648358158548
0.0010545422682825567
GEN 70 time 1616950404
0.0012695134941603165
0.0010569870063002291
0.0012576648358158548
0.0010545422682825567
GEN 71 time 1616950406
0.0012695134941603165
0.0010569870063002291
0.0012576648358158548
0.0010545422682825567
GEN 72 time 1616950408
0.0012695134941603165
0.0010569870063002291
0.0012576648358158548
0.0010545422682825567
GEN 73 time 1616950409
0.0012695134941603165
0.0010569870063002291
0.0012576648358158548
0.0010545422682825567
GEN 74 time 1616950410
0.0012695134941603165
0.0010569870063002291
0.0012576648358158548
0.0010545422682825567
GEN 75 time 1616950412
0.0012695134941603165
0.0010569870063002291
0.0012576648358158548
0.0010545422682825567
GEN 76 time 1616950414
0.0012695134941603165
0.0010569870063002291
0.0012576648358158548
0.0010545422682825567
GEN 77 time 1616950415
0.0012695134941603165
0.0010569870063002291
0.0012576648358158548
0.0010545422682825567
GEN 78 time 1616950417
0.0012695134941603165
0.0010569870063002291
0.0012576648358158548
0.0010545422682825567
GEN 79 time 1616950418
0.0012695134941603165
0.0010569870063002291
0.0012576648358158548
0.0010545422682825567
GEN 80 time 1616950420
0.0012695134941603165
0.0010569870063002291
0.0012576648358158548
0.0010545422682825567
GEN 81 time 1616950422
0.0012695134941603165
0.0010569870063002291
0.0012576648358158548
0.0010545422682825567
GEN 82 time 1616950423
0.0012695134941603165
0.0010569870063002291
0.0012576648358158548
0.0010545422682825567
GEN 83 time 1616950425
0.0012695134941603165
0.0010569870063002291
0.0012576648358158548
0.0010545422682825567
GEN 84 time 1616950426
0.0012695134941603165
0.0010569870063002291
0.0012576648358158548
0.0010545422682825567
GEN 85 time 1616950428
0.0012695134941603165
0.0010569870063002291
0.0012576648358158548
0.0010545422682825567
GEN 86 time 1616950429
0.0012695134941603165
0.0010569870063002291
0.0012576648358158548
0.0010545422682825567
GEN 87 time 1616950431
0.0012695134941603165
0.0010569870063002291
0.0012576648358158548
0.0010545422682825567
GEN 88 time 1616950432
0.0012695134941603165
0.0010569870063002291
0.0012576648358158548
0.0010545422682825567
GEN 89 time 1616950434
0.0012695134941603165
0.0010545574419540565
0.0012576648358158548
0.0010545422682825567
GEN 90 time 1616950435
0.0012695134941603165
0.0010545574419540565
0.0012576648358158548
0.0010545422682825567
GEN 91 time 1616950437
0.0012695134941603165
0.0010545574419540565
0.0012576648358158548
0.0010545422682825567
GEN 92 time 1616950439
0.0012695134941603165
0.0010545574419540565
0.0012576648358158548
0.0010545422682825567
GEN 93 time 1616950440
0.0012695134941603165
0.0010545574419540565
0.0012576648358158548
0.0010545422682825567
GEN 94 time 1616950442
0.0012695134941603165
0.0010545574419540565
0.0012576648358158548
0.0010527233565439686
GEN 95 time 1616950443
0.0012695134941603165
0.0010545574419540565
0.0012576648358158548
0.0010527233565439686
GEN 96 time 1616950445
0.0012695134941603165
0.0010545574419540565
0.0012576648358158548
0.0010527233565439686
GEN 97 time 1616950446
0.0012695134941603165
0.0010545574419540565
0.0012576648358158548
0.0010527233565439686
GEN 98 time 1616950448
0.0012695134941603165
0.0010545574419540565
0.0012576648358158548
0.0010527233565439686
GEN 99 time 1616950450
0.0012695134941603165
0.0010545574419540565
0.0012576648358158548
0.0010527233565439686
GEN 100 time 1616950451
0.0012695134941603165
0.0010545574419540565
0.0012576648358158548
0.0010527233565439686
GEN 101 time 1616950453
0.0012695134941603165
0.0010545574419540565
0.0012576648358158548
0.0010527233565439686
GEN 102 time 1616950454
0.0012695134941603165
0.0010545574419540565
0.0012576648358158548
0.0010527233565439686
GEN 103 time 1616950456
0.0012695134941603165
0.0010545574419540565
0.0012576648358158548
0.0010527233565439686
GEN 104 time 1616950457
0.0012695134941603165
0.0010545574419540565
0.0012576648358158548
0.0010527233565439686
GEN 105 time 1616950459
0.0012695134941603165
0.0010545574419540565
0.0012576648358158548
0.0010527233565439686
GEN 106 time 1616950461
0.0012695134941603165
0.0010545574419540565
0.0012576648358158548
0.0010527233565439686
GEN 107 time 1616950462
0.0012695134941603165
0.0010545574419540565
0.0012576648358158548
0.0010527233565439686
GEN 108 time 1616950464
0.0012695134941603165
0.0010545574419540565
0.0012576648358158548
0.0010527233565439686
GEN 109 time 1616950465
0.0012695134941603165
0.0010545574419540565
0.0012576648358158548
0.0010527233565439686
GEN 110 time 1616950467
0.0012695134941603165
0.0010545574419540565
0.0012576648358158548
0.0010527233565439686
GEN 111 time 1616950468
0.0012695134941603165
0.0010545574419540565
0.0012576648358158548
0.0010527233565439686
GEN 112 time 1616950470
0.0012695134941603165
0.0010545574419540565
0.0012451749773871455
0.0010527233565439686
GEN 113 time 1616950471
0.0012695134941603165
0.0010545574419540565
0.001236908591309663
0.0010527233565439686
GEN 114 time 1616950473
0.0012695134941603165
0.0010545574419540565
0.001236908591309663
0.0010527233565439686
GEN 115 time 1616950475
0.0012695134941603165
0.0010545574419540565
0.001236908591309663
0.0010527233565439686
GEN 116 time 1616950476
0.0012695134941603165
0.0010545574419540565
0.001236908591309663
0.0010527233565439686
GEN 117 time 1616950478
0.0012695134941603165
0.0010545574419540565
0.001236908591309663
0.0010527233565439686
GEN 118 time 1616950479
0.0012695134941603165
0.0010545574419540565
0.001236908591309663
0.0010527233565439686
GEN 119 time 1616950481
0.0012695134941603165
0.0010545574419540565
0.001236908591309663
0.0010527233565439686
GEN 120 time 1616950482
0.0012695134941603165
0.0010545574419540565
0.001236908591309663
0.0010527233565439686
GEN 121 time 1616950484
0.0012695134941603165
0.0010545574419540565
0.001236908591309663
0.0010527233565439686
GEN 122 time 1616950485
0.0012695134941603165
0.0010545574419540565
0.001236908591309663
0.0010433429584023402
GEN 123 time 1616950487
0.0012695134941603165
0.0010545574419540565
0.001236908591309663
0.0010433429584023402
GEN 124 time 1616950489
0.0012695134941603165
0.0010545574419540565
0.001227334215013923
0.0010433429584023402
GEN 125 time 1616950490
0.0012695134941603165
0.001051176841880993
0.001227334215013923
0.0010433429584023402
GEN 126 time 1616950492
0.0012695134941603165
0.001051176841880993
0.001227334215013923
0.0010433429584023402
GEN 127 time 1616950493
0.0012695134941603165
0.001051176841880993
0.001227334215013923
0.0010433429584023402
GEN 128 time 1616950495
0.0012695134941603165
0.001051176841880993
0.001227334215013923
0.0010433429584023402
GEN 129 time 1616950497
0.0012695134941603165
0.001051176841880993
0.001227334215013923
0.0010433429584023402
GEN 130 time 1616950498
0.0012695134941603165
0.001051176841880993
0.001227334215013923
0.0010433429584023402
GEN 131 time 1616950500
0.0012695134941603165
0.001051176841880993
0.001227334215013923
0.0010433429584023402
GEN 132 time 1616950501
0.0012695134941603165
0.001051176841880993
0.001227334215013923
0.0010433429584023402
GEN 133 time 1616950503
0.0012695134941603165
0.001051176841880993
0.001227334215013923
0.0010433429584023402
GEN 134 time 1616950504
0.0012695134941603165
0.001051176841880993
0.001216680653566237
0.0010433429584023402
GEN 135 time 1616950506
0.0012695134941603165
0.001051176841880993
0.001216680653566237
0.0010433429584023402
GEN 136 time 1616950507
0.0012695134941603165
0.001051176841880993
0.0012149267966248055
0.0010433429584023402
GEN 137 time 1616950509
0.0012695134941603165
0.001051176841880993
0.0012149267966248055
0.0010433429584023402
GEN 138 time 1616950511
0.0012695134941603165
0.001051176841880993
0.0012149267966248055
0.0010433429584023402
GEN 139 time 1616950512
0.0012695134941603165
0.001051176841880993
0.0012149267966248055
0.0010433429584023402
GEN 140 time 1616950514
0.0012695134941603165
0.001051176841880993
0.0012149267966248055
0.0010433429584023402
GEN 141 time 1616950515
0.0012695134941603165
0.001051176841880993
0.0012117158119221145
0.0010433429584023402
GEN 142 time 1616950517
0.0012695134941603165
0.001051176841880993
0.0012117158119221145
0.0010433429584023402
GEN 143 time 1616950518
0.0012695134941603165
0.001051176841880993
0.0012117158119221145
0.0010433429584023402
GEN 144 time 1616950520
0.0012695134941603165
0.001051176841880993
0.0012117158119221145
0.0010433429584023402
GEN 145 time 1616950521
0.0012695134941603165
0.001051176841880993
0.0012117158119221145
0.0010224777560128566
GEN 146 time 1616950523
0.0012695134941603165
0.001051176841880993
0.0012117158119221145
0.0010224777560128566
GEN 147 time 1616950525
0.0012695134941603165
0.001051176841880993
0.0012117158119221145
0.0010224777560128566
GEN 148 time 1616950526
0.0012695134941603165
0.001051176841880993
0.0012117158119221145
0.0010224777560128566
GEN 149 time 1616950528
0.0012695134941603165
0.001051176841880993
0.0012117158119221145
0.0010224777560128566
GEN 150 time 1616950529
0.0012695134941603165
0.001051176841880993
0.0012117158119221145
0.0010224777560128566
GEN 151 time 1616950531
0.0012695134941603165
0.001051176841880993
0.0012117158119221145
0.0010224777560128566
GEN 152 time 1616950532
0.0012695134941603165
0.001051176841880993
0.0012117158119221145
0.0010224777560128566
GEN 153 time 1616950534
0.0012695134941603165
0.001051176841880993
0.0012117158119221145
0.0010224777560128566
GEN 154 time 1616950535
0.0012695134941603165
0.001051176841880993
0.0012117158119221145
0.0010224777560128566
GEN 155 time 1616950537
0.0012695134941603165
0.001051176841880993
0.0012117158119221145
0.0010209676394775957
GEN 156 time 1616950538
0.0012695134941603165
0.001051176841880993
0.0012109840284792888
0.0010209676394775957
GEN 157 time 1616950540
0.0012695134941603165
0.001051176841880993
0.0012109840284792888
0.0010209676394775957
GEN 158 time 1616950542
0.0012695134941603165
0.001051176841880993
0.0012109840284792888
0.0010156278647868216
GEN 159 time 1616950543
0.0012695134941603165
0.001051176841880993
0.0012109840284792888
0.0010156278647868216
GEN 160 time 1616950545
0.0012695134941603165
0.001051176841880993
0.0012109840284792888
0.0010156278647868216
GEN 161 time 1616950546
0.0012695134941603165
0.001051176841880993
0.0012109840284792888
0.0010156278647868216
GEN 162 time 1616950548
0.0012695134941603165
0.001051176841880993
0.0012095503564618188
0.0010156278647868216
GEN 163 time 1616950549
0.0012695134941603165
0.001051176841880993
0.0012095503564618188
0.0010143157811559008
GEN 164 time 1616950551
0.0012695134941603165
0.001051176841880993
0.0012095503564618188
0.0010143157811559008
GEN 165 time 1616950553
0.0012695134941603165
0.001051176841880993
0.0012095503564618188
0.0010143157811559008
GEN 166 time 1616950554
0.0012695134941603165
0.001051176841880993
0.0012095503564618188
0.0010143157811559008
GEN 167 time 1616950556
0.0012695134941603165
0.001051176841880993
0.0012095503564618188
0.0010143157811559008
GEN 168 time 1616950557
0.0012695134941603165
0.001051176841880993
0.0012095503564618188
0.0010143157811559008
GEN 169 time 1616950559
0.0012695134941603165
0.001051176841880993
0.0012095503564618188
0.0010143157811559008
GEN 170 time 1616950560
0.0012695134941603165
0.001051176841880993
0.0012095503564618188
0.0010143157811559008
GEN 171 time 1616950562
0.0012695134941603165
0.001051176841880993
0.0012095503564618188
0.0010143157811559008
GEN 172 time 1616950563
0.0012695134941603165
0.001051176841880993
0.0012095503564618188
0.0010143157811559008
GEN 173 time 1616950565
0.0012695134941603165
0.001051176841880993
0.0012095503564618188
0.0010143157811559008
GEN 174 time 1616950566
0.0012695134941603165
0.001051176841880993
0.0012095503564618188
0.0010143157811559008
GEN 175 time 1616950568
0.0012695134941603165
0.001051176841880993
0.0012095503564618188
0.0010143157811559008
GEN 176 time 1616950570
0.0012695134941603165
0.001051176841880993
0.0012095503564618188
0.0010143157811559008
GEN 177 time 1616950571
0.0012695134941603165
0.001051176841880993
0.0012095503564618188
0.0010143157811559008
GEN 178 time 1616950573
0.0012695134941603165
0.001051176841880993
0.0012095503564618188
0.0010143157811559008
GEN 179 time 1616950574
0.0012695134941603165
0.001051176841880993
0.0012095503564618188
0.0010143157811559008
GEN 180 time 1616950576
0.0012695134941603165
0.001051176841880993
0.0012095503564618188
0.0010143157811559008
GEN 181 time 1616950577
0.0012695134941603165
0.001051176841880993
0.0012095503564618188
0.0010143157811559008
GEN 182 time 1616950579
0.0012695134941603165
0.001051176841880993
0.0012095503564618188
0.0010143157811559008
GEN 183 time 1616950581
0.0012695134941603165
0.001051176841880993
0.0012095503564618188
0.0010143157811559008
GEN 184 time 1616950582
0.0012695134941603165
0.001051176841880993
0.0012095503564618188
0.0010143157811559008
GEN 185 time 1616950584
0.0012695134941603165
0.001051176841880993
0.0012095503564618188
0.0010143157811559008
GEN 186 time 1616950585
0.0012695134941603165
0.001051176841880993
0.0012095503564618188
0.0010143157811559008
GEN 187 time 1616950587
0.0012695134941603165
0.001051176841880993
0.0012095503564618188
0.0010143157811559008
GEN 188 time 1616950588
0.0012695134941603165
0.001051176841880993
0.0012095503564618188
0.0010143157811559008
GEN 189 time 1616950590
0.0012695134941603165
0.001051176841880993
0.0012095503564618188
0.0010143157811559008
GEN 190 time 1616950591
0.0012695134941603165
0.001051176841880993
0.0012095503564618188
0.0010143157811559008
GEN 191 time 1616950593
0.0012695134941603165
0.001051176841880993
0.0012095503564618188
0.0010143157811559008
GEN 192 time 1616950594
0.0012695134941603165
0.001051176841880993
0.0012095503564618188
0.0010143157811559008
GEN 193 time 1616950596
0.0012695134941603165
0.001051176841880993
0.0012095503564618188
0.0010143157811559008
GEN 194 time 1616950598
0.0012695134941603165
0.001051176841880993
0.0012095503564618188
0.0010143157811559008
GEN 195 time 1616950599
0.0012695134941603165
0.001051176841880993
0.0012095503564618188
0.0010143157811559008
GEN 196 time 1616950601
0.0012695134941603165
0.001051176841880993
0.0012095503564618188
0.0010143157811559008
GEN 197 time 1616950602
0.0012695134941603165
0.001051176841880993
0.0012095503564618188
0.0010143157811559008
GEN 198 time 1616950604
0.0012695134941603165
0.001051176841880993
0.0012095503564618188
0.0010143157811559008
GEN 199 time 1616950606
0.0012695134941603165
0.001051176841880993
0.0012095503564618188
0.0010143157811559008
