['./data/small/layer/uu-dem9_r25_1.json', './data/small/hop/uu-dem9_r25_1_0.json', './data/small/hop/uu-dem6_r25_1_0.json', './data/small/hop/uu-dem2_r25_1_0.json']
GEN 0 time 1616934912
0.0018266509095459789
0.0016343295394936012
0.0012640768765451588
0.0012263316472566576
GEN 1 time 1616934914
0.0018266509095459789
0.0016343295394936012
0.0012356624888301337
0.0012263316472566576
GEN 2 time 1616934915
0.0018266509095459789
0.0016343295394936012
0.0012356624888301337
0.0010303296119399882
GEN 3 time 1616934917
0.0018266509095459789
0.0016343295394936012
0.0012356624888301337
0.0010303296119399882
GEN 4 time 1616934918
0.0018266509095459789
0.0016227037446544662
0.0012356624888301337
0.0010303296119399882
GEN 5 time 1616934920
0.0018266509095459789
0.0016227037446544662
0.0010700636689307684
0.0010303296119399882
GEN 6 time 1616934921
0.0018266509095459789
0.0016176837707816115
0.0010700636689307684
0.0010303296119399882
GEN 7 time 1616934923
0.0018266509095459789
0.0016176837707816115
0.0010700636689307684
0.0010303296119399882
GEN 8 time 1616934924
0.0018266509095459789
0.0016176837707816115
0.0010260664485072137
0.0010303296119399882
GEN 9 time 1616934926
0.0018266509095459789
0.0016176837707816115
0.0010260664485072137
0.0010303296119399882
GEN 10 time 1616934927
0.0018266509095459789
0.0016025403431836013
0.0010260664485072137
0.0010303296119399882
GEN 11 time 1616934929
0.0018266509095459789
0.0016025403431836013
0.0010260664485072137
0.0010141549329293874
GEN 12 time 1616934930
0.0018266509095459789
0.0014672419536279745
0.0010260664485072137
0.001010969207714572
GEN 13 time 1616934932
0.0018266509095459789
0.0014672419536279745
0.0010260664485072137
0.001010969207714572
GEN 14 time 1616934934
0.0018266509095459789
0.0014672419536279745
0.0010209248442523615
0.001010969207714572
GEN 15 time 1616934935
0.0018266509095459789
0.0014672419536279745
0.0010209248442523615
0.001010969207714572
GEN 16 time 1616934937
0.0018266509095459789
0.0014672419536279745
0.0010209248442523615
0.001010969207714572
GEN 17 time 1616934938
0.0018266509095459789
0.0014672419536279745
0.0010209248442523615
0.001010969207714572
GEN 18 time 1616934940
0.0018266509095459789
0.0014448128007837216
0.0010209248442523615
0.001010969207714572
GEN 19 time 1616934941
0.0018266509095459789
0.0014448128007837216
0.0010209248442523615
0.001010969207714572
GEN 20 time 1616934943
0.0018266509095459789
0.0014448128007837216
0.0010209248442523615
0.001010969207714572
GEN 21 time 1616934944
0.0018266509095459789
0.0014448128007837216
0.0010209248442523615
0.001010969207714572
GEN 22 time 1616934946
0.0018266509095459789
0.001427583827568915
0.0010209248442523615
0.001010969207714572
GEN 23 time 1616934947
0.0018266509095459789
0.0012952081498851758
0.0010209248442523615
0.0009859923253151895
GEN 24 time 1616934949
0.0018266509095459789
0.0012952081498851758
0.0010209248442523615
0.0009859923253151895
GEN 25 time 1616934950
0.0018266509095459789
0.0012719537479632414
0.0010209248442523615
0.0009859923253151895
GEN 26 time 1616934952
0.0018266509095459789
0.0012719537479632414
0.0010209248442523615
0.0009859923253151895
GEN 27 time 1616934953
0.0018266509095459789
0.0012523181088283505
0.0009536472003883054
0.0009859923253151895
GEN 28 time 1616934955
0.0018266509095459789
0.0012523181088283505
0.0009536472003883054
0.0009859923253151895
GEN 29 time 1616934956
0.0018266509095459789
0.0012523181088283505
0.0009536472003883054
0.0009859923253151895
GEN 30 time 1616934958
0.0018266509095459789
0.0012523181088283505
0.0009536472003883054
0.0009859923253151895
GEN 31 time 1616934960
0.0018266509095459789
0.0012523181088283505
0.0009536472003883054
0.0009859923253151895
GEN 32 time 1616934961
0.0018266509095459789
0.0012523181088283505
0.0009536472003883054
0.0009859923253151895
GEN 33 time 1616934963
0.0018266509095459789
0.0012523181088283505
0.0009536472003883054
0.0009859923253151895
GEN 34 time 1616934964
0.0018266509095459789
0.0012523181088283505
0.0009536472003883054
0.0009859923253151895
GEN 35 time 1616934966
0.0018266509095459789
0.0012523181088283505
0.0009536472003883054
0.0009859923253151895
GEN 36 time 1616934967
0.0018266509095459789
0.0012291610183697403
0.0009536472003883054
0.0009859923253151895
GEN 37 time 1616934969
0.0018266509095459789
0.0012291610183697403
0.0009536472003883054
0.0009859923253151895
GEN 38 time 1616934970
0.0018266509095459789
0.0012226637446544663
0.0009009802279880705
0.0009859923253151895
GEN 39 time 1616934972
0.0018266509095459789
0.0012226637446544663
0.0009009802279880705
0.0009859923253151895
GEN 40 time 1616934973
0.0018266509095459789
0.0012226637446544663
0.0009009802279880705
0.0009859923253151895
GEN 41 time 1616934975
0.0018266509095459789
0.0012226637446544663
0.0009009802279880705
0.0009859923253151895
GEN 42 time 1616934976
0.0018266509095459789
0.0012226637446544663
0.0009009802279880705
0.0009859923253151895
GEN 43 time 1616934978
0.0018266509095459789
0.0012226637446544663
0.0009009802279880705
0.0009691068291415903
GEN 44 time 1616934979
0.0018266509095459789
0.0012226637446544663
0.0009009802279880705
0.0009691068291415903
GEN 45 time 1616934981
0.0018266509095459789
0.0012226637446544663
0.0009009802279880705
0.0008926666272762889
GEN 46 time 1616934982
0.0018266509095459789
0.0012226637446544663
0.0009009802279880705
0.0008926666272762889
GEN 47 time 1616934984
0.0018266509095459789
0.0012226637446544663
0.0009009802279880705
0.0008926666272762889
GEN 48 time 1616934986
0.0018266509095459789
0.0012226637446544663
0.0009009802279880705
0.0008926666272762889
GEN 49 time 1616934987
0.0018266509095459789
0.0012226637446544663
0.0009009802279880705
0.0008926666272762889
GEN 50 time 1616934989
0.0018266509095459789
0.0012226637446544663
0.0009009802279880705
0.0008926666272762889
GEN 51 time 1616934990
0.0018266509095459789
0.0012226637446544663
0.0009009802279880705
0.0008926666272762889
GEN 52 time 1616934992
0.0018266509095459789
0.0012226637446544663
0.0009009802279880705
0.0008926666272762889
GEN 53 time 1616934993
0.0018266509095459789
0.0012226637446544663
0.0009009802279880705
0.0008926666272762889
GEN 54 time 1616934995
0.0018266509095459789
0.0012226637446544663
0.0009009802279880705
0.0008926666272762889
GEN 55 time 1616934996
0.0018266509095459789
0.0012226637446544663
0.0009009802279880705
0.0008926666272762889
GEN 56 time 1616934998
0.0018266509095459789
0.0012226637446544663
0.0009009802279880705
0.0008926666272762889
GEN 57 time 1616934999
0.0018266509095459789
0.0012226637446544663
0.0009009802279880705
0.0008926666272762889
GEN 58 time 1616935001
0.0018266509095459789
0.0012226637446544663
0.0009009802279880705
0.0008916112510843929
GEN 59 time 1616935002
0.0018266509095459789
0.0012178067429040702
0.0009009802279880705
0.0008916112510843929
GEN 60 time 1616935004
0.0018266509095459789
0.0012178067429040702
0.0009009802279880705
0.0008916112510843929
GEN 61 time 1616935005
0.0018266509095459789
0.0012178067429040702
0.0009009802279880705
0.0008539267742592499
GEN 62 time 1616935007
0.0018266509095459789
0.0012178067429040702
0.0009009802279880705
0.0008539267742592499
GEN 63 time 1616935008
0.0018266509095459789
0.0012178067429040702
0.0009009802279880705
0.0008497423534130492
GEN 64 time 1616935010
0.0018266509095459789
0.0012178067429040702
0.0009009802279880705
0.0008481566916125887
GEN 65 time 1616935011
0.0018266509095459789
0.0012178067429040702
0.0009009802279880705
0.0008481566916125887
GEN 66 time 1616935013
0.0018266509095459789
0.0012178067429040702
0.0009009802279880705
0.0008481566916125887
GEN 67 time 1616935014
0.0018266509095459789
0.0012178067429040702
0.0009009802279880705
0.0008481566916125887
GEN 68 time 1616935016
0.0018266509095459789
0.0012178067429040702
0.0009009802279880705
0.0008481566916125887
GEN 69 time 1616935017
0.0018266509095459789
0.0012178067429040702
0.0009009802279880705
0.0008481566916125887
GEN 70 time 1616935019
0.0018266509095459789
0.0012178067429040702
0.0009009802279880705
0.0008481566916125887
GEN 71 time 1616935020
0.0018266509095459789
0.0012178067429040702
0.0009009802279880705
0.0008481566916125887
GEN 72 time 1616935022
0.0018266509095459789
0.0012178067429040702
0.0009009802279880705
0.0008481566916125887
GEN 73 time 1616935024
0.0018266509095459789
0.0012178067429040702
0.0009009802279880705
0.0008481566916125887
GEN 74 time 1616935025
0.0018266509095459789
0.0012178067429040702
0.0009009802279880705
0.0008481566916125887
GEN 75 time 1616935027
0.0018266509095459789
0.0012178067429040702
0.0009009802279880705
0.0008263059893429496
GEN 76 time 1616935028
0.0018266509095459789
0.0012178067429040702
0.0009009802279880705
0.0008263059893429496
GEN 77 time 1616935030
0.0018266509095459789
0.0012178067429040702
0.0009009802279880705
0.0008263059893429496
GEN 78 time 1616935031
0.0018266509095459789
0.0012178067429040702
0.0009009802279880705
0.0008263059893429496
GEN 79 time 1616935033
0.0018266509095459789
0.0012178067429040702
0.0009009802279880705
0.0008263059893429496
GEN 80 time 1616935034
0.0018266509095459789
0.0012178067429040702
0.0009009802279880705
0.0008263059893429496
GEN 81 time 1616935036
0.0018266509095459789
0.0012178067429040702
0.0009009802279880705
0.0008263059893429496
GEN 82 time 1616935037
0.0018266509095459789
0.0012178067429040702
0.0009009802279880705
0.0008263059893429496
GEN 83 time 1616935039
0.0018266509095459789
0.0012178067429040702
0.0009009802279880705
0.0008263059893429496
GEN 84 time 1616935040
0.0018266509095459789
0.0012178067429040702
0.0009009802279880705
0.0008263059893429496
GEN 85 time 1616935042
0.0018266509095459789
0.0012178067429040702
0.0009009802279880705
0.0008263059893429496
GEN 86 time 1616935043
0.0018266509095459789
0.0012178067429040702
0.0009009802279880705
0.0008263059893429496
GEN 87 time 1616935045
0.0018266509095459789
0.0012178067429040702
0.0009009802279880705
0.0008241819603918343
GEN 88 time 1616935046
0.0018266509095459789
0.0012095315192753098
0.0009009802279880705
0.0008241819603918343
GEN 89 time 1616935048
0.0018266509095459789
0.0012095315192753098
0.0009009802279880705
0.0008241819603918343
GEN 90 time 1616935049
0.0018266509095459789
0.0012095315192753098
0.0009009802279880705
0.0008241819603918343
GEN 91 time 1616935051
0.0018266509095459789
0.0012095315192753098
0.0009009802279880705
0.0008241819603918343
GEN 92 time 1616935053
0.0018266509095459789
0.0012095315192753098
0.0009009802279880705
0.0008241819603918343
GEN 93 time 1616935054
0.0018266509095459789
0.0012095315192753098
0.0009009802279880705
0.0008241819603918343
GEN 94 time 1616935056
0.0018266509095459789
0.0012095315192753098
0.0009009802279880705
0.0008241819603918343
GEN 95 time 1616935057
0.0018266509095459789
0.0012040140865311076
0.0009009802279880705
0.0008241819603918343
GEN 96 time 1616935059
0.0018266509095459789
0.0012040140865311076
0.0009009802279880705
0.0008241819603918343
GEN 97 time 1616935060
0.0018266509095459789
0.0012040140865311076
0.0009009802279880705
0.0008241819603918343
GEN 98 time 1616935062
0.0018266509095459789
0.0012040140865311076
0.0009009802279880705
0.0008241819603918343
GEN 99 time 1616935063
0.0018266509095459789
0.0012040140865311076
0.0009009802279880705
0.0008241819603918343
GEN 100 time 1616935064
0.0018266509095459789
0.0012040140865311076
0.0009009802279880705
0.0008241819603918343
GEN 101 time 1616935066
0.0018266509095459789
0.0012040140865311076
0.0009009802279880705
0.0008241819603918343
GEN 102 time 1616935067
0.0018266509095459789
0.0012040140865311076
0.0009009802279880705
0.0008241819603918343
GEN 103 time 1616935069
0.0018266509095459789
0.0012040140865311076
0.0009009802279880705
0.0008241819603918343
GEN 104 time 1616935071
0.0018266509095459789
0.0012040140865311076
0.0009009802279880705
0.0008241819603918343
GEN 105 time 1616935072
0.0018266509095459789
0.0012040140865311076
0.0009009802279880705
0.0008241819603918343
GEN 106 time 1616935074
0.0018266509095459789
0.0012040140865311076
0.0009009802279880705
0.0008241819603918343
GEN 107 time 1616935075
0.0018266509095459789
0.0012040140865311076
0.0009009802279880705
0.0008241819603918343
GEN 108 time 1616935077
0.0018266509095459789
0.0012040140865311076
0.0009009802279880705
0.0008241819603918343
GEN 109 time 1616935078
0.0018266509095459789
0.0012040140865311076
0.0009009802279880705
0.0008241819603918343
GEN 110 time 1616935080
0.0018266509095459789
0.0012040140865311076
0.0009009802279880705
0.0008241819603918343
GEN 111 time 1616935081
0.0018266509095459789
0.0012040140865311076
0.0009009802279880705
0.0008241819603918343
GEN 112 time 1616935083
0.0018266509095459789
0.0012040140865311076
0.0009009802279880705
0.0008116013363282406
GEN 113 time 1616935085
0.0018266509095459789
0.0012040140865311076
0.0009009802279880705
0.0008116013363282406
GEN 114 time 1616935086
0.0018266509095459789
0.0012040140865311076
0.0009009802279880705
0.0008116013363282406
GEN 115 time 1616935087
0.0018266509095459789
0.0012025003431836013
0.0009009802279880705
0.0008116013363282406
GEN 116 time 1616935089
0.0018266509095459789
0.0012025003431836013
0.0009009802279880705
0.0008116013363282406
GEN 117 time 1616935090
0.0018266509095459789
0.0012025003431836013
0.0009009802279880705
0.0008116013363282406
GEN 118 time 1616935092
0.0018266509095459789
0.0012025003431836013
0.0009009802279880705
0.0008116013363282406
GEN 119 time 1616935093
0.0018266509095459789
0.0012025003431836013
0.0009009802279880705
0.0008116013363282406
GEN 120 time 1616935095
0.0018266509095459789
0.0012025003431836013
0.0009009802279880705
0.0008116013363282406
GEN 121 time 1616935096
0.0018266509095459789
0.0012025003431836013
0.0009009802279880705
0.0008116013363282406
GEN 122 time 1616935098
0.0018266509095459789
0.0012025003431836013
0.0009009802279880705
0.0008116013363282406
GEN 123 time 1616935099
0.0018266509095459789
0.0012025003431836013
0.0009009802279880705
0.0008116013363282406
GEN 124 time 1616935101
0.0018266509095459789
0.0012025003431836013
0.0009009802279880705
0.0008116013363282406
GEN 125 time 1616935102
0.0018266509095459789
0.0012025003431836013
0.0009009802279880705
0.0008116013363282406
GEN 126 time 1616935104
0.0018266509095459789
0.0012025003431836013
0.0009009802279880705
0.0008116013363282406
GEN 127 time 1616935105
0.0018266509095459789
0.0012025003431836013
0.0009009802279880705
0.0008116013363282406
GEN 128 time 1616935107
0.0018266509095459789
0.0012025003431836013
0.0009009802279880705
0.0008116013363282406
GEN 129 time 1616935109
0.0018266509095459789
0.0012025003431836013
0.0009009802279880705
0.0008116013363282406
GEN 130 time 1616935110
0.0018266509095459789
0.0012025003431836013
0.0009009802279880705
0.0008116013363282406
GEN 131 time 1616935112
0.0018266509095459789
0.0012025003431836013
0.0009009802279880705
0.0008116013363282406
GEN 132 time 1616935113
0.0018266509095459789
0.0012025003431836013
0.0009009802279880705
0.0008116013363282406
GEN 133 time 1616935115
0.0018266509095459789
0.0012025003431836013
0.0009009802279880705
0.0008116013363282406
GEN 134 time 1616935116
0.0018266509095459789
0.0012025003431836013
0.0009009802279880705
0.0008116013363282406
GEN 135 time 1616935118
0.0018266509095459789
0.0012025003431836013
0.0009009802279880705
0.0008116013363282406
GEN 136 time 1616935119
0.0018266509095459789
0.0012025003431836013
0.0009009802279880705
0.0008116013363282406
GEN 137 time 1616935120
0.0018266509095459789
0.0012025003431836013
0.0009009802279880705
0.0008116013363282406
GEN 138 time 1616935122
0.0018266509095459789
0.0012025003431836013
0.0009009802279880705
0.0008116013363282406
GEN 139 time 1616935123
0.0018266509095459789
0.0012025003431836013
0.0009009802279880705
0.0008116013363282406
GEN 140 time 1616935125
0.0018266509095459789
0.0012025003431836013
0.0009009802279880705
0.0008116013363282406
GEN 141 time 1616935127
0.0018266509095459789
0.0012025003431836013
0.0009009802279880705
0.0008116013363282406
GEN 142 time 1616935128
0.0018266509095459789
0.0012025003431836013
0.0009009802279880705
0.0008116013363282406
GEN 143 time 1616935130
0.0018266509095459789
0.0010672019536279744
0.0009009802279880705
0.0008065440062609503
GEN 144 time 1616935131
0.0018266509095459789
0.0010672019536279744
0.0009009802279880705
0.0008065440062609503
GEN 145 time 1616935133
0.0018266509095459789
0.0010672019536279744
0.0009009802279880705
0.0008065440062609503
GEN 146 time 1616935134
0.0018266509095459789
0.0010672019536279744
0.0009009802279880705
0.0008065440062609503
GEN 147 time 1616935136
0.0018266509095459789
0.0010672019536279744
0.0009009802279880705
0.0008065440062609503
GEN 148 time 1616935137
0.0018266509095459789
0.0010672019536279744
0.0009009802279880705
0.0008065440062609503
GEN 149 time 1616935139
0.0018266509095459789
0.0010672019536279744
0.0009009802279880705
0.0008065440062609503
GEN 150 time 1616935140
0.0018266509095459789
0.0010672019536279744
0.0009009802279880705
0.0008065440062609503
GEN 151 time 1616935142
0.0018266509095459789
0.0010672019536279744
0.0009009802279880705
0.0008065440062609503
GEN 152 time 1616935143
0.0018266509095459789
0.0010672019536279744
0.0009009802279880705
0.0008065440062609503
GEN 153 time 1616935145
0.0018266509095459789
0.0010672019536279744
0.0009009802279880705
0.0008065440062609503
GEN 154 time 1616935147
0.0018266509095459789
0.0010672019536279744
0.0009009802279880705
0.0008065440062609503
GEN 155 time 1616935148
0.0018266509095459789
0.0010672019536279744
0.0009009802279880705
0.0008065440062609503
GEN 156 time 1616935150
0.0018266509095459789
0.0010672019536279744
0.0009009802279880705
0.0008065440062609503
GEN 157 time 1616935151
0.0018266509095459789
0.0010672019536279744
0.0009009802279880705
0.0008065440062609503
GEN 158 time 1616935153
0.0018266509095459789
0.0010672019536279744
0.0009009802279880705
0.0008065440062609503
GEN 159 time 1616935154
0.0018266509095459789
0.0010672019536279744
0.0009009802279880705
0.0008065440062609503
GEN 160 time 1616935156
0.0018266509095459789
0.0010072754513161734
0.0009009802279880705
0.0008065440062609503
GEN 161 time 1616935157
0.0018266509095459789
0.0010072754513161734
0.0009009802279880705
0.0008065440062609503
GEN 162 time 1616935159
0.0018266509095459789
0.0010072754513161734
0.0009009802279880705
0.0008065440062609503
GEN 163 time 1616935160
0.0018266509095459789
0.0010072754513161734
0.0009009802279880705
0.0008065440062609503
GEN 164 time 1616935162
0.0018266509095459789
0.0010072754513161734
0.0009009802279880705
0.0008065440062609503
GEN 165 time 1616935163
0.0018266509095459789
0.0010072754513161734
0.0009009802279880705
0.0008065440062609503
GEN 166 time 1616935165
0.0018266509095459789
0.0010072754513161734
0.0009009802279880705
0.0008065440062609503
GEN 167 time 1616935166
0.0018266509095459789
0.0010072754513161734
0.0009009802279880705
0.0008065440062609503
GEN 168 time 1616935168
0.0018266509095459789
0.0010072754513161734
0.0009009802279880705
0.0008065440062609503
GEN 169 time 1616935169
0.0018266509095459789
0.0010072754513161734
0.0009009802279880705
0.0008065440062609503
GEN 170 time 1616935171
0.0018266509095459789
0.0010072754513161734
0.0009009802279880705
0.0008065440062609503
GEN 171 time 1616935172
0.0018266509095459789
0.0010072754513161734
0.0009009802279880705
0.0008065440062609503
GEN 172 time 1616935174
0.0018266509095459789
0.0010072754513161734
0.0009009802279880705
0.0008065440062609503
GEN 173 time 1616935175
0.0018266509095459789
0.0010072754513161734
0.0009009802279880705
0.000800367448847414
GEN 174 time 1616935177
0.0018266509095459789
0.0010072754513161734
0.0009009802279880705
0.000800367448847414
GEN 175 time 1616935179
0.0018266509095459789
0.0010072754513161734
0.0009009802279880705
0.000800367448847414
GEN 176 time 1616935180
0.0018266509095459789
0.0010072754513161734
0.0009009802279880705
0.000800367448847414
GEN 177 time 1616935182
0.0018266509095459789
0.0010072754513161734
0.0009009802279880705
0.000800367448847414
GEN 178 time 1616935183
0.0018266509095459789
0.0010072754513161734
0.0009009802279880705
0.000800367448847414
GEN 179 time 1616935185
0.0018266509095459789
0.0010072754513161734
0.0009009802279880705
0.000800367448847414
GEN 180 time 1616935186
0.0018266509095459789
0.0010072754513161734
0.0009009802279880705
0.000800367448847414
GEN 181 time 1616935188
0.0018266509095459789
0.0010072754513161734
0.0009009802279880705
0.000800367448847414
GEN 182 time 1616935189
0.0018266509095459789
0.0010072754513161734
0.0009009802279880705
0.000800367448847414
GEN 183 time 1616935191
0.0018266509095459789
0.0010072754513161734
0.0009009802279880705
0.000800367448847414
GEN 184 time 1616935192
0.0018266509095459789
0.0010072754513161734
0.0009009802279880705
0.000800367448847414
GEN 185 time 1616935194
0.0018266509095459789
0.0010072754513161734
0.0009009802279880705
0.000800367448847414
GEN 186 time 1616935195
0.0018266509095459789
0.0010072754513161734
0.0009009802279880705
0.000800367448847414
GEN 187 time 1616935197
0.0018266509095459789
0.0010072754513161734
0.0009009802279880705
0.000800367448847414
GEN 188 time 1616935198
0.0018266509095459789
0.0010072754513161734
0.0009009802279880705
0.000800367448847414
GEN 189 time 1616935200
0.0018266509095459789
0.0010072754513161734
0.0009009802279880705
0.000800367448847414
GEN 190 time 1616935201
0.0018266509095459789
0.0010072754513161734
0.0009009802279880705
0.000800367448847414
GEN 191 time 1616935203
0.0018266509095459789
0.0010072754513161734
0.0009009802279880705
0.000800367448847414
GEN 192 time 1616935204
0.0018266509095459789
0.0010072754513161734
0.0009009802279880705
0.000800367448847414
GEN 193 time 1616935206
0.0018266509095459789
0.0010072754513161734
0.0009009802279880705
0.000800367448847414
GEN 194 time 1616935207
0.0018266509095459789
0.0010072754513161734
0.0009009802279880705
0.000800367448847414
GEN 195 time 1616935209
0.0018266509095459789
0.0010072754513161734
0.0009009802279880705
0.000800367448847414
GEN 196 time 1616935211
0.0018266509095459789
0.0010072754513161734
0.0009009802279880705
0.000800367448847414
GEN 197 time 1616935212
0.0018266509095459789
0.0010072754513161734
0.0009009802279880705
0.000800367448847414
GEN 198 time 1616935214
0.0018266509095459789
0.0010072754513161734
0.0009009802279880705
0.000800367448847414
GEN 199 time 1616935215
0.0018266509095459789
0.0010072754513161734
0.0009009802279880705
0.000800367448847414
