['./data/small/layer/uu-dem1_r50_1.json', './data/small/layer/uu-dem1_r25_1.json', './data/small/layer/uu-dem10_r25_1.json', './data/small/hop/uu-dem1_r25_1_0.json', './data/small/hop/uu-dem1_r25_1_40.json', './data/small/hop/uu-dem10_r25_1_0.json']
GEN 0 time 1617344229
0.0023602007240784914
0.0016027980562097859
0.002030133848436647
0.0012533818696398467
0.0072023343426739165
0.0016792587183693446
GEN 1 time 1617344232
0.0023602007240784914
0.0016027980562097859
0.002030133848436647
0.0012345592861783337
0.007201670453539088
0.0016382069282895578
GEN 2 time 1617344234
0.0023602007240784914
0.0016027980562097859
0.002030133848436647
0.0012239132326168167
0.007200860216235472
0.0014085993002828073
GEN 3 time 1617344236
0.0022388747271057836
0.0016027980562097859
0.002030133848436647
0.0010617046652898572
0.007000926854077057
0.0014085993002828073
GEN 4 time 1617344238
0.0022388747271057836
0.001551319553330646
0.002030133848436647
0.0010617046652898572
0.007000926854077057
0.0014085993002828073
GEN 5 time 1617344241
0.0022388747271057836
0.0015428847138139962
0.002030133848436647
0.0010617046652898572
0.007000926854077057
0.0014085993002828073
GEN 6 time 1617344243
0.0022388747271057836
0.0015428847138139962
0.002030133848436647
0.0010617046652898572
0.007000926854077057
0.0014085993002828073
GEN 7 time 1617344245
0.0022388747271057836
0.0014868598269226704
0.002030133848436647
0.0010617046652898572
0.007000926854077057
0.0014085993002828073
GEN 8 time 1617344248
0.0022388747271057836
0.0014868598269226704
0.002030133848436647
0.0010617046652898572
0.007000926854077057
0.0014085993002828073
GEN 9 time 1617344250
0.002095562816745181
0.0014868598269226704
0.002030133848436647
0.0010617046652898572
0.007000926854077057
0.0014085993002828073
GEN 10 time 1617344253
0.002095562816745181
0.0014868598269226704
0.002030133848436647
0.0010617046652898572
0.007000926854077057
0.0014085993002828073
GEN 11 time 1617344255
0.0019101858428616427
0.0014571191963555909
0.002030133848436647
0.0010617046652898572
0.007000886712507333
0.0014085993002828073
GEN 12 time 1617344257
0.001838834727105783
0.0014571191963555909
0.002030133848436647
0.0010577171574230005
0.007000886712507333
0.0014085993002828073
GEN 13 time 1617344260
0.001838834727105783
0.0014252933020812068
0.002030133848436647
0.0010462474487436216
0.00700084892378107
0.0014085993002828073
GEN 14 time 1617344262
0.001838834727105783
0.0014252933020812068
0.002030133848436647
0.0010462474487436216
0.007000750612200284
0.0014085993002828073
GEN 15 time 1617344265
0.001838834727105783
0.0013580201026867158
0.002030133848436647
0.0010462474487436216
0.007000750612200284
0.0014085993002828073
GEN 16 time 1617344267
0.001838834727105783
0.0013580201026867158
0.002030133848436647
0.0010406670334389674
0.007000726059871781
0.0014085993002828073
GEN 17 time 1617344269
0.001838834727105783
0.0013428647138139962
0.002030133848436647
0.0010406670334389674
0.007000726059871781
0.0014085993002828073
GEN 18 time 1617344272
0.001838834727105783
0.0013241549149018502
0.002030133848436647
0.0010406670334389674
0.007000726059871781
0.0014085993002828073
GEN 19 time 1617344274
0.001838834727105783
0.0013241549149018502
0.002030133848436647
0.0010406670334389674
0.007000726059871781
0.0014085993002828073
GEN 20 time 1617344276
0.001838834727105783
0.0013241549149018502
0.002030133848436647
0.0010406670334389674
0.007000726059871781
0.0014085993002828073
GEN 21 time 1617344279
0.001838834727105783
0.0013241549149018502
0.002030133848436647
0.0010406670334389674
0.007000726059871781
0.0014085993002828073
GEN 22 time 1617344281
0.001838834727105783
0.0013241549149018502
0.002030133848436647
0.0010406670334389674
0.007000726059871781
0.0014085993002828073
GEN 23 time 1617344284
0.001838834727105783
0.0013241549149018502
0.002030133848436647
0.0010406670334389674
0.007000726059871781
0.0014085993002828073
GEN 24 time 1617344286
0.001838834727105783
0.0013241549149018502
0.002030133848436647
0.0010406670334389674
0.00680070605987178
0.0014085993002828073
GEN 25 time 1617344288
0.001838834727105783
0.0013241549149018502
0.002030133848436647
0.0010406670334389674
0.00680070605987178
0.0014085993002828073
GEN 26 time 1617344291
0.001838834727105783
0.0013241549149018502
0.002030133848436647
0.0010406670334389674
0.00680070605987178
0.0012996767342862805
GEN 27 time 1617344293
0.0018327302186206273
0.0013241549149018502
0.002030133848436647
0.0010406670334389674
0.00680070605987178
0.0012996767342862805
GEN 28 time 1617344295
0.0018327302186206273
0.0013241549149018502
0.0020202465023135274
0.0010406670334389674
0.00680070605987178
0.0012996767342862805
GEN 29 time 1617344298
0.0018327302186206273
0.0013241549149018502
0.0020202465023135274
0.0010404946673804158
0.00680070605987178
0.0012996767342862805
GEN 30 time 1617344300
0.0018327302186206273
0.0013241549149018502
0.0020202465023135274
0.0010404946673804158
0.00680070605987178
0.0012996767342862805
GEN 31 time 1617344303
0.0018327302186206273
0.0013241549149018502
0.0020202465023135274
0.0010388363971613167
0.00680070605987178
0.0012996767342862805
GEN 32 time 1617344305
0.0018327302186206273
0.0013241549149018502
0.0020202465023135274
0.0010388363971613167
0.00680070605987178
0.0012402696505246255
GEN 33 time 1617344307
0.0018327302186206273
0.0013241549149018502
0.0020202465023135274
0.0010388363971613167
0.00680070605987178
0.0012402696505246255
GEN 34 time 1617344310
0.0018327302186206273
0.0013241549149018502
0.0020202465023135274
0.0010388363971613167
0.00680070605987178
0.0012402696505246255
GEN 35 time 1617344312
0.0018327302186206273
0.0013241549149018502
0.0020202465023135274
0.0010388363971613167
0.00680070605987178
0.0012402696505246255
GEN 36 time 1617344314
0.0018327302186206273
0.0013241549149018502
0.0020202465023135274
0.0010388363971613167
0.00680070605987178
0.0012402696505246255
GEN 37 time 1617344317
0.0018327302186206273
0.0013241549149018502
0.0018122043816207161
0.0010388363971613167
0.00680070605987178
0.0012402696505246255
GEN 38 time 1617344319
0.0018327302186206273
0.0013089946016198453
0.0018122043816207161
0.0010138818636856069
0.00680070605987178
0.0012402696505246255
GEN 39 time 1617344321
0.0018327302186206273
0.0013089946016198453
0.0018122043816207161
0.0010138818636856069
0.00680070605987178
0.0012402696505246255
GEN 40 time 1617344323
0.0018327302186206273
0.0013089946016198453
0.0018122043816207161
0.0008899644414153879
0.00680070605987178
0.0012402696505246255
GEN 41 time 1617344326
0.0018327302186206273
0.0013089946016198453
0.0018122043816207161
0.0008899644414153879
0.00680070605987178
0.0012402696505246255
GEN 42 time 1617344328
0.0017538329535592236
0.0013089946016198453
0.0018122043816207161
0.0008899644414153879
0.00680070605987178
0.0012402696505246255
GEN 43 time 1617344330
0.0017538329535592236
0.0013089946016198453
0.0018122043816207161
0.0008899644414153879
0.00680070605987178
0.0012161938635300105
GEN 44 time 1617344333
0.0017538329535592236
0.0013089946016198453
0.0018122043816207161
0.0008899644414153879
0.00680070605987178
0.0012161938635300105
GEN 45 time 1617344335
0.0017538329535592236
0.0013089946016198453
0.0018122043816207161
0.0008899644414153879
0.00680070605987178
0.0012161938635300105
GEN 46 time 1617344337
0.0017538329535592236
0.0013089946016198453
0.0018122043816207161
0.0008899644414153879
0.00680070605987178
0.0012161938635300105
GEN 47 time 1617344340
0.0017538329535592236
0.0013089946016198453
0.0018122043816207161
0.0008899644414153879
0.00680070605987178
0.0012161938635300105
GEN 48 time 1617344342
0.0017538329535592236
0.0013089946016198453
0.0018122043816207161
0.0008899644414153879
0.00680070605987178
0.0012161938635300105
GEN 49 time 1617344344
0.0017538329535592236
0.0013089946016198453
0.0018122043816207161
0.0008899644414153879
0.00680070605987178
0.0012161938635300105
GEN 50 time 1617344346
0.0017538329535592236
0.0013089946016198453
0.0018122043816207161
0.0008899644414153879
0.00680070605987178
0.0012161938635300105
GEN 51 time 1617344349
0.0017538329535592236
0.0013089946016198453
0.0018122043816207161
0.0008899644414153879
0.00680070605987178
0.0012161938635300105
GEN 52 time 1617344351
0.0017538329535592236
0.0013089946016198453
0.0018122043816207161
0.0008899644414153879
0.00680070605987178
0.0012161938635300105
GEN 53 time 1617344354
0.0017538329535592236
0.0013089946016198453
0.0018122043816207161
0.0008640705962851699
0.00680070605987178
0.0012161938635300105
GEN 54 time 1617344356
0.0017538329535592236
0.0013089946016198453
0.0018122043816207161
0.0008640705962851699
0.00680070605987178
0.0012161938635300105
GEN 55 time 1617344359
0.0017538329535592236
0.0013089946016198453
0.0018122043816207161
0.0008640705962851699
0.00680070605987178
0.0012161938635300105
GEN 56 time 1617344361
0.0017538329535592236
0.0013089946016198453
0.0018122043816207161
0.0008640705962851699
0.00680070605987178
0.0012161938635300105
GEN 57 time 1617344363
0.0017538329535592236
0.0013089946016198453
0.0018122043816207161
0.0008640705962851699
0.00680070605987178
0.0012161938635300105
GEN 58 time 1617344366
0.0017538329535592236
0.0013089946016198453
0.0018122043816207161
0.0008640705962851699
0.00680070605987178
0.0012161938635300105
GEN 59 time 1617344368
0.0017538329535592236
0.0013089946016198453
0.0018122043816207161
0.0008640705962851699
0.00680070605987178
0.0012161938635300105
GEN 60 time 1617344370
0.0017538329535592236
0.0013089946016198453
0.0016074198541744253
0.0008640705962851699
0.00680070605987178
0.0012161938635300105
GEN 61 time 1617344373
0.0017538329535592236
0.0013089946016198453
0.0016074198541744253
0.0008640705962851699
0.00680070605987178
0.0012161938635300105
GEN 62 time 1617344375
0.0017538329535592236
0.0013089946016198453
0.0016074198541744253
0.0008640705962851699
0.00680070605987178
0.0012161938635300105
GEN 63 time 1617344378
0.0017538329535592236
0.0013089946016198453
0.0016074198541744253
0.0008640705962851699
0.00680070605987178
0.0012161938635300105
GEN 64 time 1617344380
0.0017538329535592236
0.0013089946016198453
0.001415016387548214
0.0008640705962851699
0.00680070605987178
0.0012161938635300105
GEN 65 time 1617344382
0.0017538329535592236
0.0013089946016198453
0.001415016387548214
0.0008640705962851699
0.00680070605987178
0.0012161938635300105
GEN 66 time 1617344385
0.0017538329535592236
0.0013089946016198453
0.001415016387548214
0.0008640705962851699
0.00680070605987178
0.0012161938635300105
GEN 67 time 1617344387
0.0017538329535592236
0.0013089946016198453
0.001415016387548214
0.0008640705962851699
0.00680070605987178
0.0012161938635300105
GEN 68 time 1617344390
0.0017538329535592236
0.0013089946016198453
0.001415016387548214
0.0008640705962851699
0.00680070605987178
0.0012161938635300105
GEN 69 time 1617344392
0.0017538329535592236
0.0013089946016198453
0.001415016387548214
0.0008640705962851699
0.00680070605987178
0.0012161938635300105
GEN 70 time 1617344394
0.0017538329535592236
0.0013089946016198453
0.001415016387548214
0.0008640705962851699
0.00680070605987178
0.0012161938635300105
GEN 71 time 1617344396
0.0017538329535592236
0.0013089946016198453
0.001405672125150871
0.0008640705962851699
0.00680070605987178
0.0012161938635300105
GEN 72 time 1617344399
0.0017538329535592236
0.0013089946016198453
0.001405672125150871
0.0008640705962851699
0.00680070605987178
0.0012161938635300105
GEN 73 time 1617344401
0.0017538329535592236
0.0013089946016198453
0.001405672125150871
0.0008640705962851699
0.00680070605987178
0.0012161938635300105
GEN 74 time 1617344403
0.0017538329535592236
0.0013089946016198453
0.0014010603749703904
0.0008640705962851699
0.00680070605987178
0.0012161938635300105
GEN 75 time 1617344406
0.0017538329535592236
0.0013089946016198453
0.0014010463019446075
0.0008640705962851699
0.00680070605987178
0.0012161938635300105
GEN 76 time 1617344408
0.0017538329535592236
0.0013089946016198453
0.0014010463019446075
0.0008640705962851699
0.00680070605987178
0.0012161938635300105
GEN 77 time 1617344410
0.0017538329535592236
0.0013089946016198453
0.0014010463019446075
0.0008640705962851699
0.00680070605987178
0.0012161938635300105
GEN 78 time 1617344413
0.0017538329535592236
0.0013089946016198453
0.0014010463019446075
0.0008569094026431037
0.00680070605987178
0.0012161938635300105
GEN 79 time 1617344415
0.0017538329535592236
0.0011512795533306461
0.0014010463019446075
0.0008569094026431037
0.00680070605987178
0.0012161938635300105
GEN 80 time 1617344418
0.0017538329535592236
0.0011512795533306461
0.0014010463019446075
0.0008569094026431037
0.00680070605987178
0.0012161938635300105
GEN 81 time 1617344420
0.0017538329535592236
0.0011512795533306461
0.0014010463019446075
0.0008569094026431037
0.00680070605987178
0.0012161938635300105
GEN 82 time 1617344422
0.0017538329535592236
0.0011512795533306461
0.0014010463019446075
0.0008569094026431037
0.00680070605987178
0.0012161938635300105
GEN 83 time 1617344425
0.0017538329535592236
0.0011512795533306461
0.0014010463019446075
0.0008569094026431037
0.00680070605987178
0.0012161938635300105
GEN 84 time 1617344427
0.0017538329535592236
0.0011512795533306461
0.0014010463019446075
0.0008496486318407126
0.00680070605987178
0.0012161938635300105
GEN 85 time 1617344429
0.0017538329535592236
0.0011512795533306461
0.0014010463019446075
0.0008496486318407126
0.00680070605987178
0.0012161938635300105
GEN 86 time 1617344432
0.0017538329535592236
0.0011512795533306461
0.0014010463019446075
0.0008496486318407126
0.00680070605987178
0.0012161938635300105
GEN 87 time 1617344434
0.0017538329535592236
0.0011512795533306461
0.0014010463019446075
0.0008496486318407126
0.00680070605987178
0.0012161938635300105
GEN 88 time 1617344436
0.0017538329535592236
0.0011512795533306461
0.0014010463019446075
0.0008496486318407126
0.00680070605987178
0.0012161938635300105
GEN 89 time 1617344439
0.0017538329535592236
0.0011512795533306461
0.0014010463019446075
0.0008496486318407126
0.00680070605987178
0.0012161938635300105
GEN 90 time 1617344441
0.0017538329535592236
0.0011512795533306461
0.0014010463019446075
0.0008496486318407126
0.00680070605987178
0.0012161938635300105
GEN 91 time 1617344443
0.0017538329535592236
0.0011512795533306461
0.0014010463019446075
0.0008496486318407126
0.00680070605987178
0.0012161938635300105
GEN 92 time 1617344446
0.0017538329535592236
0.0011512795533306461
0.0014010463019446075
0.0008496486318407126
0.00680070605987178
0.0012161938635300105
GEN 93 time 1617344448
0.0017538329535592236
0.0011512795533306461
0.0014010463019446075
0.0008496486318407126
0.00680070605987178
0.0012161938635300105
GEN 94 time 1617344451
0.0017538329535592236
0.0011512795533306461
0.0014010463019446075
0.0008496486318407126
0.00680070605987178
0.0012161938635300105
GEN 95 time 1617344453
0.0017538329535592236
0.0011512795533306461
0.0014010463019446075
0.0008496486318407126
0.00680070605987178
0.0012161938635300105
GEN 96 time 1617344455
0.0017538329535592236
0.0011512795533306461
0.0014010463019446075
0.0008496486318407126
0.00680070605987178
0.0012161938635300105
GEN 97 time 1617344458
0.0017538329535592236
0.0011512795533306461
0.0014010463019446075
0.0008496486318407126
0.00680070605987178
0.0012161938635300105
GEN 98 time 1617344460
0.0017538329535592236
0.0011512795533306461
0.0014010463019446075
0.0008496486318407126
0.00680070605987178
0.0012161938635300105
GEN 99 time 1617344463
0.0017538329535592236
0.0011512795533306461
0.0014010463019446075
0.0008496486318407126
0.00680070605987178
0.0012161938635300105
GEN 100 time 1617344465
0.0017538329535592236
0.0011512795533306461
0.0014010463019446075
0.0008496486318407126
0.00680070605987178
0.0012161938635300105
GEN 101 time 1617344467
0.0017538329535592236
0.0011512795533306461
0.0014010463019446075
0.0008496486318407126
0.00680070605987178
0.0012161938635300105
GEN 102 time 1617344469
0.0017538329535592236
0.0011512795533306461
0.0014010463019446075
0.0008496486318407126
0.00680070605987178
0.0012161938635300105
GEN 103 time 1617344472
0.0017538329535592236
0.0011512795533306461
0.0014010463019446075
0.0008420453124550001
0.00680070605987178
0.0012161938635300105
GEN 104 time 1617344474
0.0017538329535592236
0.0011512795533306461
0.0014010463019446075
0.0008420453124550001
0.00680070605987178
0.0012161938635300105
GEN 105 time 1617344476
0.0017538329535592236
0.0011512795533306461
0.0014010463019446075
0.0008420453124550001
0.00680070605987178
0.0012161938635300105
GEN 106 time 1617344479
0.0017538329535592236
0.0011512795533306461
0.0014010463019446075
0.0008420453124550001
0.00680070605987178
0.0012161938635300105
GEN 107 time 1617344481
0.0017538329535592236
0.0011512795533306461
0.0014010463019446075
0.0008420453124550001
0.00680070605987178
0.0012161938635300105
GEN 108 time 1617344483
0.0017538329535592236
0.0011512795533306461
0.0014010463019446075
0.0008420453124550001
0.00680070605987178
0.0012161938635300105
GEN 109 time 1617344486
0.0017538329535592236
0.0011512795533306461
0.0014010463019446075
0.0008420453124550001
0.00680070605987178
0.0012161938635300105
GEN 110 time 1617344488
0.0017538329535592236
0.0011512795533306461
0.0014010463019446075
0.0008420453124550001
0.00680070605987178
0.0012161938635300105
GEN 111 time 1617344491
0.0017538329535592236
0.0011512795533306461
0.0014010463019446075
0.0008420453124550001
0.00680070605987178
0.0012161938635300105
GEN 112 time 1617344493
0.0017538329535592236
0.0011512795533306461
0.0014010463019446075
0.0008420453124550001
0.00680070605987178
0.0012161938635300105
GEN 113 time 1617344495
0.0017538329535592236
0.0011512795533306461
0.0014010463019446075
0.0008420453124550001
0.00680070605987178
0.0012161938635300105
GEN 114 time 1617344498
0.0017538329535592236
0.0011512795533306461
0.0014010463019446075
0.0008420453124550001
0.00680070605987178
0.0012161938635300105
GEN 115 time 1617344500
0.0017538329535592236
0.0011512795533306461
0.0014010463019446075
0.0008420453124550001
0.00680070605987178
0.0012161938635300105
GEN 116 time 1617344502
0.0017538329535592236
0.0011512795533306461
0.0014010463019446075
0.0008420453124550001
0.00680070605987178
0.0012161938635300105
GEN 117 time 1617344505
0.0017538329535592236
0.0011512795533306461
0.0014010463019446075
0.0008420453124550001
0.00680070605987178
0.0012161938635300105
GEN 118 time 1617344507
0.0017538329535592236
0.0011512795533306461
0.0014010463019446075
0.0008420453124550001
0.00680070605987178
0.0012161938635300105
GEN 119 time 1617344510
0.0017538329535592236
0.0011512795533306461
0.0014010463019446075
0.0008420453124550001
0.00680070605987178
0.0012161938635300105
GEN 120 time 1617344512
0.0017538329535592236
0.0011512795533306461
0.0014010463019446075
0.0008420453124550001
0.00680070605987178
0.0012161938635300105
GEN 121 time 1617344514
0.0017538329535592236
0.0011512795533306461
0.0014010463019446075
0.0008420453124550001
0.00680070605987178
0.0012161938635300105
GEN 122 time 1617344517
0.0017538329535592236
0.0011512795533306461
0.0014010463019446075
0.0008420453124550001
0.00680070605987178
0.0012161938635300105
GEN 123 time 1617344519
0.0017538329535592236
0.0011512795533306461
0.0014010463019446075
0.0008420453124550001
0.00680070605987178
0.0012161938635300105
GEN 124 time 1617344521
0.0017538329535592236
0.0011512795533306461
0.0014010463019446075
0.0008420453124550001
0.00680070605987178
0.0012161938635300105
GEN 125 time 1617344524
0.0017538329535592236
0.0011512795533306461
0.0014010463019446075
0.0008420453124550001
0.00680070605987178
0.0012161938635300105
GEN 126 time 1617344526
0.0017538329535592236
0.0011512795533306461
0.0014010463019446075
0.0008393750146135834
0.00680070605987178
0.0012161938635300105
GEN 127 time 1617344528
0.0017538329535592236
0.0011512795533306461
0.0014010463019446075
0.0008393750146135834
0.00680070605987178
0.0012161938635300105
GEN 128 time 1617344531
0.0017538329535592236
0.0011512795533306461
0.0014010463019446075
0.0008393750146135834
0.00680070605987178
0.0012161938635300105
GEN 129 time 1617344533
0.0017538329535592236
0.0011512795533306461
0.0014010463019446075
0.0008393750146135834
0.00680070605987178
0.0012161938635300105
GEN 130 time 1617344535
0.0017538329535592236
0.0011512795533306461
0.0014010463019446075
0.0008393750146135834
0.00680070605987178
0.0012161938635300105
GEN 131 time 1617344538
0.0017538329535592236
0.0011512795533306461
0.0014010463019446075
0.0008393750146135834
0.00680070605987178
0.0012161938635300105
GEN 132 time 1617344540
0.0017538329535592236
0.0011512795533306461
0.0014010463019446075
0.0008393750146135834
0.00680070605987178
0.0012161938635300105
GEN 133 time 1617344542
0.0017538329535592236
0.0011512795533306461
0.0014010463019446075
0.0008393750146135834
0.00680070605987178
0.0012161938635300105
GEN 134 time 1617344545
0.0017538329535592236
0.0011512795533306461
0.0014010463019446075
0.0008393750146135834
0.00680070605987178
0.0012161938635300105
GEN 135 time 1617344547
0.0017538329535592236
0.0011512795533306461
0.0014010463019446075
0.0008393750146135834
0.00680070605987178
0.0012161938635300105
GEN 136 time 1617344549
0.0017538329535592236
0.0011512795533306461
0.0014010463019446075
0.0008393750146135834
0.00680070605987178
0.0012161938635300105
GEN 137 time 1617344552
0.0017538329535592236
0.0011512795533306461
0.0014010463019446075
0.0008393750146135834
0.00680070605987178
0.0012161938635300105
GEN 138 time 1617344554
0.0017538329535592236
0.0011512795533306461
0.0014010463019446075
0.0008393750146135834
0.00680070605987178
0.0012161938635300105
GEN 139 time 1617344557
0.0017538329535592236
0.0011512795533306461
0.0014010463019446075
0.0008393750146135834
0.00680070605987178
0.0012161938635300105
GEN 140 time 1617344559
0.0017538329535592236
0.0011512795533306461
0.0014010463019446075
0.0008393750146135834
0.00680070605987178
0.0012161938635300105
GEN 141 time 1617344561
0.0017538329535592236
0.0011512795533306461
0.0014010463019446075
0.0008393750146135834
0.00680070605987178
0.0012161938635300105
GEN 142 time 1617344564
0.0017538329535592236
0.0011512795533306461
0.0014010463019446075
0.0008393750146135834
0.00680070605987178
0.0012161938635300105
GEN 143 time 1617344566
0.0017538329535592236
0.0011512795533306461
0.0014010463019446075
0.0008393750146135834
0.00680070605987178
0.0012161938635300105
GEN 144 time 1617344568
0.0017538329535592236
0.0011512795533306461
0.0014010463019446075
0.0008393750146135834
0.00680070605987178
0.0012161938635300105
GEN 145 time 1617344571
0.0017538329535592236
0.0011512795533306461
0.0014010463019446075
0.0008393750146135834
0.00680070605987178
0.0012161938635300105
GEN 146 time 1617344573
0.0017538329535592236
0.0011512795533306461
0.0014010463019446075
0.0008393750146135834
0.00680070605987178
0.0012161938635300105
GEN 147 time 1617344576
0.0017538329535592236
0.0011512795533306461
0.0014010463019446075
0.0008393750146135834
0.00680070605987178
0.0012161938635300105
GEN 148 time 1617344578
0.0017538329535592236
0.0011512795533306461
0.0014010463019446075
0.0008393750146135834
0.00680070605987178
0.0012161938635300105
GEN 149 time 1617344580
0.0017538329535592236
0.0011512795533306461
0.0014010463019446075
0.0008393750146135834
0.00680070605987178
0.0012161938635300105
GEN 150 time 1617344583
0.0017538329535592236
0.0011512795533306461
0.0014010463019446075
0.0008393750146135834
0.00680070605987178
0.0012161938635300105
GEN 151 time 1617344585
0.0017538329535592236
0.0011512795533306461
0.0014010463019446075
0.0008393750146135834
0.00680070605987178
0.0012161938635300105
GEN 152 time 1617344587
0.0017538329535592236
0.0011512795533306461
0.0014010463019446075
0.0008393750146135834
0.00680070605987178
0.0012161938635300105
GEN 153 time 1617344590
0.0017538329535592236
0.0011512795533306461
0.0014010463019446075
0.0008393750146135834
0.00680070605987178
0.0012161938635300105
GEN 154 time 1617344592
0.0017538329535592236
0.0011512795533306461
0.0014010463019446075
0.0008393750146135834
0.00680070605987178
0.0012161938635300105
GEN 155 time 1617344595
0.0017538329535592236
0.0011512795533306461
0.0014010463019446075
0.0008393750146135834
0.00680070605987178
0.0012161938635300105
GEN 156 time 1617344597
0.0017538329535592236
0.0011512795533306461
0.0014010463019446075
0.0008393750146135834
0.00680070605987178
0.0012161938635300105
GEN 157 time 1617344600
0.0017538329535592236
0.0011512795533306461
0.0014010463019446075
0.0008393750146135834
0.00680070605987178
0.0012161938635300105
GEN 158 time 1617344602
0.0017538329535592236
0.0011512795533306461
0.0014010463019446075
0.0008393750146135834
0.00680070605987178
0.0012161938635300105
GEN 159 time 1617344604
0.0017538329535592236
0.0011512795533306461
0.0014010463019446075
0.0008393750146135834
0.00680070605987178
0.0012161938635300105
GEN 160 time 1617344606
0.0017538329535592236
0.0011512795533306461
0.0014010463019446075
0.0008393750146135834
0.00680070605987178
0.0012161938635300105
GEN 161 time 1617344609
0.0017538329535592236
0.0011512795533306461
0.0014010463019446075
0.0008393750146135834
0.00680070605987178
0.0012161938635300105
GEN 162 time 1617344611
0.0017538329535592236
0.0011512795533306461
0.0014010463019446075
0.0008393750146135834
0.00680070605987178
0.0012161938635300105
GEN 163 time 1617344614
0.0017538329535592236
0.0011512795533306461
0.0014010463019446075
0.0008393750146135834
0.00680070605987178
0.0012161938635300105
GEN 164 time 1617344616
0.0017538329535592236
0.0011512795533306461
0.0014010463019446075
0.0008393750146135834
0.00680070605987178
0.0012092598966950746
GEN 165 time 1617344619
0.0017538329535592236
0.0011512795533306461
0.0014010463019446075
0.0008393750146135834
0.00680070605987178
0.0012092598966950746
GEN 166 time 1617344621
0.0017538329535592236
0.0011512795533306461
0.0014010463019446075
0.0008393750146135834
0.00680070605987178
0.0012092598966950746
GEN 167 time 1617344623
0.0017538329535592236
0.0011512795533306461
0.0014010463019446075
0.0008393750146135834
0.00680070605987178
0.0012092598966950746
GEN 168 time 1617344625
0.0017538329535592236
0.0011512795533306461
0.0014010463019446075
0.0008393750146135834
0.00680070605987178
0.0012092598966950746
GEN 169 time 1617344628
0.0017538329535592236
0.0011512795533306461
0.0014010463019446075
0.0008393750146135834
0.00680070605987178
0.0012092598966950746
GEN 170 time 1617344630
0.0017538329535592236
0.0011512795533306461
0.0014010463019446075
0.0008393750146135834
0.00680070605987178
0.0012092598966950746
GEN 171 time 1617344632
0.0017538329535592236
0.0011512795533306461
0.0014010463019446075
0.0008393750146135834
0.00680070605987178
0.0012092598966950746
GEN 172 time 1617344635
0.0017538329535592236
0.0011512795533306461
0.0014010463019446075
0.0008393750146135834
0.00680070605987178
0.0012092598966950746
GEN 173 time 1617344637
0.0017538329535592236
0.0011512795533306461
0.0014010463019446075
0.0008393750146135834
0.00680070605987178
0.0012092598966950746
GEN 174 time 1617344639
0.0017538329535592236
0.0011512795533306461
0.0014010463019446075
0.0008393750146135834
0.00680070605987178
0.0012092598966950746
GEN 175 time 1617344642
0.0017538329535592236
0.0011512795533306461
0.0014010463019446075
0.0008393750146135834
0.00680070605987178
0.0012092598966950746
GEN 176 time 1617344644
0.0017538329535592236
0.0011512795533306461
0.0014010463019446075
0.0008393750146135834
0.00680070605987178
0.0012065743605737297
GEN 177 time 1617344646
0.0017538329535592236
0.0011512795533306461
0.0014010463019446075
0.0008393750146135834
0.00680070605987178
0.0012065743605737297
GEN 178 time 1617344649
0.0017538329535592236
0.0011512795533306461
0.0014010463019446075
0.0008393750146135834
0.00680070605987178
0.0012065743605737297
GEN 179 time 1617344651
0.0017538329535592236
0.0011512795533306461
0.0014010463019446075
0.0008393750146135834
0.00680070605987178
0.0012065743605737297
GEN 180 time 1617344654
0.0017538329535592236
0.0011512795533306461
0.0014010463019446075
0.0008393750146135834
0.00680070605987178
0.0010561197997761658
GEN 181 time 1617344656
0.0017538329535592236
0.0011512795533306461
0.0014010463019446075
0.0008393750146135834
0.00680070605987178
0.0010561197997761658
GEN 182 time 1617344658
0.0017538329535592236
0.0011512795533306461
0.0014010463019446075
0.0008393750146135834
0.00680070605987178
0.0010561197997761658
GEN 183 time 1617344660
0.0017538329535592236
0.0011512795533306461
0.0014010463019446075
0.0008393750146135834
0.00680070605987178
0.0010561197997761658
GEN 184 time 1617344663
0.0017538329535592236
0.0011512795533306461
0.0014010463019446075
0.0008393750146135834
0.00680070605987178
0.0010237659877573892
GEN 185 time 1617344665
0.0017538329535592236
0.0011512795533306461
0.0014010463019446075
0.0008393750146135834
0.00680070605987178
0.0010237659877573892
GEN 186 time 1617344668
0.0017538329535592236
0.0011512795533306461
0.0014010463019446075
0.0008393750146135834
0.00680070605987178
0.0010237659877573892
GEN 187 time 1617344670
0.0017538329535592236
0.0011512795533306461
0.0014010463019446075
0.0008393750146135834
0.00680070605987178
0.0010237659877573892
GEN 188 time 1617344672
0.0017538329535592236
0.0011512795533306461
0.0014010463019446075
0.0008393750146135834
0.00680070605987178
0.0010237659877573892
GEN 189 time 1617344675
0.0017538329535592236
0.0011512795533306461
0.0014010463019446075
0.0008393750146135834
0.00680070605987178
0.0010237659877573892
GEN 190 time 1617344677
0.0017538329535592236
0.0011512795533306461
0.0014010463019446075
0.0008393750146135834
0.00680070605987178
0.0010237659877573892
GEN 191 time 1617344680
0.0017538329535592236
0.0011512795533306461
0.0014010463019446075
0.0008393750146135834
0.00680070605987178
0.0010237659877573892
GEN 192 time 1617344682
0.0017538329535592236
0.0011512795533306461
0.0014010463019446075
0.0008393750146135834
0.00680070605987178
0.0010237659877573892
GEN 193 time 1617344684
0.0017538329535592236
0.0011512795533306461
0.0014010463019446075
0.0008393750146135834
0.00680070605987178
0.0010237659877573892
GEN 194 time 1617344687
0.0017538329535592236
0.0011512795533306461
0.0014010463019446075
0.0008393750146135834
0.00680070605987178
0.0010237659877573892
GEN 195 time 1617344689
0.0017538329535592236
0.0011512795533306461
0.0014010463019446075
0.0008393750146135834
0.00680070605987178
0.0010237659877573892
GEN 196 time 1617344691
0.0017538329535592236
0.0011512795533306461
0.0014010463019446075
0.0008393750146135834
0.00680070605987178
0.0010237659877573892
GEN 197 time 1617344694
0.0017538329535592236
0.0011512795533306461
0.0014010463019446075
0.0008393750146135834
0.00680070605987178
0.0010237659877573892
GEN 198 time 1617344696
0.0017538329535592236
0.0011512795533306461
0.0014010463019446075
0.0008393750146135834
0.00680070605987178
0.0010237659877573892
GEN 199 time 1617344699
0.0017538329535592236
0.0011512795533306461
0.0014010463019446075
0.0008393750146135834
0.00680070605987178
0.0010237659877573892
