['./data/layer/ga-dem1_r50_1.json', './data/layer/ga-dem1_r25_1.json', './data/layer/ga-dem10_r25_1.json', './data/hop/ga-dem1_r25_1_0.json', './data/hop/ga-dem1_r25_1_40.json', './data/hop/ga-dem10_r25_1_0.json']
GEN 0 time 1587708377
0.005217328295738746
0.004409999457008542
0.0028052628755450013
0.004811321361273495
0.009218867680319322
0.003608128676956061
GEN 1 time 1587708384
0.004817354397310033
0.004409999457008542
0.0028052628755450013
0.004007974087080075
0.009218867680319322
0.0032042088541486126
GEN 2 time 1587708392
0.004014868339711728
0.004409999457008542
0.0028052628755450013
0.004007974087080075
0.009218867680319322
0.0032042088541486126
GEN 3 time 1587708400
0.004014868339711728
0.004409999457008542
0.0024049622002094827
0.004007974087080075
0.009218867680319322
0.0032042088541486126
GEN 4 time 1587708408
0.0032124411667926785
0.0040098277285553156
0.0024049622002094827
0.004007974087080075
0.009218867680319322
0.0032042088541486126
GEN 5 time 1587708418
0.0032124411667926785
0.004008187312077845
0.0024049622002094827
0.004007974087080075
0.009218867680319322
0.0032042088541486126
GEN 6 time 1587708427
0.0032124411667926785
0.0032058639317572154
0.0024049622002094827
0.004007974087080075
0.009218867680319322
0.0032042088541486126
GEN 7 time 1587708437
0.0032124411667926785
0.0032058639317572154
0.0024049622002094827
0.004007974087080075
0.009218867680319322
0.0032042088541486126
GEN 8 time 1587708446
0.0032124411667926785
0.0028051309402875634
0.0024049622002094827
0.004007974087080075
0.009218867680319322
0.0032042088541486126
GEN 9 time 1587708456
0.0032124411667926785
0.0028051309402875634
0.0024049622002094827
0.004007974087080075
0.009218867680319322
0.0032042088541486126
GEN 10 time 1587708465
0.003208461752625672
0.0028051309402875634
0.0024049622002094827
0.004007974087080075
0.009218867680319322
0.0032042088541486126
GEN 11 time 1587708475
0.00281374529161091
0.0028051309402875634
0.0024049622002094827
0.004006439066907277
0.009218867680319322
0.0032042088541486126
GEN 12 time 1587708485
0.00281374529161091
0.0024058966371331893
0.0024049622002094827
0.004006439066907277
0.009218867680319322
0.0032042088541486126
GEN 13 time 1587708494
0.00281374529161091
0.0024056921702455734
0.0024049622002094827
0.004006439066907277
0.009218867680319322
0.0032042088541486126
GEN 14 time 1587708504
0.00281374529161091
0.0024044756424887294
0.0024049622002094827
0.004006439066907277
0.008818047346392396
0.0032042088541486126
GEN 15 time 1587708513
0.00281374529161091
0.0024044756424887294
0.0024049622002094827
0.004006439066907277
0.008818047346392396
0.0032042088541486126
GEN 16 time 1587708523
0.00281374529161091
0.0024038634401443663
0.0024049622002094827
0.004006439066907277
0.008818047346392396
0.0032042088541486126
GEN 17 time 1587708533
0.002813704494957989
0.0024038634401443663
0.00240346250607466
0.004006439066907277
0.008818047346392396
0.002806528431281442
GEN 18 time 1587708543
0.002813704494957989
0.0024038634401443663
0.00240346250607466
0.004006439066907277
0.008818047346392396
0.002806528431281442
GEN 19 time 1587708553
0.002813704494957989
0.0024038634401443663
0.0020037239881118057
0.004006439066907277
0.008818047346392396
0.002806528431281442
GEN 20 time 1587708563
0.002813704494957989
0.0024038634401443663
0.0020037239881118057
0.004006439066907277
0.008818047346392396
0.002806528431281442
GEN 21 time 1587708573
0.002813704494957989
0.0024038634401443663
0.0020037157709029783
0.004006439066907277
0.008818047346392396
0.002806528431281442
GEN 22 time 1587708583
0.002813704494957989
0.002403400906317817
0.0020037157709029783
0.004006439066907277
0.008818047346392396
0.002806528431281442
GEN 23 time 1587708592
0.002813704494957989
0.002403400906317817
0.0020037157709029783
0.0036085382553683602
0.008818047346392396
0.002806528431281442
GEN 24 time 1587708602
0.002813170528020904
0.002403400906317817
0.0020037157709029783
0.0032078621828442525
0.008818047346392396
0.002806528431281442
GEN 25 time 1587708612
0.002813170528020904
0.002403400906317817
0.0020037157709029783
0.0032078621828442525
0.008818047346392396
0.002806528431281442
GEN 26 time 1587708622
0.002813170528020904
0.002403400906317817
0.0020037157709029783
0.0032078621828442525
0.008417227012465469
0.002806224007542265
GEN 27 time 1587708632
0.002813170528020904
0.002403400906317817
0.0020037157709029783
0.0032078621828442525
0.008417227012465469
0.002806224007542265
GEN 28 time 1587708642
0.002813170528020904
0.002403400906317817
0.0020037157709029783
0.0032078621828442525
0.008417227012465469
0.002805820814589806
GEN 29 time 1587708652
0.002813170528020904
0.002403400906317817
0.0020037157709029783
0.0032078621828442525
0.008417227012465469
0.002803615088503777
GEN 30 time 1587708662
0.002813170528020904
0.002403400906317817
0.0020037157709029783
0.0032078621828442525
0.008417227012465469
0.002803615088503777
GEN 31 time 1587708672
0.002813170528020904
0.002403400906317817
0.0020037157709029783
0.0032078621828442525
0.008417227012465469
0.002803615088503777
GEN 32 time 1587708682
0.002813170528020904
0.002403400906317817
0.0020037157709029783
0.0032078621828442525
0.008417227012465469
0.002803615088503777
GEN 33 time 1587708692
0.002813170528020904
0.002403400906317817
0.0020037157709029783
0.0032078621828442525
0.008417227012465469
0.002803615088503777
GEN 34 time 1587708703
0.002813170528020904
0.002403400906317817
0.0020037157709029783
0.0032078621828442525
0.008417227012465469
0.002803615088503777
GEN 35 time 1587708713
0.002813170528020904
0.002403400906317817
0.0020037157709029783
0.0032078621828442525
0.008417227012465469
0.002803615088503777
GEN 36 time 1587708723
0.002813170528020904
0.002403400906317817
0.0020037157709029783
0.0032078621828442525
0.008417227012465469
0.002803615088503777
GEN 37 time 1587708733
0.002813170528020904
0.002403400906317817
0.0020037157709029783
0.0032078621828442525
0.008417227012465469
0.002803615088503777
GEN 38 time 1587708744
0.002813170528020904
0.002403400906317817
0.002002630533842883
0.003204508193974465
0.008417227012465469
0.002803615088503777
GEN 39 time 1587708754
0.002813170528020904
0.002403400906317817
0.002002630533842883
0.003204508193974465
0.008417227012465469
0.002803615088503777
GEN 40 time 1587708764
0.002813170528020904
0.002403400906317817
0.002002630533842883
0.003204508193974465
0.008417227012465469
0.0024053348636076557
GEN 41 time 1587708774
0.002813170528020904
0.002403400906317817
0.002002630533842883
0.002804507346835094
0.008417227012465469
0.0024038080536150663
GEN 42 time 1587708784
0.002813170528020904
0.002403400906317817
0.002002630533842883
0.002804507346835094
0.008417227012465469
0.0024038080536150663
GEN 43 time 1587708794
0.002813170528020904
0.002403400906317817
0.002002630533842883
0.002804507346835094
0.008417227012465469
0.0024038080536150663
GEN 44 time 1587708805
0.002813170528020904
0.002403400906317817
0.002002630533842883
0.002804507346835094
0.008417227012465469
0.0024038080536150663
GEN 45 time 1587708815
0.002813170528020904
0.002403400906317817
0.002002630533842883
0.002804507346835094
0.008417227012465469
0.0024038080536150663
GEN 46 time 1587708825
0.002813170528020904
0.002403400906317817
0.002002630533842883
0.002804507346835094
0.008417227012465469
0.0020045101552955374
GEN 47 time 1587708836
0.002813170528020904
0.002403400906317817
0.0020025822060741267
0.002804507346835094
0.008417227012465469
0.0020045101552955374
GEN 48 time 1587708847
0.002813170528020904
0.002403400906317817
0.0020025822060741267
0.002804507346835094
0.008417227012465469
0.0020045101552955374
GEN 49 time 1587708857
0.002813170528020904
0.002403400906317817
0.0020025822060741267
0.002804507346835094
0.008417227012465469
0.0020045101552955374
GEN 50 time 1587708868
0.002813170528020904
0.002403400906317817
0.0020025822060741267
0.002804507346835094
0.008417227012465469
0.0020045101552955374
GEN 51 time 1587708878
0.002813170528020904
0.002403400906317817
0.0020025822060741267
0.002804507346835094
0.008417227012465469
0.0020045101552955374
GEN 52 time 1587708889
0.002813170528020904
0.002403400906317817
0.0020025822060741267
0.002804507346835094
0.008417227012465469
0.0020045101552955374
GEN 53 time 1587708900
0.002813170528020904
0.002403400906317817
0.0020025822060741267
0.002804507346835094
0.008417227012465469
0.0020045101552955374
GEN 54 time 1587708911
0.002813170528020904
0.002403400906317817
0.0020025822060741267
0.002804507346835094
0.008019223163225536
0.0020045101552955374
GEN 55 time 1587708921
0.002813170528020904
0.002403400906317817
0.0020025822060741267
0.002804507346835094
0.008019223163225536
0.0020045101552955374
GEN 56 time 1587708932
0.002813170528020904
0.002403400906317817
0.0020025822060741267
0.002804507346835094
0.008019223163225536
0.0020045101552955374
GEN 57 time 1587708942
0.002813170528020904
0.002403400906317817
0.0020025822060741267
0.002804507346835094
0.008019223163225536
0.0020045101552955374
GEN 58 time 1587708952
0.002813170528020904
0.002403400906317817
0.0020025822060741267
0.002804507346835094
0.008019223163225536
0.0020045101552955374
GEN 59 time 1587708962
0.002813170528020904
0.002403400906317817
0.0020025822060741267
0.002804507346835094
0.008019223163225536
0.0020045101552955374
GEN 60 time 1587708972
0.002813170528020904
0.002403400906317817
0.0020025822060741267
0.002804507346835094
0.008019223163225536
0.0020045101552955374
GEN 61 time 1587708983
0.002813170528020904
0.002403400906317817
0.0020025822060741267
0.002804507346835094
0.008019223163225536
0.0020045101552955374
GEN 62 time 1587708993
0.002813170528020904
0.002403400906317817
0.0020025822060741267
0.002804507346835094
0.008019223163225536
0.0020045101552955374
GEN 63 time 1587709003
0.002813170528020904
0.002403400906317817
0.0020025822060741267
0.002804507346835094
0.008019223163225536
0.0020045101552955374
GEN 64 time 1587709013
0.002813170528020904
0.002403400906317817
0.0020025822060741267
0.002804507346835094
0.008019223163225536
0.0020045101552955374
GEN 65 time 1587709023
0.002813170528020904
0.002403400906317817
0.0020025822060741267
0.002804507346835094
0.008019223163225536
0.0020045101552955374
GEN 66 time 1587709033
0.002813170528020904
0.002403400906317817
0.0020025822060741267
0.002804507346835094
0.008019223163225536
0.0020045101552955374
GEN 67 time 1587709044
0.002813170528020904
0.002403400906317817
0.0020025822060741267
0.002804507346835094
0.008019223163225536
0.0020045101552955374
GEN 68 time 1587709054
0.002813170528020904
0.002403400906317817
0.0020025822060741267
0.002804507346835094
0.008016406678538542
0.0020045101552955374
GEN 69 time 1587709064
0.002813170528020904
0.002403400906317817
0.0020025822060741267
0.002804507346835094
0.008016406678538542
0.0020045101552955374
GEN 70 time 1587709074
0.002813170528020904
0.002403400906317817
0.0020025822060741267
0.002804507346835094
0.008016406678538542
0.0020045101552955374
GEN 71 time 1587709085
0.002813170528020904
0.002403400906317817
0.0020025822060741267
0.002804507346835094
0.008016406678538542
0.0020045101552955374
GEN 72 time 1587709095
0.002813170528020904
0.002403400906317817
0.0020025822060741267
0.002804507346835094
0.0076182620050642596
0.0020045101552955374
GEN 73 time 1587709105
0.002813170528020904
0.002403400906317817
0.0020025822060741267
0.002804507346835094
0.0076182620050642596
0.0020045101552955374
GEN 74 time 1587709115
0.002813170528020904
0.002403400906317817
0.0020025822060741267
0.002804507346835094
0.0076182620050642596
0.0020045101552955374
GEN 75 time 1587709126
0.002813170528020904
0.002403400906317817
0.0020025822060741267
0.002804507346835094
0.0076182620050642596
0.0020045101552955374
GEN 76 time 1587709136
0.002813170528020904
0.002403400906317817
0.0020025822060741267
0.002804507346835094
0.0076182620050642596
0.0020045101552955374
GEN 77 time 1587709146
0.002813170528020904
0.002403400906317817
0.0020025822060741267
0.002804507346835094
0.0076182620050642596
0.0020045101552955374
GEN 78 time 1587709156
0.002813170528020904
0.002403400906317817
0.0020025822060741267
0.002804507346835094
0.0076182620050642596
0.0020045101552955374
GEN 79 time 1587709166
0.002813170528020904
0.002403400906317817
0.0020025822060741267
0.002804507346835094
0.0076182620050642596
0.0020045101552955374
GEN 80 time 1587709176
0.002813170528020904
0.002403400906317817
0.0020025822060741267
0.002804507346835094
0.0076182620050642596
0.0020045101552955374
GEN 81 time 1587709187
0.002813170528020904
0.002403400906317817
0.0020025822060741267
0.002804507346835094
0.0076182620050642596
0.0020045101552955374
GEN 82 time 1587709197
0.002813170528020904
0.002403400906317817
0.0020025822060741267
0.002804507346835094
0.0076182620050642596
0.0020045101552955374
GEN 83 time 1587709207
0.002813170528020904
0.002403400906317817
0.0020025822060741267
0.002804507346835094
0.0076182620050642596
0.0020045101552955374
GEN 84 time 1587709218
0.002813170528020904
0.002403400906317817
0.0020025822060741267
0.002804507346835094
0.0076182620050642596
0.0020045101552955374
GEN 85 time 1587709228
0.002813170528020904
0.002403400906317817
0.0020025822060741267
0.002804507346835094
0.0076182620050642596
0.0020045101552955374
GEN 86 time 1587709238
0.002813170528020904
0.002403400906317817
0.0020025822060741267
0.002804507346835094
0.0076182620050642596
0.0020045101552955374
GEN 87 time 1587709248
0.002813170528020904
0.002403400906317817
0.0020025822060741267
0.002804507346835094
0.0076182620050642596
0.0020045101552955374
GEN 88 time 1587709259
0.002813170528020904
0.002403400906317817
0.0020025822060741267
0.002804507346835094
0.0076182620050642596
0.0020045101552955374
GEN 89 time 1587709269
0.002813170528020904
0.002403400906317817
0.0020025822060741267
0.002804507346835094
0.0076182620050642596
0.0020045101552955374
GEN 90 time 1587709279
0.002813170528020904
0.002403400906317817
0.0020025822060741267
0.002804507346835094
0.0076182620050642596
0.0020045101552955374
GEN 91 time 1587709289
0.002813170528020904
0.002403400906317817
0.0020025822060741267
0.002804507346835094
0.0076182620050642596
0.0020045101552955374
GEN 92 time 1587709299
0.002813170528020904
0.002403400906317817
0.0020025822060741267
0.002804507346835094
0.0076182620050642596
0.0020045101552955374
GEN 93 time 1587709309
0.002813170528020904
0.002403400906317817
0.0020025822060741267
0.002804507346835094
0.0076182620050642596
0.0020045101552955374
GEN 94 time 1587709319
0.002813170528020904
0.002403400906317817
0.0020025822060741267
0.002804507346835094
0.0076182620050642596
0.0020045101552955374
GEN 95 time 1587709329
0.002813170528020904
0.002403400906317817
0.0020025822060741267
0.002804507346835094
0.0076182620050642596
0.0020045101552955374
GEN 96 time 1587709339
0.002813170528020904
0.002403400906317817
0.0020025822060741267
0.002804507346835094
0.0076182620050642596
0.0020045101552955374
GEN 97 time 1587709349
0.002813170528020904
0.002403400906317817
0.0020025822060741267
0.002804507346835094
0.0076182620050642596
0.0020045101552955374
GEN 98 time 1587709360
0.002813170528020904
0.002403400906317817
0.0020025822060741267
0.002804507346835094
0.0076182620050642596
0.0020045101552955374
GEN 99 time 1587709369
0.002813170528020904
0.002403400906317817
0.0020025822060741267
0.002804507346835094
0.0076182620050642596
0.0020045101552955374
