['./data/small/layer/uu-dem1_r25_1.json', './data/small/layer/uu-dem8_r25_1.json', './data/small/layer/uu-dem5_r25_1.json', './data/small/hop/uu-dem5_r25_1_0.json']
GEN 0 time 1617215192
0.001433914949804524
0.0019331241698611365
0.002191164823506423
0.0011522869993034353
GEN 1 time 1617215193
0.0012805345824464724
0.0019331241698611365
0.002191164823506423
0.0011522869993034353
GEN 2 time 1617215194
0.0012805345824464724
0.0019331241698611365
0.002191164823506423
0.001143488498866294
GEN 3 time 1617215195
0.0012805345824464724
0.0019331241698611365
0.002191164823506423
0.001143488498866294
GEN 4 time 1617215196
0.0012805345824464724
0.0019331241698611365
0.002191164823506423
0.001106900160619208
GEN 5 time 1617215198
0.0012805345824464724
0.0019331241698611365
0.002191164823506423
0.001106900160619208
GEN 6 time 1617215199
0.0012805345824464724
0.0019331241698611365
0.002191164823506423
0.001106900160619208
GEN 7 time 1617215200
0.0012805345824464724
0.0019331241698611365
0.002191164823506423
0.001106900160619208
GEN 8 time 1617215201
0.001242004591752547
0.0019331241698611365
0.002191164823506423
0.001106900160619208
GEN 9 time 1617215202
0.001242004591752547
0.0019331241698611365
0.002191164823506423
0.001106900160619208
GEN 10 time 1617215203
0.001242004591752547
0.0019331241698611365
0.002191164823506423
0.001052771686465652
GEN 11 time 1617215204
0.001242004591752547
0.0019331241698611365
0.002191164823506423
0.001052771686465652
GEN 12 time 1617215205
0.001242004591752547
0.0019331241698611365
0.002191164823506423
0.001052771686465652
GEN 13 time 1617215207
0.001242004591752547
0.0019331241698611365
0.002191164823506423
0.001052771686465652
GEN 14 time 1617215208
0.001242004591752547
0.0019331241698611365
0.002191164823506423
0.001052771686465652
GEN 15 time 1617215209
0.001242004591752547
0.0019331241698611365
0.002191164823506423
0.001052771686465652
GEN 16 time 1617215210
0.001242004591752547
0.0019331241698611365
0.002191164823506423
0.001052771686465652
GEN 17 time 1617215211
0.001242004591752547
0.0019331241698611365
0.002191164823506423
0.001052771686465652
GEN 18 time 1617215212
0.001242004591752547
0.0019331241698611365
0.002191164823506423
0.0010482914239193569
GEN 19 time 1617215213
0.001242004591752547
0.0019331241698611365
0.002191164823506423
0.0010482914239193569
GEN 20 time 1617215214
0.001242004591752547
0.0019331241698611365
0.002191164823506423
0.0010482914239193569
GEN 21 time 1617215215
0.001242004591752547
0.0019331241698611365
0.002191164823506423
0.0010482914239193569
GEN 22 time 1617215217
0.001242004591752547
0.0019331241698611365
0.002191164823506423
0.0010482914239193569
GEN 23 time 1617215218
0.001242004591752547
0.0019331241698611365
0.002191164823506423
0.0010482914239193569
GEN 24 time 1617215219
0.001242004591752547
0.0019331241698611365
0.002191164823506423
0.0010482914239193569
GEN 25 time 1617215220
0.001242004591752547
0.0019331241698611365
0.002191164823506423
0.0010482914239193569
GEN 26 time 1617215221
0.001242004591752547
0.0019331241698611365
0.002191164823506423
0.0010482914239193569
GEN 27 time 1617215222
0.001242004591752547
0.0019331241698611365
0.002191164823506423
0.0010482914239193569
GEN 28 time 1617215223
0.001242004591752547
0.0019331241698611365
0.002191164823506423
0.0010482914239193569
GEN 29 time 1617215224
0.001242004591752547
0.0019331241698611365
0.002191164823506423
0.0010482914239193569
GEN 30 time 1617215226
0.001242004591752547
0.0019331241698611365
0.002191164823506423
0.0010482914239193569
GEN 31 time 1617215227
0.001242004591752547
0.0019331241698611365
0.002191164823506423
0.0010482914239193569
GEN 32 time 1617215228
0.001242004591752547
0.0019331241698611365
0.002191164823506423
0.001021099604846391
GEN 33 time 1617215229
0.001242004591752547
0.0019331241698611365
0.002191164823506423
0.001021099604846391
GEN 34 time 1617215230
0.001242004591752547
0.0019331241698611365
0.002191164823506423
0.001021099604846391
GEN 35 time 1617215231
0.001242004591752547
0.0019331241698611365
0.002191164823506423
0.001021099604846391
GEN 36 time 1617215232
0.001242004591752547
0.0019331241698611365
0.002191164823506423
0.001021099604846391
GEN 37 time 1617215233
0.001242004591752547
0.0019331241698611365
0.002191164823506423
0.001021099604846391
GEN 38 time 1617215235
0.001242004591752547
0.0019331241698611365
0.002191164823506423
0.001021099604846391
GEN 39 time 1617215236
0.001242004591752547
0.0019331241698611365
0.002191164823506423
0.001021099604846391
GEN 40 time 1617215237
0.001242004591752547
0.0019331241698611365
0.002191164823506423
0.001021099604846391
GEN 41 time 1617215238
0.001242004591752547
0.0019331241698611365
0.002191164823506423
0.001021099604846391
GEN 42 time 1617215239
0.001242004591752547
0.0019331241698611365
0.002191164823506423
0.001021099604846391
GEN 43 time 1617215240
0.001242004591752547
0.0019331241698611365
0.002191164823506423
0.001021099604846391
GEN 44 time 1617215241
0.0012054274761236089
0.0019331241698611365
0.002191164823506423
0.001021099604846391
GEN 45 time 1617215242
0.0012054274761236089
0.0019331241698611365
0.002191164823506423
0.001021099604846391
GEN 46 time 1617215244
0.0012054274761236089
0.0019331241698611365
0.002191164823506423
0.001021099604846391
GEN 47 time 1617215245
0.0012054274761236089
0.0019331241698611365
0.002191164823506423
0.001021099604846391
GEN 48 time 1617215246
0.0012054274761236089
0.0019331241698611365
0.002191164823506423
0.001021099604846391
GEN 49 time 1617215247
0.0012054274761236089
0.0019331241698611365
0.002191164823506423
0.001021099604846391
GEN 50 time 1617215248
0.0012054274761236089
0.0019331241698611365
0.002191164823506423
0.001021099604846391
GEN 51 time 1617215249
0.0012054274761236089
0.0019331241698611365
0.002191164823506423
0.001021099604846391
GEN 52 time 1617215250
0.0012054274761236089
0.0019331241698611365
0.002191164823506423
0.001021099604846391
GEN 53 time 1617215251
0.0012054274761236089
0.0019331241698611365
0.002191164823506423
0.001021099604846391
GEN 54 time 1617215253
0.0012054274761236089
0.0019331241698611365
0.002191164823506423
0.001021099604846391
GEN 55 time 1617215254
0.0012054274761236089
0.0019331241698611365
0.002191164823506423
0.001021099604846391
GEN 56 time 1617215255
0.0012054274761236089
0.0019331241698611365
0.002191164823506423
0.001021099604846391
GEN 57 time 1617215256
0.0012054274761236089
0.0019331241698611365
0.002191164823506423
0.001021099604846391
GEN 58 time 1617215257
0.0012054274761236089
0.0019331241698611365
0.002191164823506423
0.001021099604846391
GEN 59 time 1617215258
0.0012054274761236089
0.0019331241698611365
0.002191164823506423
0.001021099604846391
GEN 60 time 1617215259
0.0012054274761236089
0.0019331241698611365
0.002191164823506423
0.001021099604846391
GEN 61 time 1617215260
0.0012054274761236089
0.0019331241698611365
0.002191164823506423
0.001021099604846391
GEN 62 time 1617215261
0.0012054274761236089
0.0019331241698611365
0.002191164823506423
0.001021099604846391
GEN 63 time 1617215263
0.0012054274761236089
0.0019331241698611365
0.002191164823506423
0.001021099604846391
GEN 64 time 1617215264
0.0011512795533306461
0.0019331241698611365
0.002191164823506423
0.001021099604846391
GEN 65 time 1617215265
0.0011512795533306461
0.0019331241698611365
0.002191164823506423
0.001021099604846391
GEN 66 time 1617215266
0.0011512795533306461
0.0019331241698611365
0.002191164823506423
0.001021099604846391
GEN 67 time 1617215267
0.0011512795533306461
0.0019331241698611365
0.002191164823506423
0.001021099604846391
GEN 68 time 1617215268
0.0011512795533306461
0.0019331241698611365
0.002191164823506423
0.001021099604846391
GEN 69 time 1617215269
0.0011512795533306461
0.0019331241698611365
0.002191164823506423
0.001021099604846391
GEN 70 time 1617215270
0.0011512795533306461
0.0019331241698611365
0.002191164823506423
0.001021099604846391
GEN 71 time 1617215272
0.0011512795533306461
0.0019331241698611365
0.002191164823506423
0.001021099604846391
GEN 72 time 1617215273
0.0011512795533306461
0.0019331241698611365
0.002191164823506423
0.001021099604846391
GEN 73 time 1617215274
0.0011512795533306461
0.0019331241698611365
0.002191164823506423
0.001021099604846391
GEN 74 time 1617215275
0.0011512795533306461
0.0019331241698611365
0.002191164823506423
0.001021099604846391
GEN 75 time 1617215276
0.0011512795533306461
0.0019331241698611365
0.002191164823506423
0.001021099604846391
GEN 76 time 1617215277
0.0011512795533306461
0.0019331241698611365
0.002191164823506423
0.001021099604846391
GEN 77 time 1617215278
0.0011512795533306461
0.0019331241698611365
0.002191164823506423
0.001021099604846391
GEN 78 time 1617215279
0.0011512795533306461
0.0019331241698611365
0.002191164823506423
0.001021099604846391
GEN 79 time 1617215280
0.0011512795533306461
0.0019331241698611365
0.002191164823506423
0.001021099604846391
GEN 80 time 1617215282
0.0011512795533306461
0.0019331241698611365
0.002191164823506423
0.001021099604846391
GEN 81 time 1617215283
0.0011512795533306461
0.0019331241698611365
0.002191164823506423
0.001021099604846391
GEN 82 time 1617215284
0.0011512795533306461
0.0019331241698611365
0.002191164823506423
0.001021099604846391
GEN 83 time 1617215285
0.0011512795533306461
0.0019331241698611365
0.002191164823506423
0.001021099604846391
GEN 84 time 1617215286
0.0011512795533306461
0.0019331241698611365
0.002191164823506423
0.001021099604846391
GEN 85 time 1617215287
0.0011512795533306461
0.0019331241698611365
0.002191164823506423
0.001021099604846391
GEN 86 time 1617215288
0.0011512795533306461
0.0019331241698611365
0.002191164823506423
0.001021099604846391
GEN 87 time 1617215289
0.0011512795533306461
0.0019331241698611365
0.002191164823506423
0.001021099604846391
GEN 88 time 1617215291
0.0011512795533306461
0.0019331241698611365
0.002191164823506423
0.001021099604846391
GEN 89 time 1617215292
0.0011512795533306461
0.0019331241698611365
0.002191164823506423
0.001021099604846391
GEN 90 time 1617215293
0.0011512795533306461
0.0019331241698611365
0.002191164823506423
0.001021099604846391
GEN 91 time 1617215294
0.0011512795533306461
0.0019331241698611365
0.002191164823506423
0.001021099604846391
GEN 92 time 1617215295
0.0011512795533306461
0.0019331241698611365
0.002191164823506423
0.001021099604846391
GEN 93 time 1617215296
0.0011512795533306461
0.0019331241698611365
0.002191164823506423
0.001021099604846391
GEN 94 time 1617215297
0.0011512795533306461
0.0019331241698611365
0.002191164823506423
0.001021099604846391
GEN 95 time 1617215298
0.0011512795533306461
0.0019331241698611365
0.002191164823506423
0.001021099604846391
GEN 96 time 1617215300
0.0011512795533306461
0.0019331241698611365
0.002191164823506423
0.001021099604846391
GEN 97 time 1617215301
0.0011512795533306461
0.0019331241698611365
0.002191164823506423
0.001021099604846391
GEN 98 time 1617215302
0.0011512795533306461
0.0019331241698611365
0.002191164823506423
0.001021099604846391
GEN 99 time 1617215303
0.0011512795533306461
0.0019331241698611365
0.002191164823506423
0.001021099604846391
GEN 100 time 1617215304
0.0011512795533306461
0.0019331241698611365
0.002191164823506423
0.001021099604846391
GEN 101 time 1617215305
0.0011512795533306461
0.0019331241698611365
0.002191164823506423
0.001021099604846391
GEN 102 time 1617215306
0.0011512795533306461
0.0019331241698611365
0.002191164823506423
0.001021099604846391
GEN 103 time 1617215307
0.0011512795533306461
0.0019331241698611365
0.002191164823506423
0.001021099604846391
GEN 104 time 1617215309
0.0011512795533306461
0.0019331241698611365
0.002191164823506423
0.001021099604846391
GEN 105 time 1617215310
0.0011512795533306461
0.0019331241698611365
0.002191164823506423
0.001021099604846391
GEN 106 time 1617215311
0.0011512795533306461
0.0019331241698611365
0.002191164823506423
0.001021099604846391
GEN 107 time 1617215312
0.0011512795533306461
0.0019331241698611365
0.002191164823506423
0.001021099604846391
GEN 108 time 1617215313
0.0011512795533306461
0.0019331241698611365
0.002191164823506423
0.001021099604846391
GEN 109 time 1617215314
0.0011512795533306461
0.0019331241698611365
0.002191164823506423
0.001021099604846391
GEN 110 time 1617215315
0.0011512795533306461
0.0019331241698611365
0.002191164823506423
0.001021099604846391
GEN 111 time 1617215316
0.0011512795533306461
0.0019331241698611365
0.002191164823506423
0.001021099604846391
GEN 112 time 1617215317
0.0011512795533306461
0.0019331241698611365
0.002191164823506423
0.001021099604846391
GEN 113 time 1617215319
0.0011512795533306461
0.0019331241698611365
0.002191164823506423
0.001021099604846391
GEN 114 time 1617215320
0.0011512795533306461
0.0019331241698611365
0.002191164823506423
0.001021099604846391
GEN 115 time 1617215321
0.0011512795533306461
0.0019331241698611365
0.002191164823506423
0.001021099604846391
GEN 116 time 1617215322
0.0011512795533306461
0.0019331241698611365
0.002191164823506423
0.001021099604846391
GEN 117 time 1617215323
0.0011512795533306461
0.0019331241698611365
0.002191164823506423
0.001021099604846391
GEN 118 time 1617215324
0.0011512795533306461
0.0019331241698611365
0.002191164823506423
0.001021099604846391
GEN 119 time 1617215325
0.0011512795533306461
0.0019331241698611365
0.002191164823506423
0.001021099604846391
GEN 120 time 1617215326
0.0011512795533306461
0.0019331241698611365
0.002191164823506423
0.001021099604846391
GEN 121 time 1617215328
0.0011512795533306461
0.0019331241698611365
0.002191164823506423
0.001021099604846391
GEN 122 time 1617215329
0.0011512795533306461
0.0019331241698611365
0.002191164823506423
0.001021099604846391
GEN 123 time 1617215330
0.0011512795533306461
0.0019331241698611365
0.002191164823506423
0.001021099604846391
GEN 124 time 1617215331
0.0011512795533306461
0.0019331241698611365
0.002191164823506423
0.001021099604846391
GEN 125 time 1617215332
0.0011512795533306461
0.0019331241698611365
0.002191164823506423
0.001021099604846391
GEN 126 time 1617215333
0.0011512795533306461
0.0019331241698611365
0.002191164823506423
0.001021099604846391
GEN 127 time 1617215334
0.0011512795533306461
0.0019331241698611365
0.002191164823506423
0.001021099604846391
GEN 128 time 1617215335
0.0011512795533306461
0.0019331241698611365
0.002191164823506423
0.001021099604846391
GEN 129 time 1617215336
0.0011512795533306461
0.0019331241698611365
0.002191164823506423
0.001021099604846391
GEN 130 time 1617215338
0.0011512795533306461
0.0019331241698611365
0.002191164823506423
0.001021099604846391
GEN 131 time 1617215339
0.0011512795533306461
0.0019331241698611365
0.002191164823506423
0.001021099604846391
GEN 132 time 1617215340
0.0011512795533306461
0.0019331241698611365
0.002191164823506423
0.001021099604846391
GEN 133 time 1617215341
0.0011512795533306461
0.0019331241698611365
0.002191164823506423
0.001021099604846391
GEN 134 time 1617215342
0.0011512795533306461
0.0019331241698611365
0.002191164823506423
0.001021099604846391
GEN 135 time 1617215343
0.0011512795533306461
0.0019331241698611365
0.002191164823506423
0.001021099604846391
GEN 136 time 1617215344
0.0011512795533306461
0.0019331241698611365
0.002191164823506423
0.001021099604846391
GEN 137 time 1617215345
0.0011512795533306461
0.0019331241698611365
0.002191164823506423
0.001021099604846391
GEN 138 time 1617215347
0.0011512795533306461
0.0019331241698611365
0.002191164823506423
0.001021099604846391
GEN 139 time 1617215348
0.0011512795533306461
0.0019331241698611365
0.002191164823506423
0.001021099604846391
GEN 140 time 1617215349
0.0011512795533306461
0.0019331241698611365
0.002191164823506423
0.001021099604846391
GEN 141 time 1617215350
0.0011512795533306461
0.0019331241698611365
0.002191164823506423
0.001021099604846391
GEN 142 time 1617215351
0.0011512795533306461
0.0019331241698611365
0.002191164823506423
0.001021099604846391
GEN 143 time 1617215352
0.0011512795533306461
0.0019331241698611365
0.002191164823506423
0.001021099604846391
GEN 144 time 1617215353
0.0011512795533306461
0.0019331241698611365
0.002191164823506423
0.001021099604846391
GEN 145 time 1617215354
0.0011512795533306461
0.0019331241698611365
0.002191164823506423
0.001021099604846391
GEN 146 time 1617215356
0.0011512795533306461
0.0019331241698611365
0.002191164823506423
0.001021099604846391
GEN 147 time 1617215357
0.0011512795533306461
0.0019331241698611365
0.002191164823506423
0.001021099604846391
GEN 148 time 1617215358
0.0011512795533306461
0.0019331241698611365
0.002191164823506423
0.001021099604846391
GEN 149 time 1617215359
0.0011512795533306461
0.0019331241698611365
0.002191164823506423
0.001021099604846391
GEN 150 time 1617215360
0.0011512795533306461
0.0019331241698611365
0.002191164823506423
0.001021099604846391
GEN 151 time 1617215361
0.0011512795533306461
0.0019331241698611365
0.002191164823506423
0.001021099604846391
GEN 152 time 1617215362
0.0011512795533306461
0.0019331241698611365
0.002191164823506423
0.001021099604846391
GEN 153 time 1617215363
0.0011512795533306461
0.0019331241698611365
0.002191164823506423
0.001021099604846391
GEN 154 time 1617215365
0.0011512795533306461
0.0019331241698611365
0.002191164823506423
0.001021099604846391
GEN 155 time 1617215366
0.0011512795533306461
0.0019331241698611365
0.002191164823506423
0.001021099604846391
GEN 156 time 1617215367
0.0011512795533306461
0.0019331241698611365
0.002191164823506423
0.001021099604846391
GEN 157 time 1617215368
0.0011512795533306461
0.0019331241698611365
0.002191164823506423
0.001021099604846391
GEN 158 time 1617215369
0.0011512795533306461
0.0019331241698611365
0.002191164823506423
0.001021099604846391
GEN 159 time 1617215370
0.0011512795533306461
0.0019331241698611365
0.002191164823506423
0.001021099604846391
GEN 160 time 1617215371
0.0011512795533306461
0.0019331241698611365
0.002191164823506423
0.001021099604846391
GEN 161 time 1617215372
0.0011512795533306461
0.0019331241698611365
0.002191164823506423
0.001021099604846391
GEN 162 time 1617215374
0.0011512795533306461
0.0019331241698611365
0.002191164823506423
0.001021099604846391
GEN 163 time 1617215375
0.0011512795533306461
0.0019331241698611365
0.002191164823506423
0.001021099604846391
GEN 164 time 1617215376
0.0011512795533306461
0.0019331241698611365
0.002191164823506423
0.001021099604846391
GEN 165 time 1617215377
0.0011512795533306461
0.0019331241698611365
0.002191164823506423
0.001021099604846391
GEN 166 time 1617215378
0.0011512795533306461
0.0019331241698611365
0.002191164823506423
0.001021099604846391
GEN 167 time 1617215379
0.0011512795533306461
0.0019331241698611365
0.002191164823506423
0.001021099604846391
GEN 168 time 1617215380
0.0011512795533306461
0.0019331241698611365
0.002191164823506423
0.001021099604846391
GEN 169 time 1617215381
0.0011512795533306461
0.0019331241698611365
0.002191164823506423
0.001021099604846391
GEN 170 time 1617215382
0.0011512795533306461
0.0019331241698611365
0.002191164823506423
0.001021099604846391
GEN 171 time 1617215384
0.0011512795533306461
0.0019331241698611365
0.002191164823506423
0.001021099604846391
GEN 172 time 1617215385
0.0011512795533306461
0.0019331241698611365
0.002191164823506423
0.001021099604846391
GEN 173 time 1617215386
0.0011512795533306461
0.0019331241698611365
0.002191164823506423
0.001021099604846391
GEN 174 time 1617215387
0.0011512795533306461
0.0019331241698611365
0.002191164823506423
0.001021099604846391
GEN 175 time 1617215388
0.0011512795533306461
0.0019331241698611365
0.002191164823506423
0.001021099604846391
GEN 176 time 1617215389
0.0011512795533306461
0.0019331241698611365
0.002191164823506423
0.001021099604846391
GEN 177 time 1617215390
0.0011512795533306461
0.0019331241698611365
0.002191164823506423
0.001021099604846391
GEN 178 time 1617215391
0.0011512795533306461
0.0019331241698611365
0.002191164823506423
0.001021099604846391
GEN 179 time 1617215393
0.0011512795533306461
0.0019331241698611365
0.002191164823506423
0.001021099604846391
GEN 180 time 1617215394
0.0011512795533306461
0.0019331241698611365
0.002191164823506423
0.001021099604846391
GEN 181 time 1617215395
0.0011512795533306461
0.0019331241698611365
0.002191164823506423
0.001021099604846391
GEN 182 time 1617215396
0.0011512795533306461
0.0019331241698611365
0.002191164823506423
0.001021099604846391
GEN 183 time 1617215397
0.0011512795533306461
0.0019331241698611365
0.002191164823506423
0.001021099604846391
GEN 184 time 1617215398
0.0011512795533306461
0.0019331241698611365
0.002191164823506423
0.001021099604846391
GEN 185 time 1617215399
0.0011512795533306461
0.0019331241698611365
0.002191164823506423
0.001021099604846391
GEN 186 time 1617215400
0.0011512795533306461
0.0019331241698611365
0.002191164823506423
0.001021099604846391
GEN 187 time 1617215402
0.0011512795533306461
0.0019331241698611365
0.002191164823506423
0.001021099604846391
GEN 188 time 1617215403
0.0011512795533306461
0.0019331241698611365
0.002191164823506423
0.001021099604846391
GEN 189 time 1617215404
0.0011512795533306461
0.0019331241698611365
0.002191164823506423
0.001021099604846391
GEN 190 time 1617215405
0.0011512795533306461
0.0019331241698611365
0.002191164823506423
0.001021099604846391
GEN 191 time 1617215406
0.0011512795533306461
0.0019331241698611365
0.002191164823506423
0.001021099604846391
GEN 192 time 1617215407
0.0011512795533306461
0.0019331241698611365
0.002191164823506423
0.001021099604846391
GEN 193 time 1617215408
0.0011512795533306461
0.0019331241698611365
0.002191164823506423
0.001021099604846391
GEN 194 time 1617215409
0.0011512795533306461
0.0019331241698611365
0.002191164823506423
0.001021099604846391
GEN 195 time 1617215411
0.0011512795533306461
0.0019331241698611365
0.002191164823506423
0.001021099604846391
GEN 196 time 1617215412
0.0011512795533306461
0.0019331241698611365
0.002191164823506423
0.001021099604846391
GEN 197 time 1617215413
0.0011512795533306461
0.0019331241698611365
0.002191164823506423
0.001021099604846391
GEN 198 time 1617215414
0.0011512795533306461
0.0019331241698611365
0.002191164823506423
0.001021099604846391
GEN 199 time 1617215415
0.0011512795533306461
0.0019331241698611365
0.002191164823506423
0.001021099604846391
