['./data/small/layer/uu-dem3_r25_1.json', './data/small/layer/uu-dem4_r25_1.json', './data/small/layer/uu-dem5_r25_1.json', './data/small/hop/uu-dem5_r25_1_0.json', './data/small/hop/uu-dem3_r25_1_0.json', './data/small/hop/uu-dem8_r25_1_0.json']
GEN 0 time 1617166379
0.0017058410808370235
0.0014584555404298799
0.002191164823506423
0.001143488498866294
0.001253172393566906
0.0010797762267159678
GEN 1 time 1617166380
0.0017058410808370235
0.0014584555404298799
0.002191164823506423
0.001143488498866294
0.001253172393566906
0.0010797762267159678
GEN 2 time 1617166382
0.0017058410808370235
0.0014584555404298799
0.002191164823506423
0.001143488498866294
0.001253172393566906
0.0010797762267159678
GEN 3 time 1617166384
0.0017058410808370235
0.0014584555404298799
0.002191164823506423
0.001143488498866294
0.001253172393566906
0.0010797762267159678
GEN 4 time 1617166386
0.0017058410808370235
0.0014584555404298799
0.002191164823506423
0.001143488498866294
0.001253172393566906
0.0010744247501258287
GEN 5 time 1617166388
0.0017058410808370235
0.0014584555404298799
0.002191164823506423
0.001106900160619208
0.001096672865677312
0.0010744247501258287
GEN 6 time 1617166389
0.0017058410808370235
0.0014584555404298799
0.002191164823506423
0.001106900160619208
0.001096672865677312
0.0010744247501258287
GEN 7 time 1617166391
0.0017058410808370235
0.0014584555404298799
0.002191164823506423
0.001106900160619208
0.001096672865677312
0.0010744247501258287
GEN 8 time 1617166393
0.0017058410808370235
0.0014584555404298799
0.002191164823506423
0.001106900160619208
0.001096672865677312
0.0010696590428799513
GEN 9 time 1617166395
0.0017058410808370235
0.0014584555404298799
0.002191164823506423
0.001106900160619208
0.001096672865677312
0.0010696590428799513
GEN 10 time 1617166397
0.0017058410808370235
0.0014584555404298799
0.002191164823506423
0.001106900160619208
0.001096672865677312
0.0010696590428799513
GEN 11 time 1617166399
0.0017058410808370235
0.0014584555404298799
0.002191164823506423
0.001106900160619208
0.001096672865677312
0.0010409605874176918
GEN 12 time 1617166400
0.0017058410808370235
0.0014584555404298799
0.002191164823506423
0.001106900160619208
0.0010795799829480903
0.0010409605874176918
GEN 13 time 1617166402
0.0017058410808370235
0.0014584555404298799
0.002191164823506423
0.0010603914304066994
0.0010795799829480903
0.0010409605874176918
GEN 14 time 1617166404
0.0017058410808370235
0.0014584555404298799
0.002191164823506423
0.001052771686465652
0.0010795799829480903
0.0010409605874176918
GEN 15 time 1617166406
0.0017058410808370235
0.0014584555404298799
0.002191164823506423
0.001052771686465652
0.0010795799829480903
0.0010409605874176918
GEN 16 time 1617166408
0.0017058410808370235
0.0014584555404298799
0.002191164823506423
0.001052771686465652
0.0010795799829480903
0.0010409605874176918
GEN 17 time 1617166409
0.0017058410808370235
0.0014584555404298799
0.002191164823506423
0.001052771686465652
0.0010411326497411783
0.0010409605874176918
GEN 18 time 1617166411
0.0017058410808370235
0.0014584555404298799
0.002191164823506423
0.0010513544527705543
0.00102750193699995
0.0010409605874176918
GEN 19 time 1617166413
0.0017058410808370235
0.0014584555404298799
0.002191164823506423
0.0010513544527705543
0.00102750193699995
0.0010409605874176918
GEN 20 time 1617166415
0.0017058410808370235
0.0014584555404298799
0.002191164823506423
0.0010513544527705543
0.00102750193699995
0.0010409605874176918
GEN 21 time 1617166417
0.0017058410808370235
0.0014584555404298799
0.002191164823506423
0.001021099604846391
0.0010212468475386826
0.0010368468316189472
GEN 22 time 1617166419
0.0017058410808370235
0.0014584555404298799
0.002191164823506423
0.001021099604846391
0.0010212468475386826
0.0010368468316189472
GEN 23 time 1617166420
0.0017058410808370235
0.0014584555404298799
0.002191164823506423
0.001021099604846391
0.0010212468475386826
0.0010368468316189472
GEN 24 time 1617166422
0.0017058410808370235
0.0014584555404298799
0.002191164823506423
0.001021099604846391
0.0010212468475386826
0.0010368468316189472
GEN 25 time 1617166424
0.0017058410808370235
0.0014584555404298799
0.002191164823506423
0.001021099604846391
0.001012260421749369
0.0010368468316189472
GEN 26 time 1617166426
0.0017058410808370235
0.0014584555404298799
0.002191164823506423
0.001021099604846391
0.001012260421749369
0.0010368468316189472
GEN 27 time 1617166428
0.0017058410808370235
0.0014584555404298799
0.002191164823506423
0.001021099604846391
0.001012260421749369
0.0010368468316189472
GEN 28 time 1617166429
0.0017058410808370235
0.0014584555404298799
0.002191164823506423
0.001021099604846391
0.001012260421749369
0.0010240292632602269
GEN 29 time 1617166431
0.0017058410808370235
0.0014584555404298799
0.002191164823506423
0.001021099604846391
0.001012260421749369
0.0009712376007952087
GEN 30 time 1617166433
0.0017058410808370235
0.0014584555404298799
0.002191164823506423
0.001021099604846391
0.001012260421749369
0.0009712376007952087
GEN 31 time 1617166435
0.0017058410808370235
0.0014584555404298799
0.002191164823506423
0.001021099604846391
0.001012260421749369
0.0009712376007952087
GEN 32 time 1617166437
0.0017058410808370235
0.0014584555404298799
0.002191164823506423
0.001021099604846391
0.001012260421749369
0.0009712376007952087
GEN 33 time 1617166439
0.0017058410808370235
0.0014584555404298799
0.002191164823506423
0.001021099604846391
0.001012260421749369
0.0009712376007952087
GEN 34 time 1617166440
0.0017058410808370235
0.0014584555404298799
0.002191164823506423
0.001021099604846391
0.001012260421749369
0.0009712376007952087
GEN 35 time 1617166442
0.0017058410808370235
0.0014584555404298799
0.002191164823506423
0.001021099604846391
0.001012260421749369
0.0009712376007952087
GEN 36 time 1617166444
0.0017058410808370235
0.0014584555404298799
0.002191164823506423
0.001021099604846391
0.001012260421749369
0.0009712376007952087
GEN 37 time 1617166446
0.0017058410808370235
0.0014584555404298799
0.002191164823506423
0.001021099604846391
0.001012260421749369
0.0009712376007952087
GEN 38 time 1617166448
0.0017058410808370235
0.0014584555404298799
0.002191164823506423
0.001021099604846391
0.0009678632602091045
0.0009712376007952087
GEN 39 time 1617166450
0.0017058410808370235
0.0014584555404298799
0.002191164823506423
0.001021099604846391
0.0009678632602091045
0.0009712376007952087
GEN 40 time 1617166451
0.0017058410808370235
0.0014584555404298799
0.002191164823506423
0.001021099604846391
0.000961808395994954
0.0009712376007952087
GEN 41 time 1617166453
0.0017058410808370235
0.0014584555404298799
0.002191164823506423
0.001021099604846391
0.000961808395994954
0.0009712376007952087
GEN 42 time 1617166455
0.0017058410808370235
0.0014584555404298799
0.002191164823506423
0.001021099604846391
0.000961808395994954
0.0009712376007952087
GEN 43 time 1617166457
0.0017058410808370235
0.0014584555404298799
0.002191164823506423
0.001021099604846391
0.000961808395994954
0.0009712376007952087
GEN 44 time 1617166459
0.0017058410808370235
0.0014584555404298799
0.002191164823506423
0.001021099604846391
0.0009244820071741493
0.0009712376007952087
GEN 45 time 1617166460
0.0017058410808370235
0.0014584555404298799
0.002191164823506423
0.001021099604846391
0.0009244820071741493
0.0009712376007952087
GEN 46 time 1617166462
0.0017058410808370235
0.0014584555404298799
0.002191164823506423
0.001021099604846391
0.0009244820071741493
0.0009712376007952087
GEN 47 time 1617166464
0.0017058410808370235
0.0014584555404298799
0.002191164823506423
0.001021099604846391
0.0009244820071741493
0.0009712376007952087
GEN 48 time 1617166466
0.0017058410808370235
0.0014584555404298799
0.002191164823506423
0.001021099604846391
0.0009244820071741493
0.0009712376007952087
GEN 49 time 1617166468
0.0017058410808370235
0.0014584555404298799
0.002191164823506423
0.001021099604846391
0.0009244820071741493
0.0009712376007952087
GEN 50 time 1617166469
0.0017058410808370235
0.0014584555404298799
0.002191164823506423
0.001021099604846391
0.0009244820071741493
0.0009712376007952087
GEN 51 time 1617166471
0.0017058410808370235
0.0014584555404298799
0.002191164823506423
0.001021099604846391
0.0009244820071741493
0.0009712376007952087
GEN 52 time 1617166473
0.0017058410808370235
0.0014584555404298799
0.002191164823506423
0.001021099604846391
0.0009244820071741493
0.0009712376007952087
GEN 53 time 1617166475
0.0017058410808370235
0.0014584555404298799
0.002191164823506423
0.001021099604846391
0.0009244820071741493
0.0009712376007952087
GEN 54 time 1617166477
0.0017058410808370235
0.0014584555404298799
0.002191164823506423
0.001021099604846391
0.0009244820071741493
0.0009712376007952087
GEN 55 time 1617166479
0.0017058410808370235
0.0014584555404298799
0.002191164823506423
0.001021099604846391
0.0009244820071741493
0.0009712376007952087
GEN 56 time 1617166480
0.0017058410808370235
0.0014584555404298799
0.002191164823506423
0.001021099604846391
0.0009244820071741493
0.0009712376007952087
GEN 57 time 1617166482
0.0017058410808370235
0.0014584555404298799
0.002191164823506423
0.001021099604846391
0.0009244820071741493
0.0009712376007952087
GEN 58 time 1617166484
0.0017058410808370235
0.0014584555404298799
0.002191164823506423
0.001021099604846391
0.0009244820071741493
0.0009712376007952087
GEN 59 time 1617166486
0.0017058410808370235
0.0014584555404298799
0.002191164823506423
0.001021099604846391
0.0009244820071741493
0.0009712376007952087
GEN 60 time 1617166488
0.0017058410808370235
0.0014584555404298799
0.002191164823506423
0.001021099604846391
0.0009244820071741493
0.0009712376007952087
GEN 61 time 1617166489
0.0017058410808370235
0.0014584555404298799
0.002191164823506423
0.001021099604846391
0.0009244820071741493
0.0009712376007952087
GEN 62 time 1617166491
0.0017058410808370235
0.0014584555404298799
0.002191164823506423
0.001021099604846391
0.0009244820071741493
0.0009712376007952087
GEN 63 time 1617166493
0.0017058410808370235
0.0014584555404298799
0.002191164823506423
0.001021099604846391
0.0009244820071741493
0.0009712376007952087
GEN 64 time 1617166495
0.0017058410808370235
0.0014584555404298799
0.002191164823506423
0.001021099604846391
0.0009244820071741493
0.0009712376007952087
GEN 65 time 1617166497
0.0017058410808370235
0.0014584555404298799
0.002191164823506423
0.001021099604846391
0.0009244820071741493
0.0009712376007952087
GEN 66 time 1617166499
0.0017058410808370235
0.0014584555404298799
0.002191164823506423
0.001021099604846391
0.0009244820071741493
0.0009712376007952087
GEN 67 time 1617166500
0.0017058410808370235
0.0014584555404298799
0.002191164823506423
0.001021099604846391
0.0009244820071741493
0.0009712376007952087
GEN 68 time 1617166502
0.0017058410808370235
0.0014584555404298799
0.002191164823506423
0.001021099604846391
0.0009244820071741493
0.0009712376007952087
GEN 69 time 1617166504
0.0017058410808370235
0.0014584555404298799
0.002191164823506423
0.001021099604846391
0.0009244820071741493
0.0009712376007952087
GEN 70 time 1617166506
0.0017058410808370235
0.0014584555404298799
0.002191164823506423
0.001021099604846391
0.0009244820071741493
0.0009712376007952087
GEN 71 time 1617166508
0.0017058410808370235
0.0014584555404298799
0.002191164823506423
0.001021099604846391
0.0009244820071741493
0.0009712376007952087
GEN 72 time 1617166510
0.0017058410808370235
0.0014584555404298799
0.002191164823506423
0.001021099604846391
0.0009244820071741493
0.0009712376007952087
GEN 73 time 1617166511
0.0017058410808370235
0.0014584555404298799
0.002191164823506423
0.001021099604846391
0.0009244820071741493
0.0009712376007952087
GEN 74 time 1617166513
0.0017058410808370235
0.0014584555404298799
0.002191164823506423
0.001021099604846391
0.0009244820071741493
0.0009712376007952087
GEN 75 time 1617166515
0.0017058410808370235
0.0014584555404298799
0.002191164823506423
0.001021099604846391
0.0009244820071741493
0.0009712376007952087
GEN 76 time 1617166517
0.0017058410808370235
0.0014584555404298799
0.002191164823506423
0.001021099604846391
0.0009244820071741493
0.0009712376007952087
GEN 77 time 1617166519
0.0017058410808370235
0.0014584555404298799
0.002191164823506423
0.001021099604846391
0.0009244820071741493
0.0009712376007952087
GEN 78 time 1617166520
0.0017058410808370235
0.0014584555404298799
0.002191164823506423
0.001021099604846391
0.0009244820071741493
0.0009712376007952087
GEN 79 time 1617166522
0.0017058410808370235
0.0014584555404298799
0.002191164823506423
0.001021099604846391
0.0009244820071741493
0.0009712376007952087
GEN 80 time 1617166524
0.0017058410808370235
0.0014584555404298799
0.002191164823506423
0.001021099604846391
0.0009244820071741493
0.0009712376007952087
GEN 81 time 1617166526
0.0017058410808370235
0.0014584555404298799
0.002191164823506423
0.001021099604846391
0.0009244820071741493
0.0009712376007952087
GEN 82 time 1617166528
0.0017058410808370235
0.0014584555404298799
0.002191164823506423
0.001021099604846391
0.0009244820071741493
0.0009712376007952087
GEN 83 time 1617166530
0.0017058410808370235
0.0014584555404298799
0.002191164823506423
0.001021099604846391
0.0009244820071741493
0.0009712376007952087
GEN 84 time 1617166531
0.0017058410808370235
0.0014584555404298799
0.002191164823506423
0.001021099604846391
0.0009244820071741493
0.0009712376007952087
GEN 85 time 1617166533
0.0017058410808370235
0.0014584555404298799
0.002191164823506423
0.001021099604846391
0.0009244820071741493
0.0009712376007952087
GEN 86 time 1617166535
0.0017058410808370235
0.0014584555404298799
0.002191164823506423
0.001021099604846391
0.0009244820071741493
0.0009712376007952087
GEN 87 time 1617166537
0.0017058410808370235
0.0014584555404298799
0.002191164823506423
0.001021099604846391
0.0009244820071741493
0.0009712376007952087
GEN 88 time 1617166539
0.0017058410808370235
0.0014584555404298799
0.002191164823506423
0.001021099604846391
0.0009244820071741493
0.0009712376007952087
GEN 89 time 1617166540
0.0017058410808370235
0.0014584555404298799
0.002191164823506423
0.001021099604846391
0.0009244820071741493
0.0009712376007952087
GEN 90 time 1617166542
0.0017058410808370235
0.0014584555404298799
0.002191164823506423
0.001021099604846391
0.0009244820071741493
0.0009712376007952087
GEN 91 time 1617166544
0.0017058410808370235
0.0014584555404298799
0.002191164823506423
0.001021099604846391
0.0009244820071741493
0.0009712376007952087
GEN 92 time 1617166546
0.0017058410808370235
0.0014584555404298799
0.002191164823506423
0.001021099604846391
0.0009244820071741493
0.0009712376007952087
GEN 93 time 1617166547
0.0017058410808370235
0.0014584555404298799
0.002191164823506423
0.001021099604846391
0.0009244820071741493
0.0009712376007952087
GEN 94 time 1617166549
0.0017058410808370235
0.0014584555404298799
0.002191164823506423
0.001021099604846391
0.0009244820071741493
0.0009712376007952087
GEN 95 time 1617166551
0.0017058410808370235
0.0014584555404298799
0.002191164823506423
0.001021099604846391
0.0009244820071741493
0.0009712376007952087
GEN 96 time 1617166553
0.0017058410808370235
0.0014584555404298799
0.002191164823506423
0.001021099604846391
0.0009244820071741493
0.0009712376007952087
GEN 97 time 1617166555
0.0017058410808370235
0.0014584555404298799
0.002191164823506423
0.001021099604846391
0.0009244820071741493
0.0009712376007952087
GEN 98 time 1617166557
0.0017058410808370235
0.0014584555404298799
0.002191164823506423
0.001021099604846391
0.0009244820071741493
0.0009712376007952087
GEN 99 time 1617166559
0.0017058410808370235
0.0014584555404298799
0.002191164823506423
0.001021099604846391
0.0009244820071741493
0.0009712376007952087
GEN 100 time 1617166560
0.0017058410808370235
0.0014584555404298799
0.002191164823506423
0.001021099604846391
0.0009244820071741493
0.0009712376007952087
GEN 101 time 1617166562
0.0017058410808370235
0.0014584555404298799
0.002191164823506423
0.001021099604846391
0.0009244820071741493
0.0009712376007952087
GEN 102 time 1617166564
0.0017058410808370235
0.0014584555404298799
0.002191164823506423
0.001021099604846391
0.0009244820071741493
0.0009712376007952087
GEN 103 time 1617166566
0.0017058410808370235
0.0014584555404298799
0.002191164823506423
0.001021099604846391
0.0009244820071741493
0.0009712376007952087
GEN 104 time 1617166568
0.0017058410808370235
0.0014584555404298799
0.002191164823506423
0.001021099604846391
0.0009244820071741493
0.0009712376007952087
GEN 105 time 1617166570
0.0017058410808370235
0.0014584555404298799
0.002191164823506423
0.001021099604846391
0.0009244820071741493
0.0009712376007952087
GEN 106 time 1617166571
0.0017058410808370235
0.0014584555404298799
0.002191164823506423
0.001021099604846391
0.0009244820071741493
0.0009712376007952087
GEN 107 time 1617166573
0.0017058410808370235
0.0014584555404298799
0.002191164823506423
0.001021099604846391
0.0009244820071741493
0.0009712376007952087
GEN 108 time 1617166575
0.0017058410808370235
0.0014584555404298799
0.002191164823506423
0.001021099604846391
0.0009244820071741493
0.0009712376007952087
GEN 109 time 1617166577
0.0017058410808370235
0.0014584555404298799
0.002191164823506423
0.001021099604846391
0.0009244820071741493
0.0009712376007952087
GEN 110 time 1617166579
0.0017058410808370235
0.0014584555404298799
0.002191164823506423
0.001021099604846391
0.0009244820071741493
0.0009712376007952087
GEN 111 time 1617166580
0.0017058410808370235
0.0014584555404298799
0.002191164823506423
0.001021099604846391
0.0009244820071741493
0.0009712376007952087
GEN 112 time 1617166582
0.0017058410808370235
0.0014584555404298799
0.002191164823506423
0.001021099604846391
0.0009244820071741493
0.0009712376007952087
GEN 113 time 1617166584
0.0017058410808370235
0.0014584555404298799
0.002191164823506423
0.001021099604846391
0.0009244820071741493
0.0009712376007952087
GEN 114 time 1617166586
0.0017058410808370235
0.0014584555404298799
0.002191164823506423
0.001021099604846391
0.0009244820071741493
0.0009712376007952087
GEN 115 time 1617166588
0.0017058410808370235
0.0014584555404298799
0.002191164823506423
0.001021099604846391
0.0009244820071741493
0.0009712376007952087
GEN 116 time 1617166590
0.0017058410808370235
0.0014584555404298799
0.002191164823506423
0.001021099604846391
0.0009244820071741493
0.0009712376007952087
GEN 117 time 1617166591
0.0017058410808370235
0.0014584555404298799
0.002191164823506423
0.001021099604846391
0.0009244820071741493
0.0009712376007952087
GEN 118 time 1617166593
0.0017058410808370235
0.0014584555404298799
0.002191164823506423
0.001021099604846391
0.0009244820071741493
0.0009712376007952087
GEN 119 time 1617166595
0.0017058410808370235
0.0014584555404298799
0.002191164823506423
0.001021099604846391
0.0009244820071741493
0.0009712376007952087
GEN 120 time 1617166597
0.0017058410808370235
0.0014584555404298799
0.002191164823506423
0.001021099604846391
0.0009244820071741493
0.0009712376007952087
GEN 121 time 1617166599
0.0017058410808370235
0.0014584555404298799
0.002191164823506423
0.001021099604846391
0.0009244820071741493
0.0009712376007952087
GEN 122 time 1617166601
0.0017058410808370235
0.0014584555404298799
0.002191164823506423
0.001021099604846391
0.0009244820071741493
0.0009712376007952087
GEN 123 time 1617166602
0.0017058410808370235
0.0014584555404298799
0.002191164823506423
0.001021099604846391
0.0009244820071741493
0.0009712376007952087
GEN 124 time 1617166604
0.0017058410808370235
0.0014584555404298799
0.002191164823506423
0.001021099604846391
0.0009244820071741493
0.0009712376007952087
GEN 125 time 1617166606
0.0017058410808370235
0.0014584555404298799
0.002191164823506423
0.001021099604846391
0.0009244820071741493
0.0009712376007952087
GEN 126 time 1617166608
0.0017058410808370235
0.0014584555404298799
0.002191164823506423
0.001021099604846391
0.0009244820071741493
0.0009712376007952087
GEN 127 time 1617166610
0.0017058410808370235
0.0014584555404298799
0.002191164823506423
0.001021099604846391
0.0009244820071741493
0.0009712376007952087
GEN 128 time 1617166611
0.0017058410808370235
0.0014584555404298799
0.002191164823506423
0.001021099604846391
0.0009244820071741493
0.0009712376007952087
GEN 129 time 1617166613
0.0017058410808370235
0.0014584555404298799
0.002191164823506423
0.001021099604846391
0.0009244820071741493
0.0009712376007952087
GEN 130 time 1617166615
0.0017058410808370235
0.0014584555404298799
0.002191164823506423
0.001021099604846391
0.0009244820071741493
0.0009712376007952087
GEN 131 time 1617166617
0.0017058410808370235
0.0014584555404298799
0.002191164823506423
0.001021099604846391
0.0009244820071741493
0.0009712376007952087
GEN 132 time 1617166619
0.0017058410808370235
0.0014584555404298799
0.002191164823506423
0.001021099604846391
0.0009244820071741493
0.0009712376007952087
GEN 133 time 1617166621
0.0017058410808370235
0.0014584555404298799
0.002191164823506423
0.001021099604846391
0.0009244820071741493
0.0009712376007952087
GEN 134 time 1617166622
0.0017058410808370235
0.0014584555404298799
0.002191164823506423
0.001021099604846391
0.0009244820071741493
0.0009712376007952087
GEN 135 time 1617166624
0.0017058410808370235
0.0014584555404298799
0.002191164823506423
0.001021099604846391
0.0009244820071741493
0.0009712376007952087
GEN 136 time 1617166626
0.0017058410808370235
0.0014584555404298799
0.002191164823506423
0.001021099604846391
0.0009244820071741493
0.0009712376007952087
GEN 137 time 1617166628
0.0017058410808370235
0.0014584555404298799
0.002191164823506423
0.001021099604846391
0.0009244820071741493
0.0009712376007952087
GEN 138 time 1617166629
0.0017058410808370235
0.0014584555404298799
0.002191164823506423
0.001021099604846391
0.0009244820071741493
0.0009712376007952087
GEN 139 time 1617166631
0.0017058410808370235
0.0014584555404298799
0.002191164823506423
0.001021099604846391
0.0009244820071741493
0.0009712376007952087
GEN 140 time 1617166633
0.0017058410808370235
0.0014584555404298799
0.002191164823506423
0.001021099604846391
0.0009244820071741493
0.0009712376007952087
GEN 141 time 1617166635
0.0017058410808370235
0.0014584555404298799
0.002191164823506423
0.001021099604846391
0.0009244820071741493
0.0009712376007952087
GEN 142 time 1617166637
0.0017058410808370235
0.0014584555404298799
0.002191164823506423
0.001021099604846391
0.0009244820071741493
0.0009712376007952087
GEN 143 time 1617166639
0.0017058410808370235
0.0014584555404298799
0.002191164823506423
0.001021099604846391
0.0009244820071741493
0.0009712376007952087
GEN 144 time 1617166640
0.0017058410808370235
0.0014584555404298799
0.002191164823506423
0.001021099604846391
0.0009244820071741493
0.0009712376007952087
GEN 145 time 1617166642
0.0017058410808370235
0.0014584555404298799
0.002191164823506423
0.001021099604846391
0.0009244820071741493
0.0009712376007952087
GEN 146 time 1617166644
0.0017058410808370235
0.0014584555404298799
0.002191164823506423
0.001021099604846391
0.0009244820071741493
0.0009712376007952087
GEN 147 time 1617166646
0.0017058410808370235
0.0014584555404298799
0.002191164823506423
0.001021099604846391
0.0009244820071741493
0.0009712376007952087
GEN 148 time 1617166648
0.0017058410808370235
0.0014584555404298799
0.002191164823506423
0.001021099604846391
0.0009244820071741493
0.0009712376007952087
GEN 149 time 1617166649
0.0017058410808370235
0.0014584555404298799
0.002191164823506423
0.001021099604846391
0.0009244820071741493
0.0009712376007952087
GEN 150 time 1617166651
0.0017058410808370235
0.0014584555404298799
0.002191164823506423
0.001021099604846391
0.0009244820071741493
0.0009712376007952087
GEN 151 time 1617166653
0.0017058410808370235
0.0014584555404298799
0.002191164823506423
0.001021099604846391
0.0009244820071741493
0.0009712376007952087
GEN 152 time 1617166655
0.0017058410808370235
0.0014584555404298799
0.002191164823506423
0.001021099604846391
0.0009244820071741493
0.0009712376007952087
GEN 153 time 1617166656
0.0017058410808370235
0.0014584555404298799
0.002191164823506423
0.001021099604846391
0.0009244820071741493
0.0009712376007952087
GEN 154 time 1617166658
0.0017058410808370235
0.0014584555404298799
0.002191164823506423
0.001021099604846391
0.0009244820071741493
0.0009712376007952087
GEN 155 time 1617166660
0.0017058410808370235
0.0014584555404298799
0.002191164823506423
0.001021099604846391
0.0009244820071741493
0.0009712376007952087
GEN 156 time 1617166662
0.0017058410808370235
0.0014584555404298799
0.002191164823506423
0.001021099604846391
0.0009244820071741493
0.0009712376007952087
GEN 157 time 1617166664
0.0017058410808370235
0.0014584555404298799
0.002191164823506423
0.001021099604846391
0.0009244820071741493
0.0009712376007952087
GEN 158 time 1617166666
0.0017058410808370235
0.0014584555404298799
0.002191164823506423
0.001021099604846391
0.0009244820071741493
0.0009712376007952087
GEN 159 time 1617166668
0.0017058410808370235
0.0014584555404298799
0.002191164823506423
0.001021099604846391
0.0009244820071741493
0.0009712376007952087
GEN 160 time 1617166669
0.0017058410808370235
0.0014584555404298799
0.002191164823506423
0.001021099604846391
0.0009244820071741493
0.0009712376007952087
GEN 161 time 1617166671
0.0017058410808370235
0.0014584555404298799
0.002191164823506423
0.001021099604846391
0.0009244820071741493
0.0009712376007952087
GEN 162 time 1617166673
0.0017058410808370235
0.0014584555404298799
0.002191164823506423
0.001021099604846391
0.0009244820071741493
0.0009712376007952087
GEN 163 time 1617166675
0.0017058410808370235
0.0014584555404298799
0.002191164823506423
0.001021099604846391
0.0009244820071741493
0.0009712376007952087
GEN 164 time 1617166677
0.0017058410808370235
0.0014584555404298799
0.002191164823506423
0.001021099604846391
0.0009244820071741493
0.0009712376007952087
GEN 165 time 1617166679
0.0017058410808370235
0.0014584555404298799
0.002191164823506423
0.001021099604846391
0.0009244820071741493
0.0009712376007952087
GEN 166 time 1617166680
0.0017058410808370235
0.0014584555404298799
0.002191164823506423
0.001021099604846391
0.0009244820071741493
0.0009712376007952087
GEN 167 time 1617166682
0.0017058410808370235
0.0014584555404298799
0.002191164823506423
0.001021099604846391
0.0009244820071741493
0.0009712376007952087
GEN 168 time 1617166684
0.0017058410808370235
0.0014584555404298799
0.002191164823506423
0.001021099604846391
0.0009244820071741493
0.0009712376007952087
GEN 169 time 1617166686
0.0017058410808370235
0.0014584555404298799
0.002191164823506423
0.001021099604846391
0.0009244820071741493
0.0009712376007952087
GEN 170 time 1617166688
0.0017058410808370235
0.0014584555404298799
0.002191164823506423
0.001021099604846391
0.0009244820071741493
0.0009712376007952087
GEN 171 time 1617166689
0.0017058410808370235
0.0014584555404298799
0.002191164823506423
0.001021099604846391
0.0009244820071741493
0.0009712376007952087
GEN 172 time 1617166691
0.0017058410808370235
0.0014584555404298799
0.002191164823506423
0.001021099604846391
0.0009244820071741493
0.0009712376007952087
GEN 173 time 1617166693
0.0017058410808370235
0.0014584555404298799
0.002191164823506423
0.001021099604846391
0.0009244820071741493
0.0009712376007952087
GEN 174 time 1617166695
0.0017058410808370235
0.0014584555404298799
0.002191164823506423
0.001021099604846391
0.0009244820071741493
0.0009712376007952087
GEN 175 time 1617166697
0.0017058410808370235
0.0014584555404298799
0.002191164823506423
0.001021099604846391
0.0009244820071741493
0.0009712376007952087
GEN 176 time 1617166699
0.0017058410808370235
0.0014584555404298799
0.002191164823506423
0.001021099604846391
0.0009244820071741493
0.0009712376007952087
GEN 177 time 1617166700
0.0017058410808370235
0.0014584555404298799
0.002191164823506423
0.001021099604846391
0.0009244820071741493
0.0009712376007952087
GEN 178 time 1617166702
0.0017058410808370235
0.0014584555404298799
0.002191164823506423
0.001021099604846391
0.0009244820071741493
0.0009712376007952087
GEN 179 time 1617166704
0.0017058410808370235
0.0014584555404298799
0.002191164823506423
0.001021099604846391
0.0009244820071741493
0.0009712376007952087
GEN 180 time 1617166706
0.0017058410808370235
0.0014584555404298799
0.002191164823506423
0.001021099604846391
0.0009244820071741493
0.0009712376007952087
GEN 181 time 1617166708
0.0017058410808370235
0.0014584555404298799
0.002191164823506423
0.001021099604846391
0.0009244820071741493
0.0009712376007952087
GEN 182 time 1617166709
0.0017058410808370235
0.0014584555404298799
0.002191164823506423
0.001021099604846391
0.0009244820071741493
0.0009712376007952087
GEN 183 time 1617166711
0.0017058410808370235
0.0014584555404298799
0.002191164823506423
0.001021099604846391
0.0009244820071741493
0.0009712376007952087
GEN 184 time 1617166713
0.0017058410808370235
0.0014584555404298799
0.002191164823506423
0.001021099604846391
0.0009244820071741493
0.0009712376007952087
GEN 185 time 1617166715
0.0017058410808370235
0.0014584555404298799
0.002191164823506423
0.001021099604846391
0.0009244820071741493
0.0009712376007952087
GEN 186 time 1617166717
0.0017058410808370235
0.0014584555404298799
0.002191164823506423
0.001021099604846391
0.0009244820071741493
0.0009712376007952087
GEN 187 time 1617166719
0.0017058410808370235
0.0014584555404298799
0.002191164823506423
0.001021099604846391
0.0009244820071741493
0.0009712376007952087
GEN 188 time 1617166720
0.0017058410808370235
0.0014584555404298799
0.002191164823506423
0.001021099604846391
0.0009244820071741493
0.0009712376007952087
GEN 189 time 1617166722
0.0017058410808370235
0.0014584555404298799
0.002191164823506423
0.001021099604846391
0.0009244820071741493
0.0009712376007952087
GEN 190 time 1617166724
0.0017058410808370235
0.0014584555404298799
0.002191164823506423
0.001021099604846391
0.0009244820071741493
0.0009712376007952087
GEN 191 time 1617166726
0.0017058410808370235
0.0014584555404298799
0.002191164823506423
0.001021099604846391
0.0009244820071741493
0.0009712376007952087
GEN 192 time 1617166728
0.0017058410808370235
0.0014584555404298799
0.002191164823506423
0.001021099604846391
0.0009244820071741493
0.0009712376007952087
GEN 193 time 1617166729
0.0017058410808370235
0.0014584555404298799
0.002191164823506423
0.001021099604846391
0.0009244820071741493
0.0009712376007952087
GEN 194 time 1617166731
0.0017058410808370235
0.0014584555404298799
0.002191164823506423
0.001021099604846391
0.0009244820071741493
0.0009712376007952087
GEN 195 time 1617166733
0.0017058410808370235
0.0014584555404298799
0.002191164823506423
0.001021099604846391
0.0009244820071741493
0.0009712376007952087
GEN 196 time 1617166735
0.0017058410808370235
0.0014584555404298799
0.002191164823506423
0.001021099604846391
0.0009244820071741493
0.0009712376007952087
GEN 197 time 1617166737
0.0017058410808370235
0.0014584555404298799
0.002191164823506423
0.001021099604846391
0.0009244820071741493
0.0009712376007952087
GEN 198 time 1617166739
0.0017058410808370235
0.0014584555404298799
0.002191164823506423
0.001021099604846391
0.0009244820071741493
0.0009712376007952087
GEN 199 time 1617166740
0.0017058410808370235
0.0014584555404298799
0.002191164823506423
0.001021099604846391
0.0009244820071741493
0.0009712376007952087
