['./data/small/layer/uu-dem10_r25_1.json', './data/small/layer/uu-dem6_r25_1.json', './data/small/layer/uu-dem9_r25_1.json', './data/small/hop/uu-dem5_r25_1_0.json', './data/small/hop/uu-dem4_r25_1_0.json', './data/small/hop/uu-dem9_r25_1_0.json']
GEN 0 time 1609925178
0.0020202465023135274
0.0017721808784815357
0.002403530622305964
0.0012127484498512617
0.0010928860712001072
0.001664884161655771
GEN 1 time 1609925182
0.0020202465023135274
0.001596963160098174
0.002403530622305964
0.0012127484498512617
0.0010928860712001072
0.001664884161655771
GEN 2 time 1609925185
0.0020202465023135274
0.001596963160098174
0.002000750810671921
0.0012127484498512617
0.0010928860712001072
0.001664884161655771
GEN 3 time 1609925188
0.0020202465023135274
0.001596963160098174
0.002000750810671921
0.0011164854782080064
0.0010699121934919838
0.001664884161655771
GEN 4 time 1609925192
0.0020202465023135274
0.001596963160098174
0.002000750810671921
0.0011164854782080064
0.0010529920894298181
0.001664884161655771
GEN 5 time 1609925195
0.0020202465023135274
0.001596963160098174
0.0018266509095459789
0.0011164854782080064
0.0010529920894298181
0.0016227037446544662
GEN 6 time 1609925198
0.0020202465023135274
0.001596963160098174
0.0018266509095459789
0.0011164854782080064
0.0010252606660982354
0.0016177732320215388
GEN 7 time 1609925202
0.0020202465023135274
0.001596963160098174
0.0018266509095459789
0.0011164854782080064
0.0010252606660982354
0.0016177732320215388
GEN 8 time 1609925205
0.0020202465023135274
0.001596963160098174
0.0018266509095459789
0.0011164854782080064
0.0010252606660982354
0.0016177732320215388
GEN 9 time 1609925208
0.0020202465023135274
0.001596963160098174
0.0018266509095459789
0.0011164854782080064
0.0010252606660982354
0.0016177732320215388
GEN 10 time 1609925212
0.0020202465023135274
0.001596963160098174
0.0018266509095459789
0.0011164854782080064
0.0010252606660982354
0.0016177732320215388
GEN 11 time 1609925215
0.0020202465023135274
0.001596963160098174
0.0018266509095459789
0.0011164854782080064
0.0010252606660982354
0.0016177732320215388
GEN 12 time 1609925219
0.0020202465023135274
0.001596963160098174
0.0018266509095459789
0.0011164854782080064
0.0010252606660982354
0.0016177732320215388
GEN 13 time 1609925222
0.0020202465023135274
0.001596963160098174
0.0018266509095459789
0.0011164854782080064
0.0010252606660982354
0.0014819177459221814
GEN 14 time 1609925226
0.0020202465023135274
0.001596963160098174
0.0018266509095459789
0.0011164854782080064
0.0010252606660982354
0.0014819177459221814
GEN 15 time 1609925229
0.0020202465023135274
0.001596963160098174
0.0018266509095459789
0.0011164854782080064
0.0010252606660982354
0.0014819177459221814
GEN 16 time 1609925232
0.0020202465023135274
0.001596963160098174
0.0018266509095459789
0.0011164854782080064
0.0010252606660982354
0.0014819177459221814
GEN 17 time 1609925235
0.0020202465023135274
0.001596963160098174
0.0018266509095459789
0.0011164854782080064
0.0010252606660982354
0.0014819177459221814
GEN 18 time 1609925239
0.0020202465023135274
0.001596963160098174
0.0018266509095459789
0.0011164854782080064
0.0010252606660982354
0.0014819177459221814
GEN 19 time 1609925242
0.0020202465023135274
0.001596963160098174
0.0018266509095459789
0.0011164854782080064
0.0010252606660982354
0.0014819177459221814
GEN 20 time 1609925245
0.0020202465023135274
0.001596963160098174
0.0018266509095459789
0.0010917540315337256
0.0008888317002639582
0.0014819177459221814
GEN 21 time 1609925249
0.0020202465023135274
0.001596963160098174
0.0018266509095459789
0.0010917540315337256
0.0008888317002639582
0.0014819177459221814
GEN 22 time 1609925252
0.0020202465023135274
0.001596963160098174
0.0018266509095459789
0.0010917540315337256
0.0008888317002639582
0.0014511425438738933
GEN 23 time 1609925256
0.0020202465023135274
0.001596963160098174
0.0018266509095459789
0.0010917540315337256
0.0008888317002639582
0.0014312477076486281
GEN 24 time 1609925259
0.0020202465023135274
0.001596963160098174
0.0018266509095459789
0.0010917540315337256
0.0008888317002639582
0.0014312477076486281
GEN 25 time 1609925262
0.0020202465023135274
0.001596963160098174
0.0018266509095459789
0.0010917540315337256
0.0008888317002639582
0.0014312477076486281
GEN 26 time 1609925266
0.0020202465023135274
0.001596963160098174
0.0018266509095459789
0.0010917540315337256
0.0008888317002639582
0.0014312477076486281
GEN 27 time 1609925269
0.0020202465023135274
0.001596963160098174
0.0018266509095459789
0.0010917540315337256
0.0008887194893219466
0.0014312477076486281
GEN 28 time 1609925272
0.0020202465023135274
0.001596963160098174
0.0018266509095459789
0.0010917540315337256
0.0008887194893219466
0.0014312477076486281
GEN 29 time 1609925275
0.0018122043816207161
0.001596963160098174
0.0018266509095459789
0.0010917540315337256
0.0008887194893219466
0.0014312477076486281
GEN 30 time 1609925279
0.0014010463019446075
0.001596963160098174
0.0018266509095459789
0.001052771686465652
0.0008887194893219466
0.0014040998393344882
GEN 31 time 1609925282
0.0014010463019446075
0.001596963160098174
0.0018266509095459789
0.001052771686465652
0.0008887194893219466
0.0014040998393344882
GEN 32 time 1609925285
0.0014010463019446075
0.001596963160098174
0.0018266509095459789
0.001052771686465652
0.0008887194893219466
0.0014040998393344882
GEN 33 time 1609925288
0.0014010463019446075
0.001596963160098174
0.0018266509095459789
0.001052771686465652
0.0008673638157451976
0.0014040998393344882
GEN 34 time 1609925292
0.0014010463019446075
0.001596963160098174
0.0018266509095459789
0.001052771686465652
0.0008673638157451976
0.0014040998393344882
GEN 35 time 1609925295
0.0014010463019446075
0.001596963160098174
0.0018266509095459789
0.001052771686465652
0.0008673638157451976
0.0014040998393344882
GEN 36 time 1609925298
0.0014010463019446075
0.001596963160098174
0.0018266509095459789
0.001052771686465652
0.0008673638157451976
0.0014040998393344882
GEN 37 time 1609925302
0.0014010463019446075
0.001596963160098174
0.0018266509095459789
0.001052771686465652
0.0008673638157451976
0.0014040998393344882
GEN 38 time 1609925305
0.0014010463019446075
0.001596963160098174
0.0018266509095459789
0.001052771686465652
0.0008673638157451976
0.0014040998393344882
GEN 39 time 1609925308
0.0014010463019446075
0.001596963160098174
0.0018266509095459789
0.001052771686465652
0.0008561556659892572
0.0014040998393344882
GEN 40 time 1609925311
0.0014010463019446075
0.001596963160098174
0.0018266509095459789
0.001052771686465652
0.0008561556659892572
0.0012986431658637814
GEN 41 time 1609925315
0.0014010463019446075
0.001596963160098174
0.0018266509095459789
0.001052771686465652
0.0008561556659892572
0.0012986431658637814
GEN 42 time 1609925318
0.0014010463019446075
0.001596963160098174
0.0018266509095459789
0.001052771686465652
0.0008561556659892572
0.0012986431658637814
GEN 43 time 1609925321
0.0014010463019446075
0.001596963160098174
0.0018266509095459789
0.001052771686465652
0.0008561556659892572
0.0012986431658637814
GEN 44 time 1609925324
0.0014010463019446075
0.001596963160098174
0.0018266509095459789
0.001052771686465652
0.0008561556659892572
0.0012986431658637814
GEN 45 time 1609925328
0.0014010463019446075
0.001596963160098174
0.0018266509095459789
0.001052771686465652
0.0008561556659892572
0.0012986431658637814
GEN 46 time 1609925331
0.0014010463019446075
0.001596963160098174
0.0018266509095459789
0.001052771686465652
0.0008561556659892572
0.0012986431658637814
GEN 47 time 1609925334
0.0014010463019446075
0.001596963160098174
0.0018266509095459789
0.001052771686465652
0.0008561556659892572
0.0012986431658637814
GEN 48 time 1609925338
0.0014010463019446075
0.001596963160098174
0.0018266509095459789
0.001052771686465652
0.0008561556659892572
0.0012986431658637814
GEN 49 time 1609925341
0.0014010463019446075
0.001596963160098174
0.0018266509095459789
0.001052771686465652
0.0008561556659892572
0.0012986431658637814
GEN 50 time 1609925344
0.0014010463019446075
0.001596963160098174
0.0018266509095459789
0.001052771686465652
0.0008561556659892572
0.0012986431658637814
GEN 51 time 1609925348
0.0014010463019446075
0.001596963160098174
0.0018266509095459789
0.001052771686465652
0.0008561556659892572
0.0012986431658637814
GEN 52 time 1609925351
0.0014010463019446075
0.001596963160098174
0.0018266509095459789
0.001052771686465652
0.0008561556659892572
0.0012986431658637814
GEN 53 time 1609925354
0.0014010463019446075
0.001596963160098174
0.0018266509095459789
0.001052771686465652
0.0008561556659892572
0.0012986431658637814
GEN 54 time 1609925357
0.0014010463019446075
0.001596963160098174
0.0018266509095459789
0.001052771686465652
0.0008561556659892572
0.0012712107803281444
GEN 55 time 1609925361
0.0014010463019446075
0.001596963160098174
0.0018266509095459789
0.001052771686465652
0.0008561556659892572
0.0012712107803281444
GEN 56 time 1609925364
0.0014010463019446075
0.001596963160098174
0.0018266509095459789
0.001052771686465652
0.0008561556659892572
0.0012712107803281444
GEN 57 time 1609925367
0.0014010463019446075
0.001596963160098174
0.0018266509095459789
0.001052771686465652
0.0008561556659892572
0.0012712107803281444
GEN 58 time 1609925371
0.0014010463019446075
0.001596963160098174
0.0018266509095459789
0.001052771686465652
0.0008561556659892572
0.0012712107803281444
GEN 59 time 1609925374
0.0014010463019446075
0.001596963160098174
0.0018266509095459789
0.001052771686465652
0.0008561556659892572
0.0012712107803281444
GEN 60 time 1609925377
0.0014010463019446075
0.001596963160098174
0.0018266509095459789
0.001052771686465652
0.0008561556659892572
0.0012712107803281444
GEN 61 time 1609925380
0.0014010463019446075
0.001596963160098174
0.0018266509095459789
0.001052771686465652
0.0008561556659892572
0.0012712107803281444
GEN 62 time 1609925384
0.0014010463019446075
0.001596963160098174
0.0018266509095459789
0.001052771686465652
0.0008561556659892572
0.0012712107803281444
GEN 63 time 1609925387
0.0014010463019446075
0.001596963160098174
0.0018266509095459789
0.001052771686465652
0.0008561556659892572
0.0012712107803281444
GEN 64 time 1609925390
0.0014010463019446075
0.001596963160098174
0.0018266509095459789
0.001052771686465652
0.0008561556659892572
0.0012712107803281444
GEN 65 time 1609925393
0.0014010463019446075
0.001596963160098174
0.0018266509095459789
0.001052771686465652
0.0008561556659892572
0.0012712107803281444
GEN 66 time 1609925396
0.0014010463019446075
0.001596963160098174
0.0018266509095459789
0.001052771686465652
0.0008561556659892572
0.0012712107803281444
GEN 67 time 1609925400
0.0014010463019446075
0.001596963160098174
0.0018266509095459789
0.001052771686465652
0.0008561556659892572
0.0012712107803281444
GEN 68 time 1609925403
0.0014010463019446075
0.001596963160098174
0.0018266509095459789
0.001052771686465652
0.0008561556659892572
0.0012712107803281444
GEN 69 time 1609925406
0.0014010463019446075
0.001596963160098174
0.0018266509095459789
0.001052771686465652
0.0008561556659892572
0.0012712107803281444
GEN 70 time 1609925410
0.0014010463019446075
0.001596963160098174
0.0018266509095459789
0.001052771686465652
0.0008561556659892572
0.0012712107803281444
GEN 71 time 1609925413
0.0014010463019446075
0.001596963160098174
0.0018266509095459789
0.001052771686465652
0.0008561556659892572
0.0012712107803281444
GEN 72 time 1609925417
0.0014010463019446075
0.001596963160098174
0.0018266509095459789
0.001052771686465652
0.0008561556659892572
0.0012712107803281444
GEN 73 time 1609925420
0.0014010463019446075
0.001596963160098174
0.0018266509095459789
0.001052771686465652
0.0008561556659892572
0.0012712107803281444
GEN 74 time 1609925423
0.0014010463019446075
0.001596963160098174
0.0018266509095459789
0.001052771686465652
0.0008561556659892572
0.0012712107803281444
GEN 75 time 1609925427
0.0014010463019446075
0.001596963160098174
0.0018266509095459789
0.001052771686465652
0.0008561556659892572
0.0012712107803281444
GEN 76 time 1609925430
0.0014010463019446075
0.001596963160098174
0.0018266509095459789
0.001052771686465652
0.0008561556659892572
0.0012712107803281444
GEN 77 time 1609925433
0.0014010463019446075
0.001596963160098174
0.0018266509095459789
0.001052771686465652
0.0008561556659892572
0.0012712107803281444
GEN 78 time 1609925436
0.0014010463019446075
0.001596963160098174
0.0018266509095459789
0.001052771686465652
0.0008561556659892572
0.0012712107803281444
GEN 79 time 1609925440
0.0014010463019446075
0.001596963160098174
0.0018266509095459789
0.001052771686465652
0.0008561556659892572
0.0012712107803281444
GEN 80 time 1609925443
0.0014010463019446075
0.001596963160098174
0.0018266509095459789
0.001052771686465652
0.0008561556659892572
0.0012712107803281444
GEN 81 time 1609925446
0.0014010463019446075
0.001596963160098174
0.0018266509095459789
0.001052771686465652
0.0008561556659892572
0.0012712107803281444
GEN 82 time 1609925450
0.0014010463019446075
0.001596963160098174
0.0018266509095459789
0.001052771686465652
0.0008561556659892572
0.0012712107803281444
GEN 83 time 1609925453
0.0014010463019446075
0.001596963160098174
0.0018266509095459789
0.001052771686465652
0.0008561556659892572
0.0012712107803281444
GEN 84 time 1609925457
0.0014010463019446075
0.001596963160098174
0.0018266509095459789
0.001052771686465652
0.0008561556659892572
0.0012703106680101556
GEN 85 time 1609925460
0.0014010463019446075
0.001596963160098174
0.0018266509095459789
0.001052771686465652
0.0008561556659892572
0.0012703106680101556
GEN 86 time 1609925463
0.0014010463019446075
0.001596963160098174
0.0018266509095459789
0.001052771686465652
0.0008561556659892572
0.0012703106680101556
GEN 87 time 1609925466
0.0014010463019446075
0.001596963160098174
0.0018266509095459789
0.001052771686465652
0.0008561556659892572
0.0012703106680101556
GEN 88 time 1609925470
0.0014010463019446075
0.001596963160098174
0.0018266509095459789
0.001052771686465652
0.0008561556659892572
0.0012703106680101556
GEN 89 time 1609925473
0.0014010463019446075
0.001596963160098174
0.0018266509095459789
0.001052771686465652
0.0008561556659892572
0.0012703106680101556
GEN 90 time 1609925476
0.0014010463019446075
0.001596963160098174
0.0018266509095459789
0.001052771686465652
0.0008561556659892572
0.0012703106680101556
GEN 91 time 1609925480
0.0014010463019446075
0.001596963160098174
0.0018266509095459789
0.001052771686465652
0.0008561556659892572
0.0012703106680101556
GEN 92 time 1609925483
0.0014010463019446075
0.001596963160098174
0.0018266509095459789
0.001052771686465652
0.0008561556659892572
0.0012703106680101556
GEN 93 time 1609925486
0.0014010463019446075
0.001596963160098174
0.0018266509095459789
0.001052771686465652
0.0008561556659892572
0.0012703106680101556
GEN 94 time 1609925490
0.0014010463019446075
0.001596963160098174
0.0018266509095459789
0.001052771686465652
0.0008561556659892572
0.0012703106680101556
GEN 95 time 1609925493
0.0014010463019446075
0.001596963160098174
0.0018266509095459789
0.001052771686465652
0.0008561556659892572
0.0012703106680101556
GEN 96 time 1609925496
0.0014010463019446075
0.001596963160098174
0.0018266509095459789
0.001052771686465652
0.0008561556659892572
0.0012703106680101556
GEN 97 time 1609925499
0.0014010463019446075
0.001596963160098174
0.0018266509095459789
0.001052771686465652
0.0008561556659892572
0.0012703106680101556
GEN 98 time 1609925503
0.0014010463019446075
0.001596963160098174
0.0018266509095459789
0.001052771686465652
0.0008561556659892572
0.0012703106680101556
GEN 99 time 1609925506
0.0014010463019446075
0.001596963160098174
0.0018266509095459789
0.001052771686465652
0.0008561556659892572
0.0012703106680101556
GEN 100 time 1609925509
0.0014010463019446075
0.001596963160098174
0.0018266509095459789
0.001052771686465652
0.0008561556659892572
0.0012703106680101556
GEN 101 time 1609925513
0.0014010463019446075
0.001596963160098174
0.0018266509095459789
0.001052771686465652
0.0008561556659892572
0.0012672219536279743
GEN 102 time 1609925516
0.0014010463019446075
0.001596963160098174
0.0018266509095459789
0.001052771686465652
0.0008561556659892572
0.0012672219536279743
GEN 103 time 1609925520
0.0014010463019446075
0.001596963160098174
0.0018266509095459789
0.001052771686465652
0.0008561556659892572
0.0012672219536279743
GEN 104 time 1609925523
0.0014010463019446075
0.001596963160098174
0.0018266509095459789
0.001052771686465652
0.0008561556659892572
0.0012672219536279743
GEN 105 time 1609925526
0.0014010463019446075
0.001596963160098174
0.0018266509095459789
0.001052771686465652
0.0008561556659892572
0.0012672219536279743
GEN 106 time 1609925529
0.0014010463019446075
0.001596963160098174
0.0018266509095459789
0.001052771686465652
0.0008561556659892572
0.0012672219536279743
GEN 107 time 1609925533
0.0014010463019446075
0.001596963160098174
0.0018266509095459789
0.001052771686465652
0.0008561556659892572
0.0012672219536279743
GEN 108 time 1609925536
0.0014010463019446075
0.001596963160098174
0.0018266509095459789
0.001052771686465652
0.0008561556659892572
0.0012672219536279743
GEN 109 time 1609925539
0.0014010463019446075
0.001596963160098174
0.0018266509095459789
0.001052771686465652
0.0008561556659892572
0.0012672219536279743
GEN 110 time 1609925542
0.0014010463019446075
0.001596963160098174
0.0018266509095459789
0.001052771686465652
0.0008561556659892572
0.0012672219536279743
GEN 111 time 1609925546
0.0014010463019446075
0.001596963160098174
0.0018266509095459789
0.001052771686465652
0.0008561556659892572
0.0012672219536279743
GEN 112 time 1609925549
0.0014010463019446075
0.001596963160098174
0.0018266509095459789
0.001052771686465652
0.0008561556659892572
0.0012672219536279743
GEN 113 time 1609925552
0.0014010463019446075
0.001596963160098174
0.0018266509095459789
0.001052771686465652
0.0008561556659892572
0.0012672219536279743
GEN 114 time 1609925555
0.0014010463019446075
0.001596963160098174
0.0018266509095459789
0.001052771686465652
0.0008561556659892572
0.0012672219536279743
GEN 115 time 1609925559
0.0014010463019446075
0.001596963160098174
0.0018266509095459789
0.001052771686465652
0.0008561556659892572
0.0012672219536279743
GEN 116 time 1609925562
0.0014010463019446075
0.001596963160098174
0.0018266509095459789
0.001052771686465652
0.0008561556659892572
0.0012672219536279743
GEN 117 time 1609925565
0.0014010463019446075
0.001596963160098174
0.0018266509095459789
0.001052771686465652
0.0008561556659892572
0.0012672219536279743
GEN 118 time 1609925569
0.0014010463019446075
0.001596963160098174
0.0018266509095459789
0.001052771686465652
0.0008561556659892572
0.0012672219536279743
GEN 119 time 1609925572
0.0014010463019446075
0.001596963160098174
0.0018266509095459789
0.001052771686465652
0.0008561556659892572
0.0012672219536279743
GEN 120 time 1609925575
0.0014010463019446075
0.001596963160098174
0.0018266509095459789
0.001052771686465652
0.0008561556659892572
0.0012672219536279743
GEN 121 time 1609925579
0.0014010463019446075
0.001596963160098174
0.0018266509095459789
0.001052771686465652
0.0008561556659892572
0.0012672219536279743
GEN 122 time 1609925582
0.0014010463019446075
0.001596963160098174
0.0018266509095459789
0.001052771686465652
0.0008561556659892572
0.0012672219536279743
GEN 123 time 1609925586
0.0014010463019446075
0.001596963160098174
0.0018266509095459789
0.001052771686465652
0.0008561556659892572
0.0012672219536279743
GEN 124 time 1609925589
0.0014010463019446075
0.001596963160098174
0.0018266509095459789
0.001052771686465652
0.0008561556659892572
0.0012672219536279743
GEN 125 time 1609925592
0.0014010463019446075
0.001596963160098174
0.0018266509095459789
0.001052771686465652
0.0008561556659892572
0.0012672219536279743
GEN 126 time 1609925596
0.0014010463019446075
0.001596963160098174
0.0018266509095459789
0.001052771686465652
0.0008561556659892572
0.0012672219536279743
GEN 127 time 1609925599
0.0014010463019446075
0.001596963160098174
0.0018266509095459789
0.001052771686465652
0.0008561556659892572
0.0012672219536279743
GEN 128 time 1609925603
0.0014010463019446075
0.001596963160098174
0.0018266509095459789
0.001052771686465652
0.0008561556659892572
0.0012672219536279743
GEN 129 time 1609925606
0.0014010463019446075
0.001596963160098174
0.0018266509095459789
0.001052771686465652
0.0008561556659892572
0.0012672219536279743
GEN 130 time 1609925610
0.0014010463019446075
0.001596963160098174
0.0018266509095459789
0.001052771686465652
0.0008561556659892572
0.0012672219536279743
GEN 131 time 1609925613
0.0014010463019446075
0.001596963160098174
0.0018266509095459789
0.001052771686465652
0.0008561556659892572
0.0012672219536279743
GEN 132 time 1609925616
0.0014010463019446075
0.001596963160098174
0.0018266509095459789
0.001052771686465652
0.0008561556659892572
0.0012672219536279743
GEN 133 time 1609925620
0.0014010463019446075
0.001596963160098174
0.0018266509095459789
0.001052771686465652
0.0008561556659892572
0.0012672219536279743
GEN 134 time 1609925623
0.0014010463019446075
0.001596963160098174
0.0018266509095459789
0.001052771686465652
0.0008561556659892572
0.0012672219536279743
GEN 135 time 1609925627
0.0014010463019446075
0.001596963160098174
0.0018266509095459789
0.001052771686465652
0.0008561556659892572
0.0012672219536279743
GEN 136 time 1609925630
0.0014010463019446075
0.001596963160098174
0.0018266509095459789
0.001052771686465652
0.0008561556659892572
0.0012672219536279743
GEN 137 time 1609925633
0.0014010463019446075
0.001596963160098174
0.0018266509095459789
0.001052771686465652
0.0008561556659892572
0.0012672219536279743
GEN 138 time 1609925637
0.0014010463019446075
0.001596963160098174
0.0018266509095459789
0.001052771686465652
0.0008561556659892572
0.0012528130164550662
GEN 139 time 1609925640
0.0014010463019446075
0.001596963160098174
0.0018266509095459789
0.001052771686465652
0.0008561556659892572
0.0012528130164550662
GEN 140 time 1609925643
0.0014010463019446075
0.001596963160098174
0.0018266509095459789
0.001052771686465652
0.0008561556659892572
0.0012528130164550662
GEN 141 time 1609925646
0.0014010463019446075
0.001596963160098174
0.0018266509095459789
0.001052771686465652
0.0008561556659892572
0.0012528130164550662
GEN 142 time 1609925650
0.0014010463019446075
0.001596963160098174
0.0018266509095459789
0.001052771686465652
0.0008561556659892572
0.0012528130164550662
GEN 143 time 1609925653
0.0014010463019446075
0.001596963160098174
0.0018266509095459789
0.001052771686465652
0.0008561556659892572
0.0012528130164550662
GEN 144 time 1609925656
0.0014010463019446075
0.001596963160098174
0.0018266509095459789
0.001052771686465652
0.0008561556659892572
0.0012528130164550662
GEN 145 time 1609925660
0.0014010463019446075
0.001596963160098174
0.0018266509095459789
0.001052771686465652
0.0008561556659892572
0.0012528130164550662
GEN 146 time 1609925663
0.0014010463019446075
0.001596963160098174
0.0018266509095459789
0.001052771686465652
0.0008561556659892572
0.0012528130164550662
GEN 147 time 1609925666
0.0014010463019446075
0.001596963160098174
0.0018266509095459789
0.001052771686465652
0.0008561556659892572
0.0012528130164550662
GEN 148 time 1609925670
0.0014010463019446075
0.001596963160098174
0.0018266509095459789
0.001052771686465652
0.0008561556659892572
0.0012528130164550662
GEN 149 time 1609925673
0.0014010463019446075
0.001596963160098174
0.0018266509095459789
0.001052771686465652
0.0008561556659892572
0.0012528130164550662
GEN 150 time 1609925677
0.0014010463019446075
0.001596963160098174
0.0018266509095459789
0.001052771686465652
0.0008561556659892572
0.0012528130164550662
GEN 151 time 1609925680
0.0014010463019446075
0.001596963160098174
0.0018266509095459789
0.001052771686465652
0.0008561556659892572
0.0012528130164550662
GEN 152 time 1609925683
0.0014010463019446075
0.001596963160098174
0.0018266509095459789
0.001052771686465652
0.0008561556659892572
0.0012528130164550662
GEN 153 time 1609925686
0.0014010463019446075
0.001596963160098174
0.0018266509095459789
0.001052771686465652
0.0008561556659892572
0.0012411883464813317
GEN 154 time 1609925690
0.0014010463019446075
0.001596963160098174
0.0018266509095459789
0.001052771686465652
0.0008561556659892572
0.0012411883464813317
GEN 155 time 1609925693
0.0014010463019446075
0.001596963160098174
0.0018266509095459789
0.001052771686465652
0.0008561556659892572
0.0012411883464813317
GEN 156 time 1609925696
0.0014010463019446075
0.001596963160098174
0.0018266509095459789
0.001052771686465652
0.0008561556659892572
0.0012411883464813317
GEN 157 time 1609925700
0.0014010463019446075
0.001596963160098174
0.0018266509095459789
0.001052771686465652
0.0008561556659892572
0.0012411883464813317
GEN 158 time 1609925703
0.0014010463019446075
0.001596963160098174
0.0018266509095459789
0.001052771686465652
0.0008561556659892572
0.0012411883464813317
GEN 159 time 1609925706
0.0014010463019446075
0.001596963160098174
0.0018266509095459789
0.001052771686465652
0.0008561556659892572
0.0012411883464813317
GEN 160 time 1609925709
0.0014010463019446075
0.001596963160098174
0.0018266509095459789
0.001052771686465652
0.0008561556659892572
0.0012411883464813317
GEN 161 time 1609925713
0.0014010463019446075
0.001596963160098174
0.0018266509095459789
0.001052771686465652
0.0008561556659892572
0.0012411883464813317
GEN 162 time 1609925716
0.0014010463019446075
0.001596963160098174
0.0018266509095459789
0.001052771686465652
0.0008561556659892572
0.0012411883464813317
GEN 163 time 1609925719
0.0014010463019446075
0.001596963160098174
0.0018266509095459789
0.001052771686465652
0.0008561556659892572
0.0012411883464813317
GEN 164 time 1609925723
0.0014010463019446075
0.001596963160098174
0.0018266509095459789
0.001052771686465652
0.0008561556659892572
0.0012411883464813317
GEN 165 time 1609925726
0.0014010463019446075
0.001596963160098174
0.0018266509095459789
0.001052771686465652
0.0008561556659892572
0.0012411883464813317
GEN 166 time 1609925730
0.0014010463019446075
0.001596963160098174
0.0018266509095459789
0.001052771686465652
0.0008561556659892572
0.0012411883464813317
GEN 167 time 1609925733
0.0014010463019446075
0.001596963160098174
0.0018266509095459789
0.001052771686465652
0.0008561556659892572
0.0012411883464813317
GEN 168 time 1609925736
0.0014010463019446075
0.001596963160098174
0.0018266509095459789
0.001052771686465652
0.0008561556659892572
0.0012411883464813317
GEN 169 time 1609925739
0.0014010463019446075
0.001596963160098174
0.0018266509095459789
0.001052771686465652
0.0008561556659892572
0.0012411883464813317
GEN 170 time 1609925743
0.0014010463019446075
0.001596963160098174
0.0018266509095459789
0.001052771686465652
0.0008561556659892572
0.0012411883464813317
GEN 171 time 1609925746
0.0014010463019446075
0.001596963160098174
0.0018266509095459789
0.001052771686465652
0.0008561556659892572
0.0012411883464813317
GEN 172 time 1609925749
0.0014010463019446075
0.001596963160098174
0.0018266509095459789
0.001052771686465652
0.0008561556659892572
0.0012411883464813317
GEN 173 time 1609925752
0.0014010463019446075
0.001596963160098174
0.0018266509095459789
0.001052771686465652
0.0008561556659892572
0.0012411883464813317
GEN 174 time 1609925756
0.0014010463019446075
0.001596963160098174
0.0018266509095459789
0.001052771686465652
0.0008561556659892572
0.0012411883464813317
GEN 175 time 1609925759
0.0014010463019446075
0.001596963160098174
0.0018266509095459789
0.001052771686465652
0.0008561556659892572
0.0012411883464813317
GEN 176 time 1609925762
0.0014010463019446075
0.001596963160098174
0.0018266509095459789
0.001052771686465652
0.0008561556659892572
0.0012411883464813317
GEN 177 time 1609925765
0.0014010463019446075
0.001596963160098174
0.0018266509095459789
0.001052771686465652
0.0008561556659892572
0.0012411883464813317
GEN 178 time 1609925769
0.0014010463019446075
0.001596963160098174
0.0018266509095459789
0.001052771686465652
0.0008561556659892572
0.0012411883464813317
GEN 179 time 1609925772
0.0014010463019446075
0.001596963160098174
0.0018266509095459789
0.001052771686465652
0.0008561556659892572
0.0012411883464813317
GEN 180 time 1609925775
0.0014010463019446075
0.001596963160098174
0.0018266509095459789
0.001052771686465652
0.0008561556659892572
0.0012411883464813317
GEN 181 time 1609925778
0.0014010463019446075
0.001596963160098174
0.0018266509095459789
0.001052771686465652
0.0008561556659892572
0.0012411883464813317
GEN 182 time 1609925782
0.0014010463019446075
0.001596963160098174
0.0018266509095459789
0.001052771686465652
0.0008561556659892572
0.0012411883464813317
GEN 183 time 1609925785
0.0014010463019446075
0.001596963160098174
0.0018266509095459789
0.001052771686465652
0.0008561556659892572
0.0012411883464813317
GEN 184 time 1609925788
0.0014010463019446075
0.001596963160098174
0.0018266509095459789
0.001052771686465652
0.0008561556659892572
0.0012411883464813317
GEN 185 time 1609925791
0.0014010463019446075
0.001596963160098174
0.0018266509095459789
0.001052771686465652
0.0008561556659892572
0.0012411883464813317
GEN 186 time 1609925794
0.0014010463019446075
0.001596963160098174
0.0018266509095459789
0.001052771686465652
0.0008561556659892572
0.0012411883464813317
GEN 187 time 1609925798
0.0014010463019446075
0.001596963160098174
0.0018266509095459789
0.001052771686465652
0.0008561556659892572
0.0012411883464813317
GEN 188 time 1609925801
0.0014010463019446075
0.001596963160098174
0.0018266509095459789
0.001052771686465652
0.0008561556659892572
0.0012411883464813317
GEN 189 time 1609925804
0.0014010463019446075
0.001596963160098174
0.0018266509095459789
0.001052771686465652
0.0008561556659892572
0.0012411883464813317
GEN 190 time 1609925807
0.0014010463019446075
0.001596963160098174
0.0018266509095459789
0.001052771686465652
0.0008561556659892572
0.0012411883464813317
GEN 191 time 1609925811
0.0014010463019446075
0.001596963160098174
0.0018266509095459789
0.001052771686465652
0.0008561556659892572
0.0012411883464813317
GEN 192 time 1609925814
0.0014010463019446075
0.001596963160098174
0.0018266509095459789
0.001052771686465652
0.0008561556659892572
0.0012411883464813317
GEN 193 time 1609925817
0.0014010463019446075
0.001596963160098174
0.0018266509095459789
0.001052771686465652
0.0008561556659892572
0.0012411883464813317
GEN 194 time 1609925820
0.0014010463019446075
0.001596963160098174
0.0018266509095459789
0.001052771686465652
0.0008561556659892572
0.0012411883464813317
GEN 195 time 1609925823
0.0014010463019446075
0.001596963160098174
0.0018266509095459789
0.001052771686465652
0.0008561556659892572
0.0012411883464813317
GEN 196 time 1609925827
0.0014010463019446075
0.001596963160098174
0.0018266509095459789
0.001052771686465652
0.0008561556659892572
0.0012411883464813317
GEN 197 time 1609925830
0.0014010463019446075
0.001596963160098174
0.0018266509095459789
0.001052771686465652
0.0008561556659892572
0.0012411883464813317
GEN 198 time 1609925833
0.0014010463019446075
0.001596963160098174
0.0018266509095459789
0.001052771686465652
0.0008561556659892572
0.0012411883464813317
GEN 199 time 1609925836
0.0014010463019446075
0.001596963160098174
0.0018266509095459789
0.001052771686465652
0.0008561556659892572
0.0012411883464813317
