['./data/small/layer/uu-dem1_r25_1.json', './data/small/layer/uu-dem10_r25_1.json', './data/small/layer/uu-dem1_r50_1.json', './data/small/hop/uu-dem1_r25_1_0.json']
GEN 0 time 1609750729
0.0014868598269226704
0.0022265557675943963
0.0022233037108143373
0.0012437988041660664
GEN 1 time 1609750731
0.0014868598269226704
0.0022265557675943963
0.0022233037108143373
0.0012437988041660664
GEN 2 time 1609750732
0.0014868598269226704
0.0022017549703438164
0.0022233037108143373
0.0012437988041660664
GEN 3 time 1609750734
0.0014802746683374257
0.0022017549703438164
0.0021962484649853753
0.0012150709138274824
GEN 4 time 1609750735
0.0014802746683374257
0.002200235161043471
0.002172424506535791
0.0012150709138274824
GEN 5 time 1609750737
0.0014593627280774775
0.002200235161043471
0.002172424506535791
0.0012128904285741858
GEN 6 time 1609750739
0.0014593627280774775
0.0018289904100620383
0.002172424506535791
0.0012128904285741858
GEN 7 time 1609750740
0.0014593627280774775
0.0018289904100620383
0.002172424506535791
0.0012128904285741858
GEN 8 time 1609750742
0.0014593627280774775
0.0018289904100620383
0.0017661292896930202
0.0011881621523830285
GEN 9 time 1609750743
0.0014593627280774775
0.0018122043816207161
0.0017661292896930202
0.0011881621523830285
GEN 10 time 1609750745
0.0014593627280774775
0.0018122043816207161
0.0017661292896930202
0.0011881621523830285
GEN 11 time 1609750746
0.0014571191963555909
0.0018122043816207161
0.0017661292896930202
0.0011881621523830285
GEN 12 time 1609750748
0.0014571191963555909
0.0018122043816207161
0.0017661292896930202
0.0011253820510887232
GEN 13 time 1609750749
0.0014571191963555909
0.0018122043816207161
0.0017661292896930202
0.0010839615713729325
GEN 14 time 1609750751
0.0014571191963555909
0.0018122043816207161
0.0017661292896930202
0.0010839615713729325
GEN 15 time 1609750752
0.0014571191963555909
0.0018122043816207161
0.0017661292896930202
0.0010839615713729325
GEN 16 time 1609750754
0.0014571191963555909
0.0018122043816207161
0.0017661292896930202
0.0010695063448259332
GEN 17 time 1609750756
0.0014571191963555909
0.0018122043816207161
0.0017661292896930202
0.0010695063448259332
GEN 18 time 1609750757
0.0014571191963555909
0.0018122043816207161
0.0017661292896930202
0.0010695063448259332
GEN 19 time 1609750759
0.0014571191963555909
0.0018122043816207161
0.0017661292896930202
0.0010695063448259332
GEN 20 time 1609750760
0.0014571191963555909
0.0018122043816207161
0.0017661292896930202
0.0010695063448259332
GEN 21 time 1609750762
0.0014571191963555909
0.0018122043816207161
0.0017661292896930202
0.0010695063448259332
GEN 22 time 1609750763
0.0014571191963555909
0.0018122043816207161
0.0017661292896930202
0.0010695063448259332
GEN 23 time 1609750765
0.0014200353557188529
0.0018122043816207161
0.0017661292896930202
0.0010695063448259332
GEN 24 time 1609750766
0.0014200353557188529
0.0018122043816207161
0.0017661292896930202
0.0010577362533780454
GEN 25 time 1609750768
0.0014200353557188529
0.0018122043816207161
0.0017661292896930202
0.0010577362533780454
GEN 26 time 1609750770
0.0014200353557188529
0.0018122043816207161
0.0017661292896930202
0.0010577362533780454
GEN 27 time 1609750771
0.0014200353557188529
0.0018122043816207161
0.0017661292896930202
0.0010577362533780454
GEN 28 time 1609750773
0.0014200353557188529
0.0018122043816207161
0.0017661292896930202
0.0010577362533780454
GEN 29 time 1609750775
0.0014200353557188529
0.0018122043816207161
0.0017661292896930202
0.0010569294026431036
GEN 30 time 1609750776
0.0014200353557188529
0.0018122043816207161
0.0017661292896930202
0.0010569294026431036
GEN 31 time 1609750778
0.0014200353557188529
0.0018122043816207161
0.0017661292896930202
0.0010569294026431036
GEN 32 time 1609750779
0.0014200353557188529
0.0018122043816207161
0.0017661292896930202
0.0009881421523830285
GEN 33 time 1609750781
0.0014200353557188529
0.0018122043816207161
0.0017661292896930202
0.0009881421523830285
GEN 34 time 1609750782
0.0014200353557188529
0.0018122043816207161
0.0017661292896930202
0.0009881421523830285
GEN 35 time 1609750784
0.0014200353557188529
0.0018122043816207161
0.0017661292896930202
0.0009881421523830285
GEN 36 time 1609750785
0.0014200353557188529
0.0018122043816207161
0.0017661292896930202
0.0009881421523830285
GEN 37 time 1609750787
0.0014200353557188529
0.0018122043816207161
0.0017661292896930202
0.0009881421523830285
GEN 38 time 1609750789
0.0014200353557188529
0.0018122043816207161
0.0017661292896930202
0.0009881421523830285
GEN 39 time 1609750790
0.0014200353557188529
0.0018122043816207161
0.0017661292896930202
0.0009881421523830285
GEN 40 time 1609750792
0.0014200353557188529
0.0018122043816207161
0.0017661292896930202
0.0009881421523830285
GEN 41 time 1609750794
0.0014200353557188529
0.0018122043816207161
0.0017661292896930202
0.0009881421523830285
GEN 42 time 1609750795
0.0014022820108684955
0.0018122043816207161
0.0017661292896930202
0.0009881421523830285
GEN 43 time 1609750797
0.0014022820108684955
0.0018122043816207161
0.0017661292896930202
0.0009881421523830285
GEN 44 time 1609750798
0.0014022820108684955
0.0018122043816207161
0.0017661292896930202
0.0009881421523830285
GEN 45 time 1609750800
0.0014022820108684955
0.0018122043816207161
0.0017661292896930202
0.0009881421523830285
GEN 46 time 1609750802
0.0014022820108684955
0.0018122043816207161
0.0017661292896930202
0.0009881421523830285
GEN 47 time 1609750803
0.0014022820108684955
0.0018122043816207161
0.0017661292896930202
0.0009881421523830285
GEN 48 time 1609750805
0.0014022820108684955
0.0018122043816207161
0.0017661292896930202
0.0009881421523830285
GEN 49 time 1609750806
0.0014022820108684955
0.0018122043816207161
0.0017661292896930202
0.0009881421523830285
GEN 50 time 1609750808
0.0014022820108684955
0.0018122043816207161
0.0017661292896930202
0.0008856156652355363
GEN 51 time 1609750810
0.0014022820108684955
0.0018122043816207161
0.0017661292896930202
0.0008856156652355363
GEN 52 time 1609750811
0.0013089946016198453
0.0018122043816207161
0.0017661292896930202
0.0008856156652355363
GEN 53 time 1609750812
0.0013089946016198453
0.0018122043816207161
0.0017661292896930202
0.0008856156652355363
GEN 54 time 1609750814
0.0013089946016198453
0.0018122043816207161
0.0017661292896930202
0.0008856156652355363
GEN 55 time 1609750816
0.0013089946016198453
0.0018122043816207161
0.0017661292896930202
0.0008856156652355363
GEN 56 time 1609750817
0.0013089946016198453
0.0018122043816207161
0.0017661292896930202
0.0008856156652355363
GEN 57 time 1609750819
0.0013089946016198453
0.0018122043816207161
0.0017661292896930202
0.0008856156652355363
GEN 58 time 1609750820
0.0013089946016198453
0.0018122043816207161
0.0017661292896930202
0.0008856156652355363
GEN 59 time 1609750822
0.0013089946016198453
0.0018122043816207161
0.0017661292896930202
0.0008856156652355363
GEN 60 time 1609750823
0.0013089946016198453
0.0018122043816207161
0.0017661292896930202
0.0008856156652355363
GEN 61 time 1609750825
0.0013089946016198453
0.0018122043816207161
0.0017661292896930202
0.0008856156652355363
GEN 62 time 1609750826
0.0013089946016198453
0.0018122043816207161
0.0017661292896930202
0.0008856156652355363
GEN 63 time 1609750828
0.0013089946016198453
0.0018122043816207161
0.0017661292896930202
0.0008856156652355363
GEN 64 time 1609750829
0.0013089946016198453
0.0018122043816207161
0.0017661292896930202
0.0008856156652355363
GEN 65 time 1609750831
0.0013089946016198453
0.0018122043816207161
0.0017661292896930202
0.0008856156652355363
GEN 66 time 1609750832
0.0013089946016198453
0.0018122043816207161
0.0017661292896930202
0.0008856156652355363
GEN 67 time 1609750834
0.0013089946016198453
0.0018122043816207161
0.0017661292896930202
0.0008856156652355363
GEN 68 time 1609750836
0.0013089946016198453
0.0018122043816207161
0.0017661292896930202
0.0008856156652355363
GEN 69 time 1609750838
0.0013089946016198453
0.0018122043816207161
0.0017661292896930202
0.0008856156652355363
GEN 70 time 1609750840
0.0013089946016198453
0.0018122043816207161
0.0017661292896930202
0.0008856156652355363
GEN 71 time 1609750841
0.0013089946016198453
0.0018122043816207161
0.0017661292896930202
0.0008856156652355363
GEN 72 time 1609750843
0.0013089946016198453
0.0018122043816207161
0.0017661292896930202
0.0008856156652355363
GEN 73 time 1609750844
0.0013089946016198453
0.0018122043816207161
0.0017661292896930202
0.0008856156652355363
GEN 74 time 1609750846
0.0013089946016198453
0.0018122043816207161
0.0017661292896930202
0.0008856156652355363
GEN 75 time 1609750848
0.0013089946016198453
0.0018122043816207161
0.0017661292896930202
0.0008856156652355363
GEN 76 time 1609750849
0.0013089946016198453
0.0018122043816207161
0.0017661292896930202
0.0008856156652355363
GEN 77 time 1609750850
0.0013089946016198453
0.0018122043816207161
0.0017661292896930202
0.0008856156652355363
GEN 78 time 1609750852
0.0013089946016198453
0.0018122043816207161
0.0017661292896930202
0.0008856156652355363
GEN 79 time 1609750854
0.0013089946016198453
0.0018122043816207161
0.0017661292896930202
0.0008856156652355363
GEN 80 time 1609750855
0.0013089946016198453
0.0018122043816207161
0.0017661292896930202
0.0008856156652355363
GEN 81 time 1609750857
0.0013089946016198453
0.0018122043816207161
0.0017661292896930202
0.0008856156652355363
GEN 82 time 1609750859
0.0013089946016198453
0.0018122043816207161
0.0017661292896930202
0.0008856156652355363
GEN 83 time 1609750860
0.0013089946016198453
0.0018122043816207161
0.0017661292896930202
0.0008856156652355363
GEN 84 time 1609750862
0.0013089946016198453
0.0018122043816207161
0.0017661292896930202
0.0008856156652355363
GEN 85 time 1609750864
0.0013089946016198453
0.0018122043816207161
0.0017661292896930202
0.0008856156652355363
GEN 86 time 1609750865
0.0013089946016198453
0.0018122043816207161
0.0017661292896930202
0.0008856156652355363
GEN 87 time 1609750867
0.0013089946016198453
0.0018122043816207161
0.0017661292896930202
0.0008856156652355363
GEN 88 time 1609750869
0.0013089946016198453
0.0018122043816207161
0.0017661292896930202
0.0008856156652355363
GEN 89 time 1609750870
0.0013089946016198453
0.0018122043816207161
0.0017661292896930202
0.0008856156652355363
GEN 90 time 1609750871
0.0013089946016198453
0.0018122043816207161
0.0017661292896930202
0.0008856156652355363
GEN 91 time 1609750873
0.0013089946016198453
0.0018122043816207161
0.0017661292896930202
0.0008856156652355363
GEN 92 time 1609750875
0.0013089946016198453
0.0018122043816207161
0.0017661292896930202
0.0008856156652355363
GEN 93 time 1609750876
0.0013089946016198453
0.0018122043816207161
0.0017661292896930202
0.0008856156652355363
GEN 94 time 1609750878
0.0013089946016198453
0.0018122043816207161
0.0017661292896930202
0.0008856156652355363
GEN 95 time 1609750879
0.0013089946016198453
0.0018122043816207161
0.0017661292896930202
0.0008856156652355363
GEN 96 time 1609750881
0.0013089946016198453
0.0018122043816207161
0.0017661292896930202
0.0008856156652355363
GEN 97 time 1609750883
0.0013089946016198453
0.0018122043816207161
0.0017661292896930202
0.0008856156652355363
GEN 98 time 1609750885
0.0013089946016198453
0.0018122043816207161
0.0017661292896930202
0.0008856156652355363
GEN 99 time 1609750887
0.0013089946016198453
0.0018122043816207161
0.0017661292896930202
0.0008856156652355363
GEN 100 time 1609750889
0.0013089946016198453
0.0018122043816207161
0.0017661292896930202
0.0008856156652355363
GEN 101 time 1609750890
0.0013089946016198453
0.0018122043816207161
0.0017661292896930202
0.0008856156652355363
GEN 102 time 1609750892
0.0013089946016198453
0.0018122043816207161
0.0017661292896930202
0.0008856156652355363
GEN 103 time 1609750893
0.0013089946016198453
0.0018122043816207161
0.0017661292896930202
0.0008856156652355363
GEN 104 time 1609750895
0.0013089946016198453
0.0018122043816207161
0.0017661292896930202
0.0008856156652355363
GEN 105 time 1609750897
0.0013089946016198453
0.0018122043816207161
0.0017661292896930202
0.0008856156652355363
GEN 106 time 1609750898
0.0013089946016198453
0.0018122043816207161
0.0017661292896930202
0.0008856156652355363
GEN 107 time 1609750900
0.0013089946016198453
0.0018122043816207161
0.0017661292896930202
0.0008856156652355363
GEN 108 time 1609750902
0.0013089946016198453
0.0018122043816207161
0.0017661292896930202
0.0008856156652355363
GEN 109 time 1609750904
0.0013089946016198453
0.0018122043816207161
0.0017661292896930202
0.0008856156652355363
GEN 110 time 1609750905
0.0013089946016198453
0.0018122043816207161
0.0017661292896930202
0.0008856156652355363
GEN 111 time 1609750907
0.0013089946016198453
0.0018122043816207161
0.0017661292896930202
0.0008856156652355363
GEN 112 time 1609750909
0.0013089946016198453
0.0018013226033269517
0.0017661292896930202
0.0008856156652355363
GEN 113 time 1609750910
0.0013089946016198453
0.0018013226033269517
0.0017661292896930202
0.0008856156652355363
GEN 114 time 1609750912
0.0013089946016198453
0.0018013226033269517
0.0017661292896930202
0.0008856156652355363
GEN 115 time 1609750914
0.0013089946016198453
0.0018013226033269517
0.0017661292896930202
0.0008856156652355363
GEN 116 time 1609750915
0.0013089946016198453
0.0018013226033269517
0.0017661292896930202
0.0008856156652355363
GEN 117 time 1609750917
0.0013089946016198453
0.0018013226033269517
0.0017661292896930202
0.0008856156652355363
GEN 118 time 1609750918
0.0013089946016198453
0.0018013226033269517
0.0017661292896930202
0.0008856156652355363
GEN 119 time 1609750920
0.0013089946016198453
0.0018013226033269517
0.0017661292896930202
0.0008856156652355363
GEN 120 time 1609750922
0.0013089946016198453
0.0018013226033269517
0.0017661292896930202
0.0008856156652355363
GEN 121 time 1609750923
0.0013089946016198453
0.0018013226033269517
0.0017661292896930202
0.0008856156652355363
GEN 122 time 1609750925
0.0013089946016198453
0.0014010463019446075
0.0017661292896930202
0.0008856156652355363
GEN 123 time 1609750927
0.0013089946016198453
0.0014010463019446075
0.0017661292896930202
0.0008856156652355363
GEN 124 time 1609750928
0.0013089946016198453
0.0014010463019446075
0.0017661292896930202
0.0008856156652355363
GEN 125 time 1609750930
0.0013089946016198453
0.0014010463019446075
0.0017661292896930202
0.0008856156652355363
GEN 126 time 1609750931
0.0013089946016198453
0.0014010463019446075
0.0017661292896930202
0.0008856156652355363
GEN 127 time 1609750933
0.0013089946016198453
0.0014010463019446075
0.0017661292896930202
0.0008856156652355363
GEN 128 time 1609750935
0.0013089946016198453
0.0014010463019446075
0.0017661292896930202
0.0008856156652355363
GEN 129 time 1609750936
0.0013089946016198453
0.0014010463019446075
0.0017661292896930202
0.0008856156652355363
GEN 130 time 1609750938
0.0013089946016198453
0.0014010463019446075
0.0017661292896930202
0.0008856156652355363
GEN 131 time 1609750939
0.0013089946016198453
0.0014010463019446075
0.0017661292896930202
0.0008856156652355363
GEN 132 time 1609750941
0.0013089946016198453
0.0014010463019446075
0.0017661292896930202
0.0008856156652355363
GEN 133 time 1609750943
0.0013089946016198453
0.0014010463019446075
0.0017661292896930202
0.0008856156652355363
GEN 134 time 1609750944
0.0013089946016198453
0.0014010463019446075
0.0017661292896930202
0.0008856156652355363
GEN 135 time 1609750946
0.0013089946016198453
0.0014010463019446075
0.0017661292896930202
0.0008856156652355363
GEN 136 time 1609750947
0.0013089946016198453
0.0014010463019446075
0.0017661292896930202
0.0008856156652355363
GEN 137 time 1609750949
0.0013089946016198453
0.0014010463019446075
0.0017661292896930202
0.0008856156652355363
GEN 138 time 1609750950
0.0013089946016198453
0.0014010463019446075
0.0017661292896930202
0.0008856156652355363
GEN 139 time 1609750952
0.0013089946016198453
0.0014010463019446075
0.0017661292896930202
0.0008856156652355363
GEN 140 time 1609750954
0.0013089946016198453
0.0014010463019446075
0.0017661292896930202
0.0008856156652355363
GEN 141 time 1609750956
0.0013089946016198453
0.0014010463019446075
0.0017661292896930202
0.0008856156652355363
GEN 142 time 1609750958
0.0013089946016198453
0.0014010463019446075
0.0017661292896930202
0.0008856156652355363
GEN 143 time 1609750959
0.0013089946016198453
0.0014010463019446075
0.0017661292896930202
0.0008856156652355363
GEN 144 time 1609750961
0.0013089946016198453
0.0014010463019446075
0.0017661292896930202
0.0008856156652355363
GEN 145 time 1609750963
0.0013089946016198453
0.0014010463019446075
0.0017661292896930202
0.0008856156652355363
GEN 146 time 1609750964
0.0013089946016198453
0.0014010463019446075
0.0017661292896930202
0.0008856156652355363
GEN 147 time 1609750966
0.0013089946016198453
0.0014010463019446075
0.0017661292896930202
0.0008856156652355363
GEN 148 time 1609750968
0.0013089946016198453
0.0014010463019446075
0.0017661292896930202
0.0008856156652355363
GEN 149 time 1609750969
0.0013089946016198453
0.0014010463019446075
0.0017661292896930202
0.0008856156652355363
GEN 150 time 1609750971
0.0013089946016198453
0.0014010463019446075
0.0017661292896930202
0.0008856156652355363
GEN 151 time 1609750972
0.0013089946016198453
0.0014010463019446075
0.0017661292896930202
0.0008856156652355363
GEN 152 time 1609750974
0.0013089946016198453
0.0014010463019446075
0.0017661292896930202
0.0008856156652355363
GEN 153 time 1609750976
0.0013089946016198453
0.0014010463019446075
0.0017661292896930202
0.0008856156652355363
GEN 154 time 1609750978
0.0013089946016198453
0.0014010463019446075
0.0017661292896930202
0.0008856156652355363
GEN 155 time 1609750979
0.0013089946016198453
0.0014010463019446075
0.0017661292896930202
0.0008856156652355363
GEN 156 time 1609750981
0.0013089946016198453
0.0014010463019446075
0.0017661292896930202
0.0008856156652355363
GEN 157 time 1609750983
0.0013089946016198453
0.0014010463019446075
0.0017661292896930202
0.0008856156652355363
GEN 158 time 1609750984
0.0013089946016198453
0.0014010463019446075
0.0017661292896930202
0.0008856156652355363
GEN 159 time 1609750986
0.0013089946016198453
0.0014010463019446075
0.0017661292896930202
0.0008856156652355363
GEN 160 time 1609750988
0.0013089946016198453
0.0014010463019446075
0.0017661292896930202
0.0008856156652355363
GEN 161 time 1609750989
0.0013089946016198453
0.0014010463019446075
0.0017661292896930202
0.0008856156652355363
GEN 162 time 1609750991
0.0013089946016198453
0.0014010463019446075
0.0017661292896930202
0.0008856156652355363
GEN 163 time 1609750993
0.0013089946016198453
0.0014010463019446075
0.0017661292896930202
0.0008856156652355363
GEN 164 time 1609750994
0.0013089946016198453
0.0014010463019446075
0.0017661292896930202
0.0008856156652355363
GEN 165 time 1609750996
0.0013089946016198453
0.0014010463019446075
0.0017661292896930202
0.0008856156652355363
GEN 166 time 1609750998
0.0013089946016198453
0.0014010463019446075
0.0017661292896930202
0.0008856156652355363
GEN 167 time 1609751000
0.0013089946016198453
0.0014010463019446075
0.0017661292896930202
0.0008856156652355363
GEN 168 time 1609751001
0.0013089946016198453
0.0014010463019446075
0.0017661292896930202
0.0008856156652355363
GEN 169 time 1609751003
0.0013089946016198453
0.0014010463019446075
0.0017661292896930202
0.0008856156652355363
GEN 170 time 1609751004
0.0013089946016198453
0.0014010463019446075
0.0017661292896930202
0.0008856156652355363
GEN 171 time 1609751006
0.0013089946016198453
0.0014010463019446075
0.0017661292896930202
0.0008856156652355363
GEN 172 time 1609751008
0.0013089946016198453
0.0014010463019446075
0.0017661292896930202
0.0008856156652355363
GEN 173 time 1609751009
0.0013089946016198453
0.0014010463019446075
0.0017661292896930202
0.0008856156652355363
GEN 174 time 1609751011
0.0013089946016198453
0.0014010463019446075
0.0017661292896930202
0.0008856156652355363
GEN 175 time 1609751013
0.0013089946016198453
0.0014010463019446075
0.0017661292896930202
0.0008856156652355363
GEN 176 time 1609751014
0.0013089946016198453
0.0014010463019446075
0.0017661292896930202
0.0008856156652355363
GEN 177 time 1609751016
0.0013089946016198453
0.0014010463019446075
0.0017661292896930202
0.0008856156652355363
GEN 178 time 1609751018
0.0013089946016198453
0.0014010463019446075
0.0017661292896930202
0.0008856156652355363
GEN 179 time 1609751019
0.0013089946016198453
0.0014010463019446075
0.0017661292896930202
0.0008856156652355363
GEN 180 time 1609751021
0.0013089946016198453
0.0014010463019446075
0.0017661292896930202
0.0008856156652355363
GEN 181 time 1609751022
0.0013089946016198453
0.0014010463019446075
0.0017661292896930202
0.0008856156652355363
GEN 182 time 1609751024
0.0013089946016198453
0.0014010463019446075
0.0017661292896930202
0.0008856156652355363
GEN 183 time 1609751026
0.0013089946016198453
0.0014010463019446075
0.0017661292896930202
0.0008856156652355363
GEN 184 time 1609751027
0.0013089946016198453
0.0014010463019446075
0.0017661292896930202
0.0008856156652355363
GEN 185 time 1609751029
0.0013089946016198453
0.0014010463019446075
0.0017661292896930202
0.0008856156652355363
GEN 186 time 1609751031
0.0013089946016198453
0.0014010463019446075
0.0017661292896930202
0.0008856156652355363
GEN 187 time 1609751033
0.0013089946016198453
0.0014010463019446075
0.0017661292896930202
0.0008856156652355363
GEN 188 time 1609751034
0.0013089946016198453
0.0014010463019446075
0.0017661292896930202
0.0008856156652355363
GEN 189 time 1609751036
0.0013089946016198453
0.0014010463019446075
0.0017661292896930202
0.0008856156652355363
GEN 190 time 1609751037
0.0013089946016198453
0.0014010463019446075
0.0017661292896930202
0.0008856156652355363
GEN 191 time 1609751039
0.0013089946016198453
0.0014010463019446075
0.0017661292896930202
0.0008856156652355363
GEN 192 time 1609751041
0.0013089946016198453
0.0014010463019446075
0.0017661292896930202
0.0008856156652355363
GEN 193 time 1609751042
0.0013089946016198453
0.0014010463019446075
0.0017661292896930202
0.0008856156652355363
GEN 194 time 1609751044
0.0013089946016198453
0.0014010463019446075
0.0017661292896930202
0.0008856156652355363
GEN 195 time 1609751045
0.0013089946016198453
0.0014010463019446075
0.0017661292896930202
0.0008856156652355363
GEN 196 time 1609751047
0.0013089946016198453
0.0014010463019446075
0.0017661292896930202
0.0008856156652355363
GEN 197 time 1609751049
0.0013089946016198453
0.0014010463019446075
0.0017661292896930202
0.0008856156652355363
GEN 198 time 1609751050
0.0013089946016198453
0.0014010463019446075
0.0017661292896930202
0.0008856156652355363
GEN 199 time 1609751052
0.0013089946016198453
0.0014010463019446075
0.0017661292896930202
0.0008856156652355363
