['./data/small/layer/ga-dem10_r25_1.json', './data/small/layer/ga-dem4_r25_1.json', './data/small/layer/ga-dem6_r25_1.json', './data/small/hop/ga-dem6_r25_1_0.json', './data/small/hop/ga-dem1_r25_1_0.json', './data/small/hop/ga-dem10_r25_1_0.json']
GEN 0 time 1599653852
0.0014170904301219495
0.002027912900040106
0.0024270960315178986
0.0032990227163894994
0.0023133825409493835
0.002282582001387116
GEN 1 time 1599653858
0.0014170904301219495
0.0014261513005384017
0.0024270960315178986
0.0026388122283398483
0.0023133825409493835
0.002282582001387116
GEN 2 time 1599653866
0.0014170904301219495
0.0014261513005384017
0.0024270960315178986
0.0026388122283398483
0.0023133825409493835
0.002282582001387116
GEN 3 time 1599653874
0.0014170904301219495
0.0014261513005384017
0.0022280569953903677
0.0026388122283398483
0.0023133825409493835
0.002282582001387116
GEN 4 time 1599653882
0.0014170904301219495
0.0014261513005384017
0.001830185812845651
0.0026388122283398483
0.0023133825409493835
0.002282582001387116
GEN 5 time 1599653890
0.0014170904301219495
0.0014261513005384017
0.001830185812845651
0.0026388122283398483
0.0023133825409493835
0.002282582001387116
GEN 6 time 1599653899
0.0014170904301219495
0.0014261513005384017
0.001830185812845651
0.0026388122283398483
0.0023133825409493835
0.002282582001387116
GEN 7 time 1599653908
0.0014170904301219495
0.001425816126387894
0.001830185812845651
0.0024963061998346378
0.0023133825409493835
0.002282582001387116
GEN 8 time 1599653916
0.0014170904301219495
0.001425816126387894
0.001630165812845651
0.0024963061998346378
0.0021868111812079353
0.002282582001387116
GEN 9 time 1599653925
0.0014170904301219495
0.001425816126387894
0.001630165812845651
0.0024963061998346378
0.0021868111812079353
0.002080368469127994
GEN 10 time 1599653933
0.0014170904301219495
0.001425816126387894
0.0016005190713909274
0.0024963061998346378
0.0021868111812079353
0.002080368469127994
GEN 11 time 1599653941
0.001409009839639709
0.001425816126387894
0.0016005190713909274
0.0024963061998346378
0.0021868111812079353
0.002080368469127994
GEN 12 time 1599653949
0.0014011473920228091
0.0012293423779039078
0.0016005190713909274
0.0024963061998346378
0.0021868111812079353
0.002080368469127994
GEN 13 time 1599653957
0.0014011473920228091
0.0012293423779039078
0.0016005190713909274
0.0024963061998346378
0.0021868111812079353
0.002080368469127994
GEN 14 time 1599653965
0.0014011473920228091
0.0012293423779039078
0.0016005190713909274
0.0024963061998346378
0.0021868111812079353
0.002080368469127994
GEN 15 time 1599653974
0.0014011473920228091
0.0012031487954399453
0.0016005190713909274
0.0024963061998346378
0.0021868111812079353
0.002080368469127994
GEN 16 time 1599653982
0.0014011473920228091
0.0012031487954399453
0.0016005190713909274
0.0024963061998346378
0.0021868111812079353
0.002080368469127994
GEN 17 time 1599653991
0.0014011473920228091
0.0010322580920307132
0.0016005190713909274
0.0024963061998346378
0.0021868111812079353
0.002080368469127994
GEN 18 time 1599654000
0.0014011473920228091
0.0010322580920307132
0.0016005190713909274
0.0024963061998346378
0.0021868111812079353
0.002080368469127994
GEN 19 time 1599654009
0.0014011473920228091
0.0010322580920307132
0.0016005190713909274
0.0024963061998346378
0.0021868111812079353
0.002080368469127994
GEN 20 time 1599654017
0.0014011473920228091
0.0010322580920307132
0.0016005190713909274
0.0024963061998346378
0.0021868111812079353
0.002080368469127994
GEN 21 time 1599654025
0.0014011473920228091
0.0010322580920307132
0.0016005190713909274
0.0024963061998346378
0.0021868111812079353
0.002077277646512019
GEN 22 time 1599654033
0.0014011473920228091
0.0010322580920307132
0.0016005190713909274
0.0024927685243041845
0.0021868111812079353
0.002077277646512019
GEN 23 time 1599654042
0.0014011473920228091
0.0010322580920307132
0.0016005190713909274
0.0024796941276326637
0.0021868111812079353
0.002077277646512019
GEN 24 time 1599654050
0.0014011473920228091
0.0010322580920307132
0.0016005190713909274
0.0024796941276326637
0.0021868111812079353
0.002077277646512019
GEN 25 time 1599654058
0.0014011473920228091
0.0010322580920307132
0.0016005190713909274
0.0024726455429213206
0.0021868111812079353
0.002077277646512019
GEN 26 time 1599654066
0.0014011473920228091
0.0010322580920307132
0.0016005190713909274
0.0024726455429213206
0.0021868111812079353
0.002077277646512019
GEN 27 time 1599654074
0.0014011473920228091
0.0010322580920307132
0.0016005190713909274
0.0024726455429213206
0.0021868111812079353
0.002077277646512019
GEN 28 time 1599654082
0.0014010012190584517
0.0010322580920307132
0.0016005190713909274
0.002096266199834638
0.0021868111812079353
0.002077277646512019
GEN 29 time 1599654090
0.0014010012190584517
0.0010322580920307132
0.0016005190713909274
0.002096266199834638
0.0021868111812079353
0.002077277646512019
GEN 30 time 1599654098
0.0014003244581102655
0.0010322580920307132
0.0016005190713909274
0.002096266199834638
0.0021868111812079353
0.002077277646512019
GEN 31 time 1599654105
0.0014003244581102655
0.0010322580920307132
0.0016005190713909274
0.002096266199834638
0.0021868111812079353
0.002077277646512019
GEN 32 time 1599654113
0.0014003244581102655
0.0010322580920307132
0.0016005190713909274
0.002096266199834638
0.0021868111812079353
0.002077277646512019
GEN 33 time 1599654121
0.0014003244581102655
0.0010322580920307132
0.0016005190713909274
0.002096266199834638
0.0021868111812079353
0.0020344426548545283
GEN 34 time 1599654129
0.001228646179484731
0.0010322580920307132
0.0016005190713909274
0.002096266199834638
0.0021868111812079353
0.0020344426548545283
GEN 35 time 1599654137
0.001228646179484731
0.0010322580920307132
0.0016005190713909274
0.002096266199834638
0.0021868111812079353
0.0020344426548545283
GEN 36 time 1599654145
0.001228646179484731
0.0010322580920307132
0.0014301458128456513
0.002096266199834638
0.0021868111812079353
0.0020344426548545283
GEN 37 time 1599654154
0.001228646179484731
0.0010322580920307132
0.0014301458128456513
0.002096266199834638
0.0021868111812079353
0.0020344426548545283
GEN 38 time 1599654161
0.001228646179484731
0.0010322580920307132
0.0014301458128456513
0.002096266199834638
0.0021868111812079353
0.0020344426548545283
GEN 39 time 1599654169
0.001228646179484731
0.0010322580920307132
0.0014301458128456513
0.002096266199834638
0.0021868111812079353
0.0020344426548545283
GEN 40 time 1599654177
0.001228646179484731
0.0010322580920307132
0.0014301458128456513
0.002096266199834638
0.0021868111812079353
0.0020344426548545283
GEN 41 time 1599654184
0.001228646179484731
0.0010322580920307132
0.0014301458128456513
0.002096266199834638
0.0021868111812079353
0.0020344426548545283
GEN 42 time 1599654192
0.001228646179484731
0.0010322580920307132
0.0014301458128456513
0.002096266199834638
0.0021868111812079353
0.0020344426548545283
GEN 43 time 1599654200
0.001228646179484731
0.0010322580920307132
0.0014301458128456513
0.002096266199834638
0.0021868111812079353
0.0020344426548545283
GEN 44 time 1599654208
0.001228646179484731
0.0010322580920307132
0.0014301458128456513
0.002096266199834638
0.0021868111812079353
0.0020344426548545283
GEN 45 time 1599654215
0.001228646179484731
0.0010322580920307132
0.0014301458128456513
0.002096266199834638
0.0021868111812079353
0.0020344426548545283
GEN 46 time 1599654223
0.001228646179484731
0.0010322580920307132
0.0014301458128456513
0.002096266199834638
0.0021868111812079353
0.0020344426548545283
GEN 47 time 1599654231
0.001228646179484731
0.0010261113005384016
0.0014301458128456513
0.002096266199834638
0.0021868111812079353
0.0020344426548545283
GEN 48 time 1599654239
0.001228646179484731
0.0010261113005384016
0.001421804740745734
0.002096266199834638
0.0021868111812079353
0.0020344426548545283
GEN 49 time 1599654247
0.001228646179484731
0.0010261113005384016
0.001421804740745734
0.002096266199834638
0.0021868111812079353
0.0020344426548545283
GEN 50 time 1599654254
0.001228646179484731
0.0010261113005384016
0.001421804740745734
0.002096266199834638
0.0021868111812079353
0.0020344426548545283
GEN 51 time 1599654262
0.001228646179484731
0.0010261113005384016
0.001421804740745734
0.0020724650570521043
0.0021868111812079353
0.0020344426548545283
GEN 52 time 1599654270
0.001228646179484731
0.0010261113005384016
0.001421804740745734
0.0020724650570521043
0.0021868111812079353
0.0020344426548545283
GEN 53 time 1599654278
0.001228646179484731
0.0010261113005384016
0.001421804740745734
0.0020724650570521043
0.0021868111812079353
0.0020344426548545283
GEN 54 time 1599654286
0.0012235557338595062
0.0010261113005384016
0.001421804740745734
0.0020724650570521043
0.0021868111812079353
0.0020344426548545283
GEN 55 time 1599654295
0.0012235557338595062
0.0010261113005384016
0.0014006254016561317
0.0020661974971171878
0.0021868111812079353
0.0020344426548545283
GEN 56 time 1599654302
0.0012235557338595062
0.0010261113005384016
0.0012269760315178986
0.0020661974971171878
0.0021868111812079353
0.0020344426548545283
GEN 57 time 1599654308
0.0012235557338595062
0.0010261113005384016
0.0012269760315178986
0.0020661974971171878
0.0021868111812079353
0.0020344426548545283
GEN 58 time 1599654314
0.0012235557338595062
0.0010261113005384016
0.0012269760315178986
0.0020661974971171878
0.0021868111812079353
0.0020344426548545283
GEN 59 time 1599654320
0.0012235557338595062
0.0010261113005384016
0.0012269760315178986
0.0020661974971171878
0.0021868111812079353
0.0020344426548545283
GEN 60 time 1599654327
0.0012235557338595062
0.0010261113005384016
0.0012269760315178986
0.0020661974971171878
0.0021868111812079353
0.0020344426548545283
GEN 61 time 1599654333
0.0012235557338595062
0.0010261113005384016
0.0012269760315178986
0.0020661974971171878
0.0021868111812079353
0.0020344426548545283
GEN 62 time 1599654339
0.0012235557338595062
0.0010261113005384016
0.0012269760315178986
0.0020661974971171878
0.0021868111812079353
0.0020344426548545283
GEN 63 time 1599654345
0.0012235557338595062
0.0010261113005384016
0.0012269760315178986
0.0020661974971171878
0.0021868111812079353
0.0020344426548545283
GEN 64 time 1599654352
0.0012235557338595062
0.0010261113005384016
0.0012269760315178986
0.0020661974971171878
0.0021868111812079353
0.0020344426548545283
GEN 65 time 1599654358
0.0012235557338595062
0.0010261113005384016
0.0012269760315178986
0.0020661974971171878
0.0021868111812079353
0.0020344426548545283
GEN 66 time 1599654364
0.0012235557338595062
0.0010261113005384016
0.0012269760315178986
0.0020661974971171878
0.0021868111812079353
0.0020344426548545283
GEN 67 time 1599654370
0.0012235557338595062
0.0010261113005384016
0.0012269760315178986
0.0020661974971171878
0.0021868111812079353
0.0020344426548545283
GEN 68 time 1599654377
0.0012235557338595062
0.0010261113005384016
0.0012269760315178986
0.0020661974971171878
0.0021868111812079353
0.0020344426548545283
GEN 69 time 1599654383
0.0012235557338595062
0.0010261113005384016
0.0012269760315178986
0.0020661974971171878
0.0021868111812079353
0.0020344426548545283
GEN 70 time 1599654390
0.0012235557338595062
0.0010261113005384016
0.0012269760315178986
0.0020661974971171878
0.0021868111812079353
0.0020344426548545283
GEN 71 time 1599654396
0.0012235557338595062
0.0010261113005384016
0.0012269760315178986
0.0020661974971171878
0.0021868111812079353
0.0020344426548545283
GEN 72 time 1599654402
0.0012235557338595062
0.0010261113005384016
0.0012269760315178986
0.0020661974971171878
0.0021868111812079353
0.0020344426548545283
GEN 73 time 1599654408
0.0012235557338595062
0.0010261113005384016
0.0012269760315178986
0.0020661974971171878
0.0021868111812079353
0.0018880193387368035
GEN 74 time 1599654414
0.0012235557338595062
0.0010261113005384016
0.0012269760315178986
0.0020661974971171878
0.0021868111812079353
0.0018880193387368035
GEN 75 time 1599654420
0.0012235557338595062
0.0010261113005384016
0.0012269760315178986
0.0020661974971171878
0.0021868111812079353
0.0018880193387368035
GEN 76 time 1599654427
0.0012235557338595062
0.0010261113005384016
0.0012269760315178986
0.0020661974971171878
0.0021868111812079353
0.0018880193387368035
GEN 77 time 1599654433
0.0012235557338595062
0.0010261113005384016
0.0012269760315178986
0.0020661974971171878
0.0021868111812079353
0.0018880193387368035
GEN 78 time 1599654439
0.0012235557338595062
0.0010261113005384016
0.0012269760315178986
0.0020661974971171878
0.0021868111812079353
0.0018880193387368035
GEN 79 time 1599654445
0.0012235557338595062
0.0010261113005384016
0.0012269760315178986
0.0020661974971171878
0.0021868111812079353
0.0018880193387368035
GEN 80 time 1599654451
0.0012235557338595062
0.0010261113005384016
0.001225915068066686
0.0018988827163894991
0.0021868111812079353
0.0018880193387368035
GEN 81 time 1599654457
0.0012235557338595062
0.0010261113005384016
0.001225915068066686
0.0018988827163894991
0.0021868111812079353
0.0018880193387368035
GEN 82 time 1599654462
0.0012235557338595062
0.0010261113005384016
0.001225915068066686
0.0018988827163894991
0.0021868111812079353
0.0018880193387368035
GEN 83 time 1599654468
0.0012235557338595062
0.0010261113005384016
0.001225915068066686
0.0018988827163894991
0.0021868111812079353
0.0018880193387368035
GEN 84 time 1599654474
0.0012235557338595062
0.0010261113005384016
0.001225915068066686
0.0018988827163894991
0.0021868111812079353
0.0018880193387368035
GEN 85 time 1599654480
0.0012235557338595062
0.0010261113005384016
0.001225915068066686
0.0018988827163894991
0.0021868111812079353
0.0018880193387368035
GEN 86 time 1599654486
0.0012235557338595062
0.0010261113005384016
0.001225915068066686
0.0018988827163894991
0.0021868111812079353
0.0018880193387368035
GEN 87 time 1599654492
0.0012235557338595062
0.0010261113005384016
0.001225915068066686
0.0018988827163894991
0.0021868111812079353
0.0018880193387368035
GEN 88 time 1599654498
0.0012235557338595062
0.0010261113005384016
0.001225915068066686
0.0018988827163894991
0.0021868111812079353
0.0018880193387368035
GEN 89 time 1599654503
0.0012235557338595062
0.0010261113005384016
0.001225915068066686
0.0018988827163894991
0.0021868111812079353
0.0018880193387368035
GEN 90 time 1599654509
0.0012235557338595062
0.0010261113005384016
0.001225915068066686
0.0018988827163894991
0.0021868111812079353
0.0018680342997808817
GEN 91 time 1599654516
0.0012235557338595062
0.0010261113005384016
0.001225915068066686
0.0018988827163894991
0.0019543400683530313
0.0018680342997808817
GEN 92 time 1599654522
0.0012235557338595062
0.0010261113005384016
0.001225915068066686
0.0018988827163894991
0.0019543400683530313
0.0018680342997808817
GEN 93 time 1599654528
0.0012235557338595062
0.0010261113005384016
0.001225915068066686
0.0018988827163894991
0.0019543400683530313
0.0018680342997808817
GEN 94 time 1599654534
0.0012235557338595062
0.0010261113005384016
0.001225915068066686
0.0018988827163894991
0.0019543400683530313
0.0018680342997808817
GEN 95 time 1599654539
0.0012235557338595062
0.0010261113005384016
0.001220647445129662
0.0018988827163894991
0.0019543400683530313
0.0018680342997808817
GEN 96 time 1599654546
0.0012235557338595062
0.0010261113005384016
0.001220647445129662
0.0018988827163894991
0.0019543400683530313
0.0018680342997808817
GEN 97 time 1599654551
0.0012235557338595062
0.0010261113005384016
0.001217167742619206
0.0018818060291478432
0.0019543400683530313
0.0018680342997808817
GEN 98 time 1599654557
0.0012235557338595062
0.0010261113005384016
0.001217167742619206
0.0018818060291478432
0.0019543400683530313
0.0018680342997808817
GEN 99 time 1599654563
0.0012235557338595062
0.0010261113005384016
0.001217167742619206
0.0018818060291478432
0.0019543400683530313
0.0018680342997808817
GEN 100 time 1599654569
0.0012235557338595062
0.0010261113005384016
0.001217167742619206
0.0018818060291478432
0.0019543400683530313
0.0018680342997808817
GEN 101 time 1599654574
0.0012235557338595062
0.0010261113005384016
0.001217167742619206
0.0018818060291478432
0.0019543400683530313
0.0018680342997808817
GEN 102 time 1599654580
0.0012235557338595062
0.0010261113005384016
0.001217167742619206
0.0018818060291478432
0.0019543400683530313
0.0018680342997808817
GEN 103 time 1599654586
0.0012235557338595062
0.0010261113005384016
0.001217167742619206
0.0018818060291478432
0.0019543400683530313
0.0018344226548545279
GEN 104 time 1599654592
0.0012235557338595062
0.0010261113005384016
0.001217167742619206
0.0018818060291478432
0.0019543400683530313
0.0018344226548545279
GEN 105 time 1599654598
0.0012235557338595062
0.0010261113005384016
0.0012107604267238541
0.0018818060291478432
0.0019543400683530313
0.0018344226548545279
GEN 106 time 1599654604
0.0012235557338595062
0.0010261113005384016
0.0012107604267238541
0.0018818060291478432
0.0019543400683530313
0.0018344226548545279
GEN 107 time 1599654609
0.0012235557338595062
0.0010261113005384016
0.0012107604267238541
0.0018818060291478432
0.0019543400683530313
0.0018344226548545279
GEN 108 time 1599654615
0.0012235557338595062
0.0010261113005384016
0.0012107604267238541
0.0018818060291478432
0.0019543400683530313
0.0018344226548545279
GEN 109 time 1599654620
0.0012235557338595062
0.0010261113005384016
0.0012107604267238541
0.0018818060291478432
0.0019543400683530313
0.0018344226548545279
GEN 110 time 1599654626
0.0012235557338595062
0.0010261113005384016
0.0012107604267238541
0.0018818060291478432
0.0019543400683530313
0.0018344226548545279
GEN 111 time 1599654632
0.0012235557338595062
0.0010261113005384016
0.0012107604267238541
0.0018818060291478432
0.0019543400683530313
0.0018344226548545279
GEN 112 time 1599654638
0.0012235557338595062
0.0010261113005384016
0.0012107604267238541
0.0018818060291478432
0.0019543400683530313
0.0018344226548545279
GEN 113 time 1599654643
0.0012235557338595062
0.0010261113005384016
0.0012107604267238541
0.0018818060291478432
0.0019543400683530313
0.0018344226548545279
GEN 114 time 1599654649
0.0012235557338595062
0.0010261113005384016
0.0012107604267238541
0.0018818060291478432
0.0019543400683530313
0.0018344226548545279
GEN 115 time 1599654655
0.0012235557338595062
0.0010261113005384016
0.0012107604267238541
0.0018818060291478432
0.0019543400683530313
0.0018344226548545279
GEN 116 time 1599654661
0.0012235557338595062
0.0010261113005384016
0.0012107604267238541
0.0018818060291478432
0.0019543400683530313
0.0018344226548545279
GEN 117 time 1599654666
0.0012235557338595062
0.0010261113005384016
0.0012107604267238541
0.0018818060291478432
0.0019543400683530313
0.0018344226548545279
GEN 118 time 1599654673
0.0012235557338595062
0.0010261113005384016
0.0012107604267238541
0.0018818060291478432
0.0019543400683530313
0.0018344226548545279
GEN 119 time 1599654679
0.0012235557338595062
0.0010261113005384016
0.0012107604267238541
0.0018818060291478432
0.0019543400683530313
0.0018344226548545279
GEN 120 time 1599654684
0.0012235557338595062
0.0010261113005384016
0.0012107604267238541
0.0018818060291478432
0.0019543400683530313
0.0016894927319752173
GEN 121 time 1599654690
0.0012235557338595062
0.0010261113005384016
0.0012107604267238541
0.0018818060291478432
0.0019543400683530313
0.0016894927319752173
GEN 122 time 1599654696
0.0012235557338595062
0.0010261113005384016
0.0012107604267238541
0.0018818060291478432
0.0019543400683530313
0.0016894927319752173
GEN 123 time 1599654702
0.0012235557338595062
0.0010261113005384016
0.0012107604267238541
0.0018818060291478432
0.0019543400683530313
0.0016894927319752173
GEN 124 time 1599654708
0.0012235557338595062
0.0010261113005384016
0.0012107604267238541
0.0018818060291478432
0.0019543400683530313
0.0016894927319752173
GEN 125 time 1599654714
0.0012235557338595062
0.0010261113005384016
0.0012107604267238541
0.0018818060291478432
0.0019543400683530313
0.0016894927319752173
GEN 126 time 1599654719
0.0012235557338595062
0.0010261113005384016
0.0012107604267238541
0.0018818060291478432
0.0019543400683530313
0.0016894927319752173
GEN 127 time 1599654725
0.0012235557338595062
0.0010261113005384016
0.0012107604267238541
0.0018818060291478432
0.0019543400683530313
0.0016739925180034342
GEN 128 time 1599654730
0.0012235557338595062
0.0010261113005384016
0.0012107604267238541
0.0018818060291478432
0.0019543400683530313
0.0016739925180034342
GEN 129 time 1599654736
0.0012235557338595062
0.0010261113005384016
0.0012107604267238541
0.0018818060291478432
0.0019543400683530313
0.0016739925180034342
GEN 130 time 1599654742
0.0012235557338595062
0.0010261113005384016
0.0012107604267238541
0.0018818060291478432
0.0019543400683530313
0.0016739925180034342
GEN 131 time 1599654748
0.0012235557338595062
0.0010261113005384016
0.0012095835987718168
0.0018818060291478432
0.0019543400683530313
0.0016739925180034342
GEN 132 time 1599654754
0.0012235557338595062
0.0010261113005384016
0.0012095835987718168
0.0018818060291478432
0.0019543400683530313
0.0016739925180034342
GEN 133 time 1599654760
0.0012235557338595062
0.0010261113005384016
0.0012095835987718168
0.0018818060291478432
0.0019543400683530313
0.0016739925180034342
GEN 134 time 1599654765
0.0012235557338595062
0.0010261113005384016
0.0012095835987718168
0.0018818060291478432
0.0019543400683530313
0.0016739925180034342
GEN 135 time 1599654771
0.0012235557338595062
0.0010261113005384016
0.0010309369499133943
0.0018818060291478432
0.0019543400683530313
0.0016739925180034342
GEN 136 time 1599654777
0.0012235557338595062
0.0010261113005384016
0.0010309369499133943
0.0018818060291478432
0.0019543400683530313
0.0016739925180034342
GEN 137 time 1599654783
0.0012235557338595062
0.0010261113005384016
0.0010309369499133943
0.0018818060291478432
0.0019543400683530313
0.0016739925180034342
GEN 138 time 1599654789
0.0012235557338595062
0.0010261113005384016
0.0010309369499133943
0.0018818060291478432
0.0019543400683530313
0.0016739925180034342
GEN 139 time 1599654795
0.0012235557338595062
0.0010261113005384016
0.0010309369499133943
0.0018818060291478432
0.0019543400683530313
0.0016739925180034342
GEN 140 time 1599654800
0.0012235557338595062
0.0010261113005384016
0.0010309369499133943
0.0018818060291478432
0.0019543400683530313
0.0016739925180034342
GEN 141 time 1599654806
0.0012235557338595062
0.0010261113005384016
0.0010309369499133943
0.0018818060291478432
0.0019543400683530313
0.0016739925180034342
GEN 142 time 1599654812
0.0012235557338595062
0.0010261113005384016
0.0010309369499133943
0.0018818060291478432
0.0019543400683530313
0.0016739925180034342
GEN 143 time 1599654818
0.0012235557338595062
0.0010261113005384016
0.0010309369499133943
0.0018818060291478432
0.0019543400683530313
0.0016739925180034342
GEN 144 time 1599654824
0.0012235557338595062
0.0010261113005384016
0.0010309369499133943
0.0018818060291478432
0.0019543400683530313
0.0016739925180034342
GEN 145 time 1599654830
0.0012235557338595062
0.0010261113005384016
0.0010309369499133943
0.0018818060291478432
0.0019543400683530313
0.0016739925180034342
GEN 146 time 1599654835
0.0012235557338595062
0.0010261113005384016
0.0010309369499133943
0.0018818060291478432
0.0019543400683530313
0.0016739925180034342
GEN 147 time 1599654841
0.0012235557338595062
0.0010261113005384016
0.0010309369499133943
0.0018818060291478432
0.0019543400683530313
0.0016739925180034342
GEN 148 time 1599654847
0.0012235557338595062
0.0010261113005384016
0.0010309369499133943
0.0018818060291478432
0.0019543400683530313
0.0016739925180034342
GEN 149 time 1599654853
0.0012235557338595062
0.0010261113005384016
0.0010309369499133943
0.0018818060291478432
0.0019543400683530313
0.0016739925180034342
GEN 150 time 1599654859
0.0012235557338595062
0.0010261113005384016
0.0010309369499133943
0.0018818060291478432
0.0019543400683530313
0.0016739925180034342
GEN 151 time 1599654865
0.0012235557338595062
0.0010261113005384016
0.0010309369499133943
0.0018818060291478432
0.0019543400683530313
0.0016739925180034342
GEN 152 time 1599654870
0.0012235557338595062
0.0010261113005384016
0.0010309369499133943
0.0018818060291478432
0.0019543400683530313
0.0016739925180034342
GEN 153 time 1599654876
0.0012235557338595062
0.0010261113005384016
0.0010309369499133943
0.0018818060291478432
0.0019543400683530313
0.0016739925180034342
GEN 154 time 1599654882
0.0012235557338595062
0.0010261113005384016
0.0010309369499133943
0.0018818060291478432
0.0019543400683530313
0.0016739925180034342
GEN 155 time 1599654888
0.0012235557338595062
0.0010261113005384016
0.0010309369499133943
0.0018818060291478432
0.0019543400683530313
0.0016739925180034342
GEN 156 time 1599654894
0.0012235557338595062
0.0010261113005384016
0.0010309369499133943
0.0018818060291478432
0.0019543400683530313
0.0016739925180034342
GEN 157 time 1599654900
0.0012235557338595062
0.0010261113005384016
0.0010309369499133943
0.0018818060291478432
0.0019543400683530313
0.0016739925180034342
GEN 158 time 1599654906
0.0012235557338595062
0.0010261113005384016
0.0010309369499133943
0.0018818060291478432
0.0019543400683530313
0.0016739925180034342
GEN 159 time 1599654912
0.0012235557338595062
0.0010261113005384016
0.0010309369499133943
0.0018818060291478432
0.0019543400683530313
0.0016739925180034342
GEN 160 time 1599654918
0.0012235557338595062
0.0010261113005384016
0.0010309369499133943
0.0018818060291478432
0.0019543400683530313
0.0016739925180034342
GEN 161 time 1599654924
0.0012235557338595062
0.0010261113005384016
0.0010269560315178986
0.0018818060291478432
0.0019543400683530313
0.0016739925180034342
GEN 162 time 1599654929
0.0012235557338595062
0.0010261113005384016
0.0010269560315178986
0.0018818060291478432
0.0019543400683530313
0.0016739925180034342
GEN 163 time 1599654935
0.0012235557338595062
0.0010261113005384016
0.0010269560315178986
0.0018818060291478432
0.0019543400683530313
0.0016739925180034342
GEN 164 time 1599654941
0.0012235557338595062
0.0010261113005384016
0.0010269560315178986
0.0018818060291478432
0.0019543400683530313
0.0016739925180034342
GEN 165 time 1599654947
0.0012235557338595062
0.0010261113005384016
0.0010269560315178986
0.0018818060291478432
0.0019543400683530313
0.0016739925180034342
GEN 166 time 1599654953
0.0012235557338595062
0.0010261113005384016
0.0010269560315178986
0.0018818060291478432
0.0019543400683530313
0.0016739925180034342
GEN 167 time 1599654958
0.0012235557338595062
0.0010261113005384016
0.0010269560315178986
0.0018818060291478432
0.0019543400683530313
0.0016739925180034342
GEN 168 time 1599654964
0.0012235557338595062
0.0010261113005384016
0.0010269560315178986
0.0018818060291478432
0.0019543400683530313
0.0016680142997808818
GEN 169 time 1599654970
0.0012235557338595062
0.0010261113005384016
0.0010269560315178986
0.0018818060291478432
0.0019543400683530313
0.0016680142997808818
GEN 170 time 1599654975
0.0012235557338595062
0.0010261113005384016
0.0010269560315178986
0.0018818060291478432
0.0019543400683530313
0.0016680142997808818
GEN 171 time 1599654981
0.0012235557338595062
0.0010261113005384016
0.0010269560315178986
0.0018818060291478432
0.0019543400683530313
0.0016680142997808818
GEN 172 time 1599654987
0.0012235557338595062
0.0010261113005384016
0.0010269560315178986
0.0018818060291478432
0.0019543400683530313
0.0016680142997808818
GEN 173 time 1599654993
0.0012235557338595062
0.0010261113005384016
0.0010269560315178986
0.0018818060291478432
0.0019543400683530313
0.0016680142997808818
GEN 174 time 1599654999
0.0012235557338595062
0.0010261113005384016
0.0010269560315178986
0.0018818060291478432
0.0019543400683530313
0.0016680142997808818
GEN 175 time 1599655005
0.0012235557338595062
0.0010261113005384016
0.0010269560315178986
0.0018818060291478432
0.0019543400683530313
0.0016680142997808818
GEN 176 time 1599655011
0.0012235557338595062
0.0010261113005384016
0.0010269560315178986
0.0018818060291478432
0.0019543400683530313
0.0016680142997808818
GEN 177 time 1599655017
0.0012235557338595062
0.0010261113005384016
0.0010269560315178986
0.0018818060291478432
0.0019543400683530313
0.0016680142997808818
GEN 178 time 1599655023
0.0012235557338595062
0.0010261113005384016
0.0010269560315178986
0.0018818060291478432
0.0019543400683530313
0.0016680142997808818
GEN 179 time 1599655029
0.0012235557338595062
0.0010261113005384016
0.0010269560315178986
0.0018818060291478432
0.0019543400683530313
0.0016680142997808818
GEN 180 time 1599655035
0.0012235557338595062
0.0010261113005384016
0.0010269560315178986
0.0018818060291478432
0.0019543400683530313
0.0016680142997808818
GEN 181 time 1599655041
0.0012235557338595062
0.0010261113005384016
0.0010269560315178986
0.0018818060291478432
0.0019543400683530313
0.0016680142997808818
GEN 182 time 1599655046
0.0012235557338595062
0.0010261113005384016
0.0010269560315178986
0.0018818060291478432
0.0019543400683530313
0.0016680142997808818
GEN 183 time 1599655051
0.0012235557338595062
0.0010261113005384016
0.0010269560315178986
0.0018818060291478432
0.0019543400683530313
0.0016680142997808818
GEN 184 time 1599655057
0.0012235557338595062
0.0010261113005384016
0.0010269560315178986
0.0018818060291478432
0.0019543400683530313
0.0016680142997808818
GEN 185 time 1599655062
0.0012235557338595062
0.0010261113005384016
0.0010269560315178986
0.0018818060291478432
0.0019543400683530313
0.0016680142997808818
GEN 186 time 1599655068
0.0012235557338595062
0.0010261113005384016
0.0010269560315178986
0.0018818060291478432
0.0019543400683530313
0.0016680142997808818
GEN 187 time 1599655073
0.0012235557338595062
0.0010261113005384016
0.0010269560315178986
0.0018818060291478432
0.0019543400683530313
0.0016680142997808818
GEN 188 time 1599655078
0.0012235557338595062
0.0010261113005384016
0.0010269560315178986
0.0018818060291478432
0.0019543400683530313
0.0016680142997808818
GEN 189 time 1599655084
0.0012235557338595062
0.0010261113005384016
0.0010269560315178986
0.0018818060291478432
0.0019543400683530313
0.0016680142997808818
GEN 190 time 1599655090
0.0012235557338595062
0.0010261113005384016
0.0010269560315178986
0.0018818060291478432
0.0019543400683530313
0.0016680142997808818
GEN 191 time 1599655095
0.0012235557338595062
0.0010261113005384016
0.0010269560315178986
0.0018818060291478432
0.0019543400683530313
0.0016680142997808818
GEN 192 time 1599655101
0.0012235557338595062
0.0010261113005384016
0.0010269560315178986
0.0018818060291478432
0.0019543400683530313
0.0016680142997808818
GEN 193 time 1599655106
0.0012235557338595062
0.0010261113005384016
0.0010269560315178986
0.0018818060291478432
0.0019543400683530313
0.0016680142997808818
GEN 194 time 1599655112
0.0012235557338595062
0.0010261113005384016
0.0010269560315178986
0.0018818060291478432
0.0019543400683530313
0.0016680142997808818
GEN 195 time 1599655117
0.0012235557338595062
0.0010261113005384016
0.0010269560315178986
0.0018818060291478432
0.0019543400683530313
0.0016680142997808818
GEN 196 time 1599655123
0.0012235557338595062
0.0010261113005384016
0.0010269560315178986
0.0018818060291478432
0.0019543400683530313
0.0016680142997808818
GEN 197 time 1599655131
0.0012235557338595062
0.0010261113005384016
0.0010269560315178986
0.0018818060291478432
0.0019543400683530313
0.0016680142997808818
GEN 198 time 1599655136
0.0012235557338595062
0.0010261113005384016
0.0010269560315178986
0.0018818060291478432
0.0019543400683530313
0.0016680142997808818
GEN 199 time 1599655142
0.0012235557338595062
0.0010261113005384016
0.0010269560315178986
0.0018818060291478432
0.0019543400683530313
0.0016680142997808818
