['./data/small/layer/uu-dem4_r50_1.json', './data/small/layer/uu-dem1_r50_1.json', './data/small/layer/uu-dem8_r50_1.json', './data/small/hop/uu-dem8_r50_1_0.json', './data/small/hop/uu-dem4_r50_1_0.json', './data/small/hop/uu-dem2_r50_1_0.json']
GEN 0 time 1599720717
0.0023881709723581114
0.002172424506535791
0.0030269426232689646
0.0029279345748121147
0.0035082786832586997
0.003374377650922217
GEN 1 time 1599720742
0.0023881709723581114
0.002172424506535791
0.0030269426232689646
0.0029279345748121147
0.0035082786832586997
0.003374377650922217
GEN 2 time 1599720767
0.0023881709723581114
0.002172424506535791
0.0030269426232689646
0.0029279345748121147
0.0035082786832586997
0.003374377650922217
GEN 3 time 1599720793
0.0023881709723581114
0.002172424506535791
0.0030269426232689646
0.0029279345748121147
0.0035082786832586997
0.003374377650922217
GEN 4 time 1599720818
0.0023881709723581114
0.0018955428167451813
0.0030269426232689646
0.0029279345748121147
0.0034406385569554485
0.003102207041162872
GEN 5 time 1599720844
0.0023881709723581114
0.0018955428167451813
0.0030269426232689646
0.0029279345748121147
0.003060430958167957
0.003102207041162872
GEN 6 time 1599720869
0.0023881709723581114
0.0018609717652473704
0.0030269426232689646
0.0029279345748121147
0.003060430958167957
0.0027021670411628723
GEN 7 time 1599720894
0.0023881709723581114
0.0018609717652473704
0.0030269426232689646
0.0029279345748121147
0.003060430958167957
0.0027021670411628723
GEN 8 time 1599720920
0.0023881709723581114
0.0018609717652473704
0.0030269426232689646
0.00280565241672272
0.003060430958167957
0.0027021670411628723
GEN 9 time 1599720946
0.0023881709723581114
0.0018609717652473704
0.0030269426232689646
0.00280565241672272
0.002930589653931072
0.0027021670411628723
GEN 10 time 1599720972
0.0023881709723581114
0.0018609717652473704
0.0030269426232689646
0.00280565241672272
0.002930589653931072
0.0027021670411628723
GEN 11 time 1599720997
0.0023881709723581114
0.0018609717652473704
0.0030269426232689646
0.00280565241672272
0.002930589653931072
0.0027021670411628723
GEN 12 time 1599721023
0.0023881709723581114
0.0018609717652473704
0.0030269426232689646
0.00280565241672272
0.002930589653931072
0.0027021670411628723
GEN 13 time 1599721049
0.0023881709723581114
0.001844088759504834
0.0030269426232689646
0.00280565241672272
0.002930589653931072
0.0027021670411628723
GEN 14 time 1599721075
0.0023881709723581114
0.001844088759504834
0.0030269426232689646
0.00280565241672272
0.002930589653931072
0.0027021670411628723
GEN 15 time 1599721101
0.0023881709723581114
0.001844088759504834
0.0030269426232689646
0.00280565241672272
0.002930589653931072
0.0027021670411628723
GEN 16 time 1599721126
0.0023881709723581114
0.001844088759504834
0.0030269426232689646
0.00280565241672272
0.002930589653931072
0.0027021670411628723
GEN 17 time 1599721152
0.0023881709723581114
0.001844088759504834
0.0030269426232689646
0.00280565241672272
0.002930589653931072
0.002659651790539933
GEN 18 time 1599721178
0.0023881709723581114
0.001844088759504834
0.0030269426232689646
0.00280565241672272
0.002930589653931072
0.002659651790539933
GEN 19 time 1599721204
0.0023881709723581114
0.001844088759504834
0.0030269426232689646
0.00280565241672272
0.002930589653931072
0.002659651790539933
GEN 20 time 1599721230
0.0023881709723581114
0.001844088759504834
0.0030269426232689646
0.00280565241672272
0.002930589653931072
0.002659651790539933
GEN 21 time 1599721255
0.0023881709723581114
0.001844088759504834
0.0030269426232689646
0.00280565241672272
0.002930589653931072
0.002659651790539933
GEN 22 time 1599721280
0.0023881709723581114
0.001844088759504834
0.0030269426232689646
0.00280565241672272
0.0029082186832587002
0.002659651790539933
GEN 23 time 1599721306
0.0023881709723581114
0.001844088759504834
0.0030269426232689646
0.00280565241672272
0.0029082186832587002
0.002659651790539933
GEN 24 time 1599721331
0.0023881709723581114
0.001844088759504834
0.0030269426232689646
0.00280565241672272
0.0028055349580954443
0.002659651790539933
GEN 25 time 1599721356
0.0023881709723581114
0.001844088759504834
0.0030269426232689646
0.00280565241672272
0.0028055349580954443
0.002659651790539933
GEN 26 time 1599721380
0.0023881709723581114
0.001844088759504834
0.0030269426232689646
0.00280565241672272
0.0028055349580954443
0.002659651790539933
GEN 27 time 1599721406
0.0023881709723581114
0.001844088759504834
0.0030269426232689646
0.00280565241672272
0.002576971884951461
0.002659651790539933
GEN 28 time 1599721432
0.0023881709723581114
0.001844088759504834
0.0030269426232689646
0.00280565241672272
0.002576971884951461
0.002659651790539933
GEN 29 time 1599721457
0.0023881709723581114
0.001844088759504834
0.0030269426232689646
0.00280565241672272
0.002576971884951461
0.002659651790539933
GEN 30 time 1599721482
0.0023881709723581114
0.001844088759504834
0.0030269426232689646
0.00280565241672272
0.0025457078635899564
0.002659651790539933
GEN 31 time 1599721507
0.0023881709723581114
0.001844088759504834
0.0030269426232689646
0.00280565241672272
0.0025457078635899564
0.002659651790539933
GEN 32 time 1599721532
0.0023881709723581114
0.001844088759504834
0.0030269426232689646
0.00280565241672272
0.0025457078635899564
0.002659651790539933
GEN 33 time 1599721558
0.0023881709723581114
0.001844088759504834
0.0030269426232689646
0.00280565241672272
0.0025457078635899564
0.002659651790539933
GEN 34 time 1599721583
0.0023881709723581114
0.001844088759504834
0.0030269426232689646
0.00280565241672272
0.0025457078635899564
0.002659651790539933
GEN 35 time 1599721609
0.0023881709723581114
0.001844088759504834
0.0030269426232689646
0.00280565241672272
0.0025457078635899564
0.002659651790539933
GEN 36 time 1599721634
0.0023881709723581114
0.001844088759504834
0.0030269426232689646
0.00280565241672272
0.0025457078635899564
0.0025219085180521457
GEN 37 time 1599721659
0.0023881709723581114
0.001844088759504834
0.0030269426232689646
0.00280565241672272
0.0025457078635899564
0.0025219085180521457
GEN 38 time 1599721683
0.0023881709723581114
0.001844088759504834
0.0030269426232689646
0.00280565241672272
0.0025457078635899564
0.0025219085180521457
GEN 39 time 1599721708
0.0023881709723581114
0.001844088759504834
0.0030269426232689646
0.00280565241672272
0.0025457078635899564
0.0025219085180521457
GEN 40 time 1599721733
0.0023881709723581114
0.001844088759504834
0.0030269426232689646
0.00280565241672272
0.0025457078635899564
0.0025219085180521457
GEN 41 time 1599721759
0.0023881709723581114
0.001844088759504834
0.0030269426232689646
0.00280565241672272
0.0025457078635899564
0.0025219085180521457
GEN 42 time 1599721784
0.0023881709723581114
0.001844088759504834
0.0030269426232689646
0.00280565241672272
0.0025457078635899564
0.0025219085180521457
GEN 43 time 1599721810
0.0023881709723581114
0.001844088759504834
0.0030269426232689646
0.00280565241672272
0.0025457078635899564
0.0025219085180521457
GEN 44 time 1599721836
0.0023881709723581114
0.001844088759504834
0.0030269426232689646
0.00280565241672272
0.0025457078635899564
0.0025219085180521457
GEN 45 time 1599721861
0.0023881709723581114
0.001844088759504834
0.0030269426232689646
0.00280565241672272
0.0025457078635899564
0.0025219085180521457
GEN 46 time 1599721887
0.0023881709723581114
0.001844088759504834
0.0030269426232689646
0.00280565241672272
0.0025457078635899564
0.0025219085180521457
GEN 47 time 1599721913
0.0023881709723581114
0.001844088759504834
0.0030269426232689646
0.00280565241672272
0.0025457078635899564
0.0025219085180521457
GEN 48 time 1599721939
0.0023881709723581114
0.001844088759504834
0.0030269426232689646
0.00280565241672272
0.0025457078635899564
0.0025219085180521457
GEN 49 time 1599721965
0.0023881709723581114
0.001844088759504834
0.0030269426232689646
0.00280565241672272
0.0025457078635899564
0.0025219085180521457
GEN 50 time 1599721991
0.0023881709723581114
0.001844088759504834
0.0030269426232689646
0.00280565241672272
0.0025457078635899564
0.0025219085180521457
GEN 51 time 1599722018
0.0023881709723581114
0.001844088759504834
0.0030269426232689646
0.00280565241672272
0.0025457078635899564
0.0025219085180521457
GEN 52 time 1599722043
0.0023881709723581114
0.001844088759504834
0.0030269426232689646
0.00280565241672272
0.0025457078635899564
0.0025219085180521457
GEN 53 time 1599722069
0.0023881709723581114
0.001844088759504834
0.0030269426232689646
0.00280565241672272
0.0025457078635899564
0.0025219085180521457
GEN 54 time 1599722095
0.0023881709723581114
0.001844088759504834
0.0030269426232689646
0.00280565241672272
0.0025457078635899564
0.0025219085180521457
GEN 55 time 1599722121
0.0023881709723581114
0.001844088759504834
0.0030269426232689646
0.00280565241672272
0.0025457078635899564
0.0025219085180521457
GEN 56 time 1599722147
0.0023881709723581114
0.001844088759504834
0.0030269426232689646
0.00280565241672272
0.0025457078635899564
0.0025219085180521457
GEN 57 time 1599722173
0.0023881709723581114
0.001844088759504834
0.0030269426232689646
0.00280565241672272
0.0025457078635899564
0.0025219085180521457
GEN 58 time 1599722199
0.0023881709723581114
0.001844088759504834
0.0030269426232689646
0.00280565241672272
0.0025457078635899564
0.0025219085180521457
GEN 59 time 1599722224
0.0023881709723581114
0.001844088759504834
0.0030269426232689646
0.00280565241672272
0.0025457078635899564
0.0025219085180521457
GEN 60 time 1599722250
0.0023881709723581114
0.001844088759504834
0.0030269426232689646
0.00280565241672272
0.0025457078635899564
0.0025219085180521457
GEN 61 time 1599722277
0.0023881709723581114
0.001844088759504834
0.0030269426232689646
0.00280565241672272
0.0025457078635899564
0.0025219085180521457
GEN 62 time 1599722303
0.0023881709723581114
0.001844088759504834
0.0030269426232689646
0.00280565241672272
0.0025457078635899564
0.0025219085180521457
GEN 63 time 1599722329
0.0023881709723581114
0.001844088759504834
0.0030269426232689646
0.00280565241672272
0.0025457078635899564
0.0025219085180521457
GEN 64 time 1599722355
0.0023881709723581114
0.001844088759504834
0.0030269426232689646
0.0027821962411355952
0.0025457078635899564
0.0025219085180521457
GEN 65 time 1599722380
0.0023881709723581114
0.001844088759504834
0.0030269426232689646
0.0027821962411355952
0.0025457078635899564
0.0025219085180521457
GEN 66 time 1599722406
0.0023881709723581114
0.001844088759504834
0.0030269426232689646
0.0027821962411355952
0.0025457078635899564
0.0025219085180521457
GEN 67 time 1599722433
0.0023881709723581114
0.001844088759504834
0.0030269426232689646
0.0027821962411355952
0.0025457078635899564
0.0025219085180521457
GEN 68 time 1599722459
0.0023881709723581114
0.001844088759504834
0.0030269426232689646
0.0027821962411355952
0.0025457078635899564
0.0025219085180521457
GEN 69 time 1599722485
0.0023881709723581114
0.001844088759504834
0.0030269426232689646
0.0027821962411355952
0.0025457078635899564
0.0025219085180521457
GEN 70 time 1599722511
0.0023881709723581114
0.001844088759504834
0.0030269426232689646
0.0027821962411355952
0.0025457078635899564
0.0025219085180521457
GEN 71 time 1599722537
0.0023881709723581114
0.001844088759504834
0.0030269426232689646
0.0027821962411355952
0.0025457078635899564
0.0025219085180521457
GEN 72 time 1599722562
0.0023881709723581114
0.001844088759504834
0.0030269426232689646
0.0027821962411355952
0.0025457078635899564
0.0025219085180521457
GEN 73 time 1599722589
0.0023881709723581114
0.001844088759504834
0.0030269426232689646
0.0027821962411355952
0.0025457078635899564
0.0025219085180521457
GEN 74 time 1599722615
0.0023881709723581114
0.001844088759504834
0.0030269426232689646
0.0027821962411355952
0.0025457078635899564
0.0025219085180521457
GEN 75 time 1599722640
0.0023881709723581114
0.001844088759504834
0.0030269426232689646
0.0027821962411355952
0.0025457078635899564
0.0025219085180521457
GEN 76 time 1599722666
0.0023881709723581114
0.001844088759504834
0.0030269426232689646
0.0027821962411355952
0.0025457078635899564
0.0025219085180521457
GEN 77 time 1599722693
0.0023881709723581114
0.001844088759504834
0.0030269426232689646
0.0027821962411355952
0.0025457078635899564
0.0025219085180521457
GEN 78 time 1599722718
0.0023881709723581114
0.001844088759504834
0.0030269426232689646
0.0027821962411355952
0.0025457078635899564
0.0025219085180521457
GEN 79 time 1599722745
0.0023881709723581114
0.001844088759504834
0.0030269426232689646
0.0027821962411355952
0.0025457078635899564
0.0025219085180521457
GEN 80 time 1599722771
0.0023881709723581114
0.001844088759504834
0.0030269426232689646
0.0027821962411355952
0.0025457078635899564
0.0025219085180521457
GEN 81 time 1599722798
0.0023881709723581114
0.001844088759504834
0.0030269426232689646
0.0027821962411355952
0.0025457078635899564
0.0025219085180521457
GEN 82 time 1599722823
0.0023881709723581114
0.001844088759504834
0.0030269426232689646
0.0027821962411355952
0.0025457078635899564
0.0025219085180521457
GEN 83 time 1599722849
0.0023881709723581114
0.001844088759504834
0.0030269426232689646
0.0027821962411355952
0.0025457078635899564
0.0025219085180521457
GEN 84 time 1599722875
0.0023881709723581114
0.001844088759504834
0.0030269426232689646
0.0027821962411355952
0.0025457078635899564
0.0025219085180521457
GEN 85 time 1599722900
0.0023881709723581114
0.001844088759504834
0.0030269426232689646
0.0027821962411355952
0.0025457078635899564
0.0025219085180521457
GEN 86 time 1599722926
0.0023881709723581114
0.001844088759504834
0.0030269426232689646
0.0027821962411355952
0.0025457078635899564
0.0024827454774600704
GEN 87 time 1599722951
0.0023881709723581114
0.001844088759504834
0.0030269426232689646
0.0027821962411355952
0.0025457078635899564
0.0024827454774600704
GEN 88 time 1599722976
0.0023881709723581114
0.001844088759504834
0.0030269426232689646
0.0027821962411355952
0.0025457078635899564
0.0024827454774600704
GEN 89 time 1599723002
0.0023881709723581114
0.001844088759504834
0.0030269426232689646
0.0027821962411355952
0.0025457078635899564
0.002439608332871598
GEN 90 time 1599723028
0.0023881709723581114
0.001844088759504834
0.0030269426232689646
0.0027821962411355952
0.0025457078635899564
0.002439608332871598
GEN 91 time 1599723053
0.0023881709723581114
0.001844088759504834
0.0030269426232689646
0.0027821962411355952
0.0025457078635899564
0.002439608332871598
GEN 92 time 1599723078
0.0023881709723581114
0.001844088759504834
0.0030269426232689646
0.0027821962411355952
0.0025457078635899564
0.002439608332871598
GEN 93 time 1599723104
0.0023881709723581114
0.001844088759504834
0.0030269426232689646
0.0027821962411355952
0.0025457078635899564
0.002439608332871598
GEN 94 time 1599723130
0.0023881709723581114
0.001844088759504834
0.0030269426232689646
0.0027821962411355952
0.0025457078635899564
0.002439608332871598
GEN 95 time 1599723155
0.0023881709723581114
0.001844088759504834
0.0030269426232689646
0.0027821962411355952
0.0025457078635899564
0.002439608332871598
GEN 96 time 1599723182
0.0023881709723581114
0.001844088759504834
0.0030269426232689646
0.0027821962411355952
0.0025457078635899564
0.002439608332871598
GEN 97 time 1599723207
0.0023881709723581114
0.001844088759504834
0.0030269426232689646
0.0027821962411355952
0.0025457078635899564
0.002439608332871598
GEN 98 time 1599723233
0.0023881709723581114
0.001844088759504834
0.0030269426232689646
0.0027821962411355952
0.0025457078635899564
0.002439608332871598
GEN 99 time 1599723259
0.0023881709723581114
0.001844088759504834
0.0030269426232689646
0.0027821962411355952
0.0025457078635899564
0.002439608332871598
GEN 100 time 1599723284
0.0023881709723581114
0.001844088759504834
0.0030269426232689646
0.0027821962411355952
0.0025457078635899564
0.002439608332871598
GEN 101 time 1599723310
0.0023881709723581114
0.001844088759504834
0.0030269426232689646
0.0027821962411355952
0.0025457078635899564
0.002439608332871598
GEN 102 time 1599723336
0.0023881709723581114
0.001844088759504834
0.0030269426232689646
0.0025625354260982985
0.0025457078635899564
0.002439608332871598
GEN 103 time 1599723362
0.0023881709723581114
0.001844088759504834
0.0030269426232689646
0.0025625354260982985
0.0025457078635899564
0.002439608332871598
GEN 104 time 1599723388
0.0023881709723581114
0.001844088759504834
0.0030269426232689646
0.0025625354260982985
0.0025457078635899564
0.002439608332871598
GEN 105 time 1599723414
0.0023881709723581114
0.001844088759504834
0.0030269426232689646
0.0025625354260982985
0.0025457078635899564
0.002439608332871598
GEN 106 time 1599723440
0.0023881709723581114
0.001844088759504834
0.0030269426232689646
0.0025625354260982985
0.0025457078635899564
0.002439608332871598
GEN 107 time 1599723465
0.0023881709723581114
0.001844088759504834
0.0030269426232689646
0.0025625354260982985
0.0025457078635899564
0.002439608332871598
GEN 108 time 1599723491
0.0023881709723581114
0.001844088759504834
0.0030269426232689646
0.0025625354260982985
0.0025457078635899564
0.0023992168991907193
GEN 109 time 1599723517
0.0023881709723581114
0.001844088759504834
0.0030269426232689646
0.0025625354260982985
0.0025457078635899564
0.0023992168991907193
GEN 110 time 1599723543
0.0023881709723581114
0.001844088759504834
0.0030269426232689646
0.0025625354260982985
0.0025457078635899564
0.0023992168991907193
GEN 111 time 1599723570
0.0023881709723581114
0.001844088759504834
0.0030269426232689646
0.0025625354260982985
0.0025457078635899564
0.0023992168991907193
GEN 112 time 1599723595
0.0023881709723581114
0.001844088759504834
0.0030269426232689646
0.0025625354260982985
0.0025457078635899564
0.0023992168991907193
GEN 113 time 1599723621
0.0023881709723581114
0.001844088759504834
0.0030269426232689646
0.0025625354260982985
0.0025457078635899564
0.0023992168991907193
GEN 114 time 1599723647
0.0023881709723581114
0.001844088759504834
0.0030269426232689646
0.0025625354260982985
0.0025457078635899564
0.0023992168991907193
GEN 115 time 1599723673
0.0023881709723581114
0.001844088759504834
0.0030269426232689646
0.0025625354260982985
0.0025457078635899564
0.0023992168991907193
GEN 116 time 1599723699
0.0023881709723581114
0.001844088759504834
0.0030269426232689646
0.0025625354260982985
0.0025457078635899564
0.0023992168991907193
GEN 117 time 1599723724
0.0023881709723581114
0.001844088759504834
0.0030269426232689646
0.0025625354260982985
0.0025457078635899564
0.0023992168991907193
GEN 118 time 1599723749
0.0023881709723581114
0.001844088759504834
0.0030269426232689646
0.0025625354260982985
0.0025457078635899564
0.0023992168991907193
GEN 119 time 1599723774
0.0023881709723581114
0.001844088759504834
0.0030269426232689646
0.0025625354260982985
0.0025457078635899564
0.0023992168991907193
GEN 120 time 1599723800
0.0023881709723581114
0.001844088759504834
0.0030269426232689646
0.0025625354260982985
0.0025457078635899564
0.0023992168991907193
GEN 121 time 1599723826
0.0023881709723581114
0.001844088759504834
0.0030269426232689646
0.0025625354260982985
0.0025457078635899564
0.0023992168991907193
GEN 122 time 1599723852
0.0023881709723581114
0.001844088759504834
0.0030269426232689646
0.0025625354260982985
0.0025457078635899564
0.0023992168991907193
GEN 123 time 1599723878
0.0023881709723581114
0.001844088759504834
0.0030269426232689646
0.0025625354260982985
0.0025457078635899564
0.0023992168991907193
GEN 124 time 1599723904
0.0023881709723581114
0.001844088759504834
0.0030269426232689646
0.0025625354260982985
0.0025457078635899564
0.0023992168991907193
GEN 125 time 1599723930
0.0023881709723581114
0.001844088759504834
0.0030269426232689646
0.0025625354260982985
0.0025457078635899564
0.0023992168991907193
GEN 126 time 1599723955
0.0023881709723581114
0.001844088759504834
0.0030269426232689646
0.0025625354260982985
0.0025457078635899564
0.0023992168991907193
GEN 127 time 1599723981
0.0023881709723581114
0.001844088759504834
0.0030269426232689646
0.0025625354260982985
0.0025457078635899564
0.0023992168991907193
GEN 128 time 1599724008
0.0023881709723581114
0.001844088759504834
0.0030269426232689646
0.0025625354260982985
0.0025457078635899564
0.0023992168991907193
GEN 129 time 1599724033
0.0023881709723581114
0.001844088759504834
0.0030269426232689646
0.0025625354260982985
0.0025457078635899564
0.0023992168991907193
GEN 130 time 1599724059
0.0023881709723581114
0.001844088759504834
0.0030269426232689646
0.0025625354260982985
0.0025457078635899564
0.0023992168991907193
GEN 131 time 1599724085
0.0023881709723581114
0.001844088759504834
0.0030269426232689646
0.0025625354260982985
0.0025457078635899564
0.0023992168991907193
GEN 132 time 1599724110
0.0023881709723581114
0.001844088759504834
0.0030269426232689646
0.0025625354260982985
0.0025457078635899564
0.0023992168991907193
GEN 133 time 1599724137
0.0023881709723581114
0.001844088759504834
0.0030269426232689646
0.0025625354260982985
0.0025457078635899564
0.0023992168991907193
GEN 134 time 1599724162
0.0023881709723581114
0.001844088759504834
0.0030269426232689646
0.0025625354260982985
0.0025457078635899564
0.0023992168991907193
GEN 135 time 1599724188
0.0023881709723581114
0.001844088759504834
0.0030269426232689646
0.0025625354260982985
0.0025457078635899564
0.0023992168991907193
GEN 136 time 1599724214
0.0023881709723581114
0.001844088759504834
0.0030269426232689646
0.0025625354260982985
0.0025457078635899564
0.0023992168991907193
GEN 137 time 1599724240
0.0023881709723581114
0.001844088759504834
0.0030269426232689646
0.0025625354260982985
0.0025457078635899564
0.0023992168991907193
GEN 138 time 1599724266
0.0023881709723581114
0.001844088759504834
0.0030269426232689646
0.0025625354260982985
0.0025457078635899564
0.0023992168991907193
GEN 139 time 1599724291
0.0023881709723581114
0.001844088759504834
0.0030269426232689646
0.0025625354260982985
0.0025457078635899564
0.0023992168991907193
GEN 140 time 1599724317
0.0023881709723581114
0.001844088759504834
0.0030269426232689646
0.0025625354260982985
0.0025457078635899564
0.0023992168991907193
GEN 141 time 1599724342
0.0023881709723581114
0.001844088759504834
0.0030269426232689646
0.0025625354260982985
0.0025457078635899564
0.0023992168991907193
GEN 142 time 1599724367
0.0023881709723581114
0.001844088759504834
0.0030269426232689646
0.002557664995635205
0.0025457078635899564
0.0023992168991907193
GEN 143 time 1599724393
0.0023881709723581114
0.001844088759504834
0.0030269426232689646
0.002557664995635205
0.0025457078635899564
0.0023992168991907193
GEN 144 time 1599724420
0.0023881709723581114
0.001844088759504834
0.0030269426232689646
0.002557664995635205
0.0025457078635899564
0.0023992168991907193
GEN 145 time 1599724446
0.0023881709723581114
0.001844088759504834
0.0030269426232689646
0.002557664995635205
0.0025457078635899564
0.0023992168991907193
GEN 146 time 1599724472
0.0023881709723581114
0.001844088759504834
0.0030269426232689646
0.002557664995635205
0.0025457078635899564
0.0023992168991907193
GEN 147 time 1599724498
0.0023881709723581114
0.001844088759504834
0.0030269426232689646
0.002557664995635205
0.0025457078635899564
0.0023992168991907193
GEN 148 time 1599724524
0.0023881709723581114
0.001844088759504834
0.0030269426232689646
0.002557664995635205
0.0025457078635899564
0.0023992168991907193
GEN 149 time 1599724549
0.0023881709723581114
0.001844088759504834
0.0030269426232689646
0.002557664995635205
0.0025457078635899564
0.0023992168991907193
GEN 150 time 1599724576
0.0023881709723581114
0.001844088759504834
0.0030269426232689646
0.002557664995635205
0.0025457078635899564
0.0023992168991907193
GEN 151 time 1599724601
0.0023881709723581114
0.001844088759504834
0.0030269426232689646
0.002557664995635205
0.0025457078635899564
0.0023992168991907193
GEN 152 time 1599724628
0.0023881709723581114
0.001844088759504834
0.0030269426232689646
0.002557664995635205
0.0025457078635899564
0.0023992168991907193
GEN 153 time 1599724653
0.0023881709723581114
0.001844088759504834
0.0030269426232689646
0.002557664995635205
0.0025457078635899564
0.0023992168991907193
GEN 154 time 1599724679
0.0023881709723581114
0.001844088759504834
0.0030269426232689646
0.002557664995635205
0.0025457078635899564
0.0023992168991907193
GEN 155 time 1599724705
0.0023881709723581114
0.001844088759504834
0.0030269426232689646
0.002557664995635205
0.0025457078635899564
0.0023992168991907193
GEN 156 time 1599724731
0.0023881709723581114
0.001844088759504834
0.0030269426232689646
0.002557664995635205
0.0025457078635899564
0.0023992168991907193
GEN 157 time 1599724757
0.0023881709723581114
0.001844088759504834
0.0030269426232689646
0.002557664995635205
0.0025457078635899564
0.0023992168991907193
GEN 158 time 1599724783
0.0023881709723581114
0.001844088759504834
0.0030269426232689646
0.002557664995635205
0.0025457078635899564
0.0023992168991907193
GEN 159 time 1599724808
0.0023881709723581114
0.001844088759504834
0.0030269426232689646
0.002557664995635205
0.0025457078635899564
0.0023992168991907193
GEN 160 time 1599724833
0.0023881709723581114
0.001844088759504834
0.0030269426232689646
0.002557664995635205
0.0025457078635899564
0.0023992168991907193
GEN 161 time 1599724860
0.0023881709723581114
0.001844088759504834
0.0030269426232689646
0.002557664995635205
0.0025457078635899564
0.0023992168991907193
GEN 162 time 1599724885
0.0023881709723581114
0.001844088759504834
0.0030269426232689646
0.002557664995635205
0.0025457078635899564
0.0023992168991907193
GEN 163 time 1599724910
0.0023881709723581114
0.001844088759504834
0.0030269426232689646
0.002557664995635205
0.0025457078635899564
0.0023992168991907193
GEN 164 time 1599724934
0.0023881709723581114
0.001844088759504834
0.0030269426232689646
0.002557664995635205
0.0025457078635899564
0.0023992168991907193
GEN 165 time 1599724959
0.0023881709723581114
0.001844088759504834
0.0030269426232689646
0.002557664995635205
0.0025457078635899564
0.0023992168991907193
GEN 166 time 1599724984
0.0023881709723581114
0.001844088759504834
0.0030269426232689646
0.002557664995635205
0.0025457078635899564
0.0023992168991907193
GEN 167 time 1599725010
0.0023881709723581114
0.001844088759504834
0.0030269426232689646
0.002557664995635205
0.0025457078635899564
0.0023992168991907193
GEN 168 time 1599725034
0.0023881709723581114
0.001844088759504834
0.0030269426232689646
0.002557664995635205
0.0025457078635899564
0.0023992168991907193
GEN 169 time 1599725058
0.0023881709723581114
0.001844088759504834
0.0030269426232689646
0.002557664995635205
0.0025457078635899564
0.0023992168991907193
GEN 170 time 1599725081
0.0023881709723581114
0.001844088759504834
0.0030269426232689646
0.002557664995635205
0.0025457078635899564
0.0023992168991907193
GEN 171 time 1599725105
0.0023881709723581114
0.001844088759504834
0.0030269426232689646
0.002557664995635205
0.0025457078635899564
0.0023992168991907193
GEN 172 time 1599725130
0.0023881709723581114
0.001844088759504834
0.0030269426232689646
0.002557664995635205
0.0025457078635899564
0.0023992168991907193
GEN 173 time 1599725155
0.0023881709723581114
0.001844088759504834
0.0030269426232689646
0.002557664995635205
0.0025457078635899564
0.0023992168991907193
GEN 174 time 1599725180
0.0023881709723581114
0.001844088759504834
0.0030269426232689646
0.002557664995635205
0.0025457078635899564
0.0023992168991907193
GEN 175 time 1599725205
0.0023881709723581114
0.001844088759504834
0.0030269426232689646
0.002557664995635205
0.0025457078635899564
0.0023992168991907193
GEN 176 time 1599725230
0.0023881709723581114
0.001844088759504834
0.0030269426232689646
0.002557664995635205
0.0025457078635899564
0.0023992168991907193
GEN 177 time 1599725254
0.0023881709723581114
0.001844088759504834
0.0030269426232689646
0.002557664995635205
0.0025457078635899564
0.0023992168991907193
GEN 178 time 1599725280
0.0023881709723581114
0.001844088759504834
0.0030269426232689646
0.002557664995635205
0.0025457078635899564
0.0023992168991907193
GEN 179 time 1599725304
0.0023881709723581114
0.001844088759504834
0.0030269426232689646
0.002557664995635205
0.0025457078635899564
0.0023992168991907193
GEN 180 time 1599725330
0.0023881709723581114
0.001844088759504834
0.0030269426232689646
0.002557664995635205
0.0025457078635899564
0.0023992168991907193
GEN 181 time 1599725356
0.0023881709723581114
0.001844088759504834
0.0030269426232689646
0.002557664995635205
0.0025457078635899564
0.0023992168991907193
GEN 182 time 1599725380
0.0023881709723581114
0.001844088759504834
0.0030269426232689646
0.002557664995635205
0.0025457078635899564
0.0023992168991907193
GEN 183 time 1599725405
0.0023881709723581114
0.001844088759504834
0.0030269426232689646
0.002557664995635205
0.0025457078635899564
0.0023992168991907193
GEN 184 time 1599725429
0.0023881709723581114
0.001844088759504834
0.0030269426232689646
0.002557664995635205
0.0025457078635899564
0.0023992168991907193
GEN 185 time 1599725453
0.0023881709723581114
0.001844088759504834
0.0030269426232689646
0.002557664995635205
0.0025457078635899564
0.0023992168991907193
GEN 186 time 1599725479
0.0023881709723581114
0.001844088759504834
0.0030269426232689646
0.002557664995635205
0.0025457078635899564
0.0023992168991907193
GEN 187 time 1599725504
0.0023881709723581114
0.001844088759504834
0.0030269426232689646
0.002557664995635205
0.0025457078635899564
0.0023992168991907193
GEN 188 time 1599725529
0.0023881709723581114
0.001844088759504834
0.0030269426232689646
0.0024587980188014668
0.0025457078635899564
0.0023992168991907193
GEN 189 time 1599725554
0.0023881709723581114
0.001844088759504834
0.0030269426232689646
0.0024587980188014668
0.0025457078635899564
0.0023992168991907193
GEN 190 time 1599725579
0.0023881709723581114
0.001844088759504834
0.0030269426232689646
0.002445841611898047
0.0025457078635899564
0.0023992168991907193
GEN 191 time 1599725604
0.0023881709723581114
0.001844088759504834
0.0030269426232689646
0.002445841611898047
0.0025457078635899564
0.0023992168991907193
GEN 192 time 1599725628
0.0023881709723581114
0.001844088759504834
0.0030269426232689646
0.002445841611898047
0.0025457078635899564
0.0023992168991907193
GEN 193 time 1599725653
0.0023881709723581114
0.001844088759504834
0.0030269426232689646
0.002445841611898047
0.0025457078635899564
0.0023992168991907193
GEN 194 time 1599725678
0.0023881709723581114
0.001844088759504834
0.0030269426232689646
0.002445841611898047
0.0025457078635899564
0.0023992168991907193
GEN 195 time 1599725700
0.0023881709723581114
0.001844088759504834
0.0030269426232689646
0.002445841611898047
0.0025457078635899564
0.0023992168991907193
GEN 196 time 1599725725
0.0023881709723581114
0.001844088759504834
0.0030269426232689646
0.002445841611898047
0.0025457078635899564
0.0023992168991907193
GEN 197 time 1599725750
0.0023881709723581114
0.001844088759504834
0.0030269426232689646
0.002445841611898047
0.0025457078635899564
0.0023992168991907193
GEN 198 time 1599725774
0.0023881709723581114
0.001844088759504834
0.0030269426232689646
0.002445841611898047
0.0025457078635899564
0.0023992168991907193
GEN 199 time 1599725800
0.0023881709723581114
0.001844088759504834
0.0030269426232689646
0.002445841611898047
0.0025457078635899564
0.0023992168991907193
