['./data/small/layer/uu-dem1_r50_1.json', './data/small/layer/uu-dem9_r50_1.json', './data/small/layer/uu-dem4_r50_1.json', './data/small/hop/uu-dem9_r50_1_0.json', './data/small/hop/uu-dem1_r50_1_0.json', './data/small/hop/uu-dem8_r50_1_0.json']
GEN 0 time 1599711420
0.00206099176524737
0.0021176828887570515
0.0024333166829997232
0.0030817983637997474
0.003208206456608157
0.00360573241672272
GEN 1 time 1599711443
0.00206099176524737
0.0021176828887570515
0.0024333166829997232
0.0029801289584797754
0.003208206456608157
0.003476037023880457
GEN 2 time 1599711467
0.00206099176524737
0.0021176828887570515
0.0024230574250886407
0.0027562635993190884
0.003208206456608157
0.003476037023880457
GEN 3 time 1599711491
0.00206099176524737
0.0021176828887570515
0.0024230574250886407
0.0027562635993190884
0.003208206456608157
0.003476037023880457
GEN 4 time 1599711514
0.00206099176524737
0.002057787513445875
0.0024230574250886407
0.002586585711158318
0.003208206456608157
0.003476037023880457
GEN 5 time 1599711538
0.00206099176524737
0.002057787513445875
0.0024230574250886407
0.002586585711158318
0.003208206456608157
0.003162595426098299
GEN 6 time 1599711562
0.00206099176524737
0.002057787513445875
0.0023881709723581114
0.002586585711158318
0.002967420748338074
0.003162595426098299
GEN 7 time 1599711585
0.002049364545614419
0.002057787513445875
0.0023881709723581114
0.002586585711158318
0.002967420748338074
0.003162595426098299
GEN 8 time 1599711609
0.002049364545614419
0.002057787513445875
0.0023881709723581114
0.002425964474671177
0.002967420748338074
0.003162595426098299
GEN 9 time 1599711633
0.002049364545614419
0.0018879907519804508
0.0023881709723581114
0.002425964474671177
0.0029093185264268454
0.002864235899703319
GEN 10 time 1599711657
0.0018565654520814449
0.0018879907519804508
0.0023881709723581114
0.002425964474671177
0.0029093185264268454
0.002864235899703319
GEN 11 time 1599711682
0.0018565654520814449
0.0018879907519804508
0.0023881709723581114
0.002425964474671177
0.0029093185264268454
0.002864235899703319
GEN 12 time 1599711706
0.0018565654520814449
0.0018879907519804508
0.0023881709723581114
0.002425964474671177
0.0029093185264268454
0.002864235899703319
GEN 13 time 1599711730
0.0018565654520814449
0.0018879907519804508
0.0023881709723581114
0.002425964474671177
0.0029093185264268454
0.002864235899703319
GEN 14 time 1599711754
0.0018565654520814449
0.0018879907519804508
0.0023881709723581114
0.0023800689584797755
0.0029093185264268454
0.002864235899703319
GEN 15 time 1599711779
0.0018565654520814449
0.0018879907519804508
0.0023881709723581114
0.0023800689584797755
0.0029093185264268454
0.002864235899703319
GEN 16 time 1599711802
0.0018565654520814449
0.0018879907519804508
0.0023881709723581114
0.0023800689584797755
0.0029093185264268454
0.002864235899703319
GEN 17 time 1599711826
0.0018565654520814449
0.0018879907519804508
0.0023881709723581114
0.0023800689584797755
0.0029093185264268454
0.002864235899703319
GEN 18 time 1599711851
0.0018565654520814449
0.0018879907519804508
0.0023881709723581114
0.0023081652003598815
0.0026745100038619808
0.002864235899703319
GEN 19 time 1599711875
0.0018565654520814449
0.0018879907519804508
0.0023881709723581114
0.0023081652003598815
0.0026745100038619808
0.002864235899703319
GEN 20 time 1599711899
0.0018565654520814449
0.0018879907519804508
0.0023881709723581114
0.0023081652003598815
0.0026745100038619808
0.002864235899703319
GEN 21 time 1599711922
0.0018565654520814449
0.0018879907519804508
0.0023881709723581114
0.0023081652003598815
0.0026745100038619808
0.002864235899703319
GEN 22 time 1599711946
0.0018565654520814449
0.0018879907519804508
0.0023881709723581114
0.0023081652003598815
0.0026745100038619808
0.002864235899703319
GEN 23 time 1599711970
0.0018565654520814449
0.0018879907519804508
0.0023881709723581114
0.0023081652003598815
0.0026745100038619808
0.002864235899703319
GEN 24 time 1599711995
0.0018565654520814449
0.0018879907519804508
0.0023881709723581114
0.0023081652003598815
0.0026745100038619808
0.002864235899703319
GEN 25 time 1599712017
0.0018565654520814449
0.0018879907519804508
0.0023881709723581114
0.0023081652003598815
0.0026745100038619808
0.00280565241672272
GEN 26 time 1599712042
0.0018565654520814449
0.0018879907519804508
0.0023881709723581114
0.0022817183637997467
0.0026745100038619808
0.00280565241672272
GEN 27 time 1599712066
0.0018565654520814449
0.0018792959315195711
0.0023881709723581114
0.0022817183637997467
0.0026745100038619808
0.00280565241672272
GEN 28 time 1599712091
0.0018565654520814449
0.0018792959315195711
0.0023881709723581114
0.0022817183637997467
0.0026745100038619808
0.00280565241672272
GEN 29 time 1599712116
0.0018565654520814449
0.0018792959315195711
0.0023881709723581114
0.0022817183637997467
0.0026745100038619808
0.00280565241672272
GEN 30 time 1599712139
0.0018565654520814449
0.0018792959315195711
0.0023881709723581114
0.0022817183637997467
0.0026745100038619808
0.00280565241672272
GEN 31 time 1599712163
0.0018565654520814449
0.0018792959315195711
0.0023881709723581114
0.002018476238715349
0.0026745100038619808
0.00280565241672272
GEN 32 time 1599712188
0.0018565654520814449
0.0018792959315195711
0.0023881709723581114
0.002018476238715349
0.0026745100038619808
0.00280565241672272
GEN 33 time 1599712212
0.0018565654520814449
0.0018792959315195711
0.0023881709723581114
0.002018476238715349
0.0026745100038619808
0.00280565241672272
GEN 34 time 1599712236
0.0018565654520814449
0.0018792959315195711
0.0023881709723581114
0.002018476238715349
0.0026745100038619808
0.00280565241672272
GEN 35 time 1599712260
0.0018565654520814449
0.0018792959315195711
0.0023881709723581114
0.002018476238715349
0.0026677271349850045
0.00280565241672272
GEN 36 time 1599712285
0.0018565654520814449
0.0018792959315195711
0.0023881709723581114
0.002018476238715349
0.0026677271349850045
0.00280565241672272
GEN 37 time 1599712309
0.0018565654520814449
0.0018792959315195711
0.0023881709723581114
0.002018476238715349
0.0026677271349850045
0.00280565241672272
GEN 38 time 1599712334
0.0018565654520814449
0.0018792959315195711
0.0023881709723581114
0.002018476238715349
0.0026677271349850045
0.00280565241672272
GEN 39 time 1599712359
0.0018565654520814449
0.0018792959315195711
0.0023881709723581114
0.002018476238715349
0.0026677271349850045
0.00280565241672272
GEN 40 time 1599712382
0.0018565654520814449
0.0018792959315195711
0.0023881709723581114
0.002018476238715349
0.0026677271349850045
0.00280565241672272
GEN 41 time 1599712406
0.0018565654520814449
0.0018792959315195711
0.0023881709723581114
0.002018476238715349
0.0026677271349850045
0.00280565241672272
GEN 42 time 1599712431
0.0018565654520814449
0.0018792959315195711
0.0023881709723581114
0.002018476238715349
0.0026677271349850045
0.00280565241672272
GEN 43 time 1599712454
0.0018565654520814449
0.0018792959315195711
0.0023881709723581114
0.002018476238715349
0.0026677271349850045
0.00280565241672272
GEN 44 time 1599712479
0.0018565654520814449
0.0018792959315195711
0.0023881709723581114
0.002018476238715349
0.0026677271349850045
0.00280565241672272
GEN 45 time 1599712503
0.0018565654520814449
0.0018792959315195711
0.0023881709723581114
0.002018476238715349
0.0026677271349850045
0.00280565241672272
GEN 46 time 1599712527
0.0018565654520814449
0.0018792959315195711
0.0023881709723581114
0.002018476238715349
0.0026677271349850045
0.00280565241672272
GEN 47 time 1599712552
0.0018565654520814449
0.0018792959315195711
0.0023881709723581114
0.002018476238715349
0.0026677271349850045
0.00280565241672272
GEN 48 time 1599712576
0.0018565654520814449
0.0018792959315195711
0.0023881709723581114
0.002018476238715349
0.0026677271349850045
0.00280565241672272
GEN 49 time 1599712600
0.0018565654520814449
0.0018792959315195711
0.0023881709723581114
0.002018476238715349
0.0026664858771425328
0.00280565241672272
GEN 50 time 1599712625
0.0018565654520814449
0.0018792959315195711
0.0023881709723581114
0.002018476238715349
0.0026664858771425328
0.00280565241672272
GEN 51 time 1599712649
0.0018565654520814449
0.0018792959315195711
0.0023881709723581114
0.002018476238715349
0.0026664858771425328
0.00280565241672272
GEN 52 time 1599712674
0.0018565654520814449
0.0018792959315195711
0.0023881709723581114
0.002018476238715349
0.0026664858771425328
0.00280565241672272
GEN 53 time 1599712698
0.0018565654520814449
0.0018792959315195711
0.0023881709723581114
0.002018476238715349
0.0026664858771425328
0.00280565241672272
GEN 54 time 1599712722
0.0018565654520814449
0.0018792959315195711
0.0023881709723581114
0.002018476238715349
0.0026664858771425328
0.00280565241672272
GEN 55 time 1599712747
0.0018565654520814449
0.0018792959315195711
0.0023881709723581114
0.002018476238715349
0.0026165828333774223
0.00280565241672272
GEN 56 time 1599712771
0.0018565654520814449
0.0018792959315195711
0.0023881709723581114
0.002018476238715349
0.0026165828333774223
0.00280565241672272
GEN 57 time 1599712795
0.0018565654520814449
0.0018792959315195711
0.0023881709723581114
0.002018476238715349
0.0026165828333774223
0.00280565241672272
GEN 58 time 1599712819
0.0018565654520814449
0.0017514928819395612
0.0023881709723581114
0.002018476238715349
0.0026165828333774223
0.00280565241672272
GEN 59 time 1599712844
0.0018565654520814449
0.0017514928819395612
0.0023881709723581114
0.002018476238715349
0.0026165828333774223
0.00280565241672272
GEN 60 time 1599712868
0.0018565654520814449
0.0017514928819395612
0.0023881709723581114
0.002018476238715349
0.0026165828333774223
0.00280565241672272
GEN 61 time 1599712892
0.0018565654520814449
0.0017514928819395612
0.0023881709723581114
0.002018476238715349
0.0026165828333774223
0.00280565241672272
GEN 62 time 1599712915
0.0018565654520814449
0.0017514928819395612
0.0023881709723581114
0.002018476238715349
0.0026165828333774223
0.00280565241672272
GEN 63 time 1599712940
0.0018565654520814449
0.0017514928819395612
0.0023881709723581114
0.002018476238715349
0.0026165828333774223
0.00280565241672272
GEN 64 time 1599712964
0.0018565654520814449
0.0017514928819395612
0.0023881709723581114
0.002018476238715349
0.0026165828333774223
0.00280565241672272
GEN 65 time 1599712988
0.0018565654520814449
0.0017514928819395612
0.0023881709723581114
0.002018476238715349
0.0026165828333774223
0.00280565241672272
GEN 66 time 1599713012
0.0018565654520814449
0.0017514928819395612
0.0023881709723581114
0.002018476238715349
0.0026165828333774223
0.002762555426098298
GEN 67 time 1599713036
0.0018565654520814449
0.0017514928819395612
0.0023881709723581114
0.002018476238715349
0.0026165828333774223
0.002762555426098298
GEN 68 time 1599713060
0.0018565654520814449
0.0017514928819395612
0.0023881709723581114
0.002018476238715349
0.0026165828333774223
0.002762555426098298
GEN 69 time 1599713083
0.0018565654520814449
0.0017514928819395612
0.0023881709723581114
0.002018476238715349
0.0026165828333774223
0.002762555426098298
GEN 70 time 1599713106
0.0018565654520814449
0.0017514928819395612
0.0023881709723581114
0.002018476238715349
0.0026165828333774223
0.002762555426098298
GEN 71 time 1599713131
0.0018565654520814449
0.0017514928819395612
0.0023881709723581114
0.002018476238715349
0.0026165828333774223
0.002762555426098298
GEN 72 time 1599713154
0.0018565654520814449
0.0017514928819395612
0.0023881709723581114
0.002018476238715349
0.0026165828333774223
0.002762555426098298
GEN 73 time 1599713178
0.0018565654520814449
0.0017514928819395612
0.0023881709723581114
0.002018476238715349
0.0026165828333774223
0.002762555426098298
GEN 74 time 1599713202
0.0018565654520814449
0.0017514928819395612
0.0023881709723581114
0.002018476238715349
0.0026165828333774223
0.002762555426098298
GEN 75 time 1599713226
0.0018565654520814449
0.0017514928819395612
0.0023881709723581114
0.002018476238715349
0.0026165828333774223
0.002762555426098298
GEN 76 time 1599713250
0.0018565654520814449
0.0017514928819395612
0.0023881709723581114
0.002018476238715349
0.0026165828333774223
0.002762555426098298
GEN 77 time 1599713274
0.0018565654520814449
0.0017514928819395612
0.0023881709723581114
0.002018476238715349
0.0026165828333774223
0.002762555426098298
GEN 78 time 1599713298
0.0018565654520814449
0.0017514928819395612
0.0023881709723581114
0.002018476238715349
0.0026165828333774223
0.002762555426098298
GEN 79 time 1599713322
0.0018565654520814449
0.0017514928819395612
0.0023881709723581114
0.002018476238715349
0.0026165828333774223
0.002762555426098298
GEN 80 time 1599713345
0.0018565654520814449
0.0017514928819395612
0.0023881709723581114
0.002018476238715349
0.0026165828333774223
0.002762555426098298
GEN 81 time 1599713369
0.0018565654520814449
0.0017514928819395612
0.0023881709723581114
0.002018476238715349
0.0026165828333774223
0.002762555426098298
GEN 82 time 1599713393
0.0018565654520814449
0.0017514928819395612
0.0023881709723581114
0.002018476238715349
0.0026165828333774223
0.002762555426098298
GEN 83 time 1599713416
0.0018565654520814449
0.0017514928819395612
0.0023881709723581114
0.002018476238715349
0.0026165828333774223
0.002762555426098298
GEN 84 time 1599713441
0.0018565654520814449
0.0017514928819395612
0.0023881709723581114
0.002018476238715349
0.0026165828333774223
0.002762555426098298
GEN 85 time 1599713465
0.0018565654520814449
0.0017514928819395612
0.0023881709723581114
0.002018476238715349
0.0026165828333774223
0.002762555426098298
GEN 86 time 1599713488
0.001844088759504834
0.0017514928819395612
0.0023881709723581114
0.002018476238715349
0.0026165828333774223
0.002762555426098298
GEN 87 time 1599713512
0.001844088759504834
0.0017514928819395612
0.0023881709723581114
0.002018476238715349
0.0026165828333774223
0.002762555426098298
GEN 88 time 1599713536
0.001844088759504834
0.0017514928819395612
0.0023881709723581114
0.002018476238715349
0.0026165828333774223
0.002762555426098298
GEN 89 time 1599713559
0.001844088759504834
0.0017514928819395612
0.0023881709723581114
0.002018476238715349
0.0026165828333774223
0.002762555426098298
GEN 90 time 1599713583
0.001844088759504834
0.0017514928819395612
0.0023881709723581114
0.002018476238715349
0.0026165828333774223
0.002762555426098298
GEN 91 time 1599713607
0.001844088759504834
0.0017514928819395612
0.0023881709723581114
0.002018476238715349
0.0026165828333774223
0.002762555426098298
GEN 92 time 1599713632
0.001844088759504834
0.0017514928819395612
0.0023881709723581114
0.002018476238715349
0.0026165828333774223
0.002762555426098298
GEN 93 time 1599713656
0.001844088759504834
0.0017514928819395612
0.0023881709723581114
0.002018476238715349
0.0026165828333774223
0.002762555426098298
GEN 94 time 1599713679
0.001844088759504834
0.0017514928819395612
0.0023881709723581114
0.002018476238715349
0.0026165828333774223
0.002762555426098298
GEN 95 time 1599713702
0.001844088759504834
0.0017514928819395612
0.0023881709723581114
0.002018476238715349
0.0026165828333774223
0.002762555426098298
GEN 96 time 1599713726
0.001844088759504834
0.0017514928819395612
0.0023881709723581114
0.002018476238715349
0.0026165828333774223
0.002762555426098298
GEN 97 time 1599713749
0.001844088759504834
0.0017514928819395612
0.0023881709723581114
0.002018476238715349
0.0026165828333774223
0.002762555426098298
GEN 98 time 1599713773
0.001844088759504834
0.0017514928819395612
0.0023881709723581114
0.002018476238715349
0.0026165828333774223
0.002762555426098298
GEN 99 time 1599713796
0.001844088759504834
0.0017514928819395612
0.0023881709723581114
0.002018476238715349
0.0026165828333774223
0.002762555426098298
GEN 100 time 1599713819
0.001844088759504834
0.0017514928819395612
0.0023881709723581114
0.002018476238715349
0.0026165828333774223
0.002762555426098298
GEN 101 time 1599713843
0.001844088759504834
0.0017514928819395612
0.0023881709723581114
0.002018476238715349
0.0026165828333774223
0.002762555426098298
GEN 102 time 1599713866
0.001844088759504834
0.0017514928819395612
0.0023881709723581114
0.002018476238715349
0.0026165828333774223
0.002762555426098298
GEN 103 time 1599713889
0.001844088759504834
0.0017514928819395612
0.0023881709723581114
0.002018476238715349
0.0026165828333774223
0.002762555426098298
GEN 104 time 1599713913
0.001844088759504834
0.0017514928819395612
0.0023881709723581114
0.002018476238715349
0.0026165828333774223
0.002762555426098298
GEN 105 time 1599713937
0.001844088759504834
0.0017514928819395612
0.0023881709723581114
0.002018476238715349
0.0026165828333774223
0.002762555426098298
GEN 106 time 1599713961
0.001844088759504834
0.0017514928819395612
0.0023881709723581114
0.002018476238715349
0.0026165828333774223
0.002762555426098298
GEN 107 time 1599713985
0.001844088759504834
0.0017514928819395612
0.0023881709723581114
0.002018476238715349
0.0026165828333774223
0.002762555426098298
GEN 108 time 1599714008
0.001844088759504834
0.0017514928819395612
0.0023881709723581114
0.002018476238715349
0.0026165828333774223
0.002762555426098298
GEN 109 time 1599714033
0.001844088759504834
0.0017514928819395612
0.0023881709723581114
0.002018476238715349
0.0026165828333774223
0.002762555426098298
GEN 110 time 1599714057
0.001844088759504834
0.0017514928819395612
0.0023881709723581114
0.002018476238715349
0.0026165828333774223
0.002762555426098298
GEN 111 time 1599714081
0.001844088759504834
0.0017514928819395612
0.0023881709723581114
0.002018476238715349
0.0026165828333774223
0.002762555426098298
GEN 112 time 1599714105
0.001844088759504834
0.0017514928819395612
0.0023881709723581114
0.001983788737501898
0.0026165828333774223
0.0026276921249304918
GEN 113 time 1599714128
0.001844088759504834
0.0017514928819395612
0.0023881709723581114
0.001983788737501898
0.0026165828333774223
0.0026276921249304918
GEN 114 time 1599714153
0.001844088759504834
0.0017514928819395612
0.0023881709723581114
0.001983788737501898
0.0026165828333774223
0.0026276921249304918
GEN 115 time 1599714177
0.001844088759504834
0.0017514928819395612
0.0023881709723581114
0.001983788737501898
0.002504122242247128
0.0026276921249304918
GEN 116 time 1599714200
0.001844088759504834
0.0017514928819395612
0.0023881709723581114
0.001983788737501898
0.002504122242247128
0.0025887196972644495
GEN 117 time 1599714224
0.001844088759504834
0.0017514928819395612
0.0023881709723581114
0.001983788737501898
0.002504122242247128
0.0025887196972644495
GEN 118 time 1599714248
0.001844088759504834
0.0017514928819395612
0.0023881709723581114
0.001983788737501898
0.002504122242247128
0.0025887196972644495
GEN 119 time 1599714273
0.001844088759504834
0.0017514928819395612
0.0023881709723581114
0.001983788737501898
0.002504122242247128
0.0025419879945321228
GEN 120 time 1599714297
0.001844088759504834
0.0017514928819395612
0.0023881709723581114
0.001983788737501898
0.002504122242247128
0.0025419879945321228
GEN 121 time 1599714322
0.001844088759504834
0.0017514928819395612
0.0023881709723581114
0.001983788737501898
0.002504122242247128
0.0025419879945321228
GEN 122 time 1599714347
0.001844088759504834
0.0017514928819395612
0.0023881709723581114
0.001983788737501898
0.002504122242247128
0.0025419879945321228
GEN 123 time 1599714371
0.001844088759504834
0.0017514928819395612
0.0023881709723581114
0.001983788737501898
0.002504122242247128
0.0025419879945321228
GEN 124 time 1599714396
0.001844088759504834
0.0017514928819395612
0.0023881709723581114
0.0018636089140184088
0.002504122242247128
0.0025419879945321228
GEN 125 time 1599714420
0.001844088759504834
0.0017514928819395612
0.0023881709723581114
0.0018636089140184088
0.002504122242247128
0.0025419879945321228
GEN 126 time 1599714444
0.001844088759504834
0.0017514928819395612
0.0023881709723581114
0.0018636089140184088
0.002504122242247128
0.0025419879945321228
GEN 127 time 1599714468
0.001844088759504834
0.0017514928819395612
0.0023881709723581114
0.0018636089140184088
0.002504122242247128
0.0025419879945321228
GEN 128 time 1599714491
0.001844088759504834
0.0017514928819395612
0.0023881709723581114
0.0018636089140184088
0.002504122242247128
0.0025419879945321228
GEN 129 time 1599714515
0.001844088759504834
0.0017514928819395612
0.0023881709723581114
0.0018636089140184088
0.002504122242247128
0.0025419879945321228
GEN 130 time 1599714540
0.001844088759504834
0.0017514928819395612
0.0023881709723581114
0.0018636089140184088
0.002504122242247128
0.0025419879945321228
GEN 131 time 1599714565
0.001844088759504834
0.0017514928819395612
0.0023881709723581114
0.0018636089140184088
0.002504122242247128
0.0025419879945321228
GEN 132 time 1599714589
0.001844088759504834
0.0017514928819395612
0.0023881709723581114
0.0018636089140184088
0.002504122242247128
0.0025419879945321228
GEN 133 time 1599714614
0.001844088759504834
0.0017514928819395612
0.0023881709723581114
0.0018636089140184088
0.002504122242247128
0.0025419879945321228
GEN 134 time 1599714638
0.001844088759504834
0.0017514928819395612
0.0023881709723581114
0.0018636089140184088
0.002504122242247128
0.0025419879945321228
GEN 135 time 1599714663
0.001844088759504834
0.0017514928819395612
0.0023881709723581114
0.0018636089140184088
0.002504122242247128
0.0025419879945321228
GEN 136 time 1599714687
0.001844088759504834
0.0017514928819395612
0.0023881709723581114
0.0018636089140184088
0.002504122242247128
0.0025419879945321228
GEN 137 time 1599714712
0.001844088759504834
0.0017514928819395612
0.0023881709723581114
0.0018636089140184088
0.002504122242247128
0.0025419879945321228
GEN 138 time 1599714736
0.001844088759504834
0.0017514928819395612
0.0023881709723581114
0.0018636089140184088
0.002504122242247128
0.0025419879945321228
GEN 139 time 1599714760
0.001844088759504834
0.0017514928819395612
0.0023881709723581114
0.0018636089140184088
0.002504122242247128
0.0025419879945321228
GEN 140 time 1599714784
0.001844088759504834
0.0017514928819395612
0.0023881709723581114
0.0018636089140184088
0.002504122242247128
0.0025419879945321228
GEN 141 time 1599714807
0.001844088759504834
0.0017514928819395612
0.0023881709723581114
0.0018636089140184088
0.002504122242247128
0.0025419879945321228
GEN 142 time 1599714831
0.001844088759504834
0.0017514928819395612
0.0023881709723581114
0.0018636089140184088
0.002504122242247128
0.0025419879945321228
GEN 143 time 1599714854
0.001844088759504834
0.0017514928819395612
0.0023881709723581114
0.0018636089140184088
0.002504122242247128
0.0025419879945321228
GEN 144 time 1599714878
0.001844088759504834
0.0017514928819395612
0.0023881709723581114
0.0018636089140184088
0.002504122242247128
0.0025419879945321228
GEN 145 time 1599714901
0.001844088759504834
0.0017514928819395612
0.0023881709723581114
0.0018636089140184088
0.002504122242247128
0.0025419879945321228
GEN 146 time 1599714925
0.001844088759504834
0.0017514928819395612
0.0023881709723581114
0.0018636089140184088
0.002504122242247128
0.0025419879945321228
GEN 147 time 1599714949
0.001844088759504834
0.0017514928819395612
0.0023881709723581114
0.0018636089140184088
0.002504122242247128
0.0025419879945321228
GEN 148 time 1599714973
0.001844088759504834
0.0017514928819395612
0.0023881709723581114
0.0018636089140184088
0.002504122242247128
0.0025419879945321228
GEN 149 time 1599714996
0.001844088759504834
0.0017514928819395612
0.0023881709723581114
0.0018636089140184088
0.002504122242247128
0.0025419879945321228
GEN 150 time 1599715020
0.001844088759504834
0.0017514928819395612
0.0023881709723581114
0.0018636089140184088
0.002504122242247128
0.0025419879945321228
GEN 151 time 1599715044
0.001844088759504834
0.0017514928819395612
0.0023881709723581114
0.0018636089140184088
0.002504122242247128
0.0025419879945321228
GEN 152 time 1599715068
0.001844088759504834
0.0017514928819395612
0.0023881709723581114
0.0018636089140184088
0.002504122242247128
0.0025419879945321228
GEN 153 time 1599715091
0.001844088759504834
0.0017514928819395612
0.0023881709723581114
0.0018636089140184088
0.002504122242247128
0.0025419879945321228
GEN 154 time 1599715115
0.001844088759504834
0.0017514928819395612
0.0023881709723581114
0.0018636089140184088
0.0024677071349850045
0.0025419879945321228
GEN 155 time 1599715139
0.001844088759504834
0.0017514928819395612
0.0023881709723581114
0.0018636089140184088
0.0024677071349850045
0.0018154176852816924
GEN 156 time 1599715162
0.001844088759504834
0.0017514928819395612
0.0023881709723581114
0.0018636089140184088
0.0024677071349850045
0.0018154176852816924
GEN 157 time 1599715187
0.001844088759504834
0.0017514928819395612
0.0023881709723581114
0.0018636089140184088
0.0024677071349850045
0.0018154176852816924
GEN 158 time 1599715211
0.001844088759504834
0.0017514928819395612
0.0023881709723581114
0.0018636089140184088
0.0024677071349850045
0.0018154176852816924
GEN 159 time 1599715235
0.001844088759504834
0.0017514928819395612
0.0023881709723581114
0.0018636089140184088
0.0024677071349850045
0.0018154176852816924
GEN 160 time 1599715259
0.001844088759504834
0.0017514928819395612
0.0023881709723581114
0.0018636089140184088
0.0024677071349850045
0.0018154176852816924
GEN 161 time 1599715282
0.001844088759504834
0.0017514928819395612
0.0023881709723581114
0.0018636089140184088
0.0024677071349850045
0.0018154176852816924
GEN 162 time 1599715305
0.001844088759504834
0.0017514928819395612
0.0023881709723581114
0.0018636089140184088
0.0024677071349850045
0.0018154176852816924
GEN 163 time 1599715329
0.001844088759504834
0.0017514928819395612
0.0023881709723581114
0.0018636089140184088
0.0024677071349850045
0.0018154176852816924
GEN 164 time 1599715353
0.001844088759504834
0.0017514928819395612
0.0023881709723581114
0.0018636089140184088
0.0024677071349850045
0.0018154176852816924
GEN 165 time 1599715376
0.001844088759504834
0.0017514928819395612
0.0023881709723581114
0.0018636089140184088
0.0024677071349850045
0.0018154176852816924
GEN 166 time 1599715400
0.001844088759504834
0.0017514928819395612
0.0023881709723581114
0.0018636089140184088
0.0024677071349850045
0.0018154176852816924
GEN 167 time 1599715423
0.001844088759504834
0.0017514928819395612
0.0023881709723581114
0.0018636089140184088
0.0024677071349850045
0.0018154176852816924
GEN 168 time 1599715447
0.001844088759504834
0.0017514928819395612
0.0023881709723581114
0.0018636089140184088
0.0024677071349850045
0.0018154176852816924
GEN 169 time 1599715470
0.001844088759504834
0.0017514928819395612
0.0023881709723581114
0.0018636089140184088
0.0024677071349850045
0.0018154176852816924
GEN 170 time 1599715494
0.001844088759504834
0.0017514928819395612
0.0023881709723581114
0.0018636089140184088
0.0024677071349850045
0.0018154176852816924
GEN 171 time 1599715517
0.001844088759504834
0.0017514928819395612
0.0023881709723581114
0.0018636089140184088
0.0024677071349850045
0.0018154176852816924
GEN 172 time 1599715541
0.001844088759504834
0.0017514928819395612
0.0023881709723581114
0.0018636089140184088
0.0024677071349850045
0.0018154176852816924
GEN 173 time 1599715565
0.001844088759504834
0.0017514928819395612
0.0023881709723581114
0.0018636089140184088
0.0024677071349850045
0.0018154176852816924
GEN 174 time 1599715589
0.001844088759504834
0.0017514928819395612
0.0023881709723581114
0.0018636089140184088
0.0024453139502821544
0.0018154176852816924
GEN 175 time 1599715612
0.001844088759504834
0.0017514928819395612
0.0023881709723581114
0.0017561635993190885
0.0024453139502821544
0.0018154176852816924
GEN 176 time 1599715636
0.001844088759504834
0.0017514928819395612
0.0023881709723581114
0.0017561635993190885
0.0024453139502821544
0.0018154176852816924
GEN 177 time 1599715659
0.001844088759504834
0.0017514928819395612
0.0023881709723581114
0.0017561635993190885
0.0024453139502821544
0.0018154176852816924
GEN 178 time 1599715683
0.001844088759504834
0.0017514928819395612
0.0023881709723581114
0.0017561635993190885
0.0024453139502821544
0.0018154176852816924
GEN 179 time 1599715707
0.001844088759504834
0.0017514928819395612
0.0023881709723581114
0.0017561635993190885
0.0024453139502821544
0.0018154176852816924
GEN 180 time 1599715732
0.001844088759504834
0.0017514928819395612
0.0023881709723581114
0.0017561635993190885
0.0024453139502821544
0.0018154176852816924
GEN 181 time 1599715755
0.001844088759504834
0.0017514928819395612
0.0023881709723581114
0.0017561635993190885
0.0024453139502821544
0.001782052356853676
GEN 182 time 1599715778
0.001844088759504834
0.0017514928819395612
0.0023881709723581114
0.0017561635993190885
0.0024453139502821544
0.001782052356853676
GEN 183 time 1599715802
0.001844088759504834
0.0017514928819395612
0.0023881709723581114
0.0017561635993190885
0.0024453139502821544
0.001782052356853676
GEN 184 time 1599715827
0.001844088759504834
0.0017514928819395612
0.0023881709723581114
0.0017561635993190885
0.0024453139502821544
0.001782052356853676
GEN 185 time 1599715851
0.001844088759504834
0.0017514928819395612
0.0023881709723581114
0.0017561635993190885
0.0024453139502821544
0.001782052356853676
GEN 186 time 1599715876
0.001844088759504834
0.0017514928819395612
0.0023881709723581114
0.0017561635993190885
0.0024453139502821544
0.001782052356853676
GEN 187 time 1599715900
0.001844088759504834
0.0017514928819395612
0.0023881709723581114
0.0017561635993190885
0.0024453139502821544
0.001782052356853676
GEN 188 time 1599715924
0.001844088759504834
0.0017514928819395612
0.0023881709723581114
0.0017561635993190885
0.0022676871349850045
0.001782052356853676
GEN 189 time 1599715949
0.001844088759504834
0.0017514928819395612
0.0023881709723581114
0.0017561635993190885
0.0022676871349850045
0.001782052356853676
GEN 190 time 1599715972
0.001844088759504834
0.0017514928819395612
0.0023881709723581114
0.0017561635993190885
0.0022676871349850045
0.001782052356853676
GEN 191 time 1599715996
0.001844088759504834
0.0017514928819395612
0.0023881709723581114
0.0017561635993190885
0.0022676871349850045
0.001782052356853676
GEN 192 time 1599716020
0.001844088759504834
0.0017514928819395612
0.0023881709723581114
0.0017561635993190885
0.0022676871349850045
0.001782052356853676
GEN 193 time 1599716044
0.001844088759504834
0.0017514928819395612
0.0023881709723581114
0.0017561635993190885
0.0022676871349850045
0.001782052356853676
GEN 194 time 1599716068
0.001844088759504834
0.0017514928819395612
0.0023881709723581114
0.0017561635993190885
0.0022676871349850045
0.001782052356853676
GEN 195 time 1599716091
0.001844088759504834
0.0017514928819395612
0.0023881709723581114
0.0017561635993190885
0.0022676871349850045
0.001782052356853676
GEN 196 time 1599716116
0.001844088759504834
0.0017514928819395612
0.0023881709723581114
0.0017561635993190885
0.0022676871349850045
0.001782052356853676
GEN 197 time 1599716140
0.001844088759504834
0.0017514928819395612
0.0023881709723581114
0.0017561635993190885
0.0022676871349850045
0.001782052356853676
GEN 198 time 1599716165
0.001844088759504834
0.0017514928819395612
0.0023881709723581114
0.0017561635993190885
0.0022676871349850045
0.001782052356853676
GEN 199 time 1599716188
0.001844088759504834
0.0017514928819395612
0.0023881709723581114
0.0017561635993190885
0.0022676871349850045
0.001782052356853676
